ID,Timestamp,accelX (m/s^2),accelY (m/s^2),accelZ (m/s^2),gyroX (rad/s),gyroY (rad/s),gyroZ (rad/s),magnetX (uT),magnetY (uT),magnetZ (uT)
01324189,1523964163291,-9.77775,-0.338162,-0.845925,0.00766954,0.0114182,0.000610402,0.868483,-0.229583,-0.250232
01324188,1523964163291,-9.69254,-0.516422,-1.49962,0.0116751,0.00555693,0.000463445,0.893458,-0.331729,-0.114798
01324185,1523964163291,-9.75369,-1.22235,-0.50859,0.0516799,-0.0130393,0.00539875,0.848913,0.354639,-0.293405
01324181,1523964163291,-9.40741,0.307085,2.61857,0.0289762,0.00358974,-0.0112456,0.863305,0.364662,-0.0872609
01324180,1523964163291,-9.19628,-3.33879,0.436215,0.0297209,0.0109734,-0.00202201,0.724512,0.410366,-0.408437
01324189,1523964163294,-9.77751,-0.330738,-0.826439,0.0311055,0.00944749,-0.00197259,0.866444,-0.22465,-0.253785
01324188,1523964163294,-9.70455,-0.492532,-1.46124,0.0238721,0.0118125,-0.0020427,0.893987,-0.328372,-0.124303
01324185,1523964163294,-9.74395,-1.20072,-0.492245,0.0409353,-0.000647106,0.0010763,0.84808,0.361035,-0.298437
01324181,1523964163294,-9.41198,0.326398,2.66889,0.0307368,0.0053994,-0.00951216,0.861917,0.37145,-0.0921783
01324180,1523964163294,-9.2038,-3.32455,0.450721,0.00333356,0.0178185,0.00138082,0.724221,0.41388,-0.412286
01324189,1523964163310,-9.77523,-0.308922,-0.826421,0.0251165,0.00433894,0.0042353,0.866292,-0.222628,-0.253365
01324188,1523964163310,-9.68758,-0.478175,-1.45428,0.0142874,0.021887,0.00419956,0.895202,-0.327127,-0.123296
01324185,1523964163310,-9.73432,-1.19839,-0.504813,0.0286585,-0.00404047,0.00195993,0.84862,0.361579,-0.299491
01324181,1523964163310,-9.41655,0.302089,2.66208,0.025371,0.00371897,-0.00433415,0.860702,0.371748,-0.0924379
01324180,1523964163310,-9.21077,-3.34389,0.445713,0.0033746,0.0161019,-0.000392433,0.72314,0.414775,-0.413064
01324189,1523964163326,-9.77505,-0.31369,-0.816699,0.0128101,0.0217208,-0.00294578,0.869444,-0.229611,-0.250912
01324188,1523964163326,-9.68755,-0.470958,-1.45194,0.0134276,0.011552,0.00230991,0.894126,-0.329766,-0.116437
01324185,1523964163326,-9.73919,-1.22243,-0.494652,0.0332763,0.00809042,-0.0134295,0.847146,0.35433,-0.294836
01324181,1523964163326,-9.41652,0.306933,2.67164,0.0183627,0.00335917,-0.0232775,0.861667,0.365983,-0.0868722
01324180,1523964163326,-9.22006,-3.37794,0.459937,-0.00178921,0.00813685,0.00215021,0.724361,0.412411,-0.410018
01324189,1523964163342,-9.7869,-0.299008,-0.792144,0.0214955,0.0250893,-0.00292052,0.868753,-0.229158,-0.250231
01324188,1523964163342,-9.68763,-0.492593,-1.46137,0.018639,0.0219888,0.00246093,0.893725,-0.330987,-0.11516
01324185,1523964163342,-9.76819,-1.2367,-0.502969,0.0211537,-0.00760818,-0.0090566,0.84769,0.353488,-0.294568
01324181,1523964163342,-9.42607,0.301968,2.67168,0.02188,0.0141384,-0.0145731,0.861558,0.364813,-0.0880441
01324180,1523964163342,-9.22929,-3.40689,0.447603,0.0139692,0.00551305,0.00486387,0.724342,0.412978,-0.40757
01324189,1523964163358,-9.77236,-0.284352,-0.785027,0.014513,0.0147965,-0.00648139,0.868755,-0.229015,-0.250498
01324188,1523964163358,-9.70208,-0.475695,-1.4566,0.032615,0.0234827,0.00788034,0.893992,-0.330118,-0.115109
01324185,1523964163358,-9.76821,-1.25594,-0.483359,0.0283464,0.00380327,-0.00573555,0.847958,0.355312,-0.29511
01324181,1523964163358,-9.43063,0.297046,2.69106,0.0165316,0.00440536,-0.0146384,0.862904,0.364799,-0.0877918
01324180,1523964163358,-9.23187,-3.39236,0.440407,0.0296874,0.0145124,-0.00376094,0.724618,0.412687,-0.408392
01324189,1523964163374,-9.7577,-0.28908,-0.777957,0.00566387,0.0183234,-0.0171817,0.867001,-0.226824,-0.253675
01324188,1523964163374,-9.6876,-0.48762,-1.48307,0.0134282,0.00295434,0.00044645,0.892894,-0.327797,-0.120613
01324185,1523964163374,-9.77305,-1.27516,-0.463543,0.0291238,0.0205012,-0.00839339,0.847407,0.355676,-0.298252
01324181,1523964163374,-9.41156,0.302132,2.68143,0.0200837,0.00709109,-0.0129082,0.862074,0.369867,-0.092413
01324180,1523964163374,-9.2296,-3.37775,0.430842,0.0368003,-0.00325144,0.00934985,0.724992,0.416918,-0.412643
01324189,1523964163390,-9.76767,-0.299006,-0.802171,0.0145111,0.0156563,-0.00648396,0.867553,-0.227847,-0.253689
01324188,1523964163390,-9.69726,-0.482813,-1.47582,0.0117017,0.0146522,0.00941168,0.894244,-0.326365,-0.12054
01324185,1523964163390,-9.75855,-1.27523,-0.447179,0.0405545,0.00982141,-0.00834088,0.847404,0.356502,-0.299307
01324181,1523964163390,-9.42621,0.301978,2.65719,0.0271934,0.00713234,-0.0112033,0.861273,0.369025,-0.0921209
01324180,1523964163390,-9.21531,-3.37311,0.464843,0.0386653,0.000548228,-0.00555928,0.724065,0.415919,-0.41292
01324189,1523964163406,-9.78722,-0.299183,-0.814047,0.0144556,0.0165181,-0.010036,0.867811,-0.228708,-0.25169
01324188,1523964163406,-9.68762,-0.492493,-1.47581,0.0046852,0.0151001,0.000520026,0.893992,-0.330099,-0.115512
01324185,1523964163406,-9.75849,-1.25116,-0.452281,0.0324214,0.0118157,0.00696301,0.848359,0.35441,-0.297982
01324181,1523964163406,-9.42609,0.294699,2.65974,0.0271994,0.0142079,-0.0111411,0.862188,0.368661,-0.0885303
01324180,1523964163406,-9.19609,-3.35825,0.450611,0.0453238,0.0197338,0.000770606,0.725437,0.412247,-0.410037
01324189,1523964163421,-9.77763,-0.311354,-0.826391,0.0179034,0.0182021,-0.0118063,0.867264,-0.230128,-0.250624
01324188,1523964163421,-9.68519,-0.487712,-1.47106,0.0151469,0.0100957,-0.00300335,0.893707,-0.328058,-0.11538
01324185,1523964163421,-9.74883,-1.25602,-0.440513,0.026624,-0.000578743,-0.00485963,0.848361,0.353997,-0.297454
01324181,1523964163421,-9.42607,0.287427,2.65264,0.0218551,0.00358679,-0.0112154,0.861375,0.369655,-0.089474
01324180,1523964163421,-9.21081,-3.34645,0.4602,0.0428949,0.000284291,0.00853749,0.725441,0.41181,-0.409775
01324189,1523964163437,-9.76568,-0.308959,-0.836302,0.0145414,0.0113377,-0.00469965,0.868358,-0.229872,-0.25117
01324188,1523964163437,-9.66825,-0.482951,-1.47123,0.00293541,0.018566,0.000548643,0.894528,-0.328932,-0.115715
01324185,1523964163437,-9.75842,-1.24632,-0.425644,0.0444333,0.00105935,0.000214797,0.847817,0.354133,-0.297715
01324181,1523964163437,-9.41649,0.297237,2.66217,0.00939282,-0.00527428,-0.0112559,0.861514,0.368531,-0.0883875
01324180,1523964163437,-9.21555,-3.35873,0.474588,0.0365414,0.0124212,0.0138552,0.724769,0.412115,-0.4103
01324189,1523964163454,-9.75353,-0.299159,-0.82916,0.0146715,0.0096206,0.00418612,0.867546,-0.227413,-0.253284
01324188,1523964163454,-9.67806,-0.521464,-1.47562,0.0116913,0.00884158,0.00404173,0.892758,-0.327827,-0.119938
01324185,1523964163454,-9.76802,-1.23181,-0.420529,0.0378385,-0.00582309,0.0104734,0.846458,0.355253,-0.298245
01324181,1523964163454,-9.38483,0.283034,2.6868,0.00676403,-0.00275552,-0.0181269,0.861131,0.369044,-0.0913215
01324180,1523964163454,-9.22078,-3.3348,0.489169,0.0437629,0.00925529,-0.00193882,0.723841,0.412147,-0.412857
01324189,1523964163471,-9.77298,-0.29199,-0.831283,0.0110229,0.0225961,-0.00561963,0.868354,-0.226424,-0.252884
01324188,1523964163471,-9.68762,-0.492493,-1.47581,0.00468726,0.00998008,-0.00130623,0.893165,-0.327872,-0.119137
01324185,1523964163471,-9.7439,-1.22234,-0.436217,0.0443496,-0.00247549,-0.00146699,0.847271,0.355817,-0.298253
01324181,1523964163471,-9.41396,0.30695,2.68857,0.0147736,0.00522062,-0.0180788,0.860584,0.369902,-0.0917329
01324180,1523964163471,-9.22581,-3.3154,0.474726,0.0566159,0.0177896,0.0122745,0.725157,0.414447,-0.41283
01324189,1523964163487,-9.78276,-0.299377,-0.840889,-0.00291587,0.00892537,-0.0100813,0.868351,-0.230012,-0.250367
01324188,1523964163487,-9.68276,-0.487504,-1.50236,0.000395561,-0.00198113,0.0109246,0.893715,-0.329178,-0.116395
01324185,1523964163487,-9.7391,-1.21517,-0.458334,0.0320353,0.00293178,-0.00148913,0.84673,0.354547,-0.298239
01324181,1523964163487,-9.41184,0.316693,2.67149,0.0129879,-0.00539688,-0.0181671,0.861876,0.372377,-0.089137
01324180,1523964163487,-9.22123,-3.29603,0.474877,0.0470615,0.0232972,-0.00180991,0.725387,0.409404,-0.420242
01324189,1523964163504,-9.76332,-0.294392,-0.833869,-0.00109938,0.0192705,-0.00299057,0.868901,-0.229598,-0.251174
01324188,1523964163504,-9.67787,-0.473004,-1.50975,0.00115567,0.00696002,-0.0102125,0.894539,-0.330475,-0.117026
01324185,1523964163504,-9.75357,-1.21508,-0.45529,0.0390337,-0.00066963,-0.00232105,0.846999,0.354245,-0.299284
01324181,1523964163504,-9.41613,0.258435,2.64843,0.0182448,0.00907773,-0.000812333,0.861238,0.371191,-0.0913675
01324180,1523964163504,-9.23115,-3.27183,0.457994,0.0383675,0.00718186,0.013855,0.724584,0.409422,-0.420771
01324189,1523964163520,-9.7972,-0.279937,-0.826021,-0.00618927,0.00812167,0.00412719,0.868081,-0.229575,-0.250897
01324188,1523964163520,-9.67795,-0.492361,-1.49995,-0.0022674,0.0147073,0.00755024,0.894525,-0.328344,-0.115813
01324185,1523964163520,-9.77523,-1.22213,-0.42032,0.04289,-0.000638431,0.00533331,0.847,0.354683,-0.298503
01324181,1523964163520,-9.45441,0.282202,2.69844,0.00936951,-0.0016626,-0.00776504,0.86044,0.370901,-0.0920183
01324180,1523964163520,-9.24535,-3.30114,0.474613,0.0332244,0.00375754,0.00851958,0.724976,0.409991,-0.419953
01324189,1523964163537,-9.77763,-0.284605,-0.814157,0.00243778,0.0157923,0.000584472,0.86725,-0.226963,-0.251134
01324188,1523964163537,-9.67553,-0.492387,-1.49756,0.00115564,0.0171989,-0.00655921,0.8948,-0.328683,-0.117995
01324185,1523964163537,-9.84025,-1.18321,-0.42279,0.0233464,-0.000499452,0.00111537,0.847268,0.35366,-0.300326
01324181,1523964163537,-9.39797,0.365374,2.67789,0.00225791,-0.020319,-0.0113762,0.862054,0.37172,-0.0928507
01324180,1523964163537,-9.28399,-3.3114,0.488681,0.02789,0.00717223,0.0120325,0.72536,0.409371,-0.414559
01324189,1523964163553,-9.76801,-0.301623,-0.826513,0.00236134,0.0166448,-0.00474988,0.867259,-0.227541,-0.251675
01324188,1523964163553,-9.65863,-0.49732,-1.49043,0.00643682,0.00137752,-0.00315404,0.895346,-0.328958,-0.118559
01324185,1523964163553,-9.82094,-1.16649,-0.443199,0.0258062,0.0102136,0.0171981,0.847134,0.353101,-0.300059
01324181,1523964163553,-9.42181,0.340841,2.66613,0.000477715,-0.00168191,-0.00775245,0.860853,0.370597,-0.0925485
01324180,1523964163553,-9.25498,-3.31111,0.493799,0.0191896,0.00363161,0.0119462,0.724832,0.40895,-0.415507
01324189,1523964163570,-9.77783,-0.313894,-0.840998,-0.00120513,0.0114934,-0.011858,0.867104,-0.227959,-0.249533
01324188,1523964163570,-9.6852,-0.492385,-1.49268,0.0177265,0.0223584,-0.00462071,0.894674,-0.33037,-0.116212
01324185,1523964163570,-9.78247,-1.20766,-0.444423,-0.00430697,-0.000113261,0.0121871,0.847408,0.354116,-0.29863
01324181,1523964163570,-9.46852,0.26262,2.70597,0.00408414,-0.0107029,-0.0181636,0.860029,0.371477,-0.0921591
01324180,1523964163570,-9.24054,-3.29867,0.474673,0.0120701,0.0141999,0.00845848,0.723774,0.409284,-0.419544
01324189,1523964163587,-9.80726,-0.299632,-0.859993,-0.0150978,0.0185509,-0.00924716,0.868484,-0.229153,-0.25063
01324188,1523964163587,-9.69729,-0.492258,-1.50462,-0.00316862,0.00484517,-0.00318743,0.892902,-0.329417,-0.117208
01324185,1523964163587,-9.80183,-1.24605,-0.421362,-0.00982932,0.00163469,0.00623374,0.846594,0.353839,-0.298363
01324181,1523964163587,-9.46801,0.22623,2.7115,0.00670966,-0.0389378,-0.0149648,0.860179,0.370884,-0.0929466
01324180,1523964163587,-9.28404,-3.30655,0.48629,0.0155139,0.0104946,0.0190118,0.725928,0.40881,-0.419585
01324189,1523964163603,-9.7732,-0.323721,-0.860564,-0.00986529,0.0081295,-0.0101049,0.867532,-0.228554,-0.25115
01324188,1523964163603,-9.68273,-0.477976,-1.48561,-0.000575245,0.00348297,-0.0102635,0.893574,-0.328486,-0.11554
01324185,1523964163603,-9.77288,-1.25584,-0.405516,-0.00114291,0.0103349,0.00361077,0.847404,0.352811,-0.300449
01324181,1523964163603,-9.3966,0.285298,2.71566,-0.00566785,-0.0418737,-0.0287663,0.860845,0.371728,-0.0932374
01324180,1523964163603,-9.23498,-3.37407,0.534736,0.0244019,0.00354242,0.0163542,0.725684,0.407666,-0.42177
01324189,1523964163620,-9.75398,-0.311565,-0.865694,-0.00296127,0.0166814,-0.0118785,0.868359,-0.227145,-0.253023
01324188,1523964163620,-9.67564,-0.521472,-1.47564,-0.00310779,-0.00596279,0.00377838,0.894139,-0.331594,-0.1179
01324185,1523964163620,-9.75362,-1.25598,-0.420897,0.000761429,-0.00373748,0.00709645,0.848217,0.355219,-0.299952
01324181,1523964163620,-9.37807,0.307388,2.67188,-0.0119114,-0.0231881,-0.0216969,0.859507,0.371724,-0.0942877
01324180,1523964163620,-9.19637,-3.37878,0.566507,0.0357344,0.00526821,0.0190655,0.725411,0.406633,-0.418268
01324189,1523964163636,-9.77571,-0.299463,-0.8556,-0.0151811,0.00558639,-0.0172253,0.868343,-0.227423,-0.25115
01324188,1523964163636,-9.69729,-0.492391,-1.48536,0.0116633,0.0133804,0.000547556,0.894131,-0.330481,-0.116751
01324185,1523964163636,-9.71049,-1.30928,-0.492561,0.0100167,-0.00195013,0.0172721,0.848218,0.353803,-0.3002
01324181,1523964163636,-9.4066,0.29733,2.69121,-0.00303459,-0.0284444,-0.0200384,0.859255,0.36974,-0.0934453
01324180,1523964163636,-9.23585,-3.34621,0.638807,0.0247388,-0.0121055,0.00834135,0.724872,0.406788,-0.418257
01324189,1523964163653,-9.75873,-0.304239,-0.855868,0.0143677,0.0182252,-0.0153761,0.867805,-0.227556,-0.251815
01324188,1523964163653,-9.6876,-0.48747,-1.50473,0.00114621,0.008794,-0.0119636,0.893571,-0.327815,-0.117386
01324185,1523964163653,-9.72738,-1.29475,-0.518677,0.0340449,0.0205853,0.00349754,0.846996,0.354648,-0.300335
01324181,1523964163653,-9.39712,0.3023,2.68393,0.00397177,-0.0529139,-0.00476151,0.859797,0.370559,-0.0949317
01324180,1523964163653,-9.33719,-3.41896,0.787265,-0.0275922,-0.0210631,0.00619401,0.725116,0.406164,-0.411913
01324189,1523964163669,-9.73921,-0.299216,-0.84398,-0.00379462,0.0184194,-0.00922187,0.8678,-0.228846,-0.250486
01324188,1523964163669,-9.66849,-0.482956,-1.50249,0.000928938,0.0137744,-0.0225091,0.894045,-0.327953,-0.116312
01324185,1523964163669,-9.85468,-1.16867,-0.422322,0.0504066,0.0025159,-0.023594,0.848085,0.354673,-0.29903
01324181,1523964163669,-9.3586,0.263975,2.63903,0.0235471,-0.0812665,-0.00852317,0.859006,0.369974,-0.0959757
01324180,1523964163669,-9.53911,-3.5901,0.997041,-0.12398,-0.0552226,-0.0157514,0.724963,0.408206,-0.412953
01324189,1523964163686,-9.70014,-0.332918,-0.837348,0.000510891,0.0183614,-0.0127681,0.867528,-0.228552,-0.250748
01324188,1523964163686,-9.63967,-0.536193,-1.4902,-0.00773176,0.00883885,-0.0119962,0.894055,-0.329408,-0.116403
01324185,1523964163686,-9.99857,-0.936554,-0.336051,0.0361134,-0.0220634,-0.0267957,0.847538,0.353504,-0.301111
01324181,1523964163686,-9.39728,0.345936,2.72415,-0.00773766,-0.0844119,0.0139603,0.859417,0.371067,-0.0981317
01324180,1523964163686,-9.59284,-3.66156,1.30549,-0.327751,-0.114683,-0.108893,0.724274,0.409966,-0.413719
01324189,1523964163703,-9.73187,-0.33805,-0.856354,-0.00645277,0.0270714,-0.0119134,0.866715,-0.22882,-0.251009
01324188,1523964163703,-9.70247,-0.521331,-1.51391,-0.000732125,-0.000822855,-0.00940887,0.89527,-0.327891,-0.118077
01324185,1523964163703,-9.92981,-0.62863,-0.157756,-0.0567213,-0.0672598,-0.0553412,0.846445,0.355586,-0.302959
01324181,1523964163703,-9.35795,0.370559,2.84951,-0.0210229,-0.074033,0.00201474,0.859271,0.372764,-0.0992301
01324180,1523964163703,-9.23541,-3.69841,1.53596,-0.790072,-0.163375,-0.349617,0.719385,0.414995,-0.414493
01324189,1523964163719,-9.75909,-0.314164,-0.885095,0.0146003,0.0147889,0.000622905,0.866984,-0.228251,-0.251007
01324188,1523964163719,-9.69762,-0.516559,-1.50918,0.00712571,0.0016596,-0.00667227,0.894857,-0.326986,-0.118554
01324185,1523964163719,-9.83954,-0.397873,0.0349703,-0.169151,-0.118977,-0.0498085,0.845362,0.35546,-0.302169
01324181,1523964163719,-9.42069,0.38438,2.8416,-0.0529854,-0.0387829,-0.00273512,0.85901,0.371634,-0.0986715
01324180,1523964163719,-9.18146,-4.22238,1.83814,-1.50514,-0.16503,-0.754303,0.713919,0.43161,-0.408125
01324189,1523964163736,-9.80984,-0.319181,-0.879473,0.0110258,0.0251892,-0.00472928,0.868059,-0.227697,-0.24981
01324188,1523964163736,-9.71443,-0.487529,-1.51412,0.0220031,-0.00571937,0.00219544,0.894317,-0.327787,-0.116844
01324185,1523964163736,-10.0915,-0.208155,0.412619,-0.352971,-0.185977,-0.0482759,0.845088,0.356294,-0.302831
01324181,1523964163736,-9.45433,0.352476,2.80094,-0.0814131,-0.0992167,-0.0169474,0.859024,0.371601,-0.100135
01324180,1523964163736,-9.35056,-4.978,1.88068,-2.24841,-0.137194,-1.18798,0.706039,0.458273,-0.399219
01324189,1523964163752,-9.85106,-0.338832,-0.891067,0.0127782,0.0200005,-0.00470573,0.867639,-0.227394,-0.248865
01324188,1523964163752,-9.71685,-0.482931,-1.48045,0.0202389,0.00141716,-0.00127942,0.89487,-0.3292,-0.118019
01324185,1523964163752,-10.7273,-0.174882,0.871393,-0.603816,-0.330369,-0.0920104,0.842908,0.361635,-0.304053
01324181,1523964163752,-9.25432,0.439826,2.71602,-0.0814894,-0.113153,-0.00333903,0.858769,0.371432,-0.101459
01324180,1523964163752,-9.45245,-6.29905,1.58965,-2.88995,-0.0109249,-1.70048,0.694533,0.491173,-0.378227
01324189,1523964163769,-9.83622,-0.309425,-0.857144,0.0126354,0.0268955,-0.0136063,0.868608,-0.228288,-0.249821
01324188,1523964163769,-9.72657,-0.49743,-1.47062,0.0219943,0.00133056,0.000500555,0.894326,-0.329204,-0.117742
01324185,1523964163769,-11.0041,-0.0814993,1.05213,-0.909928,-0.519899,-0.131222,0.84168,0.364137,-0.306036
01324181,1523964163769,-9.20189,0.581045,2.85614,-0.0975803,-0.0314137,0.0180789,0.858747,0.373014,-0.101226
01324180,1523964163769,-9.62195,-7.86834,0.953398,-3.19756,0.182709,-2.27198,0.675882,0.535199,-0.350817
01324189,1523964163786,-9.82168,-0.294769,-0.850027,-0.00129967,0.021855,-0.0163118,0.868201,-0.229714,-0.249158
01324188,1523964163786,-9.72422,-0.514385,-1.46086,0.0115126,-0.00102,-0.00490638,0.895414,-0.329235,-0.117488
01324185,1523964163786,-10.8716,-0.154538,1.07147,-1.26669,-0.701952,-0.183268,0.835834,0.374869,-0.305858
01324181,1523964163786,-9.31199,0.586975,2.91328,-0.113698,0.0345183,0.0445872,0.858468,0.374152,-0.101779
01324180,1523964163786,-9.951,-9.62287,0.307323,-3.18644,0.420275,-2.83413,0.651138,0.589717,-0.311469
01324189,1523964163802,-9.78713,-0.318586,-0.816528,-0.023721,0.0117403,-0.00660102,0.868208,-0.230866,-0.249167
01324188,1523964163802,-9.69271,-0.490686,-1.418,0.00281765,0.00301759,0.000392025,0.895682,-0.328657,-0.117455
01324185,1523964163802,-10.6125,-0.659356,1.08013,-1.49089,-0.834484,-0.264713,0.829171,0.383013,-0.308139
01324181,1523964163802,-9.45083,0.490769,2.84661,-0.154528,0.0502077,0.034556,0.858734,0.373043,-0.0998956
01324180,1523964163802,-9.93392,-11.5862,-0.300267,-2.84901,0.688515,-3.33963,0.620559,0.639125,-0.274303
01324189,1523964163819,-9.80306,-0.347264,-0.757938,-0.0289761,0.00489412,-0.0119323,0.868184,-0.227551,-0.248739
01324188,1523964163819,-9.67579,-0.490714,-1.42295,-0.0128955,0.00142651,-0.00327042,0.895674,-0.327519,-0.116845
01324185,1523964163819,-10.3207,-1.42454,0.944482,-1.57098,-0.924598,-0.371254,0.826986,0.393711,-0.309674
01324181,1523964163819,-9.45509,0.466437,2.8712,-0.188299,0.0057207,0.0222155,0.859001,0.371795,-0.0978765
01324180,1523964163819,-9.80692,-13.2732,-0.890764,-2.29998,0.993124,-3.87163,0.586575,0.6803,-0.234816
01324189,1523964163835,-9.81474,-0.41029,-0.755478,-0.0253613,-0.00376136,-0.0047934,0.868731,-0.226849,-0.249409
01324188,1523964163835,-9.66389,-0.541495,-1.40814,-0.0129035,0.0168741,0.000442409,0.894587,-0.327254,-0.118972
01324185,1523964163835,-10.3572,-2.31769,0.829059,-1.54151,-1.04078,-0.507439,0.818556,0.406958,-0.310821
01324181,1523964163835,-9.32994,0.526065,2.96746,-0.20796,0.0218925,0.0378958,0.859496,0.373556,-0.0956565
01324180,1523964163835,-9.90357,-14.4863,-1.57027,-1.71875,1.31018,-4.40228,0.540747,0.726518,-0.20182
01324189,1523964163852,-9.80302,-0.420185,-0.787321,-0.0446962,-0.0122217,-0.0208371,0.867641,-0.225528,-0.25019
01324188,1523964163852,-9.66397,-0.565575,-1.41273,-0.0172409,0.0123321,0.00390384,0.894865,-0.328093,-0.119837
01324185,1523964163852,-10.4419,-3.31628,0.920599,-1.48302,-1.27415,-0.704126,0.808075,0.422356,-0.317608
01324181,1523964163852,-9.18653,0.585992,2.9624,-0.232066,0.0540605,0.0588945,0.859219,0.372464,-0.0933688
01324180,1523964163852,-9.91151,-15.4818,-2.18487,-1.13713,1.57029,-4.89111,0.485988,0.769145,-0.173366
01324189,1523964163869,-9.81098,-0.388989,-0.821204,-0.0456158,-0.0191252,-0.0243804,0.868472,-0.226849,-0.250745
01324188,1523964163869,-9.66873,-0.546034,-1.44656,-0.00240129,0.0248389,0.0147622,0.894593,-0.328291,-0.118633
01324185,1523964163869,-9.99311,-3.7866,0.450061,-1.53225,-1.44511,-0.946294,0.793243,0.441964,-0.32573
01324181,1523964163869,-9.21012,0.575981,2.99625,-0.257833,0.105364,0.061153,0.860832,0.37134,-0.0913663
01324180,1523964163869,-9.61598,-16.0722,-2.6396,-0.637314,1.84534,-5.35569,0.417141,0.815427,-0.155592
01324189,1523964163885,-9.79296,-0.353187,-0.899281,-0.0534528,-0.0242379,-0.0244022,0.868201,-0.226986,-0.250877
01324188,1523964163885,-9.68803,-0.540741,-1.50422,-0.0286578,0.0171714,-0.00585955,0.893631,-0.326656,-0.118923
01324185,1523964163885,-9.81141,-3.8943,-0.231147,-1.62227,-1.37399,-1.1559,0.778414,0.464855,-0.331921
01324181,1523964163885,-9.26667,0.483122,2.99284,-0.273857,0.119597,0.0665243,0.860433,0.369943,-0.0900024
01324180,1523964163885,-9.07099,-16.4561,-2.71857,-0.105577,2.01831,-5.71354,0.344672,0.850892,-0.139742
01324189,1523964163902,-9.79376,-0.280694,-0.923437,-0.0552592,-0.0216369,-0.0270795,0.868898,-0.227299,-0.252227
01324188,1523964163902,-9.71696,-0.516489,-1.50903,-0.0199392,0.0257035,-0.00217118,0.895414,-0.328709,-0.122445
01324185,1523964163902,-9.69766,-4.65578,-0.160246,-1.65937,-1.16479,-1.40894,0.761289,0.487558,-0.33326
01324181,1523964163902,-9.28088,0.419926,2.93117,-0.291647,0.149767,0.0737483,0.861047,0.371045,-0.0851087
01324180,1523964163902,-8.07057,-16.5803,-2.64664,0.437675,2.06072,-5.98787,0.268459,0.875853,-0.129054
01324189,1523964163918,-9.81353,-0.217779,-0.922989,-0.0795295,-0.0187823,-0.020944,0.869424,-0.22472,-0.251945
01324188,1523964163918,-9.70473,-0.477952,-1.50947,-0.0416854,0.0164513,0.00731453,0.894863,-0.327758,-0.12076
01324185,1523964163918,-9.46176,-5.78872,0.0160075,-1.62059,-0.9888,-1.73927,0.742269,0.515407,-0.33124
01324181,1523964163918,-9.19926,0.38697,2.87678,-0.291564,0.195641,0.0689571,0.862925,0.368535,-0.0808181
01324180,1523964163918,-6.98156,-16.5015,-2.94977,0.87909,2.07365,-6.20236,0.182711,0.896579,-0.134684
01324189,1523964163935,-9.79897,-0.178797,-0.903644,-0.111699,-0.0167231,-0.0210587,0.868073,-0.224403,-0.253266
01324188,1523964163935,-9.68778,-0.470679,-1.52411,-0.0521859,0.00998487,-0.0025611,0.894865,-0.327998,-0.121854
01324185,1523964163935,-9.44418,-6.54464,0.241405,-1.56187,-0.887251,-2.09291,0.720534,0.545816,-0.328188
01324181,1523964163935,-9.25896,0.325644,2.83652,-0.289681,0.248554,0.0608125,0.862196,0.368531,-0.0749559
01324180,1523964163935,-6.17173,-16.607,-3.03912,1.14571,2.10518,-6.46177,0.0919963,0.908721,-0.14718
01324189,1523964163952,-9.77431,-0.176021,-0.872367,-0.128133,-0.037267,-0.0193029,0.867252,-0.222944,-0.253781
01324188,1523964163952,-9.67804,-0.453702,-1.54359,-0.0617563,0.00451397,0.00173977,0.895406,-0.327811,-0.119827
01324185,1523964163952,-9.57698,-7.29041,0.0169737,-1.52666,-0.806718,-2.46082,0.688487,0.582076,-0.322017
01324181,1523964163952,-9.24683,0.284579,2.79391,-0.280721,0.266119,0.0540422,0.860674,0.368085,-0.0701406
01324180,1523964163952,-4.89034,-16.4788,-3.23859,1.39409,2.15508,-6.67813,-0.006977,0.909028,-0.1717
01324189,1523964163968,-9.75953,-0.187978,-0.860448,-0.120966,-0.0286893,-0.00330529,0.866036,-0.22263,-0.255104
01324188,1523964163968,-9.69748,-0.482434,-1.56243,-0.0477879,-0.000758048,0.00354576,0.895146,-0.329547,-0.120067
01324185,1523964163968,-9.88697,-7.92626,0.30854,-1.45329,-0.718833,-2.84068,0.656711,0.619747,-0.31586
01324181,1523964163968,-9.27177,0.255281,2.65907,-0.291338,0.315655,0.0562374,0.863056,0.367876,-0.065105
01324180,1523964163968,-3.95363,-16.6946,-3.24513,1.79997,2.2137,-6.7352,-0.0990788,0.897764,-0.200343
01324189,1523964163985,-9.77383,-0.224382,-0.860318,-0.138488,-0.0302451,-0.0140193,0.866585,-0.221641,-0.256039
01324188,1523964163985,-9.70715,-0.482432,-1.55755,-0.0477642,-0.00441692,0.00704437,0.89459,-0.327848,-0.11874
01324185,1523964163985,-10.0187,-8.40943,0.265767,-1.46139,-0.629799,-3.19159,0.622359,0.655871,-0.309418
01324181,1523964163985,-9.35197,0.11364,2.63229,-0.264516,0.359632,0.0410553,0.864073,0.367027,-0.0575136
01324180,1523964163985,-3.07856,-16.785,-2.8528,2.43244,2.21849,-6.78238,-0.18811,0.878042,-0.232178
01324189,1523964164001,-9.73928,-0.30412,-0.851293,-0.124374,-0.0113866,0.00197941,0.868227,-0.220683,-0.25739
01324188,1523964164001,-9.71667,-0.439094,-1.54342,-0.03554,-0.00621574,0.00887528,0.896092,-0.328917,-0.118286
01324185,1523964164001,-9.93805,-8.954,0.350413,-1.45098,-0.472909,-3.52259,0.580554,0.694791,-0.29722
01324181,1523964164001,-9.36695,0.118358,2.57898,-0.255486,0.350365,0.0176769,0.865472,0.369147,-0.051452
01324180,1523964164001,-1.97977,-16.2404,-2.45479,3.11075,2.13399,-6.73835,-0.273352,0.840936,-0.28255
01324189,1523964164018,-9.72385,-0.39109,-0.827392,-0.11751,-0.00456276,-0.00511945,0.86702,-0.22224,-0.25846
01324188,1523964164018,-9.70473,-0.482474,-1.55275,-0.0529985,-0.0111934,0.00339435,0.89405,-0.328225,-0.119835
01324185,1523964164018,-10.209,-9.58266,0.863462,-1.46325,-0.370486,-3.84974,0.531968,0.733607,-0.283165
01324181,1523964164018,-9.38739,0.0697524,2.38657,-0.210853,0.407654,0.00511074,0.865022,0.367587,-0.0444957
01324180,1523964164018,-1.13927,-15.4866,-2.25635,3.71194,2.00415,-6.62821,-0.351373,0.787492,-0.342017
01324189,1523964164035,-9.71366,-0.449122,-0.817948,-0.106754,-0.00637147,0.0162417,0.867025,-0.220807,-0.259788
01324188,1523964164035,-9.70487,-0.516533,-1.50912,-0.0460339,-0.0176626,-0.00547894,0.894041,-0.3267,-0.121223
01324185,1523964164035,-10.359,-9.72622,0.832538,-1.50719,-0.288548,-4.15294,0.472665,0.777713,-0.265722
01324181,1523964164035,-9.51267,0.0343687,2.30917,-0.162765,0.459911,0.00544493,0.866865,0.365715,-0.0372908
01324180,1523964164035,-0.418682,-13.9043,-1.55664,4.19918,1.79658,-6.38195,-0.423467,0.715136,-0.413859
01324189,1523964164051,-9.71761,-0.489982,-0.774172,-0.0789347,0.0106122,0.018082,0.866614,-0.220221,-0.259912
01324188,1523964164051,-9.71456,-0.521454,-1.48975,-0.0355616,-0.00575153,3.204e-05,0.894176,-0.326373,-0.122014
01324185,1523964164051,-10.4945,-9.79772,0.70805,-1.64253,-0.159088,-4.37385,0.413641,0.814631,-0.247818
01324181,1523964164051,-9.61345,-0.0298472,2.24214,-0.141118,0.480312,-0.0409587,0.866245,0.367577,-0.0312026
01324180,1523964164051,0.644718,-12.2672,-0.862952,4.52483,1.51531,-5.98784,-0.480226,0.637236,-0.478324
01324189,1523964164068,-9.72191,-0.487268,-0.735155,-0.0771599,0.0313231,0.0233814,0.86745,-0.219965,-0.262063
01324188,1523964164068,-9.69289,-0.54109,-1.45123,-0.00756331,-0.013396,0.0143035,0.89432,-0.327394,-0.125181
01324185,1523964164068,-10.4323,-9.95706,0.668205,-1.71501,-0.0350154,-4.54552,0.352466,0.84232,-0.225499
01324181,1523964164068,-9.62559,-0.117225,2.11332,-0.087552,0.504653,-0.0667643,0.866148,0.369052,-0.0228498
01324180,1523964164068,1.92634,-10.9586,-0.367123,4.70953,1.24544,-5.53137,-0.523249,0.562215,-0.530755
01324189,1523964164085,-9.75025,-0.506441,-0.693394,-0.0389491,0.0292077,0.0199659,0.868799,-0.221143,-0.259945
01324188,1523964164085,-9.7073,-0.516924,-1.45134,-0.000650376,-0.0245124,-0.00524496,0.894048,-0.327181,-0.126513
01324185,1523964164085,-10.0689,-10.229,0.684558,-1.76395,0.0436092,-4.66171,0.283017,0.870467,-0.201455
01324181,1523964164085,-9.62315,-0.231103,1.96579,-0.0234035,0.515124,-0.0780722,0.863631,0.370961,-0.0158114
01324180,1523964164085,3.04053,-9.97051,0.122893,4.78436,1.04646,-5.04614,-0.556971,0.472501,-0.5824
01324189,1523964164101,-9.7641,-0.530439,-0.656731,-0.0204934,0.04631,0.0359914,0.869618,-0.221021,-0.260087
01324188,1523964164101,-9.69758,-0.497902,-1.4179,-0.000583788,-0.0184026,0.0107535,0.8946,-0.328278,-0.128207
01324185,1523964164101,-9.42523,-10.4544,0.829168,-1.68325,0.126582,-4.74921,0.211947,0.893702,-0.176049
01324181,1523964164101,-9.73376,-0.322075,1.84124,0.044314,0.484761,-0.0992007,0.864911,0.371099,-0.00877566
01324180,1523964164101,3.67484,-9.31257,0.707921,4.76668,0.836808,-4.57032,-0.578487,0.380488,-0.62588
01324189,1523964164118,-9.75193,-0.54008,-0.656937,0.00112896,0.0495252,0.028948,0.866773,-0.223682,-0.260209
01324188,1523964164118,-9.68787,-0.488326,-1.41325,0.0256043,-0.0253931,0.0126271,0.894056,-0.32875,-0.124184
01324185,1523964164118,-8.88074,-10.7562,0.95212,-1.48295,0.195093,-4.75679,0.131788,0.909009,-0.152105
01324181,1523964164118,-9.78198,-0.497122,1.59313,0.100565,0.46478,-0.130553,0.864587,0.370671,-0.0023766
01324180,1523964164118,4.44391,-8.82774,0.916278,4.74847,0.680489,-4.12674,-0.591697,0.275796,-0.66216
01324189,1523964164135,-9.74944,-0.505994,-0.637421,0.0219224,0.0432617,0.0236981,0.866635,-0.223534,-0.260073
01324188,1523964164135,-9.67824,-0.498039,-1.40842,0.0429624,-0.0158295,-0.00307818,0.893237,-0.328148,-0.124271
01324185,1523964164135,-8.59176,-11.1718,1.32982,-1.13291,0.253044,-4.69978,0.0578675,0.915892,-0.133075
01324181,1523964164135,-9.87257,-0.638819,1.48417,0.169343,0.464023,-0.176422,0.863264,0.373721,0.00515772
01324180,1523964164135,5.39819,-8.46694,1.1886,4.85778,0.617941,-3.61759,-0.597569,0.182537,-0.689387
01324189,1523964164151,-9.72074,-0.501412,-0.642368,0.0495126,0.0594263,0.0220996,0.86724,-0.225324,-0.258245
01324188,1523964164151,-9.69277,-0.502943,-1.38901,0.0316671,0.000689215,0.0129542,0.893513,-0.328924,-0.123379
01324185,1523964164151,-8.4479,-11.6443,1.58087,-0.629561,0.185863,-4.67611,-0.0109086,0.920117,-0.120057
01324181,1523964164151,-9.94376,-0.532897,1.4672,0.224559,0.433718,-0.194095,0.861742,0.375222,0.00727117
01324180,1523964164151,6.00993,-7.62703,1.43121,5.0533,0.592854,-3.03359,-0.600722,0.105886,-0.709283
01324189,1523964164168,-9.72566,-0.511201,-0.652053,0.0730045,0.0488246,0.0221991,0.867535,-0.227496,-0.259203
01324188,1523964164168,-9.69288,-0.532079,-1.35986,0.0464616,-0.00557655,0.000596605,0.892964,-0.328447,-0.120915
01324185,1523964164168,-8.12487,-11.7041,1.57736,-0.0750018,0.124313,-4.66449,-0.0844599,0.916474,-0.120033
01324181,1523964164168,-9.86068,-0.536672,1.35188,0.265538,0.410558,-0.204791,0.860451,0.378061,0.0117493
01324180,1523964164168,6.10821,-6.68527,1.51468,5.19528,0.511505,-2.44578,-0.596675,0.0190403,-0.721236
01324189,1523964164184,-9.72077,-0.530603,-0.657042,0.100068,0.0701368,0.0337991,0.86644,-0.230194,-0.257069
01324188,1523964164184,-9.68794,-0.503177,-1.35776,0.0630637,0.00258805,0.01142,0.894327,-0.328837,-0.12244
01324185,1523964164184,-7.92599,-11.2913,1.53548,0.485345,-0.053191,-4.6164,-0.157749,0.906224,-0.125966
01324181,1523964164184,-9.70765,-0.476631,1.34688,0.340261,0.415936,-0.205029,0.859158,0.381598,0.0154144
01324180,1523964164184,6.20709,-5.88639,1.8729,5.19712,0.479628,-1.90778,-0.588655,-0.0661748,-0.726313
01324189,1523964164201,-9.74534,-0.49686,-0.666327,0.113876,0.0639459,0.0267535,0.868598,-0.227654,-0.25627
01324188,1523964164201,-9.67825,-0.498273,-1.37473,0.0743605,0.00984027,0.00626818,0.893791,-0.329789,-0.123706
01324185,1523964164201,-7.39946,-10.6835,1.00685,1.03175,-0.259135,-4.44232,-0.235259,0.885622,-0.141861
01324181,1523964164201,-9.78283,-0.467768,1.28827,0.307436,0.438704,-0.215053,0.85799,0.385712,0.0193323
01324180,1523964164201,6.61586,-5.03099,2.02177,5.08658,0.470241,-1.37303,-0.575864,-0.149786,-0.722361
01324189,1523964164218,-9.74346,-0.4777,-0.695518,0.159114,0.0686568,0.0313375,0.868854,-0.228801,-0.25387
01324188,1523964164218,-9.68792,-0.498271,-1.36984,0.0778696,0.00792678,0.00980978,0.89406,-0.32956,-0.122482
01324185,1523964164218,-6.85415,-10.2925,0.528176,1.5246,-0.343027,-4.26896,-0.299208,0.862677,-0.161968
01324181,1523964164218,-9.80035,-0.356435,1.3633,0.30291,0.439788,-0.204694,0.855752,0.38871,0.0239501
01324180,1523964164218,6.81022,-4.44427,2.22991,4.95867,0.462826,-0.853335,-0.565938,-0.220599,-0.712969
01324189,1523964164234,-9.74351,-0.458278,-0.690603,0.186866,0.0821771,0.0296283,0.867751,-0.228192,-0.252915
01324188,1523964164234,-9.69277,-0.503109,-1.36494,0.109199,0.0292237,0.0031769,0.894454,-0.327599,-0.12088
01324185,1523964164234,-6.18966,-9.69972,0.270405,1.85877,-0.417063,-4.14314,-0.359225,0.840552,-0.183404
01324181,1523964164234,-9.81627,-0.24259,1.35619,0.317153,0.442416,-0.207312,0.855126,0.39142,0.0294884
01324180,1523964164234,6.50086,-4.14991,2.35902,4.81736,0.447636,-0.382972,-0.560058,-0.278855,-0.702858
01324189,1523964164251,-9.7564,-0.390681,-0.714589,0.207754,0.0819648,0.0332538,0.868021,-0.230064,-0.25146
01324188,1523964164251,-9.67831,-0.517496,-1.38418,0.119693,0.0263065,0.00941479,0.893781,-0.328809,-0.119734
01324185,1523964164251,-5.41824,-8.93895,0.181028,2.06785,-0.559029,-4.06016,-0.419922,0.806617,-0.209829
01324181,1523964164251,-9.69149,-0.282296,1.28047,0.295039,0.429607,-0.227204,0.851269,0.39514,0.0333096
01324180,1523964164251,5.99865,-3.91352,2.50526,4.71415,0.373924,0.0406557,-0.555966,-0.337718,-0.682991
01324189,1523964164267,-9.75461,-0.313215,-0.724168,0.237195,0.0764682,0.0262536,0.867606,-0.232922,-0.249067
01324188,1523964164267,-9.69753,-0.483568,-1.39877,0.133586,0.029558,-0.00196369,0.894463,-0.329339,-0.118022
01324185,1523964164267,-4.61602,-8.41908,0.160749,2.19688,-0.7674,-3.99877,-0.480204,0.769608,-0.234654
01324181,1523964164267,-9.74919,-0.307212,1.24677,0.317342,0.418805,-0.239419,0.850378,0.399651,0.0358857
01324180,1523964164267,5.62646,-3.62721,2.64096,4.67947,0.318982,0.414721,-0.55387,-0.387849,-0.660348
01324189,1523964164284,-9.75796,-0.221349,-0.74824,0.249879,0.0849349,0.00495675,0.867855,-0.232917,-0.246658
01324188,1523964164284,-9.6877,-0.440033,-1.42331,0.126585,0.0297274,-0.0055494,0.893113,-0.330563,-0.119431
01324185,1523964164284,-3.76063,-7.80813,0.0571857,2.10306,-0.947256,-3.94499,-0.536279,0.724219,-0.262161
01324181,1523964164284,-9.66275,-0.267407,1.29003,0.311688,0.347948,-0.196945,0.849745,0.404464,0.0393843
01324180,1523964164284,5.21121,-3.27565,2.49141,4.72634,0.313613,0.7844,-0.550728,-0.438622,-0.630696
01324189,1523964164301,-9.75404,-0.141606,-0.777318,0.236916,0.0850742,0.0120185,0.867168,-0.234619,-0.245056
01324188,1523964164301,-9.65863,-0.42557,-1.43811,0.117847,0.0519168,0.00171881,0.893109,-0.329943,-0.120201
01324185,1523964164301,-2.8177,-7.14929,0.250255,1.80028,-1.15499,-3.88231,-0.588653,0.680103,-0.274774
01324181,1523964164301,-9.58763,-0.120956,1.29495,0.299894,0.331791,-0.160883,0.847402,0.406561,0.0420261
01324180,1523964164301,4.24597,-2.70186,2.40296,4.81175,0.239755,1.08193,-0.554033,-0.480016,-0.59589
01324189,1523964164317,-9.74074,-0.0522674,-0.823554,0.210804,0.0922417,0.0128017,0.869322,-0.235524,-0.241739
01324188,1523964164317,-9.67313,-0.425317,-1.46688,0.0986252,0.0368922,-0.0109698,0.892966,-0.32927,-0.115841
01324185,1523964164317,-1.61006,-6.3914,-0.0179086,1.46659,-1.25353,-3.86288,-0.640195,0.638112,-0.279558
01324181,1523964164317,-9.58896,-0.0239173,1.28342,0.268778,0.331688,-0.164244,0.846668,0.409211,0.0447726
01324180,1523964164317,3.68631,-1.77535,2.51376,4.86847,0.108192,1.36305,-0.564399,-0.514454,-0.561923
01324189,1523964164334,-9.77493,-0.0136604,-0.825381,0.186452,0.0890484,0.0118437,0.868623,-0.235928,-0.239725
01324188,1523964164334,-9.69246,-0.422786,-1.47397,0.0898885,0.0353287,-0.0145897,0.893774,-0.328139,-0.115376
01324185,1523964164334,-0.197642,-5.72627,-0.274474,1.14192,-1.24206,-3.75917,-0.684658,0.589753,-0.277761
01324181,1523964164334,-9.81889,-0.0800209,1.2951,0.283107,0.358908,-0.17778,0.845376,0.412467,0.0487097
01324180,1523964164334,3.52682,-0.660651,2.39265,4.83452,-0.0174643,1.59787,-0.576836,-0.546421,-0.522328
01324189,1523964164351,-9.79749,-0.0263315,-0.883488,0.172526,0.0822829,0.0100364,0.869837,-0.236815,-0.237871
01324188,1523964164351,-9.70688,-0.400981,-1.48128,0.0689101,0.0374936,-0.0235625,0.893778,-0.328733,-0.115144
01324185,1523964164351,1.32069,-5.05228,-0.656985,0.756247,-1.07315,-3.56371,-0.72613,0.543131,-0.273635
01324181,1523964164351,-9.88628,-0.0517275,1.32311,0.264472,0.280685,-0.199071,0.843431,0.415131,0.0513355
01324180,1523964164351,3.61118,0.441474,1.90165,4.5876,-0.151498,1.77937,-0.591806,-0.570675,-0.477805
01324189,1523964164367,-9.84836,-0.0678868,-0.902291,0.167204,0.0875168,0.0029112,0.869418,-0.236798,-0.236794
01324188,1523964164367,-9.73121,-0.439808,-1.4326,0.0410198,0.0305834,-0.0256023,0.893781,-0.329391,-0.113567
01324185,1523964164367,2.30732,-5.193,-0.384771,0.502412,-0.82573,-3.29734,-0.762435,0.491899,-0.266996
01324181,1523964164367,-9.69247,0.12049,1.20513,0.195993,0.228243,-0.206273,0.841775,0.417884,0.0516944
01324180,1523964164367,3.86762,1.24349,1.67653,4.34984,-0.216247,1.99822,-0.611717,-0.587898,-0.428602
01324189,1523964164384,-9.83879,-0.0825008,-0.917075,0.165241,0.085784,-0.0130861,0.869699,-0.239108,-0.23628
01324188,1523964164384,-9.68779,-0.468768,-1.45193,0.0532213,0.0374509,-0.0236657,0.89474,-0.330546,-0.11419
01324185,1523964164384,3.20817,-5.62959,-0.382451,0.502407,-0.590724,-3.06091,-0.791018,0.449092,-0.262428
01324181,1523964164384,-9.66418,0.246893,1.31397,0.176547,0.272098,-0.224813,0.840496,0.420834,0.0547065
01324180,1523964164384,4.0126,1.09065,2.14115,4.2285,-0.374843,2.27056,-0.636543,-0.596144,-0.384559
01324189,1523964164400,-9.80761,-0.101987,-0.946801,0.153117,0.0772695,-0.0113401,0.870364,-0.238543,-0.234944
01324188,1523964164400,-9.6782,-0.490505,-1.45181,0.0671314,0.0312258,-0.0369123,0.895145,-0.330148,-0.113496
01324185,1523964164400,4.14991,-5.9655,-0.589159,0.614721,-0.26521,-2.8303,-0.816223,0.41313,-0.261471
01324181,1523964164400,-9.56367,0.252966,1.27586,0.0981372,0.301704,-0.195028,0.83814,0.423933,0.0573274
01324180,1523964164400,4.14867,0.889676,2.58125,4.0291,-0.624427,2.43275,-0.661291,-0.598421,-0.34324
01324189,1523964164417,-9.82023,-0.0439651,-0.956209,0.142707,0.0722027,-0.00958709,0.870613,-0.238538,-0.232535
01324188,1523964164417,-9.68308,-0.502611,-1.44203,0.0732068,0.0384252,-0.0412174,0.895136,-0.329079,-0.111406
01324185,1523964164417,4.71615,-6.06067,-0.750726,0.849274,0.0536092,-2.61841,-0.835198,0.374087,-0.266525
01324181,1523964164417,-9.5479,0.151249,1.28274,0.00548688,0.336647,-0.163392,0.837119,0.427323,0.0609928
01324180,1523964164417,4.10608,1.41711,2.4218,3.56071,-0.886015,2.5459,-0.689649,-0.592379,-0.298046
01324189,1523964164434,-9.82111,0.0236238,-0.987678,0.11128,0.0552466,-0.0203233,0.869504,-0.238499,-0.230647
01324188,1523964164434,-9.69752,-0.490101,-1.49979,0.0827948,0.034927,-0.0403069,0.895403,-0.328394,-0.110557
01324185,1523964164434,5.13969,-5.58413,-0.708246,1.10339,0.390326,-2.35731,-0.849845,0.334367,-0.277346
01324181,1523964164434,-9.72089,0.0280256,1.12702,-0.0444501,0.342411,-0.135545,0.837586,0.428454,0.0670849
01324180,1523964164434,4.25555,2.11764,2.08633,2.6368,-1.09225,2.61612,-0.718641,-0.576866,-0.256171
01324189,1523964164450,-9.81702,0.0475426,-1.02906,0.0747843,0.0556213,-0.0186711,0.87061,-0.240546,-0.230944
01324188,1523964164450,-9.68768,-0.444155,-1.52435,0.0531392,0.0330761,-0.0396446,0.895123,-0.326903,-0.111135
01324185,1523964164450,5.25779,-4.94176,-0.448153,1.26794,0.563659,-2.13072,-0.857443,0.291731,-0.292874
01324181,1523964164450,-9.8247,-0.123625,1.13168,-0.060539,0.326709,-0.123519,0.832801,0.430065,0.0721575
01324180,1523964164450,4.34837,2.374,1.68502,1.49103,-1.22634,2.54467,-0.749723,-0.551537,-0.222459
01324189,1523964164467,-9.80286,0.0619847,-1.04871,0.0165416,0.0562197,-0.0188706,0.870054,-0.241675,-0.229205
01324188,1523964164467,-9.67801,-0.444056,-1.54368,0.00342218,0.0312264,-0.0400032,0.896621,-0.327358,-0.111317
01324185,1523964164467,5.64624,-4.36109,0.00724445,1.10089,0.665188,-2.00542,-0.865863,0.257855,-0.30796
01324181,1523964164467,-9.80079,-0.244506,0.95785,-0.0774287,0.312559,-0.120996,0.833135,0.431891,0.077172
01324180,1523964164467,4.47615,2.26066,1.58655,0.471298,-1.32958,2.43722,-0.776485,-0.524195,-0.198241
01324189,1523964164484,-9.80299,-0.00616788,-1.08782,-0.0245165,0.0566196,-0.0341122,0.869771,-0.239364,-0.229451
01324188,1523964164484,-9.69279,-0.521199,-1.53805,-0.0288318,0.0242067,-0.0403007,0.894855,-0.32767,-0.110235
01324185,1523964164484,5.95417,-3.52915,0.866286,0.765288,0.675973,-1.95078,-0.873472,0.228075,-0.322827
01324181,1523964164484,-9.82458,-0.419298,0.750942,-0.0346624,0.296545,-0.128142,0.830929,0.433702,0.0799514
01324180,1523964164484,4.99833,1.65332,1.84451,-0.251526,-1.3901,2.34229,-0.79825,-0.496318,-0.181123
01324189,1523964164500,-9.78345,-0.0546238,-1.09797,-0.0669243,0.0432575,-0.0244598,0.870442,-0.239377,-0.228387
01324188,1523964164500,-9.65898,-0.531017,-1.53101,-0.0358604,0.0180222,-0.0554569,0.896341,-0.326253,-0.109895
01324185,1523964164500,6.49798,-3.2603,1.04406,0.257479,0.64007,-1.89568,-0.877675,0.198538,-0.332342
01324181,1523964164500,-9.76648,-0.663419,0.47102,0.0445633,0.241625,-0.136618,0.828984,0.43553,0.0836591
01324180,1523964164500,5.30916,1.07128,2.21655,-0.603574,-1.48418,2.32688,-0.823537,-0.465026,-0.16605
01324189,1523964164517,-9.78118,-0.0984595,-1.12731,-0.085234,0.0261704,-0.0315972,0.871392,-0.237964,-0.228923
01324188,1523964164517,-9.65404,-0.502032,-1.54094,-0.0742572,0.0266273,-0.0556251,0.897276,-0.323649,-0.109744
01324185,1523964164517,6.85773,-3.46673,1.54032,-0.153657,0.672272,-1.88701,-0.880389,0.170966,-0.342405
01324181,1523964164517,-9.80926,-0.802104,0.338163,0.0745794,0.187491,-0.100957,0.828809,0.437292,0.0854869
01324180,1523964164517,5.37367,0.499661,2.47023,-0.733577,-1.53192,2.27282,-0.843902,-0.430048,-0.150434
01324189,1523964164533,-9.79099,-0.190959,-1.17607,-0.108905,0.0212108,-0.047657,0.871098,-0.234787,-0.228626
01324188,1523964164533,-9.71711,-0.559859,-1.51345,-0.0812104,0.0366386,-0.0476055,0.897828,-0.324772,-0.1109
01324185,1523964164533,7.132,-4.06988,2.06859,-0.459705,0.706139,-1.87163,-0.881474,0.144815,-0.351964
01324181,1523964164533,-9.85254,-0.775956,0.371196,0.111835,0.10094,-0.0983707,0.830017,0.436731,0.0868165
01324180,1523964164533,5.38114,0.820091,2.53973,-0.913058,-1.60065,2.1271,-0.863363,-0.391447,-0.136382
01324189,1523964164550,-9.78821,-0.302597,-1.20071,-0.121765,0.00926936,-0.0387929,0.870855,-0.237092,-0.230249
01324188,1523964164550,-9.72222,-0.637004,-1.51271,-0.0689655,0.00401826,-0.0549584,0.897001,-0.322987,-0.111318
01324185,1523964164550,6.90212,-4.04361,2.90313,-0.682594,0.699843,-1.82027,-0.883236,0.120664,-0.360231
01324181,1523964164550,-9.8946,-0.696374,0.350081,0.145702,0.0883533,-0.112378,0.827831,0.439609,0.0859809
01324180,1523964164550,6.1073,0.857174,2.34884,-1.27357,-1.62536,1.98207,-0.879643,-0.362219,-0.118505
01324189,1523964164567,-9.79231,-0.409187,-1.19604,-0.107636,0.0134606,-0.024536,0.870979,-0.235941,-0.229706
01324188,1523964164567,-9.70288,-0.637024,-1.52008,-0.0497503,0.0173019,-0.0422877,0.897813,-0.322425,-0.111158
01324185,1523964164567,6.62464,-3.66088,3.53951,-0.800635,0.652533,-1.72114,-0.881607,0.100052,-0.367889
01324181,1523964164567,-9.86016,-0.681287,0.200282,0.17238,0.0973391,-0.105502,0.82591,0.441103,0.0875665
01324180,1523964164567,6.65998,0.330655,2.07099,-1.6157,-1.61195,1.86282,-0.893764,-0.333755,-0.100946
01324189,1523964164583,-9.777,-0.488927,-1.17699,-0.0868977,0.0106402,-0.0351243,0.871952,-0.235689,-0.231858
01324188,1523964164583,-9.69322,-0.641832,-1.52733,-0.0252733,0.0115775,-0.031561,0.898091,-0.32346,-0.110956
01324185,1523964164583,6.67637,-4.0225,3.37845,-1.01728,0.639082,-1.6902,-0.880524,0.0821163,-0.375833
01324181,1523964164583,-9.8077,-0.651549,0.195218,0.122375,0.090797,-0.0726633,0.825073,0.442848,0.088204
01324180,1523964164583,6.79319,-0.495601,1.82122,-1.83952,-1.58147,1.78842,-0.906668,-0.304418,-0.0870415
01324189,1523964164600,-9.74684,-0.52953,-1.11912,-0.0728334,0.0018749,-0.0270692,0.870966,-0.23378,-0.229688
01324188,1523964164600,-9.68357,-0.646756,-1.51773,-0.0270706,0.010533,-0.0448588,0.89754,-0.322091,-0.111942
01324185,1523964164600,6.60438,-4.25992,3.92506,-1.00274,0.656549,-1.6818,-0.879711,0.0627747,-0.383501
01324181,1523964164600,-9.90537,-0.410223,0.354189,0.0358196,0.0542162,-0.0382299,0.825877,0.443684,0.0876459
01324180,1523964164600,7.7741,-1.17552,1.45728,-1.80769,-1.43458,1.54926,-0.915931,-0.2766,-0.0729501
01324189,1523964164617,-9.69775,-0.577594,-1.09563,-0.0484563,0.00852242,-0.024343,0.871671,-0.234241,-0.231844
01324188,1523964164617,-9.67889,-0.690044,-1.53663,-0.0200165,0.00279891,-0.0298475,0.897936,-0.320155,-0.112905
01324185,1523964164617,6.30343,-4.14362,5.2931,-0.969868,0.50384,-1.57195,-0.880524,0.0434488,-0.390378
01324181,1523964164617,-9.8935,-0.152973,0.426616,-0.00614162,0.020884,-0.0211794,0.826453,0.441227,0.087026
01324180,1523964164617,8.82608,-1.38394,1.10146,-1.65622,-1.2267,1.17599,-0.922723,-0.251413,-0.063278
01324189,1523964164633,-9.67827,-0.582321,-1.09107,-0.0240766,0.0238094,-0.0189628,0.871389,-0.233942,-0.231034
01324188,1523964164633,-9.6644,-0.694852,-1.54633,-0.0164624,0.00369848,-0.0138803,0.896841,-0.318979,-0.112683
01324185,1523964164633,6.65702,-3.88545,5.65867,-0.85883,0.263132,-1.40137,-0.879436,0.0285467,-0.394688
01324181,1523964164633,-9.90151,-0.0972582,0.415837,-0.00338461,0.0214857,-0.0367023,0.825628,0.44225,0.0874124
01324180,1523964164633,9.50943,-1.50489,1.19931,-1.4627,-1.02254,0.816252,-0.927006,-0.234555,-0.0524569
01324189,1523964164650,-9.67315,-0.604029,-1.08146,-0.0023042,0.0192704,-0.017105,0.870155,-0.233188,-0.230746
01324188,1523964164650,-9.66936,-0.728693,-1.53154,-0.0103643,0.00216127,-0.0173955,0.898067,-0.319493,-0.111517
01324185,1523964164650,7.12044,-3.59484,5.39321,-0.483892,0.0877469,-1.14903,-0.87658,0.0159393,-0.397062
01324181,1523964164650,-9.88919,-0.0171644,0.554451,-0.00348909,0.0137637,-0.0247129,0.824113,0.444291,0.0880508
01324180,1523964164650,10.0125,-1.89608,1.31325,-1.15731,-0.858128,0.360213,-0.931054,-0.226126,-0.0414026
01324189,1523964164667,-9.74066,-0.606577,-1.06098,0.0211543,0.0250878,-0.0170239,0.87085,-0.233643,-0.231829
01324188,1523964164667,-9.68863,-0.707221,-1.48827,0.0210188,0.00425654,-0.0224723,0.89725,-0.319138,-0.112563
01324185,1523964164667,7.28428,-3.53824,5.21576,-0.0350209,-0.0593558,-0.89774,-0.87765,0.00241101,-0.396011
01324181,1523964164667,-9.83526,-0.0311593,0.646835,-0.0364102,0.0172586,-0.0245881,0.823821,0.445736,0.0884229
01324180,1523964164667,10.1711,-2.18396,1.31805,-0.671868,-0.67811,-0.0944754,-0.932039,-0.226458,-0.0316518
01324189,1523964164683,-9.76941,-0.57735,-1.0264,0.0646455,0.0436445,-0.0115765,0.871361,-0.232348,-0.229146
01324188,1523964164683,-9.68606,-0.663893,-1.47905,0.0306187,0.00592336,-0.0206194,0.897521,-0.319155,-0.112298
01324185,1523964164683,7.31763,-3.4088,4.81022,0.17804,-0.203715,-0.688697,-0.878993,-0.00970608,-0.394974
01324181,1523964164683,-9.694,-0.121743,0.721925,-0.0167544,0.00633266,-0.0420074,0.82515,0.447152,0.0885124
01324180,1523964164683,9.92929,-2.20659,1.3639,-0.118354,-0.557663,-0.448773,-0.930268,-0.23191,-0.0236682
01324189,1523964164700,-9.76896,-0.526041,-0.972733,0.0934702,0.0252363,-0.00433789,0.872194,-0.235249,-0.228911
01324188,1523964164700,-9.67632,-0.64236,-1.46007,0.0314836,0.000121472,-0.0259868,0.897394,-0.320463,-0.112378
01324185,1523964164700,7.49465,-3.54045,4.23622,0.358555,-0.3365,-0.50183,-0.883038,-0.0205952,-0.388835
01324181,1523964164700,-9.63834,-0.344286,0.719301,-0.0166336,0.0246032,-0.0573512,0.823011,0.446864,0.0870772
01324180,1523964164700,9.53226,-1.79023,1.27047,0.369339,-0.460088,-0.675149,-0.927581,-0.245348,-0.0188355
01324189,1523964164716,-9.73098,-0.460657,-0.997492,0.104652,0.022508,-0.0114114,0.871777,-0.234372,-0.228631
01324188,1523964164716,-9.65952,-0.676096,-1.47193,0.0428513,0.00401598,-0.0170122,0.899013,-0.318624,-0.111744
01324185,1523964164716,7.91207,-3.8038,3.44947,0.515702,-0.380571,-0.368284,-0.883831,-0.0295253,-0.383511
01324181,1523964164716,-9.63436,-0.455856,0.73837,-0.039754,0.0219025,-0.0581501,0.823541,0.447154,0.0875978
01324180,1523964164716,9.16189,-1.34111,1.07597,0.776893,-0.406776,-0.717719,-0.924536,-0.257078,-0.00910226
01324189,1523964164733,-9.74115,-0.417201,-1.01184,0.097826,0.0381332,0.000976101,0.87175,-0.234933,-0.225554
01324188,1523964164733,-9.65953,-0.680935,-1.46948,0.055933,0.00916429,-0.0150961,0.898884,-0.319798,-0.111546
01324185,1523964164733,8.03078,-4.05551,2.83795,0.56927,-0.362816,-0.311494,-0.886386,-0.0381574,-0.377399
01324181,1523964164733,-9.66428,-0.577497,0.716359,-0.0576237,0.0505489,-0.0379988,0.823267,0.446474,0.0890785
01324180,1523964164733,8.97865,-0.69426,0.652359,0.993627,-0.39534,-0.626394,-0.92259,-0.267347,0.00230032
01324189,1523964164750,-9.74184,-0.364091,-1.03604,0.107315,0.0388894,-0.00254818,0.872016,-0.234075,-0.225416
01324188,1523964164750,-9.6932,-0.63232,-1.50816,0.0463397,0.0140891,-0.00980346,0.897649,-0.31807,-0.110613
01324185,1523964164750,8.34426,-3.72088,2.29942,0.559997,-0.332327,-0.279435,-0.888806,-0.0458068,-0.371558
01324181,1523964164750,-9.65419,-0.543491,0.812372,-0.0639179,0.0391801,-0.0311873,0.822963,0.447391,0.0914575
01324180,1523964164750,9.2744,-0.197806,0.143175,1.00206,-0.355808,-0.576776,-0.919694,-0.278062,0.0125974
01324189,1523964164766,-9.76176,-0.345021,-1.06491,0.0873948,0.036515,0.00272336,0.872991,-0.236121,-0.226247
01324188,1523964164766,-9.68831,-0.617869,-1.50833,0.0236626,0.00978778,-0.0117756,0.898609,-0.319186,-0.112044
01324185,1523964164766,8.4757,-3.26428,2.24542,0.387728,-0.256179,-0.233846,-0.890152,-0.0521159,-0.369399
01324181,1523964164766,-9.65492,-0.446497,0.863639,-0.0639547,0.0596577,-0.024125,0.822416,0.448111,0.0913151
01324180,1523964164766,9.305,0.190622,-0.260431,0.847277,-0.295221,-0.514821,-0.916691,-0.285571,0.0207922
01324189,1523964164783,-9.78154,-0.330739,-1.08648,0.0632041,0.0246964,0.0115521,0.872577,-0.235821,-0.225972
01324188,1523964164783,-9.68843,-0.651728,-1.49358,0.00797078,0.000381482,-0.0155254,0.898894,-0.321241,-0.111906
01324185,1523964164783,8.43264,-3.14842,2.26063,0.273396,-0.219442,-0.193126,-0.891354,-0.0590753,-0.364354
01324181,1523964164783,-9.70324,-0.454317,0.827255,-0.063129,0.072301,-0.0102148,0.822116,0.449714,0.0923492
01324180,1523964164783,9.22192,0.344444,-0.519004,0.564271,-0.196435,-0.460476,-0.913446,-0.290464,0.0279535
01324189,1523964164800,-9.76184,-0.320753,-1.05998,0.0489967,0.0299928,-0.00894322,0.872834,-0.235245,-0.224631
01324188,1523964164800,-9.68841,-0.644427,-1.50328,-0.00242583,-0.00135044,0.000314996,0.89779,-0.318761,-0.111467
01324185,1523964164800,8.63508,-3.11611,2.1206,0.198952,-0.167117,-0.145799,-0.890938,-0.0612779,-0.361455
01324181,1523964164800,-9.75167,-0.505752,0.72167,-0.0684807,0.0786091,-0.00323086,0.82182,0.450058,0.0947402
01324180,1523964164800,9.30247,0.297306,-0.537812,0.347449,-0.133492,-0.404292,-0.910437,-0.296345,0.0310388
01324189,1523964164816,-9.80047,-0.306259,-1.04476,0.0161904,0.0217333,0.00518487,0.874069,-0.236,-0.225053
01324188,1523964164816,-9.70782,-0.663781,-1.4837,-0.0164,0.0116593,0.000359645,0.8986,-0.317725,-0.112087
01324185,1523964164816,8.47134,-3.03801,2.1535,0.146736,-0.100729,-0.0729929,-0.893376,-0.062809,-0.360385
01324181,1523964164816,-9.76078,-0.600418,0.64856,-0.0525392,0.0469738,0.00679956,0.823049,0.447361,0.0966465
01324180,1523964164816,9.22841,0.159237,-0.345942,0.233717,-0.0508766,-0.351701,-0.911043,-0.303032,0.0338904
01324189,1523964164833,-9.78148,-0.34043,-1.0865,0.0030343,0.0235747,-0.00286251,0.874187,-0.235132,-0.223708
01324188,1523964164833,-9.66911,-0.65662,-1.49369,0.00453684,0.00821587,0.000470766,0.898058,-0.318038,-0.111425
01324185,1523964164833,8.43348,-2.94125,2.38949,0.024413,-0.0553581,-0.0544332,-0.893777,-0.0650389,-0.358923
01324181,1523964164833,-9.75122,-0.660887,0.56284,-0.0348274,0.0393128,0.0221948,0.821975,0.446671,0.0972044
01324180,1523964164833,9.33057,0.0473071,-0.147374,0.101175,-0.0143236,-0.279365,-0.908853,-0.307439,0.0359348
01324189,1523964164850,-9.78169,-0.30651,-1.08642,-0.00657025,0.0167642,-0.00643618,0.873503,-0.234826,-0.223698
01324188,1523964164850,-9.65943,-0.6519,-1.48418,-0.0146127,0.00944254,0.00920477,0.897658,-0.319139,-0.112703
01324185,1523964164850,8.5346,-2.95639,2.31495,-0.0299317,-0.00856972,-0.0104711,-0.892555,-0.0655988,-0.35866
01324181,1523964164850,-9.82691,-0.717628,0.616573,-0.0207184,0.0219797,0.0392642,0.823318,0.447082,0.0971817
01324180,1523964164850,9.42888,-0.0922661,-0.0795078,0.0588139,0.029934,-0.223115,-0.905985,-0.311263,0.0354099
01324189,1523964164866,-9.75011,-0.316052,-1.08449,-0.0202938,0.00483045,0.00419556,0.872959,-0.236535,-0.222768
01324188,1523964164866,-9.66426,-0.651915,-1.47933,-0.0250825,0.00183493,0.0046237,0.897523,-0.319453,-0.112182
01324185,1523964164866,8.58826,-2.89874,2.53771,-0.0957146,0.0296812,0.0539767,-0.893099,-0.064757,-0.358928
01324181,1523964164866,-9.80373,-0.61307,0.665433,-0.0145411,-0.0133701,0.0397822,0.821697,0.446833,0.0978692
01324180,1523964164866,9.70701,0.144229,-0.220507,0.00959757,0.0924866,-0.289807,-0.904808,-0.319409,0.0341464
01324189,1523964164883,-9.8107,-0.313899,-1.086,-0.0361295,-0.00105291,-0.0100501,0.872699,-0.23754,-0.223442
01324188,1523964164883,-9.70294,-0.651742,-1.48384,-0.0172105,-0.00266631,0.00816251,0.897796,-0.319628,-0.111657
01324185,1523964164883,8.54553,-2.74907,2.67388,-0.151692,0.0592698,0.142302,-0.893644,-0.062494,-0.358686
01324181,1523964164883,-9.78495,-0.554646,0.695829,0.00420148,-0.0171219,0.0267499,0.823332,0.446632,0.0962596
01324180,1523964164883,9.68909,0.0900712,-0.370827,-0.0777227,0.163045,-0.325039,-0.904332,-0.32537,0.0337491
01324189,1523964164899,-9.81086,-0.316419,-1.09817,-0.0517921,-0.00521015,-0.0118719,0.873115,-0.235831,-0.225175
01324188,1523964164899,-9.71263,-0.656479,-1.49095,-0.0346341,0.00382974,0.0160788,0.899017,-0.319206,-0.11178
01324185,1523964164899,8.18409,-2.87649,3.04977,-0.202285,0.0622947,0.230866,-0.893649,-0.0581272,-0.359121
01324181,1523964164899,-9.75179,-0.515436,0.695289,0.0166507,-0.00823423,0.028498,0.82321,0.445491,0.0964178
01324180,1523964164899,9.54376,-0.261792,-0.359677,-0.075989,0.273017,-0.389369,-0.903083,-0.327552,0.0307099
01324189,1523964164916,-9.79095,-0.39141,-1.09379,-0.0854838,-0.00829923,0.00045641,0.872855,-0.236262,-0.226247
01324188,1523964164916,-9.67872,-0.637528,-1.4601,-0.0425352,0.00281239,0.00185706,0.899557,-0.318652,-0.111348
01324185,1523964164916,7.95764,-3.74651,3.22855,-0.109582,0.0200477,0.333154,-0.892841,-0.0529166,-0.359697
01324181,1523964164916,-9.76148,-0.534932,0.661791,0.046954,-0.0145798,0.0180076,0.823481,0.445484,0.096282
01324180,1523964164916,9.44205,-0.25332,-0.360623,0.0534829,0.377959,-0.440538,-0.902326,-0.332765,0.0259932
01324189,1523964164933,-9.77545,-0.461323,-1.05767,-0.0933494,-0.0168562,-0.00577473,0.873671,-0.235995,-0.226254
01324188,1523964164933,-9.67886,-0.676043,-1.46937,-0.0512084,0.0149379,0.0187478,0.899561,-0.319145,-0.113267
01324185,1523964164933,8.0798,-3.8174,2.88921,0.0186538,0.0143504,0.409566,-0.892713,-0.0468616,-0.360411
01324181,1523964164933,-9.80682,-0.516317,0.975095,0.0530508,0.00433023,0.0336799,0.822696,0.444329,0.095383
01324180,1523964164933,9.19197,-0.367322,-0.358857,0.194989,0.446516,-0.423311,-0.89898,-0.340484,0.0196996
01324189,1523964164949,-9.73358,-0.504532,-1.0292,-0.0846566,-0.0152274,-0.00664417,0.872286,-0.23207,-0.226341
01324188,1523964164949,-9.67899,-0.714424,-1.4979,-0.0408141,0.0148824,0.00377434,0.896857,-0.321459,-0.112704
01324185,1523964164949,8.02752,-3.47287,2.78842,0.150239,0.0600593,0.524795,-0.89069,-0.0392829,-0.362585
01324181,1523964164949,-9.65846,-0.358987,0.605948,-0.0624761,-0.0740796,0.0134837,0.822555,0.445178,0.0948345
01324180,1523964164949,9.20409,-0.19851,-0.328809,0.300653,0.561678,-0.55191,-0.893454,-0.349529,0.0100998
01324189,1523964164966,-9.7213,-0.50925,-1.01966,-0.0829069,-0.0186997,-0.00663399,0.871614,-0.232344,-0.227139
01324188,1523964164966,-9.66432,-0.670972,-1.51285,-0.0355125,0.00042763,0.0142734,0.897133,-0.321995,-0.113819
01324185,1523964164966,8.1113,-2.857,2.80034,0.160292,0.101652,0.638448,-0.892191,-0.0319572,-0.363305
01324181,1523964164966,-9.61444,-0.271288,0.80258,-0.0242523,0.0288198,0.0271638,0.823223,0.445461,0.0950877
01324180,1523964164966,9.46668,-0.296788,-0.331619,0.320668,0.74354,-0.701805,-0.889548,-0.358849,0.00281855
01324189,1523964164983,-9.7479,-0.49961,-1.01193,-0.0697496,-0.00500358,0.00405104,0.873144,-0.235416,-0.228387
01324188,1523964164983,-9.68838,-0.637293,-1.4889,-0.0424615,0.02053,0.028602,0.897803,-0.320805,-0.111461
01324185,1523964164983,7.87657,-2.43879,3.03417,0.0424033,0.135672,0.760868,-0.891527,-0.0214021,-0.364849
01324181,1523964164983,-9.90344,-0.311005,0.690402,-0.0190163,-0.0337393,0.0370233,0.823083,0.445753,0.0952161
01324180,1523964164983,9.389,-0.298351,-0.269547,0.22362,0.896308,-0.994966,-0.886005,-0.370914,-0.00586562
01324189,1523964164999,-9.7602,-0.480316,-1.01657,-0.0410943,-0.00702762,0.00237601,0.872867,-0.233396,-0.229171
01324188,1523964164999,-9.6739,-0.642202,-1.48416,-0.0250558,0.0252809,0.0216952,0.898077,-0.321037,-0.112827
01324185,1523964164999,7.57589,-2.34756,3.32999,-0.111918,0.122059,0.93298,-0.890998,-0.00885633,-0.365626
01324181,1523964164999,-9.7904,-0.283017,0.734059,-0.0190898,-0.0663499,0.043605,0.823269,0.442991,0.0935422
01324180,1523964164999,8.92529,-0.0172008,-0.204857,0.0735706,1.09119,-1.2968,-0.876069,-0.387856,-0.0193425
01324189,1523964165016,-9.76013,-0.446239,-0.997018,-0.030633,-0.0226703,0.00244009,0.872041,-0.233226,-0.228491
01324188,1523964165016,-9.6497,-0.6374,-1.49402,-0.0180883,0.0211298,0.0181608,0.898763,-0.321877,-0.113833
01324185,1523964165016,7.52913,-2.97768,3.77765,-0.146783,0.0508219,1.09678,-0.889931,0.00820214,-0.36658
01324181,1523964165016,-9.82397,-0.123263,0.701803,0.0253462,-0.12826,0.0394675,0.824355,0.442821,0.0930021
01324180,1523964165016,8.47086,0.228337,0.0434118,-0.0153211,1.29674,-1.59819,-0.866073,-0.407672,-0.0380202
01324189,1523964165033,-9.76054,-0.397839,-1.0042,-0.0246469,-0.0192885,-0.00287748,0.872597,-0.234251,-0.228907
01324188,1523964165033,-9.66902,-0.632474,-1.49872,-0.00229507,0.0115478,0.0358613,0.89889,-0.320443,-0.11334
01324185,1523964165033,7.5804,-3.68095,3.8846,-0.0867336,-0.0450712,1.25892,-0.890224,0.0299278,-0.367051
01324181,1523964165033,-9.66007,-0.562855,0.672635,-0.0209185,-0.00936798,0.0665148,0.825697,0.442676,0.0937895
01324180,1523964165033,8.34786,0.510253,0.186356,0.0167985,1.49795,-1.8356,-0.853302,-0.433911,-0.059574
01324189,1523964165049,-9.78526,-0.390924,-1.03545,-0.00801844,-0.0177207,0.00606403,0.871504,-0.233934,-0.228892
01324188,1523964165049,-9.69307,-0.598528,-1.51328,0.0151163,0.0136128,0.0306884,0.897258,-0.320422,-0.113183
01324185,1523964165049,7.54052,-4.01794,3.71264,0.0215098,-0.148645,1.3998,-0.888339,0.0494299,-0.365675
01324181,1523964165049,-9.88767,-0.473308,0.616332,-0.0884353,-0.0132463,0.0512277,0.825997,0.441491,0.0922144
01324180,1523964165049,7.68797,0.408968,0.358207,0.0499232,1.67951,-2.1417,-0.834586,-0.46257,-0.082617
01324189,1523964165066,-9.7808,-0.364368,-1.05006,0.000772794,-0.0212577,0.0132063,0.871107,-0.234504,-0.229696
01324188,1523964165066,-9.71241,-0.59613,-1.50112,0.0151206,0.0170022,0.0324925,0.897138,-0.323115,-0.111732
01324185,1523964165066,7.27021,-3.91776,3.47812,0.048245,-0.195576,1.48943,-0.887261,0.0679949,-0.361671
01324181,1523964165066,-9.90468,-0.439356,0.388562,-0.0708675,-0.0585307,0.0887003,0.825336,0.441331,0.0910272
01324180,1523964165066,6.67188,0.307021,0.654672,0.0257092,1.85812,-2.39887,-0.812782,-0.492168,-0.103424
01324189,1523964165082,-9.78083,-0.381406,-1.05984,0.00764033,-0.0161589,0.00788918,0.870836,-0.233349,-0.230621
01324188,1523964165082,-9.69308,-0.598628,-1.49884,0.0115994,0.0122881,0.0226842,0.896599,-0.323859,-0.111232
01324185,1523964165082,6.96595,-3.80783,3.13576,0.0208394,-0.214104,1.54748,-0.886595,0.0902188,-0.358224
01324181,1523964165082,-9.81837,-0.368037,0.460198,-0.113783,-0.0437381,0.126861,0.826436,0.439319,0.0914569
01324180,1523964165082,5.72042,0.249075,0.971345,0.0473852,1.94756,-2.57197,-0.788347,-0.526432,-0.129099
01324189,1523964165099,-9.74732,-0.374192,-1.08467,-0.00373982,-0.0281462,0.000758926,0.871132,-0.235092,-0.231978
01324188,1523964165099,-9.69312,-0.612929,-1.52278,0.0211983,0.0206696,0.0290379,0.896874,-0.324262,-0.11207
01324185,1523964165099,6.96406,-4.00589,2.44393,-0.0329247,-0.214501,1.62409,-0.885252,0.113987,-0.355186
01324181,1523964165099,-9.76037,-0.234087,0.670523,-0.178809,-0.057831,0.133814,0.829683,0.437856,0.0921188
01324180,1523964165099,5.23378,0.514873,1.32334,0.102555,1.97085,-2.67679,-0.759634,-0.560499,-0.151721
01324189,1523964165116,-9.75206,-0.374153,-1.07729,0.007588,-0.017899,0.00433259,0.871117,-0.234366,-0.2309
01324188,1523964165116,-9.66413,-0.617957,-1.50852,0.0185701,0.0250923,0.0273027,0.897427,-0.325752,-0.111631
01324185,1523964165116,6.71569,-4.40942,1.81815,-0.138616,-0.120916,1.71722,-0.881207,0.142219,-0.354819
01324181,1523964165116,-9.75457,-0.251069,0.752996,-0.242134,-0.0449807,0.163434,0.830144,0.432992,0.0927479
01324180,1523964165116,4.99059,1.21341,1.65833,0.117345,1.97213,-2.73975,-0.726324,-0.5952,-0.179024
01324189,1523964165132,-9.78846,-0.33544,-1.06448,0.00425391,-0.0333793,0.012353,0.869755,-0.235336,-0.230357
01324188,1523964165132,-9.67853,-0.588952,-1.51108,0.0150811,0.024222,0.0272663,0.897416,-0.324006,-0.111521
01324185,1523964165132,6.17306,-4.98423,1.45179,-0.256068,-0.0665473,1.76136,-0.876341,0.170786,-0.351709
01324181,1523964165132,-9.87616,-0.27925,0.820378,-0.238556,-0.0290927,0.160148,0.830307,0.42903,0.095091
01324180,1523964165132,4.73112,1.87394,1.45641,0.139955,1.97749,-2.73408,-0.691178,-0.62881,-0.200108
01324189,1523964165149,-9.7279,-0.315728,-1.05561,0.0128715,-0.0300359,0.00792167,0.870729,-0.235515,-0.232245
01324188,1523964165149,-9.63502,-0.593682,-1.54747,0.00814025,0.020248,0.0360327,0.895923,-0.324443,-0.110991
01324185,1523964165149,6.15757,-5.1337,1.14584,-0.350681,-0.00307535,1.84866,-0.870797,0.195652,-0.350267
01324181,1523964165149,-9.72586,-0.204672,0.800591,-0.275095,-0.0448948,0.170423,0.833004,0.428574,0.0956045
01324180,1523964165149,4.56051,2.49478,0.994107,0.0447003,2.03015,-2.74379,-0.655842,-0.656477,-0.219722
01324189,1523964165166,-9.6841,-0.286259,-1.02943,0.0146203,-0.0352399,0.00792883,0.869651,-0.236354,-0.233043
01324188,1523964165166,-9.63012,-0.574309,-1.56213,-0.000573904,0.0217789,0.0395304,0.895663,-0.326095,-0.112979
01324185,1523964165166,6.4812,-5.16917,1.41866,-0.502538,0.138821,1.97456,-0.862953,0.22586,-0.349801
01324181,1523964165166,-9.62119,-0.140331,0.771048,-0.340017,-0.0503379,0.168825,0.833563,0.4256,0.0975237
01324180,1523964165166,4.09397,3.36343,0.510944,-0.395855,2.07144,-2.85938,-0.616725,-0.684335,-0.243048
01324189,1523964165182,-9.74972,-0.267205,-1.03569,0.00400094,-0.0385863,-0.00541498,0.871423,-0.237693,-0.23227
01324188,1523964165182,-9.68807,-0.559297,-1.60994,-0.00929519,0.00970722,0.0375597,0.896203,-0.32594,-0.110279
01324185,1523964165182,6.39027,-4.88453,1.3711,-0.702798,0.350098,2.12143,-0.852809,0.259571,-0.350685
01324181,1523964165182,-9.74853,0.0328587,0.752424,-0.375475,0.0112944,0.155693,0.834924,0.422492,0.100369
01324180,1523964165182,4.81311,3.23878,1.23268,-1.2378,2.27512,-2.95666,-0.571696,-0.708756,-0.275595
01324189,1523964165199,-9.81078,-0.185076,-1.03458,-0.0176292,-0.024522,0.0051584,0.870247,-0.238549,-0.236952
01324188,1523964165199,-9.77,-0.481988,-1.58835,-0.00231785,0.00299026,0.0339785,0.895945,-0.327897,-0.112017
01324185,1523964165199,4.89254,-5.04107,1.66976,-0.764509,0.496584,2.11408,-0.836974,0.297759,-0.353463
01324181,1523964165199,-10.2155,-0.365623,0.665301,-0.255931,-0.0232467,0.0931175,0.835764,0.419069,0.101629
01324180,1523964165199,5.60345,3.25169,1.34681,-1.71388,2.60926,-2.7509,-0.523729,-0.727799,-0.317819
01324189,1523964165216,-9.78839,-0.130969,-0.988882,-0.0234732,-0.017607,0.0121074,0.870462,-0.238359,-0.238137
01324188,1523964165216,-9.72632,-0.434169,-1.55302,-0.00745959,-0.0200906,0.0425448,0.894852,-0.32698,-0.112485
01324185,1523964165216,3.77418,-5.81152,1.97305,-0.687696,0.331993,2.13573,-0.82181,0.331881,-0.354892
01324181,1523964165216,-9.97032,-0.505918,0.729934,-0.307546,-0.122586,0.0828961,0.835524,0.417337,0.100869
01324180,1523964165216,5.28877,2.81566,1.59754,-1.83822,2.8166,-2.36433,-0.47856,-0.736321,-0.362498
01324189,1523964165232,-9.81931,-0.0870198,-0.929893,-0.0357266,-0.0295598,0.00409883,0.870416,-0.23489,-0.235564
01324188,1523964165232,-9.69497,-0.45374,-1.52902,-0.019741,-0.00730958,0.0302157,0.896083,-0.328158,-0.112709
01324185,1523964165232,3.77024,-7.05888,1.7701,-0.538095,0.18721,2.25047,-0.808129,0.360684,-0.354039
01324181,1523964165232,-9.55148,-0.280278,0.839381,-0.445764,-0.198036,0.128234,0.83807,0.415945,0.104331
01324180,1523964165232,4.96906,2.74575,2.38194,-1.71211,2.97218,-2.06788,-0.433773,-0.736281,-0.404969
01324189,1523964165249,-9.79513,-0.0529018,-0.918007,-0.0511667,-0.0328363,0.0182635,0.869897,-0.237043,-0.236915
01324188,1523964165249,-9.63948,-0.483111,-1.4955,-0.0354656,0.00155983,0.0257891,0.895939,-0.326834,-0.112894
01324185,1523964165249,4.98288,-8.54774,1.15359,-0.407361,0.225922,2.3536,-0.7916,0.393731,-0.352583
01324181,1523964165249,-9.30769,-0.296666,0.672204,-0.491504,-0.15071,0.207163,0.838924,0.412911,0.10372
01324180,1523964165249,4.85302,2.31723,3.06001,-1.45925,3.16572,-1.89357,-0.389533,-0.736539,-0.444596
01324189,1523964165266,-9.72185,-0.130057,-0.90956,-0.0808368,-0.0377383,0.00749881,0.869365,-0.235312,-0.239305
01324188,1523964165266,-9.60099,-0.538561,-1.51695,-0.0215173,-0.00688211,0.0213745,0.894458,-0.328966,-0.113548
01324185,1523964165266,5.70006,-9.66978,0.726797,-0.288772,0.48448,2.23942,-0.772503,0.425276,-0.355832
01324181,1523964165266,-9.8938,-0.419949,0.54765,-0.372498,-0.105496,0.247846,0.840047,0.408619,0.10473
01324180,1523964165266,4.22993,2.57718,3.12545,-1.47948,3.28646,-1.79594,-0.340211,-0.736323,-0.481312
01324189,1523964165282,-9.73656,-0.169117,-0.93864,-0.10013,-0.0496423,-0.00675594,0.868826,-0.234296,-0.240497
01324188,1523964165282,-9.6783,-0.526074,-1.53812,-0.0371661,-0.021166,0.0281792,0.894462,-0.3297,-0.11346
01324185,1523964165282,5.00458,-9.00348,0.567739,-0.144881,0.801811,2.05197,-0.749347,0.4563,-0.364063
01324181,1523964165282,-10.1373,-0.33088,0.843846,-0.295877,-0.141402,0.20942,0.843045,0.407253,0.10313
01324180,1523964165282,3.22041,3.29555,2.78359,-1.92845,3.29083,-1.64537,-0.292324,-0.727943,-0.51906
01324189,1523964165299,-9.78726,-0.266496,-0.969749,-0.112276,-0.0408739,-0.00502559,0.86939,-0.234895,-0.242115
01324188,1523964165299,-9.77484,-0.479926,-1.53538,-0.0424865,-0.0048484,0.0159155,0.895007,-0.329836,-0.113879
01324185,1523964165299,3.70415,-7.28129,0.343648,-0.15052,1.13652,2.05264,-0.726594,0.481666,-0.373023
01324181,1523964165299,-9.89616,-0.0130456,1.34645,-0.391657,-0.155154,0.141423,0.843508,0.402801,0.102952
01324180,1523964165299,2.44708,4.07195,2.46611,-2.85459,3.28241,-1.38191,-0.244106,-0.710522,-0.563939
01324189,1523964165316,-9.84708,-0.358739,-0.959329,-0.112105,-0.0373919,0.00564266,0.868703,-0.234013,-0.2421
01324188,1523964165316,-9.77478,-0.460785,-1.5139,-0.0598743,-0.0071825,0.0263905,0.895409,-0.328773,-0.114897
01324185,1523964165316,2.208,-5.92835,0.478708,-0.30574,1.32385,2.33171,-0.70141,0.509074,-0.385807
01324181,1523964165316,-9.59522,0.0633801,1.24548,-0.466133,-0.0460415,0.120973,0.844997,0.399984,0.106056
01324180,1523964165316,2.50375,2.86319,3.6153,-3.82292,3.42394,-1.03306,-0.198555,-0.680671,-0.615295
01324189,1523964165332,-9.82634,-0.413822,-0.889185,-0.106915,-0.0357196,0.00210084,0.869122,-0.232737,-0.24397
01324188,1523964165332,-9.65888,-0.497726,-1.46393,-0.0685899,-0.0139118,0.0209646,0.895545,-0.328731,-0.11584
01324185,1523964165332,1.82413,-6.18581,0.672489,-0.362438,1.37163,2.66153,-0.6689,0.539452,-0.39812
01324181,1523964165332,-9.71509,-0.0442797,0.628536,-0.407381,0.00917554,0.140261,0.845834,0.39657,0.107715
01324180,1523964165332,2.18894,0.615716,4.41196,-4.28079,3.6078,-0.687887,-0.152613,-0.637008,-0.670303
01324189,1523964165349,-9.75208,-0.434512,-0.788124,-0.091492,-0.037635,-0.0156254,0.868992,-0.23288,-0.244505
01324188,1523964165349,-9.58172,-0.551405,-1.4135,-0.0458274,-0.0214943,0.0334401,0.893367,-0.32829,-0.115111
01324185,1523964165349,2.19531,-7.22332,0.812853,-0.358614,1.42446,2.84143,-0.632047,0.572671,-0.409429
01324181,1523964165349,-10.0117,-0.125046,0.169333,-0.316614,-0.0367114,0.138789,0.847446,0.395586,0.109582
01324180,1523964165349,0.852226,-1.59171,5.31003,-4.25694,3.62072,-0.469863,-0.105442,-0.586139,-0.719772
01324189,1523964165366,-9.73246,-0.361356,-0.739565,-0.0793244,-0.0463923,-0.0164608,0.866697,-0.234696,-0.245564
01324188,1523964165366,-9.60119,-0.585327,-1.37935,-0.0362598,-0.0142358,0.0282727,0.893927,-0.33076,-0.115542
01324185,1523964165366,2.39692,-7.93676,1.35022,-0.30378,1.46011,2.94316,-0.590311,0.606008,-0.421803
01324181,1523964165366,-10.0577,-0.314795,0.129204,-0.214236,-0.145007,0.109114,0.847477,0.392596,0.110442
01324180,1523964165366,-0.121391,-2.80186,5.8981,-3.96858,3.47619,-0.388251,-0.0597169,-0.528298,-0.76502
01324189,1523964165382,-9.79162,-0.274643,-0.772543,-0.0594657,-0.0517794,-0.0243704,0.867399,-0.234725,-0.247716
01324188,1523964165382,-9.65417,-0.527096,-1.40353,-0.0180863,0.0111801,0.00919573,0.893385,-0.330979,-0.116898
01324185,1523964165382,2.14091,-8.12288,1.45044,-0.203107,1.58523,3.05031,-0.545583,0.635558,-0.432972
01324181,1523964165382,-9.80966,-0.612626,0.0398988,-0.163558,-0.16076,0.117407,0.849409,0.390797,0.108065
01324180,1523964165382,-0.14801,-3.18423,5.95858,-3.8,3.28666,-0.349919,-0.0137036,-0.476922,-0.798765
01324189,1523964165399,-9.8162,-0.245766,-0.784273,-0.0621493,-0.067294,-0.0314539,0.866719,-0.233416,-0.248635
01324188,1523964165399,-9.7264,-0.444882,-1.3989,0.0116142,0.0242886,0.0263449,0.894463,-0.329377,-0.117216
01324185,1523964165399,1.15345,-7.61111,1.45348,-0.140801,1.70626,3.06924,-0.50303,0.665932,-0.44532
01324181,1523964165399,-9.86665,-0.594389,0.645352,-0.316644,-0.199945,0.109819,0.84997,0.388931,0.108231
01324180,1523964165399,-0.459812,-3.00384,5.90336,-3.92723,3.17385,-0.252056,0.0326222,-0.431833,-0.826281
01324189,1523964165416,-9.78199,-0.264912,-0.772665,-0.0551977,-0.0742803,-0.0332006,0.868083,-0.232017,-0.249577
01324188,1523964165416,-9.70698,-0.425428,-1.43292,-0.0128302,0.0209865,0.0217191,0.893794,-0.331137,-0.116778
01324185,1523964165416,-0.402915,-7.24472,1.84148,-0.226243,1.67611,3.16851,-0.452324,0.691407,-0.455423
01324181,1523964165416,-10.0653,-0.497447,0.864404,-0.282834,-0.253243,0.0911899,0.851215,0.388425,0.105567
01324180,1523964165416,-1.36514,-2.89669,5.72109,-4.23892,3.1152,-0.0862915,0.0774085,-0.372076,-0.849284
01324189,1523964165432,-9.76474,-0.279262,-0.758355,-0.0619973,-0.0828307,-0.0243259,0.868355,-0.230301,-0.250638
01324188,1523964165432,-9.66845,-0.471083,-1.47613,0.00634477,0.022749,0.0218774,0.892838,-0.330552,-0.11646
01324185,1523964165432,-1.67673,-7.47737,2.04399,-0.334407,1.4323,3.36948,-0.399848,0.718065,-0.462665
01324181,1523964165432,-9.90585,-0.672339,0.463054,-0.0940427,-0.267701,0.06458,0.851131,0.385667,0.103896
01324180,1523964165432,-2.42004,-3.47983,5.35956,-4.41474,3.11563,0.218635,0.11838,-0.309665,-0.867578
01324189,1523964165449,-9.76732,-0.264774,-0.76315,-0.0593795,-0.0673164,-0.020792,0.866734,-0.229978,-0.252224
01324188,1523964165449,-9.70463,-0.451261,-1.53378,0.00368725,0.0230344,0.016547,0.893113,-0.331044,-0.115415
01324185,1523964165449,-2.34918,-8.39261,2.40247,-0.16794,1.22525,3.63103,-0.341391,0.742518,-0.467026
01324181,1523964165449,-9.7345,-0.822845,0.0830483,0.0395213,-0.241194,0.0574581,0.852257,0.384569,0.100315
01324180,1523964165449,-3.3462,-5.04369,6.12016,-4.30051,3.11689,0.512822,0.156751,-0.236236,-0.875057
01324189,1523964165466,-9.74325,-0.308519,-0.792826,-0.0655414,-0.0534568,-0.0243968,0.867036,-0.230575,-0.25491
01324188,1523964165466,-9.69252,-0.446382,-1.54836,-0.0128576,0.0209294,0.0226078,0.893112,-0.330848,-0.116482
01324185,1523964165466,-2.6213,-9.43058,2.91008,0.0806261,1.12158,3.73695,-0.285241,0.763132,-0.472913
01324181,1523964165466,-10.0018,-0.923105,0.148464,0.0466232,-0.317403,0.0456496,0.852556,0.385193,0.0963069
01324180,1523964165466,-4.41846,-6.49706,6.77119,-3.8746,3.08692,0.675191,0.199588,-0.178297,-0.879665
01324189,1523964165482,-9.71469,-0.374323,-0.856699,-0.0559878,-0.0380322,-0.0226222,0.86759,-0.231025,-0.25559
01324188,1523964165482,-9.65875,-0.468273,-1.5388,-0.0128726,0.0126483,0.0145571,0.893937,-0.332392,-0.11497
01324185,1523964165482,-2.49661,-9.85008,3.14927,0.426329,1.09131,3.77587,-0.228548,0.775368,-0.48147
01324181,1523964165482,-10.2787,-0.967741,0.290033,0.185464,-0.402658,0.0126529,0.854383,0.384442,0.0893845
01324180,1523964165482,-5.49245,-6.59883,6.52571,-3.6917,2.87404,0.711118,0.242291,-0.133304,-0.880472
01324189,1523964165499,-9.67554,-0.427428,-0.852549,-0.0306962,-0.0469297,-0.0189738,0.866771,-0.230285,-0.255842
01324188,1523964165499,-9.66847,-0.482539,-1.56266,-0.0058632,0.00881611,0.0216426,0.893397,-0.332915,-0.116075
01324185,1523964165499,-2.58119,-8.85785,2.85151,0.66432,1.24226,3.85458,-0.1686,0.78502,-0.492237
01324181,1523964165499,-10.0721,-0.829578,0.465003,0.374192,-0.449152,-0.0280667,0.854984,0.385684,0.0811028
01324180,1523964165499,-5.80694,-6.21511,5.95436,-4.15747,2.57039,0.787971,0.277311,-0.0765871,-0.876058
01324189,1523964165516,-9.67743,-0.456319,-0.828248,-0.00790554,-0.0367846,-0.00470013,0.86691,-0.230434,-0.256113
01324188,1523964165516,-9.7507,-0.491903,-1.55953,0.0080637,0.00750966,0.0146312,0.894485,-0.332889,-0.117031
01324185,1523964165516,-3.73059,-7.3823,2.5046,0.623149,1.52804,3.94657,-0.102131,0.789181,-0.502188
01324181,1523964165516,-9.77399,-0.821632,0.990816,0.454532,-0.473285,-0.0958304,0.854638,0.387643,0.0722837
01324180,1523964165516,-5.53399,-7.29966,6.55046,-4.7558,2.40638,1.06228,0.309809,-0.0130278,-0.867005
01324189,1523964165532,-9.74178,-0.497351,-0.773825,0.014773,-0.0179978,0.00246207,0.865952,-0.229688,-0.256096
01324188,1523964165532,-9.77241,-0.472934,-1.50177,0.0150847,0.00889967,0.02177,0.892028,-0.331399,-0.116772
01324185,1523964165532,-5.82251,-6.84432,2.59348,0.48167,1.66609,3.99052,-0.0296814,0.789293,-0.509764
01324181,1523964165532,-9.86639,-0.638448,1.12196,0.279969,-0.611227,-0.0843995,0.853537,0.387263,0.0608602
01324180,1523964165532,-5.96188,-9.29637,7.01869,-4.70098,2.30147,1.39557,0.339044,0.0499507,-0.848308
01324189,1523964165549,-9.76919,-0.569497,-0.690824,0.0496251,-0.00624982,0.00789501,0.86542,-0.230112,-0.257165
01324188,1523964165549,-9.65405,-0.497827,-1.45193,0.0220533,-0.00611145,0.00928024,0.89475,-0.331881,-0.116837
01324185,1523964165549,-7.05892,-7.22204,2.38824,0.515612,1.57741,3.97943,0.03761,0.786267,-0.519125
01324181,1523964165549,-9.9202,-0.240928,0.790382,0.291881,-0.698073,0.000962388,0.854305,0.388707,0.0488469
01324180,1523964165549,-7.21828,-10.4372,7.35786,-4.27433,1.99985,1.51747,0.368671,0.103054,-0.830897
01324189,1523964165566,-9.68596,-0.588113,-0.638575,0.086022,0.00370731,0.000875824,0.866114,-0.230136,-0.258512
01324188,1523964165566,-9.58161,-0.522169,-1.45709,0.0552108,-0.00113222,0.0148836,0.89217,-0.33247,-0.115762
01324185,1523964165566,-7.48095,-7.76875,1.98004,0.578956,1.51488,3.95605,0.100171,0.779125,-0.52241
01324181,1523964165566,-9.70509,-0.102358,0.591072,0.41882,-0.709449,0.0486527,0.855649,0.387,0.0372926
01324180,1523964165566,-8.08378,-9.63015,7.00581,-4.05793,1.44019,1.50301,0.396127,0.150293,-0.821962
01324189,1523964165582,-9.71002,-0.529771,-0.601562,0.125923,-0.00879037,-0.00607031,0.865021,-0.23068,-0.257834
01324188,1523964165582,-9.66612,-0.492943,-1.45429,0.070956,0.00856535,0.0301296,0.892997,-0.334218,-0.116152
01324185,1523964165582,-7.84816,-7.83888,1.7781,0.485287,1.57946,3.98474,0.168026,0.769863,-0.525823
01324181,1523964165582,-9.54341,-0.042548,0.991853,0.478611,-0.740353,-0.00183951,0.855079,0.388439,0.0242289
01324180,1523964165582,-7.88487,-8.14069,6.76941,-4.34514,1.01619,1.75262,0.412671,0.196358,-0.802877
01324189,1523964165599,-9.80776,-0.452853,-0.626678,0.155531,-0.000436661,0.00113838,0.865552,-0.231405,-0.255971
01324188,1523964165599,-9.75548,-0.4639,-1.42257,0.0935993,0.0116744,0.0223385,0.893952,-0.334898,-0.114453
01324185,1523964165599,-8.6193,-7.90589,2.2437,0.384222,1.6928,3.96388,0.233864,0.75292,-0.524967
01324181,1523964165599,-9.68624,-0.418405,1.65502,0.458859,-0.889006,-0.00987097,0.855751,0.389241,0.00903662
01324180,1523964165599,-7.90792,-7.95929,6.02094,-4.80186,0.859195,2.25594,0.429596,0.242831,-0.780406
01324189,1523964165615,-9.80796,-0.409201,-0.621703,0.172761,0.00627759,-0.00770132,0.866648,-0.232585,-0.255859
01324188,1523964165615,-9.68763,-0.420709,-1.4283,0.0936345,0.000170696,0.0257615,0.892451,-0.333968,-0.11505
01324185,1523964165615,-9.68653,-8.08253,1.9224,0.189769,1.70484,3.75845,0.299175,0.730991,-0.51922
01324181,1523964165615,-9.73014,-0.419285,2.09429,0.582925,-1.03654,0.0332904,0.856484,0.387537,-0.00929727
01324180,1523964165615,-9.1907,-9.02677,5.08897,-5.23111,0.708544,2.62671,0.447251,0.289345,-0.742654
01324189,1523964165632,-9.75379,-0.406053,-0.559228,0.160653,0.00813014,-0.00420111,0.865554,-0.231981,-0.255842
01324188,1523964165632,-9.66341,-0.406562,-1.39493,0.0848313,0.0232972,0.0153375,0.891366,-0.334203,-0.115861
01324185,1523964165632,-10.887,-7.62271,1.59054,-0.126927,1.69205,3.41726,0.356761,0.712545,-0.508637
01324181,1523964165632,-9.45866,0.00382041,1.88023,0.528886,-0.974151,0.162308,0.856528,0.387269,-0.0279201
01324180,1523964165632,-10.5827,-10.1164,4.30082,-5.50807,0.40478,2.87783,0.465076,0.335311,-0.710869
01324189,1523964165649,-9.73877,-0.405721,-0.525377,0.165792,0.016703,-0.00864453,0.865274,-0.233118,-0.254375
01324188,1523964165649,-9.68765,-0.425698,-1.40419,0.0882912,0.0372142,0.015511,0.891908,-0.334187,-0.113304
01324185,1523964165649,-11.8833,-6.8604,1.67873,-0.562759,1.58641,3.1907,0.410144,0.700535,-0.493653
01324181,1523964165649,-9.08042,0.430523,1.77787,0.38488,-0.705073,0.189949,0.858186,0.384483,-0.0427815
01324180,1523964165649,-10.8621,-10.8257,3.49179,-5.58253,0.149237,3.1181,0.483763,0.378826,-0.684559
01324189,1523964165665,-9.80841,-0.43243,-0.49518,0.173041,0.00976986,0.0100643,0.865019,-0.234699,-0.255188
01324188,1523964165665,-9.7481,-0.425646,-1.37965,0.0761146,0.048767,0.0270505,0.89328,-0.336272,-0.112912
01324185,1523964165665,-11.8298,-6.81247,1.79727,-1.00833,1.47919,3.13914,0.456893,0.68623,-0.473389
01324181,1523964165665,-9.49415,0.204292,2.46059,0.315963,-0.576516,0.110404,0.85801,0.384689,-0.0530294
01324180,1523964165665,-10.556,-12.4368,3.69378,-5.1498,0.124846,3.44109,0.507249,0.410146,-0.649092
01324189,1523964165682,-9.87517,-0.531816,-0.465199,0.178175,0.014906,0.00297877,0.86569,-0.23586,-0.25333
01324188,1523964165682,-9.73609,-0.445147,-1.3555,0.0848692,0.0416906,0.0296899,0.891919,-0.336142,-0.112078
01324185,1523964165682,-10.4004,-7.99148,1.84041,-1.18345,1.48207,3.06843,0.506913,0.670615,-0.447758
01324181,1523964165682,-10.0801,0.390783,3.27437,0.233709,-0.8266,0.115528,0.858965,0.382395,-0.0654988
01324180,1523964165682,-11.0388,-13.4422,3.25817,-4.18492,0.0847498,3.61117,0.532931,0.427652,-0.617048
01324189,1523964165699,-9.78974,-0.62592,-0.461845,0.190984,0.00350499,-0.0165181,0.864761,-0.23958,-0.253617
01324188,1523964165699,-9.65887,-0.484208,-1.32687,0.107544,0.0605486,0.0353746,0.89236,-0.341387,-0.112412
01324185,1523964165699,-10.1424,-8.93685,1.9046,-0.840205,1.48514,2.82561,0.548528,0.651081,-0.420621
01324181,1523964165699,-9.62969,0.697161,3.01539,0.379394,-1.02443,0.123538,0.856346,0.377497,-0.0813358
01324180,1523964165699,-12.2419,-12.8331,3.22077,-3.36516,-0.0752524,3.61741,0.557422,0.432104,-0.584436
01324189,1523964165715,-9.77088,-0.611536,-0.491304,0.203979,-0.00441182,-0.0200178,0.865962,-0.238451,-0.251746
01324188,1523964165715,-9.58156,-0.498873,-1.33937,0.105727,0.0732421,0.0248933,0.891675,-0.340762,-0.109937
01324185,1523964165715,-10.6039,-8.27916,1.81325,-0.213231,1.44968,2.52673,0.587407,0.631954,-0.401723
01324181,1523964165715,-8.93442,0.739874,2.37663,0.468507,-0.841922,0.145334,0.857464,0.375554,-0.0972737
01324180,1523964165715,-13.4318,-10.7626,2.41811,-3.1498,-0.371556,3.50934,0.580427,0.431286,-0.564493
01324189,1523964165732,-9.79522,-0.514448,-0.456629,0.208308,-0.0268934,-0.0235112,0.865542,-0.236568,-0.251727
01324188,1523964165732,-9.62033,-0.525274,-1.33643,0.109272,0.0828016,0.0418331,0.893013,-0.337711,-0.107065
01324185,1523964165732,-10.9493,-6.99697,0.87099,0.235908,1.50931,2.38899,0.622881,0.609326,-0.3888
01324181,1523964165732,-8.64634,0.19034,2.11611,0.488691,-0.48007,0.110473,0.857495,0.372534,-0.110783
01324180,1523964165732,-13.8954,-8.41934,1.74973,-3.69888,-0.576216,3.23347,0.597523,0.432341,-0.548755
01324189,1523964165749,-9.82568,-0.43754,-0.519272,0.190718,-0.0509029,-0.0395135,0.86446,-0.238553,-0.251328
01324188,1523964165749,-9.64921,-0.488966,-1.34134,0.0987248,0.0972996,0.0304093,0.89166,-0.33889,-0.106313
01324185,1523964165749,-12.2247,-5.52571,0.252905,0.170661,1.62567,2.51529,0.657412,0.583196,-0.374531
01324181,1523964165749,-8.86895,-0.0795776,2.61735,0.417885,-0.270381,0.0695165,0.856358,0.371682,-0.117672
01324180,1523964165749,-13.5094,-7.03656,0.615484,-4.58445,-0.780228,3.30142,0.614248,0.438874,-0.525324
01324189,1523964165765,-9.82992,-0.449383,-0.482725,0.207026,-0.0450442,-0.0536834,0.86447,-0.239994,-0.251474
01324188,1523964165765,-9.62957,-0.402446,-1.311,0.0952466,0.131207,0.0466881,0.892219,-0.341455,-0.104727
01324185,1523964165765,-12.0232,-4.77501,1.06153,0.0797879,1.55872,2.69605,0.693038,0.55415,-0.357751
01324181,1523964165765,-9.85853,0.441417,3.89306,0.276522,-0.462918,-0.0194144,0.857503,0.371931,-0.12514
01324180,1523964165765,-12.0266,-9.34095,1.02576,-4.61608,-0.567044,3.35192,0.632578,0.444193,-0.497882
01324189,1523964165782,-9.89515,-0.450668,-0.304056,0.198374,-0.0561377,-0.0554536,0.864877,-0.237994,-0.252534
01324188,1523964165782,-9.59077,-0.366633,-1.28034,0.0567921,0.155909,0.0378501,0.890838,-0.338573,-0.100349
01324185,1523964165782,-10.5398,-4.52817,2.00001,0.202036,1.3311,2.68088,0.726217,0.518675,-0.345089
01324181,1523964165782,-9.59536,0.890969,3.85232,0.350413,-0.769963,-0.0810432,0.85275,0.371351,-0.134925
01324180,1523964165782,-11.5543,-11.2272,1.63873,-3.65975,-0.495606,3.04756,0.654436,0.4464,-0.470418
01324189,1523964165799,-9.85831,-0.480509,-0.114825,0.158482,-0.0954159,-0.0590718,0.864739,-0.238564,-0.252001
01324188,1523964165799,-9.52315,-0.379535,-1.19411,0.0253904,0.186728,0.0450632,0.891264,-0.341579,-0.0986542
01324185,1523964165799,-9.96488,-4.3438,2.15791,0.313889,1.27021,2.50582,0.752612,0.486914,-0.330214
01324181,1523964165799,-8.67657,1.11144,2.68511,0.52659,-0.554888,-0.0214028,0.851528,0.36969,-0.146054
01324180,1523964165799,-12.1207,-10.7667,2.44056,-2.55537,-0.567307,2.53119,0.6684,0.439813,-0.454653
01324189,1523964165815,-9.84694,-0.496555,-0.00550181,0.126856,-0.124465,-0.0893313,0.864323,-0.237544,-0.251854
01324188,1523964165815,-9.47518,-0.481386,-1.1358,0.011389,0.241822,0.0544322,0.891805,-0.341582,-0.0956941
01324185,1523964165815,-10.518,-3.65192,1.97066,0.412621,1.46383,2.23243,0.78294,0.460102,-0.314747
01324181,1523964165815,-8.46041,0.978294,2.49102,0.446392,-0.238708,0.0617122,0.85201,0.369785,-0.154444
01324180,1523964165815,-13.1538,-8.45816,2.59783,-2.01139,-0.744613,2.17198,0.683579,0.432328,-0.437976
01324189,1523964165832,-9.92233,-0.556496,0.114764,0.0896218,-0.200007,-0.094629,0.86218,-0.237794,-0.255582
01324188,1523964165832,-9.48956,-0.447608,-1.13118,0.004282,0.277316,0.0406093,0.89099,-0.342056,-0.0915327
01324185,1523964165832,-12.1322,-2.5686,1.34438,-0.0664238,1.43024,1.94436,0.804451,0.434466,-0.297036
01324181,1523964165832,-8.98295,0.486675,2.75309,0.385825,-0.117901,0.0898658,0.852499,0.366247,-0.158633
01324180,1523964165832,-13.0789,-5.93197,2.11939,-2.33403,-0.854196,2.04319,0.692072,0.42588,-0.4293
01324189,1523964165849,-9.97169,-0.697996,0.324503,0.0901068,-0.234551,-0.132752,0.862864,-0.235229,-0.257444
01324188,1523964165849,-9.53273,-0.342153,-1.01629,-0.0523903,0.341854,0.0674697,0.892349,-0.342541,-0.0879388
01324185,1523964165849,-12.9567,-1.84678,0.467208,-0.580891,1.02928,1.69254,0.822431,0.412362,-0.279216
01324181,1523964165849,-9.12056,0.581624,3.32274,0.392845,-0.057537,0.0972929,0.851478,0.365019,-0.162987
01324180,1523964165849,-11.7675,-4.62027,1.43367,-3.103,-0.774738,1.97209,0.70036,0.424802,-0.419429
01324189,1523964165865,-10.0158,-0.846551,0.558487,0.0881138,-0.300135,-0.167272,0.860576,-0.235183,-0.260364
01324188,1523964165865,-9.50366,-0.305478,-0.756931,-0.096998,0.412888,0.0537832,0.890989,-0.3431,-0.081753
01324185,1523964165865,-12.1468,-1.01897,0.227483,-0.955897,0.553684,1.4951,0.83443,0.393604,-0.263633
01324181,1523964165865,-9.27869,0.986855,3.9153,0.283527,-0.00152079,0.0688216,0.851418,0.3604,-0.16462
01324180,1523964165865,-10.6966,-5.16468,1.60065,-3.60453,-0.636208,1.8693,0.707592,0.42406,-0.413867
01324189,1523964165882,-10.0537,-0.950579,0.904451,0.0685436,-0.391443,-0.220461,0.860062,-0.23174,-0.265687
01324188,1523964165882,-9.5423,-0.273348,-0.501821,-0.107615,0.524202,0.0531519,0.890726,-0.345115,-0.0760767
01324185,1523964165882,-11.0787,-1.41054,0.574009,-1.21691,0.257198,1.35928,0.847232,0.379727,-0.25111
01324181,1523964165882,-9.72139,1.27733,4.25467,0.279228,-0.0731219,0.0165802,0.851983,0.359497,-0.166203
01324180,1523964165882,-10.4154,-6.40053,1.90114,-3.44374,-0.535471,1.75988,0.717911,0.429284,-0.39524
01324189,1523964165899,-10.0594,-0.966514,1.34263,0.0806901,-0.503754,-0.246857,0.860386,-0.229477,-0.272369
01324188,1523964165899,-9.52243,-0.10616,-0.282085,-0.127049,0.670427,0.0493083,0.890314,-0.34552,-0.0673307
01324185,1523964165899,-10.3002,-2.34731,0.416863,-1.45893,0.201336,1.1684,0.856358,0.371876,-0.240857
01324181,1523964165899,-9.49867,1.38729,3.55363,0.202895,-0.163927,-0.00472797,0.852926,0.362269,-0.169864
01324180,1523964165899,-9.9112,-7.55315,1.88039,-2.86716,-0.5791,1.58611,0.730139,0.433035,-0.378971
01324189,1523964165915,-9.94477,-0.792729,1.80866,0.099603,-0.652435,-0.289179,0.857439,-0.225405,-0.280071
01324188,1523964165915,-9.42425,0.316847,-0.137479,-0.119434,0.811974,0.0526834,0.892076,-0.345638,-0.0592683
01324185,1523964165915,-10.4983,-2.31497,0.213914,-1.68352,0.167749,0.940135,0.863731,0.362264,-0.226786
01324181,1523964165915,-9.09981,1.32942,2.95354,0.165519,-0.14771,0.0212883,0.851901,0.360351,-0.173006
01324180,1523964165915,-10.4613,-7.42822,2.24308,-2.01377,-0.538474,1.46096,0.736967,0.430237,-0.368437
01324189,1523964165932,-9.8673,-0.507717,2.26577,0.123591,-0.797719,-0.338593,0.856161,-0.220819,-0.291537
01324188,1523964165932,-9.43188,0.870573,-0.359037,-0.168088,0.986333,-0.0077033,0.892341,-0.346169,-0.0450092
01324185,1523964165932,-10.9795,-1.83049,0.147032,-1.57811,-0.0304303,0.7815,0.869463,0.356543,-0.215888
01324181,1523964165932,-9.03818,1.15289,3.13603,0.0781094,-0.115181,0.0649534,0.851645,0.360881,-0.175143
01324180,1523964165932,-10.3941,-5.99989,2.39417,-1.5456,-0.641909,1.37386,0.744277,0.423105,-0.36314
01324189,1523964165949,-10.0167,-0.281563,2.75538,0.189528,-0.98998,-0.380626,0.848919,-0.215231,-0.306945
01324188,1523964165949,-9.89412,1.38351,-0.716263,-0.280488,1.15769,-0.0774742,0.892592,-0.344688,-0.0300843
01324185,1523964165949,-10.831,-2.00025,-0.173008,-1.33472,-0.304172,0.677501,0.873011,0.348725,-0.211375
01324181,1523964165949,-8.891,1.09379,3.36994,-0.0164975,-0.139207,0.111564,0.852518,0.358498,-0.178695
01324180,1523964165949,-9.84871,-6.3013,2.51144,-1.91707,-0.568703,1.14676,0.749171,0.416312,-0.359018
01324189,1523964165965,-10.2003,0.0972048,2.95378,0.171734,-1.21078,-0.440655,0.842094,-0.212099,-0.321574
01324188,1523964165965,-10.5313,1.61393,-1.61827,-0.240418,1.29056,-0.167875,0.892027,-0.343149,-0.0129878
01324185,1523964165965,-10.1063,-2.24583,-0.492674,-1.12086,-0.466897,0.54038,0.875733,0.34438,-0.209772
01324181,1523964165965,-8.52841,1.11285,3.10383,-0.0947271,-0.0701896,0.124382,0.851724,0.358196,-0.179878
01324180,1523964165965,-9.81479,-6.59076,2.29749,-2.3205,-0.597491,0.762383,0.752045,0.418815,-0.348996
01324189,1523964165982,-10.6249,0.896033,3.08866,0.0524833,-1.48992,-0.424469,0.839095,-0.207781,-0.338111
01324188,1523964165982,-10.8125,1.32329,-2.67235,-0.223607,1.32784,-0.230206,0.891448,-0.339554,0.00383316
01324185,1523964165982,-9.48183,-2.36042,-0.440585,-0.983828,-0.501293,0.395737,0.876416,0.339867,-0.2096
01324181,1523964165982,-8.60971,1.04399,3.05633,-0.181993,0.0151853,0.156458,0.853758,0.356472,-0.178799
01324180,1523964165982,-9.33539,-8.21061,1.68422,-1.76079,-0.70249,0.594127,0.755189,0.424262,-0.346227
01324189,1523964165999,-10.7635,1.94101,2.3338,-0.0346992,-1.69006,-0.323102,0.830438,-0.203059,-0.361545
01324188,1523964165999,-11.5352,1.32792,-2.95795,-0.0941401,1.35007,-0.311489,0.891962,-0.336908,0.0217948
01324185,1523964165999,-9.32334,-1.90375,-0.228838,-0.867632,-0.521557,0.240911,0.877768,0.33869,-0.21208
01324181,1523964165999,-9.02924,0.764673,3.31016,-0.23907,-0.0323322,0.168437,0.854315,0.354197,-0.177693
01324180,1523964165999,-9.16533,-7.35831,1.17093,-0.554607,-0.733742,0.459287,0.755065,0.423982,-0.347584
01324189,1523964166015,-10.9741,2.57016,1.46986,-0.068625,-1.63778,-0.220111,0.820886,-0.198506,-0.385025
01324188,1523964166015,-11.796,2.0375,-3.61454,0.156841,1.3711,-0.300743,0.893679,-0.331302,0.0415451
01324185,1523964166015,-9.29576,-1.56199,-0.189859,-0.739564,-0.537921,0.135405,0.877761,0.338778,-0.214829
01324181,1523964166015,-9.51958,0.39231,3.57739,-0.313877,-0.186473,0.153719,0.854365,0.350745,-0.178286
01324180,1523964166015,-8.9145,-5.60999,0.479663,0.290836,-0.746428,0.475471,0.753181,0.417692,-0.358779
01324189,1523964166032,-10.9405,2.23924,0.969581,-0.228332,-1.54466,-0.188845,0.806901,-0.19335,-0.407596
01324188,1523964166032,-10.5654,2.71571,-4.01535,0.285972,1.32148,-0.284305,0.891727,-0.326052,0.0640164
01324185,1523964166032,-9.34381,-1.42695,-0.291099,-0.515985,-0.528475,0.0602666,0.875573,0.341637,-0.220346
01324181,1523964166032,-9.4122,-0.0916736,3.61392,-0.354008,-0.313846,0.156222,0.853426,0.351859,-0.180296
01324180,1523964166032,-8.78828,-4.36193,-0.068135,0.627774,-0.688897,0.478284,0.753301,0.412532,-0.370521
01324189,1523964166049,-10.5313,1.53223,0.81081,-0.285193,-1.46645,-0.151938,0.798094,-0.190914,-0.428372
01324188,1523964166049,-9.9122,4.12212,-4.80813,0.338848,1.29237,-0.112502,0.890055,-0.322079,0.0855951
01324185,1523964166049,-9.49902,-1.64278,-0.408407,-0.259877,-0.496301,0.00198613,0.872844,0.342094,-0.225968
01324181,1523964166049,-8.98125,-0.508745,3.64157,-0.338808,-0.365493,0.140154,0.853056,0.350953,-0.182668
01324180,1523964166049,-8.94948,-3.84603,-0.180469,0.58889,-0.588814,0.380439,0.753214,0.40259,-0.38344
01324189,1523964166065,-9.78631,0.776252,0.408313,-0.387469,-1.33429,-0.0584914,0.787886,-0.187274,-0.446042
01324188,1523964166065,-9.54357,4.37978,-5.65084,0.279198,1.22934,0.236046,0.884213,-0.324931,0.10491
01324185,1523964166065,-9.71807,-1.50656,-0.381019,-0.090993,-0.450579,-0.0171575,0.872559,0.342702,-0.231077
01324181,1523964166065,-8.61256,-0.945959,3.6668,-0.317216,-0.316551,0.111165,0.8527,0.349318,-0.185557
01324180,1523964166065,-9.05163,-3.66994,-0.052404,0.408646,-0.495819,0.255179,0.750675,0.394711,-0.39398
01324189,1523964166082,-9.29026,-0.108032,0.152879,-0.551951,-1.13835,0.0666638,0.777675,-0.185355,-0.462253
01324188,1523964166082,-8.86011,3.47984,-5.93199,0.397674,1.10288,0.556871,0.879074,-0.331438,0.124123
01324185,1523964166082,-9.80215,-1.43374,-0.31023,-0.0450361,-0.382964,0.00788907,0.870919,0.342607,-0.236043
01324181,1523964166082,-8.50312,-1.17279,3.75396,-0.274203,-0.204005,0.0740799,0.852315,0.348862,-0.187007
01324180,1523964166082,-9.03558,-3.70161,0.223105,0.232968,-0.375434,0.159952,0.749287,0.39013,-0.400953
01324189,1523964166099,-9.2695,-0.824441,-0.0657699,-0.590789,-0.957438,0.165704,0.769623,-0.182334,-0.477005
01324188,1523964166099,-8.30666,2.83842,-4.82826,0.613891,0.880325,0.761322,0.871239,-0.341114,0.140338
01324185,1523964166099,-9.68136,-1.44883,-0.189074,-0.102623,-0.330341,0.0177939,0.870361,0.342497,-0.241799
01324181,1523964166099,-8.83908,-1.12834,3.87171,-0.19561,-0.0737018,0.0336674,0.853139,0.348537,-0.188207
01324180,1523964166099,-8.99201,-3.78807,0.459911,0.0927712,-0.306209,0.0874289,0.749204,0.388279,-0.406808
01324189,1523964166115,-9.49478,-0.93372,-0.281696,-0.45212,-0.799864,0.286746,0.761821,-0.178446,-0.489878
01324188,1523964166115,-7.83178,3.78365,-5.08601,0.72976,0.612381,0.833561,0.865049,-0.352753,0.154252
01324185,1523964166115,-9.56117,-1.65174,-0.0999293,-0.15519,-0.256226,-0.0200659,0.86927,0.342029,-0.244146
01324181,1523964166115,-9.16243,-1.03269,3.86539,-0.154545,-0.0457365,0.00971457,0.852864,0.349248,-0.188618
01324180,1523964166115,-9.06804,-3.95749,0.646755,-0.00717676,-0.241309,0.0204116,0.747875,0.387436,-0.407617
01324189,1523964166132,-9.64944,-0.178255,-0.260526,-0.207148,-0.665786,0.43482,0.754856,-0.182345,-0.50001
01324188,1523964166132,-8.05558,6.69483,-6.13589,0.126727,0.37191,0.932891,0.85804,-0.363226,0.162315
01324185,1523964166132,-9.58062,-1.79596,0.0334117,-0.174002,-0.163404,-0.0903705,0.867905,0.344388,-0.246258
01324181,1523964166132,-9.13401,-1.01535,3.84351,-0.114518,-0.0492288,0.00954703,0.853143,0.348946,-0.189147
01324180,1523964166132,-9.13048,-4.05172,0.814811,-0.0737448,-0.199455,-0.0271993,0.745058,0.387784,-0.408922
01324189,1523964166149,-9.737,0.88745,0.349415,0.097216,-0.613392,0.586791,0.746235,-0.187912,-0.506921
01324188,1523964166149,-8.54509,7.7106,-6.31938,-1.49962,0.121854,1.09947,0.848076,-0.378166,0.160964
01324185,1523964166149,-9.73006,-1.7998,0.088377,-0.148505,-0.097144,-0.131612,0.867769,0.345663,-0.246008
01324181,1523964166149,-8.98019,-1.0208,3.83493,-0.061973,-0.00946805,0.00537651,0.853654,0.350254,-0.187982
01324180,1523964166149,-9.02278,-4.19182,0.943188,-0.133401,-0.135214,-0.0975169,0.744923,0.387787,-0.40892
01324189,1523964166165,-9.92389,1.52613,0.937933,0.260824,-0.580239,0.731242,0.740771,-0.200323,-0.512047
01324188,1523964166165,-9.01418,5.05844,-5.3964,-2.6191,-0.106692,1.20967,0.838719,-0.401471,0.144921
01324185,1523964166165,-9.76872,-1.78276,0.0316231,-0.117754,-0.089036,-0.172511,0.867493,0.348188,-0.246817
01324181,1523964166165,-9.14552,-0.869913,3.83582,0.00202464,0.099833,0.0276912,0.853109,0.350136,-0.187175
01324180,1523964166165,-8.94224,-4.2589,0.984693,-0.184113,-0.0777065,-0.178351,0.742601,0.391316,-0.409356
01324189,1523964166182,-9.85689,1.6891,1.28782,0.277167,-0.509518,0.788905,0.732745,-0.213254,-0.51956
01324188,1523964166182,-8.48014,1.64811,-4.85461,-2.68905,-0.318501,1.21058,0.829364,-0.424485,0.122693
01324185,1523964166182,-9.74979,-1.83354,-0.0851317,-0.045279,-0.0829937,-0.20495,0.863824,0.351561,-0.247622
01324181,1523964166182,-9.25476,-0.691565,3.70612,0.0465638,0.177763,0.0299529,0.85378,0.350133,-0.186916
01324180,1523964166182,-9.0323,-4.1916,0.911677,-0.253365,-0.0440023,-0.296321,0.74092,0.397154,-0.409214
01324189,1523964166199,-9.53235,1.84387,1.68734,0.211329,-0.388838,0.819496,0.725213,-0.226317,-0.521854
01324188,1523964166199,-8.40038,-0.333965,-4.18988,-2.10837,-0.510796,1.22313,0.820291,-0.448427,0.0952775
01324185,1523964166199,-9.82658,-1.65014,-0.151669,0.0205357,-0.0591791,-0.227273,0.862734,0.355507,-0.247918
01324181,1523964166199,-9.23913,-0.54566,3.51988,0.0608579,0.211339,0.0284506,0.854581,0.347357,-0.182343
01324180,1523964166199,-9.18805,-4.10105,0.850231,-0.330577,0.0346533,-0.384115,0.737766,0.40273,-0.409462
01324189,1523964166215,-9.26341,1.77611,2.16507,0.134752,-0.250792,0.826046,0.71795,-0.237374,-0.52494
01324188,1523964166215,-8.43191,-1.02912,-4.06781,-1.24205,-0.655436,1.20447,0.809407,-0.466329,0.076625
01324185,1523964166215,-9.8821,-1.62577,-0.210203,0.0512255,-0.0367931,-0.24955,0.861643,0.35831,-0.248989
01324181,1523964166215,-9.2409,-0.460706,3.44579,0.123144,0.280545,0.0365984,0.855518,0.346525,-0.180472
01324180,1523964166215,-9.22018,-4.15223,0.629699,-0.306256,0.0895051,-0.445122,0.736462,0.409414,-0.406196
01324189,1523964166232,-9.14373,1.51104,2.28433,0.0598823,-0.111913,0.832625,0.71624,-0.245976,-0.525926
01324188,1523964166232,-8.57004,-0.449579,-4.11771,-0.532112,-0.754112,1.16572,0.801079,-0.480752,0.063688
01324185,1523964166232,-9.90411,-1.72196,-0.227682,0.0964752,0.00756791,-0.261783,0.859737,0.360967,-0.250317
01324181,1523964166232,-9.32896,-0.376792,3.39532,0.125064,0.322676,0.0188687,0.857375,0.346707,-0.177568
01324180,1523964166232,-9.20355,-4.24173,0.436018,-0.186364,0.159538,-0.459723,0.733652,0.417563,-0.400578
01324189,1523964166249,-9.13784,1.09344,2.17372,-0.060271,0.0265614,0.833744,0.712611,-0.254808,-0.525687
01324188,1523964166249,-8.61168,0.0673005,-4.22316,-0.246214,-0.816413,1.10856,0.792335,-0.494034,0.051502
01324185,1523964166249,-9.91108,-1.64484,-0.201487,0.109337,0.0468073,-0.289263,0.85838,0.363815,-0.249031
01324181,1523964166249,-9.39892,-0.319224,3.19091,0.144835,0.315043,-0.0122817,0.857196,0.346672,-0.172776
01324180,1523964166249,-9.22203,-4.25989,0.305226,-0.0273639,0.215501,-0.509316,0.730496,0.422399,-0.398405
01324189,1523964166265,-9.13002,0.631819,2.00942,-0.137762,0.16278,0.779036,0.708695,-0.26219,-0.524897
01324188,1523964166265,-8.36159,-0.318286,-4.38526,-0.137581,-0.832378,1.01891,0.783195,-0.509069,0.0394808
01324185,1523964166265,-9.75945,-1.75655,-0.206829,0.169473,0.0868289,-0.282814,0.857561,0.366907,-0.249712
01324181,1523964166265,-9.55198,-0.369569,3.20538,0.137993,0.278692,-0.0659693,0.858483,0.348741,-0.169107
01324180,1523964166265,-9.12007,-4.31257,0.378439,0.169323,0.282449,-0.491815,0.729338,0.428653,-0.396639
01324189,1523964166282,-9.04387,0.205225,1.89966,-0.130141,0.309244,0.710244,0.708706,-0.271912,-0.523281
01324188,1523964166282,-8.34528,-1.13612,-3.98328,-0.0358738,-0.851998,0.900817,0.773523,-0.525974,0.0270795
01324185,1523964166282,-9.48951,-1.84007,-0.185984,0.274512,0.165,-0.295395,0.854432,0.37125,-0.251445
01324181,1523964166282,-9.399,-0.280442,3.23363,0.123997,0.175887,-0.123751,0.858739,0.348766,-0.167779
01324180,1523964166282,-8.96887,-4.42241,0.432483,0.333388,0.325303,-0.502846,0.726983,0.434795,-0.396616
01324189,1523964166299,-8.91386,-0.0802255,1.88728,-0.0655608,0.407673,0.617856,0.708982,-0.278525,-0.519587
01324188,1523964166299,-8.41103,-1.90617,-3.4728,0.206112,-0.865842,0.746561,0.766249,-0.535461,0.0174055
01324185,1523964166299,-9.48951,-1.88335,-0.124879,0.441777,0.221546,-0.29254,0.854837,0.374366,-0.250822
01324181,1523964166299,-9.1354,-0.160932,3.3079,0.083234,0.13536,-0.158528,0.859533,0.350181,-0.168083
01324180,1523964166299,-9.13309,-4.45857,0.474186,0.482537,0.335524,-0.548398,0.724647,0.438897,-0.395687
01324189,1523964166315,-8.65407,-0.112822,1.91492,0.0359264,0.505737,0.55755,0.711035,-0.286335,-0.515655
01324188,1523964166315,-8.27754,-2.40598,-3.09629,0.625095,-0.879176,0.590005,0.761255,-0.540324,0.0109597
01324185,1523964166315,-9.63224,-2.07502,-0.0585639,0.584401,0.283569,-0.291359,0.853344,0.374644,-0.251081
01324181,1523964166315,-8.81997,-0.290545,3.19406,0.111989,0.177077,-0.196248,0.858152,0.351805,-0.166772
01324180,1523964166315,-9.23923,-4.30049,0.474018,0.594498,0.361919,-0.575575,0.724101,0.437275,-0.390028
01324189,1523964166332,-8.37085,-0.161673,1.71337,0.130406,0.56326,0.490181,0.712359,-0.292525,-0.507952
01324188,1523964166332,-7.97742,-2.3151,-3.14758,1.04929,-0.86341,0.474527,0.757751,-0.544826,0.00869862
01324185,1523964166332,-9.73876,-2.31499,0.0891954,0.700435,0.349313,-0.295282,0.852535,0.377101,-0.248092
01324181,1523964166332,-8.73733,-0.486158,3.28528,0.128173,0.125088,-0.234671,0.856765,0.35414,-0.165742
01324180,1523964166332,-9.2334,-4.22157,0.551849,0.690252,0.392718,-0.565065,0.720175,0.439811,-0.389649
01324189,1523964166348,-8.50675,-0.388278,1.93152,0.0908107,0.556683,0.387032,0.716131,-0.298201,-0.500005
01324188,1523964166348,-8.01376,-1.7079,-3.76409,1.36791,-0.732047,0.439191,0.751806,-0.550971,0.0112204
01324185,1523964166348,-9.84482,-2.41048,0.269418,0.837895,0.383229,-0.290524,0.852802,0.377068,-0.249794
01324181,1523964166348,-8.52317,-0.803756,3.14301,0.162401,0.204566,-0.287547,0.856157,0.357363,-0.162876
01324180,1523964166348,-9.04804,-4.3378,0.562688,0.867894,0.467252,-0.579314,0.719365,0.440705,-0.390972
01324189,1523964166365,-8.58638,-0.316844,1.81605,0.236509,0.592962,0.252421,0.719093,-0.306875,-0.491001
01324188,1523964166365,-8.22865,-2.34972,-4.28123,1.55699,-0.574505,0.297063,0.747874,-0.553196,0.016525
01324185,1523964166365,-9.90962,-2.47243,0.530027,0.971081,0.406444,-0.302712,0.850625,0.377598,-0.251624
01324181,1523964166365,-8.85061,-0.963096,3.38064,0.153786,0.195618,-0.344379,0.855577,0.359412,-0.161316
01324180,1523964166365,-9.12193,-4.39391,0.996699,1.08288,0.515691,-0.602229,0.717262,0.439914,-0.398129
01324189,1523964166382,-8.91927,-0.314844,2.24705,0.434188,0.673699,0.103744,0.723946,-0.311571,-0.48279
01324188,1523964166382,-7.26525,-3.44136,-5.23185,1.93198,-0.260738,0.078467,0.748006,-0.554173,0.0310275
01324185,1523964166382,-9.93833,-2.57313,0.799195,1.11309,0.401797,-0.273917,0.85035,0.377851,-0.253196
01324181,1523964166382,-8.98764,-0.981468,3.09997,0.138152,0.187428,-0.402978,0.854004,0.364925,-0.159153
01324180,1523964166382,-9.20197,-4.30384,1.29611,1.32455,0.559892,-0.58101,0.716226,0.437916,-0.400996
01324189,1523964166398,-9.28533,-0.281201,2.40843,0.605798,0.700295,-0.0484718,0.730542,-0.313714,-0.473241
01324188,1523964166398,-8.78873,-2.04585,-3.29772,2.29588,-0.132706,-0.126808,0.74813,-0.554,0.045872
01324185,1523964166398,-10.001,-2.67853,0.963104,1.2962,0.37537,-0.270533,0.852244,0.377381,-0.255554
01324181,1523964166398,-9.23138,-0.880263,3.38627,0.118735,0.18679,-0.439931,0.852563,0.371834,-0.158617
01324180,1523964166398,-9.18627,-4.42034,1.37296,1.52614,0.624269,-0.609207,0.716518,0.437646,-0.405201
01324189,1523964166415,-9.44574,0.152804,2.2269,0.666397,0.688274,-0.177937,0.736693,-0.316689,-0.459407
01324188,1523964166415,-9.29107,-0.571204,-3.58153,2.20996,-0.210567,-0.232803,0.751749,-0.548058,0.0640011
01324185,1523964166415,-10.1647,-2.59079,1.01288,1.50364,0.30639,-0.271986,0.851963,0.375031,-0.260372
01324181,1523964166415,-9.36335,-0.775001,3.29647,0.0618212,0.108661,-0.453336,0.849518,0.376784,-0.156959
01324180,1523964166415,-9.27282,-4.50474,1.49733,1.75282,0.729575,-0.663303,0.716038,0.433894,-0.407705
01324189,1523964166432,-9.87173,0.851166,2.22039,0.634048,0.726608,-0.233128,0.743678,-0.318832,-0.447718
01324188,1523964166432,-9.55812,0.489037,-3.34119,1.49067,-0.224892,-0.388412,0.754143,-0.54109,0.0762758
01324185,1523964166432,-10.3811,-2.39195,1.07348,1.67542,0.223556,-0.283508,0.849502,0.372334,-0.268582
01324181,1523964166432,-9.36074,-0.643912,3.23843,0.0547934,0.133205,-0.464323,0.847015,0.382001,-0.155844
01324180,1523964166432,-9.47604,-4.35353,1.58319,2.02904,0.763834,-0.835303,0.715584,0.428994,-0.412668
01324189,1523964166448,-10.7403,1.13734,2.4143,0.455951,0.645736,-0.299153,0.751196,-0.317826,-0.436815
01324188,1523964166448,-10.5594,0.332646,-3.90233,0.516562,-0.236882,-0.531638,0.758426,-0.531307,0.083848
01324185,1523964166448,-10.6697,-2.07716,1.06804,1.751,0.104591,-0.301481,0.84704,0.365938,-0.278327
01324181,1523964166448,-9.5395,-0.558701,3.25739,0.0379571,0.136515,-0.477134,0.844283,0.394391,-0.154478
01324180,1523964166448,-10.0011,-4.4198,1.79038,2.29594,0.842158,-0.847032,0.714089,0.421501,-0.418209
01324189,1523964166465,-11.2668,1.16864,2.36634,0.215222,0.527407,-0.376046,0.756552,-0.317058,-0.427629
01324188,1523964166465,-10.4188,-0.853149,-3.00704,-0.414225,-0.218257,-0.831585,0.766535,-0.523167,0.078457
01324185,1523964166465,-10.8063,-1.69602,0.929241,1.75994,-0.0206857,-0.314272,0.846199,0.363172,-0.290076
01324181,1523964166465,-9.75023,-0.614576,3.26677,0.0138921,0.119812,-0.471971,0.843529,0.400147,-0.153792
01324180,1523964166465,-10.1741,-4.49383,1.74962,2.61698,0.860043,-0.936286,0.712225,0.412583,-0.427021
01324189,1523964166482,-11.1148,1.23574,2.19139,-0.0411143,0.422879,-0.446042,0.761799,-0.313718,-0.422842
01324188,1523964166482,-10.5,0.814027,-2.76643,-0.4933,-0.233433,-0.973966,0.774236,-0.514799,0.0714671
01324185,1523964166482,-10.9527,-1.28601,0.693506,1.61247,-0.123474,-0.344042,0.844547,0.361709,-0.300133
01324181,1523964166482,-9.74817,-0.517374,3.10553,-0.0163361,0.122443,-0.470143,0.840325,0.406827,-0.151769
01324180,1523964166482,-10.4169,-3.97251,1.48908,2.81237,0.848647,-1.02462,0.713039,0.404345,-0.43613
01324189,1523964166498,-10.343,1.22262,1.95577,-0.310305,0.387413,-0.493228,0.767569,-0.305785,-0.418559
01324188,1523964166498,-10.6372,2.98795,-2.90059,-0.719708,-0.203727,-0.853142,0.78178,-0.502829,0.0624121
01324185,1523964166498,-10.8657,-1.03158,0.42026,1.4363,-0.204953,-0.387572,0.841532,0.360492,-0.312151
01324181,1523964166498,-9.56436,-0.432902,3.33693,-0.0163287,0.164858,-0.471552,0.837811,0.411927,-0.149455
01324180,1523964166498,-10.95,-2.517,1.13901,2.60061,0.888996,-0.9197,0.713998,0.394202,-0.442707
01324189,1523964166515,-9.85512,0.995132,1.4221,-0.537525,0.413726,-0.511906,0.773075,-0.296702,-0.415871
01324188,1523964166515,-10.1875,3.01234,-2.83213,-0.771742,-0.177499,-0.778801,0.787977,-0.49288,0.0533823
01324185,1523964166515,-10.6031,-0.956435,0.134064,1.29259,-0.270703,-0.414264,0.837974,0.357712,-0.324675
01324181,1523964166515,-9.40217,-0.389679,3.26227,-0.0520211,0.131488,-0.454536,0.835134,0.419602,-0.147458
01324180,1523964166515,-9.88342,-2.75989,0.862893,2.16952,0.897231,-1.06069,0.711399,0.38905,-0.44778
01324189,1523964166532,-9.84226,0.651444,1.15578,-0.611878,0.487017,-0.474979,0.779632,-0.282602,-0.412353
01324188,1523964166532,-9.6837,1.92732,-2.75401,-0.369485,-0.153516,-0.740276,0.79606,-0.480381,0.0452977
01324185,1523964166532,-10.1091,-0.964539,-0.0980963,1.16026,-0.310135,-0.442889,0.834146,0.356072,-0.336686
01324181,1523964166532,-9.23661,-0.385274,3.23668,-0.0449388,0.209648,-0.434961,0.832895,0.425105,-0.146219
01324180,1523964166532,-9.83133,-3.04933,0.898065,1.89533,0.871324,-1.08819,0.712823,0.382936,-0.449547
01324189,1523964166548,-10.1068,0.415773,1.52189,-0.459244,0.490851,-0.385571,0.786234,-0.273694,-0.410215
01324188,1523964166548,-9.21417,0.724172,-2.66012,0.234361,-0.171946,-0.69553,0.802527,-0.470703,0.0419118
01324185,1523964166548,-9.57433,-1.06916,-0.280058,1.09342,-0.323695,-0.463255,0.830042,0.356964,-0.349114
01324181,1523964166548,-9.34317,-0.372131,3.42412,-0.0335592,0.21195,-0.409092,0.83078,0.430632,-0.143784
01324180,1523964166548,-9.6079,-3.09191,0.834757,1.73422,0.799375,-1.07043,0.711753,0.383255,-0.451149
01324189,1523964166565,-9.89337,-0.0230333,1.6807,-0.165067,0.422266,-0.316968,0.789006,-0.267836,-0.404575
01324188,1523964166565,-9.29263,0.389436,-3.02709,0.56648,-0.178611,-0.718109,0.80684,-0.464999,0.0431591
01324185,1523964166565,-9.21268,-1.04744,-0.390393,1.0492,-0.289785,-0.468606,0.826217,0.357906,-0.358925
01324181,1523964166565,-9.26674,-0.405114,3.32864,-0.0185492,0.139645,-0.397716,0.828795,0.435334,-0.139737
01324180,1523964166565,-9.18678,-3.08142,0.766419,1.63817,0.70391,-1.04894,0.709909,0.381268,-0.453462
01324189,1523964166582,-9.50618,-0.880087,0.945033,0.0252816,0.430455,-0.319085,0.792487,-0.265026,-0.400039
01324188,1523964166582,-9.46154,0.477174,-3.0723,0.45481,-0.221118,-0.740607,0.812484,-0.454865,0.0458811
01324185,1523964166582,-9.14535,-1.07681,-0.458485,1.00838,-0.271844,-0.477194,0.822118,0.357837,-0.369903
01324181,1523964166582,-9.17075,-0.413661,3.30044,-0.0079799,0.0779208,-0.387966,0.827093,0.44153,-0.139184
01324180,1523964166582,-8.98477,-2.95731,0.667563,1.546,0.618343,-0.993872,0.709425,0.378395,-0.457301
01324189,1523964166598,-9.74691,-1.61237,0.391958,0.210216,0.485389,-0.388708,0.799604,-0.262003,-0.391124
01324188,1523964166598,-10.0921,1.29334,-2.90873,0.151447,-0.240295,-0.716464,0.818265,-0.444321,0.0429627
01324185,1523964166598,-9.22255,-1.03065,-0.5333,0.972315,-0.260926,-0.477208,0.815712,0.358627,-0.380359
01324181,1523964166598,-9.38129,-0.416233,3.40057,-0.0160566,0.0568266,-0.382897,0.826223,0.446271,-0.139141
01324180,1523964166598,-8.90002,-2.74769,0.57045,1.39263,0.503862,-0.905938,0.706343,0.378754,-0.459549
01324189,1523964166615,-10.2507,-1.90141,0.267437,0.444091,0.486436,-0.446465,0.805368,-0.258661,-0.383396
01324188,1523964166615,-9.94697,-0.0121798,-2.48408,-0.0245433,-0.239409,-0.710521,0.822948,-0.432455,0.0433776
01324185,1523964166615,-9.42073,-1.15705,-0.552632,0.931926,-0.251555,-0.456766,0.812298,0.358175,-0.389242
01324181,1523964166615,-9.66432,-0.429323,3.44731,0.014948,0.0200301,-0.369451,0.822624,0.453351,-0.138719
01324180,1523964166615,-8.94917,-2.63064,0.403847,1.16881,0.409984,-0.807749,0.705196,0.375019,-0.462991
01324189,1523964166632,-10.5419,-2.13856,0.461127,0.692639,0.388972,-0.470265,0.808544,-0.257549,-0.37445
01324188,1523964166632,-9.99028,-1.27804,-2.11608,0.165819,-0.216193,-0.680615,0.828605,-0.423776,0.0398045
01324185,1523964166632,-9.68647,-1.2662,-0.608073,0.895785,-0.222886,-0.439839,0.807524,0.358279,-0.398649
01324181,1523964166632,-9.81807,-0.479616,3.38933,0.0273851,-0.0543549,-0.376988,0.819328,0.459377,-0.140407
01324180,1523964166632,-9.09313,-2.66947,0.262048,0.91503,0.304804,-0.676438,0.702789,0.375368,-0.465655
01324189,1523964166648,-10.1939,-2.20558,0.377823,0.85188,0.278376,-0.535338,0.812812,-0.254457,-0.366841
01324188,1523964166648,-9.94096,-1.01686,-2.2536,0.448418,-0.191605,-0.6554,0.83426,-0.414874,0.0377288
01324185,1523964166648,-9.97154,-1.36803,-0.691877,0.842801,-0.165698,-0.406064,0.803977,0.358706,-0.405839
01324181,1523964166648,-9.85638,-0.52128,3.34883,0.0416204,-0.0596415,-0.377065,0.816733,0.462412,-0.140842
01324180,1523964166648,-9.25949,-2.86371,0.182017,0.687037,0.209568,-0.513278,0.701717,0.374507,-0.464168
01324189,1523964166665,-9.65525,-1.7678,0.297709,0.934521,0.205653,-0.593673,0.816815,-0.253228,-0.358976
01324188,1523964166665,-9.57079,-0.29688,-2.6577,0.500877,-0.173423,-0.587541,0.837595,-0.4051,0.0396481
01324185,1523964166665,-10.0924,-1.44916,-0.710132,0.801894,-0.0998555,-0.377497,0.80206,0.358579,-0.412505
01324181,1523964166665,-9.62611,-0.506401,3.31862,0.0717364,-0.0574282,-0.353068,0.813739,0.466411,-0.14329
01324180,1523964166665,-9.31466,-3.06677,0.146526,0.539593,0.118238,-0.356643,0.700653,0.374981,-0.46739
01324189,1523964166682,-9.43725,-1.20193,0.0426199,0.929118,0.16677,-0.599001,0.821653,-0.250738,-0.35352
01324188,1523964166682,-9.43049,-0.273392,-2.64217,0.368376,-0.152472,-0.563416,0.842707,-0.396626,0.0406543
01324185,1523964166682,-10.0779,-1.50934,-0.598521,0.748179,-0.0554152,-0.299483,0.799872,0.357593,-0.419817
01324181,1523964166682,-9.45825,-0.514078,3.26671,0.109096,-0.0378605,-0.347888,0.811522,0.471586,-0.143907
01324180,1523964166682,-9.17255,-3.19529,0.130289,0.45524,0.00563706,-0.177804,0.701225,0.373687,-0.471213
01324189,1523964166698,-9.61174,-0.822556,-0.299482,0.788428,0.141489,-0.58341,0.825278,-0.250519,-0.348203
01324188,1523964166698,-9.46102,-0.706572,-2.74629,0.277815,-0.164791,-0.532298,0.845945,-0.392726,0.0403185
01324185,1523964166698,-9.87032,-1.56827,-0.441806,0.715065,-0.0231958,-0.192541,0.799319,0.353824,-0.425014
01324181,1523964166698,-9.37519,-0.648927,3.22877,0.136638,0.0155241,-0.331142,0.809313,0.476743,-0.145322
01324180,1523964166698,-8.94508,-3.19734,0.120415,0.410993,-0.0837198,-0.0143616,0.699308,0.367946,-0.476984
01324189,1523964166715,-9.87139,-0.70588,-0.11273,0.611995,0.118457,-0.527047,0.828061,-0.246534,-0.342579
01324188,1523964166715,-9.46665,-0.941696,-2.91258,0.229111,-0.177207,-0.497358,0.849438,-0.386054,0.0398836
01324185,1523964166715,-9.55399,-1.55564,-0.275925,0.716864,0.0128539,-0.111202,0.796596,0.351056,-0.429558
01324181,1523964166715,-9.20753,-0.637201,3.18132,0.174979,0.0170535,-0.345086,0.807421,0.479564,-0.148555
01324180,1523964166715,-8.65601,-3.11703,0.152681,0.359683,-0.121032,0.086988,0.699482,0.365634,-0.479469
01324189,1523964166732,-9.73923,-0.308487,-0.1795,0.48039,0.112935,-0.484863,0.831397,-0.240269,-0.339219
01324188,1523964166732,-9.27937,0.0331432,-3.11541,0.194204,-0.188294,-0.487097,0.853454,-0.375961,0.0379031
01324185,1523964166732,-9.22826,-1.59609,-0.158429,0.697493,0.00857952,-0.0312823,0.798766,0.345645,-0.431999
01324181,1523964166732,-9.10815,-0.490482,3.21054,0.196263,-0.0271032,-0.342993,0.804259,0.484337,-0.148488
01324180,1523964166732,-8.33371,-2.99797,0.209653,0.323982,-0.15949,0.204255,0.699809,0.362459,-0.483732
01324189,1523964166748,-9.79972,-0.108009,0.0799015,0.300183,0.118365,-0.444596,0.832981,-0.235692,-0.33679
01324188,1523964166748,-9.41903,0.210437,-2.87768,-0.0438601,-0.181794,-0.488684,0.856128,-0.368528,0.0340196
01324185,1523964166748,-8.93834,-1.51591,-0.0260813,0.720728,-0.00942021,0.0384782,0.799166,0.341178,-0.4368
01324181,1523964166748,-9.14725,-0.335785,3.3474,0.219241,-0.0390949,-0.325077,0.802889,0.489552,-0.15324
01324180,1523964166748,-8.02097,-2.88873,0.271312,0.301173,-0.169542,0.305978,0.701504,0.357374,-0.48846
01324189,1523964166765,-9.58949,-0.25194,0.149408,0.158407,0.118141,-0.395355,0.836485,-0.232606,-0.334663
01324188,1523964166765,-9.27107,-0.312617,-2.63343,-0.0203339,-0.160115,-0.504181,0.858797,-0.360317,0.0322078
01324185,1523964166765,-8.77911,-1.48321,-0.0526456,0.703652,-0.016834,0.070826,0.798477,0.335272,-0.443022
01324181,1523964166765,-9.13142,-0.270078,3.32933,0.26339,-0.121362,-0.281985,0.800176,0.492411,-0.155267
01324180,1523964166765,-7.88135,-2.85376,0.316371,0.276365,-0.171944,0.42007,0.702292,0.349989,-0.494303
01324189,1523964166782,-9.77932,-0.572387,0.784371,0.0445324,0.108296,-0.353023,0.839699,-0.227207,-0.332246
01324188,1523964166782,-9.32941,-0.368241,-2.23056,-0.0708542,-0.12567,-0.499736,0.861878,-0.353024,0.0311426
01324185,1523964166782,-8.71133,-1.34887,-0.124868,0.692957,-0.0586025,0.109359,0.799828,0.327687,-0.44845
01324181,1523964166782,-8.95558,-0.221988,3.43338,0.304052,-0.202152,-0.253559,0.798292,0.495906,-0.160377
01324180,1523964166782,-7.88571,-2.88756,0.311309,0.289342,-0.16486,0.50635,0.704165,0.340386,-0.496959
01324189,1523964166798,-9.62185,-1.47084,1.06221,-0.0676026,0.0741236,-0.319589,0.839122,-0.222295,-0.331933
01324188,1523964166798,-9.37372,-0.565485,-1.9276,-0.0567583,-0.0812039,-0.46818,0.864135,-0.344427,0.030574
01324185,1523964166798,-8.7257,-1.21408,-0.273649,0.664011,-0.073925,0.132452,0.801177,0.321085,-0.454149
01324181,1523964166798,-8.70209,-0.194646,3.33305,0.330448,-0.240191,-0.205774,0.79615,0.498964,-0.166007
01324180,1523964166798,-7.98611,-2.97311,0.300192,0.313031,-0.17803,0.599598,0.705076,0.332837,-0.500101
01324189,1523964166815,-9.53869,-2.18461,1.49287,-0.0726342,-0.0189547,-0.329973,0.843376,-0.217131,-0.331849
01324188,1523964166815,-9.37677,-0.728418,-1.72635,-0.145746,-0.0285795,-0.464669,0.869012,-0.341471,0.0280007
01324185,1523964166815,-8.78792,-0.973017,-0.372947,0.590083,-0.0763138,0.17338,0.801852,0.316514,-0.456986
01324181,1523964166815,-8.69251,-0.155754,3.38067,0.346217,-0.196849,-0.158911,0.79458,0.499015,-0.171181
01324180,1523964166815,-8.06248,-3.02886,0.236301,0.345702,-0.201493,0.684042,0.708315,0.323239,-0.507514
01324189,1523964166832,-9.51629,-2.66161,1.8273,0.0385761,-0.158224,-0.368426,0.843615,-0.212095,-0.331544
01324188,1523964166832,-9.55867,-0.869519,-1.4493,-0.122965,0.0476828,-0.424762,0.870193,-0.334564,0.0265305
01324185,1523964166832,-8.83589,-0.789852,-0.503802,0.527458,-0.0788417,0.210893,0.801578,0.308819,-0.460837
01324181,1523964166832,-8.88667,-0.0997223,3.2576,0.344319,-0.180447,-0.133727,0.792235,0.498168,-0.17859
01324180,1523964166832,-8.18792,-3.02461,0.150508,0.353814,-0.213421,0.757887,0.712499,0.311273,-0.510251
01324189,1523964166848,-9.62516,-2.69471,1.98952,0.17601,-0.290824,-0.384575,0.843357,-0.208506,-0.335263
01324188,1523964166848,-9.49461,-0.541074,-1.55867,-0.0933599,0.108991,-0.399104,0.872739,-0.328837,0.0279363
01324185,1523964166848,-8.95148,-0.62314,-0.655857,0.403999,-0.0792667,0.224663,0.801031,0.303947,-0.464714
01324181,1523964166848,-8.99387,-0.0427003,3.18096,0.337854,-0.181429,-0.0914623,0.791165,0.501084,-0.183429
01324180,1523964166848,-8.41043,-2.9824,0.0204718,0.311463,-0.245625,0.829544,0.714281,0.299073,-0.515394
01324189,1523964166865,-9.69145,-2.42449,1.87919,0.305964,-0.442427,-0.430937,0.84149,-0.204887,-0.341643
01324188,1523964166865,-9.53331,-0.554635,-1.66895,-0.189366,0.199214,-0.366913,0.873667,-0.325279,0.0294963
01324185,1523964166865,-9.06727,-0.547888,-0.772993,0.257005,-0.0426419,0.222064,0.803198,0.298801,-0.468074
01324181,1523964166865,-9.01119,0.000759936,3.18726,0.331381,-0.173558,-0.0482784,0.791187,0.502285,-0.187446
01324180,1523964166865,-8.67703,-2.92209,-0.0446391,0.260593,-0.288267,0.894934,0.715755,0.288598,-0.516709
01324189,1523964166882,-9.62862,-2.09411,1.34353,0.314538,-0.496124,-0.433497,0.840975,-0.200437,-0.347495
01324188,1523964166882,-9.63606,-0.945186,-2.3192,-0.231424,0.2393,-0.354364,0.876639,-0.322514,0.0316552
01324185,1523964166882,-9.17585,-0.503954,-0.861,0.0894327,-0.0303667,0.231549,0.804967,0.293148,-0.468418
01324181,1523964166882,-8.81249,0.0613406,3.18254,0.307951,-0.176184,0.00429341,0.789662,0.500982,-0.19552
01324180,1523964166882,-8.92487,-2.82308,-0.0948529,0.136477,-0.344178,0.95274,0.719717,0.274335,-0.523278
01324189,1523964166898,-9.54428,-1.92535,0.885052,0.260851,-0.4913,-0.408834,0.840581,-0.196701,-0.351346
01324188,1523964166898,-9.44783,-1.05998,-2.55548,-0.234952,0.265309,-0.338136,0.876719,-0.313823,0.0330079
01324185,1523964166898,-9.18769,-0.472517,-0.792877,-0.0619538,0.0243021,0.268787,0.807139,0.290597,-0.468924
01324181,1523964166898,-8.63167,0.136342,3.08566,0.305918,-0.150519,0.0553199,0.791614,0.498584,-0.199083
01324180,1523964166898,-8.95992,-2.7267,-0.116418,-0.0417318,-0.394591,0.987336,0.720243,0.265342,-0.526714
01324189,1523964166915,-9.59978,-1.99732,0.700729,0.181171,-0.474914,-0.385135,0.83842,-0.191628,-0.356505
01324188,1523964166915,-9.37597,-1.24363,-2.53512,-0.250512,0.267131,-0.308115,0.878188,-0.309907,0.0360671
01324185,1523964166915,-9.02331,-0.427678,-0.666924,-0.213937,0.0588032,0.312919,0.808774,0.2878,-0.467594
01324181,1523964166915,-8.65541,0.140882,3.12406,0.291442,-0.100106,0.104076,0.792201,0.497354,-0.202522
01324180,1523964166915,-8.83067,-2.62379,-0.117007,-0.260193,-0.445166,1.02164,0.723894,0.253979,-0.531732
01324189,1523964166932,-9.48393,-2.23047,0.56942,0.213031,-0.488186,-0.349486,0.836402,-0.188285,-0.361278
01324188,1523964166932,-9.24653,-1.55292,-2.50926,-0.191091,0.263568,-0.288248,0.879653,-0.30532,0.0372801
01324185,1523964166932,-8.80106,-0.390424,-0.54337,-0.324003,0.101649,0.350136,0.812858,0.285051,-0.463655
01324181,1523964166932,-8.74466,0.120468,3.0635,0.282313,-0.0815889,0.14911,0.793649,0.492654,-0.20683
01324180,1523964166932,-8.63413,-2.48627,-0.119167,-0.492248,-0.484202,1.00231,0.723445,0.247759,-0.534557
01324189,1523964166948,-9.37174,-2.20259,0.969415,0.268805,-0.494775,-0.34575,0.833339,-0.184651,-0.370858
01324188,1523964166948,-9.15992,-1.65595,-2.30203,-0.0740309,0.271673,-0.255484,0.880161,-0.299901,0.0397711
01324185,1523964166948,-8.6272,-0.425073,-0.390315,-0.450714,0.147291,0.388215,0.814223,0.284405,-0.460513
01324181,1523964166948,-8.73367,0.188544,3.04537,0.210947,-0.112948,0.180083,0.79399,0.48887,-0.209283
01324180,1523964166948,-8.4759,-2.38314,-0.107388,-0.74234,-0.476607,0.970878,0.723528,0.241818,-0.536978
01324189,1523964166965,-9.43798,-1.9151,1.20477,0.287651,-0.561425,-0.37398,0.832295,-0.182779,-0.376725
01324188,1523964166965,-9.23699,-1.56695,-2.23004,0.0620996,0.295163,-0.232185,0.879591,-0.296336,0.0448568
01324185,1523964166965,-8.63208,-0.492391,-0.316622,-0.53676,0.165748,0.390745,0.818577,0.28406,-0.456337
01324181,1523964166965,-8.71458,0.28572,3.15955,0.141331,-0.162013,0.20917,0.795963,0.485031,-0.213215
01324180,1523964166965,-8.42753,-2.39254,-0.0779648,-0.947341,-0.446245,0.948682,0.723579,0.238933,-0.540419
01324189,1523964166982,-9.41486,-1.20831,1.10387,0.348353,-0.589699,-0.373738,0.829882,-0.180008,-0.38257
01324188,1523964166982,-9.17725,-1.14034,-2.93229,0.159579,0.291919,-0.232433,0.880937,-0.29486,0.0501921
01324185,1523964166982,-8.86867,-0.604033,-0.264097,-0.610727,0.199852,0.387261,0.82144,0.282595,-0.451752
01324181,1523964166982,-8.65264,0.315582,3.14005,0.0833741,-0.179374,0.231595,0.79759,0.486796,-0.216595
01324180,1523964166982,-8.57635,-2.49118,-0.0461231,-1.11392,-0.40238,0.916295,0.724267,0.238352,-0.542336
01324189,1523964166998,-9.60783,-0.931973,0.610888,0.204573,-0.593341,-0.327099,0.826674,-0.178232,-0.390154
01324188,1523964166998,-9.39846,-0.861954,-3.66951,0.0112272,0.252633,-0.218865,0.881997,-0.290975,0.0540636
01324185,1523964166998,-9.25214,-0.608847,-0.240351,-0.703954,0.195002,0.346658,0.826612,0.282706,-0.445881
01324181,1523964166998,-9.02118,0.308665,3.30204,0.0627788,-0.178116,0.249006,0.799154,0.481721,-0.218368
01324180,1523964166998,-8.88908,-2.65516,0.0465986,-1.23779,-0.39669,0.871624,0.724377,0.239794,-0.540955
01324189,1523964167015,-9.83865,-0.997892,0.36594,0.0107672,-0.470348,-0.243534,0.824522,-0.172158,-0.396779
01324188,1523964167015,-9.45695,-1.02083,-4.02379,-0.10744,0.182197,-0.240804,0.882786,-0.287047,0.057132
01324185,1523964167015,-9.67391,-0.524312,-0.189196,-0.778425,0.137594,0.354003,0.829206,0.282828,-0.439479
01324181,1523964167015,-9.39932,0.296785,3.45924,0.0552549,-0.261107,0.300123,0.80195,0.477142,-0.222826
01324180,1523964167015,-9.29941,-2.7575,0.138706,-1.32041,-0.331069,0.81888,0.725423,0.241213,-0.538506
01324189,1523964167032,-10.1237,-1.61711,0.651125,-0.102086,-0.380928,-0.174713,0.823193,-0.169843,-0.401702
01324188,1523964167032,-9.59258,-1.04794,-3.51951,-0.21171,0.117886,-0.212159,0.884661,-0.282752,0.0581868
01324185,1523964167032,-10.0938,-0.589133,-0.209375,-0.860529,0.0681856,0.386949,0.8318,0.284227,-0.432696
01324181,1523964167032,-9.59031,0.275029,3.56711,-0.00377646,-0.311606,0.344745,0.802745,0.471569,-0.228173
01324180,1523964167032,-9.57855,-2.86199,0.120905,-1.39221,-0.271904,0.741513,0.725904,0.246146,-0.539226
01324189,1523964167048,-10.1611,-2.43919,0.888275,-0.0505247,-0.355516,-0.169236,0.820777,-0.167213,-0.407145
01324188,1523964167048,-9.71809,-1.64729,-3.25558,-0.164337,0.0547044,-0.198371,0.885321,-0.279505,0.0571681
01324185,1523964167048,-10.4992,-0.682875,-0.161939,-0.935161,0.0336236,0.389045,0.834796,0.284448,-0.42852
01324181,1523964167048,-9.72306,0.219983,3.69048,-0.0448883,-0.293329,0.377829,0.804047,0.466065,-0.230067
01324180,1523964167048,-9.94421,-3.01598,0.12374,-1.43622,-0.211277,0.68368,0.727164,0.251768,-0.535884
01324189,1523964167065,-9.91603,-2.48303,0.72869,0.095553,-0.341565,-0.160825,0.818097,-0.16616,-0.412464
01324188,1523964167065,-9.39764,-1.96998,-3.48378,0.0207708,-0.004056,-0.165828,0.885855,-0.277951,0.058068
01324185,1523964167065,-10.9623,-0.660761,-0.195721,-1.034,0.0346363,0.401156,0.83752,0.286228,-0.423967
01324181,1523964167065,-9.71325,0.348526,3.88128,-0.070018,-0.205834,0.423473,0.805883,0.463762,-0.235893
01324180,1523964167065,-10.4062,-3.21496,0.164058,-1.42991,-0.135128,0.647384,0.730334,0.254594,-0.53222
01324189,1523964167082,-9.8295,-2.15722,0.825521,0.159989,-0.304239,-0.142041,0.817587,-0.166021,-0.416208
01324188,1523964167082,-9.54286,-1.35331,-3.66874,0.0697127,-0.0704751,-0.15564,0.885974,-0.275309,0.0576926
01324185,1523964167082,-11.3529,-0.569306,-0.262437,-1.20852,0.0546882,0.392801,0.839568,0.289165,-0.417982
01324181,1523964167082,-9.86773,0.373415,3.84601,-0.0753648,-0.124194,0.438024,0.808649,0.457723,-0.23513
01324180,1523964167082,-10.7805,-3.47605,0.241144,-1.36552,-0.0762206,0.606024,0.731214,0.258335,-0.529046
01324189,1523964167098,-10.0375,-1.89317,0.624827,0.122287,-0.279588,-0.0924264,0.81653,-0.164573,-0.420471
01324188,1523964167098,-9.69485,-1.27242,-3.77899,-0.076608,-0.129677,-0.127223,0.885831,-0.273877,0.0552217
01324185,1523964167098,-11.6644,-0.618041,-0.384477,-1.36663,0.0764745,0.396308,0.843521,0.292703,-0.410047
01324181,1523964167098,-10.0028,0.507786,3.71699,-0.112747,-0.053171,0.455151,0.813575,0.452203,-0.235465
01324180,1523964167098,-10.9813,-3.69203,0.354007,-1.29827,-0.0294919,0.559295,0.735516,0.266056,-0.521511
01324189,1523964167115,-10.1293,-1.71129,0.388105,0.0146905,-0.212841,-0.0626922,0.814368,-0.164239,-0.422587
01324188,1523964167115,-9.39817,-1.48406,-4.01523,-0.144518,-0.19997,-0.118669,0.888657,-0.268951,0.0518534
01324185,1523964167115,-11.735,-0.759765,-0.501318,-1.50057,0.067525,0.4297,0.846532,0.29546,-0.398698
01324181,1523964167115,-10.2214,0.534271,3.77063,-0.134971,0.0230173,0.461968,0.815837,0.444142,-0.23572
01324180,1523964167115,-11.0652,-3.77584,0.425235,-1.19766,0.0067788,0.516226,0.737868,0.269765,-0.517277
01324189,1523964167132,-10.1514,-1.78803,0.500224,-0.0702461,-0.132491,-0.0364665,0.813436,-0.163363,-0.425382
01324188,1523964167132,-9.50149,-1.303,-3.992,-0.254186,-0.28611,-0.105341,0.888934,-0.269348,0.0477792
01324185,1523964167132,-11.784,-0.993062,-0.559906,-1.57183,0.0120093,0.448009,0.848989,0.299543,-0.39181
01324181,1523964167132,-10.5818,0.554234,3.81382,-0.183975,0.0657932,0.479822,0.819918,0.438994,-0.232728
01324180,1523964167132,-11.0338,-3.77311,0.43039,-1.10692,0.0677833,0.462714,0.742333,0.275456,-0.510733
01324189,1523964167148,-10.182,-1.95916,0.325025,-0.141704,-0.0489038,-0.0368563,0.813305,-0.161496,-0.427107
01324188,1523964167148,-9.64317,-1.69674,-3.81405,-0.303485,-0.334539,-0.0460388,0.888661,-0.268318,0.0415085
01324185,1523964167148,-11.5437,-1.2354,-0.63079,-1.59317,-0.0300994,0.441451,0.851315,0.303104,-0.382691
01324181,1523964167148,-10.491,0.594132,3.80639,-0.194672,0.048107,0.481399,0.823722,0.435258,-0.230827
01324180,1523964167148,-11.0141,-3.80195,0.440091,-1.02714,0.135089,0.442579,0.744883,0.282464,-0.500345
01324189,1523964167165,-10.0858,-1.96135,0.608355,-0.172748,0.0377861,-0.010483,0.813855,-0.160938,-0.427913
01324188,1523964167165,-9.53162,-1.59194,-3.68591,-0.192488,-0.416471,-0.0373172,0.888944,-0.269328,0.0349681
01324185,1523964167165,-11.5103,-1.34641,-0.686883,-1.63087,-0.0788332,0.463912,0.854583,0.305179,-0.377488
01324181,1523964167165,-10.1586,0.544677,3.82155,-0.216912,0.0445152,0.483086,0.827141,0.429534,-0.228348
01324180,1523964167165,-10.8248,-3.85547,0.460981,-0.946078,0.132792,0.395546,0.748333,0.283825,-0.495226
01324189,1523964167182,-9.92457,-2.22957,0.919279,-0.209008,0.102065,0.00702141,0.814384,-0.159221,-0.42737
01324188,1523964167182,-9.60306,-1.27003,-3.4765,-0.225281,-0.462554,0.0114906,0.890309,-0.269483,0.0284677
01324185,1523964167182,-11.1781,-1.56035,-0.679496,-1.57857,-0.103202,0.452034,0.855684,0.308708,-0.370066
01324181,1523964167182,-10.0209,0.458795,4.02693,-0.230937,0.0481794,0.443493,0.831779,0.424337,-0.227223
01324180,1523964167182,-10.6027,-3.81391,0.429542,-0.881677,0.168351,0.382097,0.752029,0.286921,-0.489806
01324189,1523964167198,-9.6001,-2.45193,0.814055,-0.215983,0.138301,0.00864634,0.816114,-0.158671,-0.423366
01324188,1523964167198,-9.52774,-1.81755,-3.14241,-0.210995,-0.516098,0.0375754,0.890321,-0.27014,0.0176371
01324185,1523964167198,-10.9275,-1.67745,-0.640492,-1.43087,-0.0623394,0.449855,0.859773,0.311541,-0.362124
01324181,1523964167198,-9.85573,0.494732,4.00557,-0.221012,0.0769971,0.424703,0.835362,0.417433,-0.226185
01324180,1523964167198,-10.4558,-3.93762,0.420628,-0.806602,0.191665,0.368605,0.756537,0.290601,-0.487092
01324189,1523964167215,-9.4356,-2.29574,0.867926,-0.176721,0.182772,0.0282081,0.816529,-0.158829,-0.423908
01324188,1523964167215,-9.3782,-1.90787,-3.06334,-0.0833635,-0.605622,0.0587305,0.892506,-0.270555,0.00706421
01324185,1523964167215,-10.7733,-1.76025,-0.624402,-1.26506,-0.038276,0.459691,0.863589,0.310528,-0.355977
01324181,1523964167215,-9.57263,0.580729,3.81011,-0.230584,0.0603897,0.391753,0.83864,0.411726,-0.223039
01324180,1523964167215,-10.3203,-3.95068,0.436382,-0.723277,0.177882,0.37076,0.761445,0.293386,-0.481695
01324189,1523964167232,-9.33902,-1.89455,0.6873,-0.154979,0.203232,0.0424319,0.819361,-0.157166,-0.421918
01324188,1523964167232,-9.21293,-1.66492,-3.06683,-0.102369,-0.725151,0.0484553,0.891557,-0.269843,-0.0015106
01324185,1523964167232,-10.4741,-1.72359,-0.618177,-1.06589,-0.0303617,0.469559,0.864823,0.312468,-0.350503
01324181,1523964167232,-9.30743,0.515936,3.80822,-0.254482,0.10254,0.380069,0.840138,0.40889,-0.220734
01324180,1523964167232,-10.0558,-4.01544,0.462777,-0.640024,0.17835,0.360665,0.763308,0.292006,-0.474984
01324189,1523964167248,-9.37547,-1.91555,0.502811,-0.167059,0.265513,0.0609373,0.821104,-0.158346,-0.418197
01324188,1523964167248,-9.33027,-1.34891,-3.02547,-0.192932,-0.769483,0.0614816,0.893203,-0.270976,-0.0121218
01324185,1523964167248,-10.1554,-1.61481,-0.618381,-0.835826,-0.0193845,0.462359,0.867415,0.311005,-0.345787
01324181,1523964167248,-9.2024,0.500067,3.96376,-0.231211,0.0878418,0.348816,0.844481,0.404588,-0.218161
01324180,1523964167248,-9.74509,-3.91771,0.468764,-0.555401,0.170776,0.315386,0.768801,0.290713,-0.469408
01324189,1523964167265,-9.508,-1.95817,0.699436,-0.202116,0.321156,0.0456412,0.824216,-0.157555,-0.416351
01324188,1523964167265,-9.37881,-1.37724,-2.73845,-0.241636,-0.751567,0.0825754,0.891318,-0.272386,-0.0248638
01324185,1523964167265,-9.78381,-1.5882,-0.578756,-0.594685,-0.000876847,0.426172,0.870272,0.310495,-0.342912
01324181,1523964167265,-9.02414,0.550817,3.81903,-0.238174,0.0944796,0.328157,0.845586,0.400619,-0.215562
01324180,1523964167265,-9.44569,-3.86813,0.450208,-0.469279,0.153745,0.305206,0.77078,0.292403,-0.466426
01324189,1523964167282,-9.6514,-1.83968,1.05239,-0.179256,0.338288,0.0634859,0.825569,-0.15816,-0.415031
01324188,1523964167282,-9.50663,-1.27665,-2.57231,-0.201392,-0.808446,0.0760062,0.892168,-0.276498,-0.0370003
01324185,1523964167282,-9.57545,-1.31494,-0.50071,-0.400169,0.00730727,0.371424,0.872993,0.30685,-0.341578
01324181,1523964167282,-8.93794,0.573675,3.81431,-0.204261,0.118985,0.312723,0.850408,0.400621,-0.212419
01324180,1523964167282,-9.27429,-3.83204,0.423077,-0.379543,0.160372,0.253042,0.774817,0.290573,-0.463816
01324189,1523964167298,-9.66145,-1.80941,1.2084,-0.123481,0.356739,0.075192,0.829732,-0.156947,-0.409443
01324188,1523964167298,-9.57381,-1.0964,-2.10413,-0.17247,-0.817023,0.0760872,0.891099,-0.277865,-0.0509636
01324185,1523964167298,-9.44009,-1.22909,-0.475845,-0.243191,0.0333048,0.301315,0.874901,0.302641,-0.340235
01324181,1523964167298,-8.7839,0.52216,3.76798,-0.18383,0.0800963,0.314011,0.852473,0.395489,-0.209938
01324180,1523964167298,-9.13715,-3.77241,0.415076,-0.26054,0.166149,0.248544,0.778026,0.290351,-0.460619
01324189,1523964167315,-9.50001,-1.66198,1.38156,-0.116571,0.315206,0.0654893,0.832973,-0.157592,-0.406003
01324188,1523964167315,-9.62237,-1.13639,-1.87476,-0.110349,-0.871064,0.0821047,0.890967,-0.276944,-0.0642559
01324185,1523964167315,-9.30399,-0.883201,-0.453686,-0.121616,0.0404475,0.248371,0.877217,0.299019,-0.337721
01324181,1523964167315,-8.64972,0.538323,3.74438,-0.147208,0.0530422,0.284319,0.855078,0.390762,-0.20827
01324180,1523964167315,-8.94766,-3.65438,0.422408,-0.148276,0.175091,0.215896,0.780178,0.28958,-0.459449
01324189,1523964167332,-9.22824,-1.49302,1.15393,-0.0831286,0.326899,0.102837,0.834847,-0.158198,-0.402145
01324188,1523964167332,-9.50233,-1.37751,-1.93849,-0.00746034,-0.899505,0.0648221,0.890974,-0.27669,-0.0758385
01324185,1523964167332,-9.23602,-0.736748,-0.448396,-0.0766962,0.0238028,0.21099,0.879397,0.29581,-0.335734
01324181,1523964167332,-8.54955,0.592891,3.73432,-0.147146,0.0244514,0.269386,0.855247,0.387066,-0.206864
01324180,1523964167332,-8.71775,-3.48278,0.430429,-0.070444,0.174203,0.142525,0.782599,0.28851,-0.457747
01324189,1523964167348,-9.17113,-1.71216,0.987025,-0.105663,0.340915,0.108055,0.837144,-0.159972,-0.39897
01324188,1523964167348,-9.29968,-1.48105,-1.71772,0.072933,-0.898686,0.0848821,0.889374,-0.279932,-0.0900476
01324185,1523964167348,-9.08146,-0.61018,-0.533959,-0.0660759,-0.0118658,0.17375,0.880212,0.29425,-0.336115
01324181,1523964167348,-8.51639,0.61756,3.71474,-0.116807,-0.0112933,0.24742,0.857959,0.384488,-0.205109
01324180,1523964167348,-8.56695,-3.36023,0.422907,-0.0240267,0.203238,0.101698,0.785843,0.285384,-0.454609
01324189,1523964167365,-9.13645,-2.30219,1.11654,-0.105584,0.35214,0.102707,0.839399,-0.159426,-0.392964
01324188,1523964167365,-9.06074,-1.522,-0.807108,-0.00203193,-0.806326,0.0765568,0.886406,-0.282052,-0.10282
01324185,1523964167365,-8.90759,-0.52941,-0.54466,-0.0388594,2.8498e-05,0.153193,0.880482,0.294953,-0.336253
01324181,1523964167365,-8.45935,0.671606,3.7189,-0.0917004,-0.0651343,0.203756,0.857211,0.380187,-0.205676
01324180,1523964167365,-8.59704,-3.27096,0.3941,0.012697,0.192401,0.0377058,0.787182,0.283882,-0.450329
01324189,1523964167382,-8.92861,-2.93325,1.47701,-0.0260534,0.28132,0.0444406,0.843751,-0.160397,-0.391414
01324188,1523964167382,-9.19616,-2.15986,-0.198614,0.0208448,-0.714637,0.120192,0.886427,-0.284227,-0.112398
01324185,1523964167382,-8.81148,-0.672048,-0.527896,0.0591387,0.0223451,0.100196,0.881837,0.291805,-0.338452
01324181,1523964167382,-8.46647,0.652127,3.70232,-0.0933585,-0.1205,0.174842,0.859954,0.377957,-0.207654
01324180,1523964167382,-8.58305,-3.22473,0.375156,0.0167043,0.204208,-0.0254762,0.788763,0.285584,-0.448153
01324189,1523964167398,-8.75871,-3.5689,1.8916,0.163021,0.227424,-0.0703423,0.844925,-0.160258,-0.386068
01324188,1523964167398,-10.1083,-3.00115,0.254135,0.263734,-0.628779,0.223573,0.886854,-0.286055,-0.123307
01324185,1523964167398,-8.71992,-0.739986,-0.47531,0.211069,0.0514579,0.0743087,0.883336,0.288587,-0.336987
01324181,1523964167398,-8.43985,0.633038,3.69561,-0.103911,-0.174113,0.145963,0.861585,0.377624,-0.208729
01324180,1523964167398,-8.54084,-3.14765,0.43883,0.00531143,0.182348,-0.0749239,0.791731,0.285991,-0.452113
01324189,1523964167415,-8.98029,-4.06955,2.42925,0.342905,0.132246,-0.225873,0.847758,-0.160031,-0.383286
01324188,1523964167415,-10.2462,-3.67224,0.439387,0.601002,-0.537468,0.387956,0.884452,-0.292454,-0.129072
01324185,1523964167415,-8.51242,-0.762886,-0.408739,0.407697,0.102346,0.0652153,0.883608,0.286173,-0.33775
01324181,1523964167415,-8.42108,0.596947,3.59982,-0.105367,-0.23896,0.0833462,0.858803,0.37491,-0.210106
01324180,1523964167415,-8.35612,-3.0992,0.629418,-0.0247009,0.147118,-0.163305,0.792364,0.288584,-0.450446
01324189,1523964167432,-9.19945,-4.89952,2.99042,0.508245,-0.0249235,-0.381332,0.848695,-0.15976,-0.381687
01324188,1523964167432,-7.96444,-2.41645,1.0311,0.847382,-0.389466,0.317217,0.882852,-0.297267,-0.131646
01324185,1523964167432,-8.3337,-0.691752,-0.392858,0.646803,0.138807,0.062976,0.886055,0.281795,-0.337846
01324181,1523964167432,-8.66259,0.698403,3.61324,-0.128327,-0.340634,0.0360429,0.860859,0.375637,-0.2148
01324180,1523964167432,-8.33192,-2.92527,0.645111,-0.164087,0.0593493,-0.270261,0.791203,0.294393,-0.447065
01324189,1523964167448,-9.86853,-5.25273,4.64025,0.699562,-0.381389,-0.461607,0.845858,-0.157114,-0.38592
01324188,1523964167448,-8.9598,-0.0858546,2.40393,0.707497,-0.162754,0.274253,0.876781,-0.304447,-0.131885
01324185,1523964167448,-8.52656,-0.695314,-0.336037,0.864215,0.191127,0.0462847,0.884966,0.276938,-0.340937
01324181,1523964167448,-8.79099,0.609519,3.6431,-0.162072,-0.457912,0.00759563,0.858237,0.375227,-0.222082
01324180,1523964167448,-8.63775,-2.80691,0.526764,-0.379542,0.0185335,-0.368517,0.789225,0.300791,-0.442577
01324189,1523964167465,-10.8303,-4.11856,5.79905,0.823402,-0.990898,-0.525613,0.840902,-0.155446,-0.395762
01324188,1523964167465,-10.3709,0.113366,2.23985,0.481275,0.0661273,0.317484,0.875879,-0.312763,-0.128484
01324185,1523964167465,-9.05723,-0.730502,-0.300825,1.0051,0.227675,-0.0313783,0.886863,0.272366,-0.343778
01324181,1523964167465,-8.56857,0.447239,3.56311,-0.197756,-0.579965,0.0117853,0.856132,0.375139,-0.227381
01324180,1523964167465,-8.87199,-2.96749,0.383415,-0.503497,0.0170524,-0.401827,0.78577,0.308248,-0.440617
01324189,1523964167482,-10.5922,-1.44451,4.33893,1.00147,-1.4903,-0.602369,0.837473,-0.153403,-0.408834
01324188,1523964167482,-9.93197,-1.06349,-0.400163,0.654672,0.136587,0.270024,0.876847,-0.315899,-0.124242
01324185,1523964167482,-9.43356,-0.793108,-0.235543,1.033,0.201816,-0.117905,0.887814,0.269531,-0.344408
01324181,1523964167482,-8.0756,0.530803,3.44391,-0.23497,-0.598214,-0.010799,0.85375,0.376739,-0.234308
01324180,1523964167482,-8.89626,-3.29028,0.289563,-0.446175,0.0417166,-0.39697,0.785507,0.315756,-0.432614
01324189,1523964167498,-9.0052,1.54147,1.15777,0.834418,-1.54797,-0.522359,0.827586,-0.152955,-0.42948
01324188,1523964167498,-9.78572,0.490816,-2.08559,0.594588,0.108003,0.198494,0.875238,-0.319889,-0.119482
01324185,1523964167498,-9.59182,-0.707521,0.124605,1.01982,0.139628,-0.176993,0.889442,0.266683,-0.345695
01324181,1523964167498,-7.80672,0.73031,3.67365,-0.291927,-0.5948,-0.0123996,0.851614,0.379782,-0.240603
01324180,1523964167498,-8.74901,-3.51506,0.480701,-0.271998,0.0764238,-0.439671,0.783655,0.32332,-0.429187
01324189,1523964167515,-8.59053,2.66986,0.847499,0.0929238,-1.21224,-0.39319,0.819814,-0.149083,-0.445435
01324188,1523964167515,-10.0535,1.31657,-2.10543,0.0711377,0.0767159,0.159103,0.874982,-0.32282,-0.116021
01324185,1523964167515,-9.50452,-0.678988,0.324391,1.02465,0.0551141,-0.166272,0.888484,0.263212,-0.350108
01324181,1523964167515,-8.17313,0.551166,3.83171,-0.274045,-0.559611,-0.0275506,0.849796,0.379371,-0.247361
01324180,1523964167515,-8.59045,-3.46341,0.567124,-0.0194528,0.11072,-0.44489,0.782465,0.331746,-0.426024
01324189,1523964167532,-9.38319,1.57649,1.49946,-0.7005,-0.937754,-0.312671,0.811755,-0.13974,-0.463352
01324188,1523964167532,-10.1593,0.158946,-1.66573,-0.282795,0.0383667,0.143885,0.874856,-0.324387,-0.116792
01324185,1523964167532,-9.45679,-0.79975,0.238666,0.992955,0.0133404,-0.147267,0.886847,0.259735,-0.35478
01324181,1523964167532,-8.66589,0.236939,4.1751,-0.153148,-0.545093,-0.0224734,0.845528,0.382386,-0.256295
01324180,1523964167532,-8.71219,-3.43184,0.643449,0.242587,0.170039,-0.470914,0.779754,0.336773,-0.432919
01324189,1523964167548,-9.52355,-0.407112,1.97882,-1.10642,-0.825491,-0.280422,0.804327,-0.127373,-0.477904
01324188,1523964167548,-10.1623,-0.628967,-1.04728,-0.291309,0.0416236,0.147418,0.872964,-0.326095,-0.11701
01324185,1523964167548,-9.60645,-0.68827,0.0134196,0.9852,-0.0109864,-0.122408,0.887112,0.256555,-0.358676
01324181,1523964167548,-8.5895,0.0581339,4.38912,-0.0340929,-0.675828,-0.0239819,0.843837,0.38394,-0.264825
01324180,1523964167548,-9.04427,-3.19906,0.634235,0.451998,0.257843,-0.525108,0.778086,0.340565,-0.430654
01324189,1523964167565,-9.27911,-2.35036,2.45245,-0.928899,-0.838581,-0.309137,0.80097,-0.117401,-0.489172
01324188,1523964167565,-10.0109,-1.49373,-0.207929,-0.174245,0.0936706,0.154138,0.87271,-0.328551,-0.120532
01324185,1523964167565,-9.85476,-0.561635,-0.108278,1.01344,-0.0566389,-0.0787203,0.88615,0.256607,-0.363384
01324181,1523964167565,-8.08069,0.00867867,3.99001,0.0123823,-0.692298,-0.0502574,0.84054,0.383957,-0.272641
01324180,1523964167565,-9.28615,-3.0109,0.606321,0.558643,0.297635,-0.564495,0.77588,0.34348,-0.425962
01324189,1523964167582,-9.1479,-4.04442,3.24482,-0.521151,-0.846318,-0.40459,0.795861,-0.108111,-0.502033
01324188,1523964167582,-9.61765,-2.36544,0.114584,0.189185,0.204328,0.114554,0.87244,-0.329332,-0.116262
01324185,1523964167582,-9.98222,-0.44525,-0.084607,1.0032,-0.112443,-0.0298499,0.884917,0.249124,-0.370898
01324181,1523964167582,-7.97053,0.0609084,4.01628,-0.0495243,-0.538353,-0.0884066,0.837513,0.385224,-0.282083
01324180,1523964167582,-9.43092,-2.83571,0.543031,0.567543,0.303411,-0.586301,0.776679,0.344931,-0.428109
01324189,1523964167598,-9.45887,-5.05631,4.7465,-0.106259,-0.962689,-0.502395,0.789111,-0.0982012,-0.514737
01324188,1523964167598,-9.76266,-2.39049,-0.367786,0.423319,0.242984,0.0528431,0.872449,-0.331344,-0.110724
01324185,1523964167598,-9.96321,-0.512829,-0.133254,0.951714,-0.168024,-0.000524242,0.88409,0.244765,-0.377397
01324181,1523964167598,-8.21012,0.0725517,4.11354,-0.0437499,-0.441336,-0.153029,0.835386,0.386715,-0.287281
01324180,1523964167598,-9.37341,-2.7691,0.471451,0.513335,0.292567,-0.578804,0.774197,0.349907,-0.427026
01324189,1523964167615,-9.38428,-5.04718,5.55351,0.274786,-1.07359,-0.506245,0.778455,-0.0919451,-0.52997
01324188,1523964167615,-10.3215,-1.81626,-0.472121,0.335589,0.244994,-0.0513844,0.873108,-0.328699,-0.105172
01324185,1523964167615,-9.89128,-0.549551,-0.305802,0.834732,-0.161386,0.0191084,0.883952,0.235082,-0.381883
01324181,1523964167615,-8.802,0.293625,4.09103,-0.0452201,-0.363382,-0.198771,0.831921,0.388204,-0.293397
01324180,1523964167615,-9.39561,-2.87179,0.340158,0.477398,0.303375,-0.510402,0.773105,0.351672,-0.427651
01324189,1523964167632,-9.59784,-4.70259,6.3462,0.499056,-1.21122,-0.470539,0.767535,-0.0905679,-0.542961
01324188,1523964167632,-10.2755,-1.13838,-0.546014,0.0260754,0.327524,-0.180054,0.873516,-0.329345,-0.100902
01324185,1523964167632,-10.0754,-0.666601,-0.541783,0.680508,-0.126514,0.0105949,0.8853,0.230463,-0.387209
01324181,1523964167632,-9.39822,0.344755,4.14661,-0.0238419,-0.373197,-0.210847,0.82949,0.392142,-0.298244
01324180,1523964167632,-9.70778,-3.02951,0.297574,0.452159,0.310042,-0.45246,0.773081,0.352822,-0.425462
01324189,1523964167648,-9.13741,-3.82592,5.74011,0.413953,-1.2907,-0.3926,0.760724,-0.0911765,-0.556953
01324188,1523964167648,-9.89061,-0.364687,-1.0542,-0.377482,0.290992,-0.299998,0.876339,-0.324591,-0.0975373
01324185,1523964167648,-10.5922,-0.788736,-0.705233,0.525264,-0.07431,-0.0217679,0.882577,0.228686,-0.391632
01324181,1523964167648,-9.9249,0.377125,4.4131,-0.0106337,-0.402987,-0.203259,0.826545,0.393666,-0.302503
01324180,1523964167648,-10.1833,-3.09268,0.263581,0.388536,0.273591,-0.348409,0.772911,0.356907,-0.428084
01324189,1523964167665,-7.71171,-2.48319,4.41712,0.184683,-0.988326,-0.288516,0.750082,-0.0903842,-0.57022
01324188,1523964167665,-9.53135,0.00157801,-1.55849,-0.702162,0.28936,-0.319888,0.876861,-0.321291,-0.0965279
01324185,1523964167665,-11.1576,-1.02134,-0.887305,0.334865,-0.0466418,-0.0743326,0.881757,0.226655,-0.394488
01324181,1523964167665,-10.1575,0.364637,4.4529,0.0258564,-0.356888,-0.202053,0.823171,0.397895,-0.307745
01324180,1523964167665,-10.5887,-3.34829,0.243718,0.308899,0.228467,-0.209417,0.772899,0.35866,-0.429808
01324189,1523964167682,-7.0648,-1.15459,4.1744,0.0677506,-0.619532,-0.235545,0.74457,-0.0879796,-0.579515
01324188,1523964167682,-9.30954,-0.187887,-1.82323,-0.76484,0.293746,-0.275973,0.87886,-0.315087,-0.0957597
01324185,1523964167682,-11.6356,-1.15803,-0.904258,0.11946,-0.0307476,-0.0944991,0.881753,0.227764,-0.395546
01324181,1523964167682,-10.1128,0.350708,4.33271,0.0543068,-0.28226,-0.18427,0.820653,0.398386,-0.313051
01324180,1523964167682,-10.9044,-3.60762,0.217459,0.245051,0.163653,-0.0476259,0.774526,0.355998,-0.426638
01324189,1523964167699,-7.25253,-1.06876,3.79285,-0.113997,-0.396722,-0.260528,0.73795,-0.0855365,-0.586921
01324188,1523964167699,-9.13536,-0.154909,-1.80323,-0.476504,0.279836,-0.164385,0.882777,-0.311123,-0.0946164
01324185,1523964167699,-11.7998,-1.24123,-0.8527,-0.00200417,0.0355335,-0.0981538,0.881754,0.229047,-0.394904
01324181,1523964167699,-10.0783,0.278335,4.32948,0.0471689,-0.221879,-0.169933,0.818219,0.402611,-0.317904
01324180,1523964167699,-11.056,-3.8558,0.233951,0.218213,0.103011,0.0862613,0.774639,0.357149,-0.425128
01324189,1523964167715,-7.39197,-1.81302,3.20414,-0.21623,-0.214377,-0.213207,0.73537,-0.080304,-0.591136
01324188,1523964167715,-8.94382,-0.676503,-1.79277,-0.104305,0.228198,-0.0428817,0.882756,-0.308207,-0.0914664
01324185,1523964167715,-11.7082,-1.41736,-0.631581,-0.0561017,0.0920024,-0.049998,0.881891,0.231193,-0.393355
01324181,1523964167715,-10.053,0.167047,4.31246,0.0899108,-0.0862577,-0.155096,0.816587,0.404335,-0.318721
01324180,1523964167715,-10.9528,-4.01521,0.357344,0.212386,0.0513485,0.210638,0.775363,0.35278,-0.425361
01324189,1523964167732,-7.51354,-3.12274,3.10063,-0.137107,-0.0217317,-0.141298,0.733679,-0.0744874,-0.588927
01324188,1523964167732,-9.14501,-1.45616,-1.21617,0.402314,0.142863,0.0507909,0.882483,-0.308342,-0.0885044
01324185,1523964167732,-11.5005,-1.50508,-0.355683,-0.0922372,0.137835,0.00753339,0.883119,0.230676,-0.390867
01324181,1523964167732,-9.87533,0.0431418,4.1276,0.139831,0.00134569,-0.152804,0.815513,0.405592,-0.320865
01324180,1523964167732,-10.6831,-3.97502,0.510045,0.192737,0.019754,0.292881,0.777149,0.348672,-0.423576
01324189,1523964167749,-7.76872,-4.10014,3.11677,0.110419,0.138116,-0.0847332,0.735589,-0.0739645,-0.589481
01324188,1523964167749,-9.5511,-1.37135,-0.366648,0.961217,0.0274349,0.109912,0.881419,-0.312581,-0.0848456
01324185,1523964167749,-11.2639,-1.57378,-0.161286,-0.202137,0.139701,0.0883838,0.8838,0.231119,-0.389827
01324181,1523964167749,-9.85571,-0.0487527,4.04738,0.15416,0.114622,-0.148415,0.813984,0.408501,-0.319846
01324180,1523964167749,-10.3081,-3.84635,0.630425,0.161045,-0.0168702,0.361824,0.779925,0.341071,-0.423634
01324189,1523964167765,-8.00359,-3.86392,3.39349,0.464166,0.33319,0.00853329,0.737087,-0.0787422,-0.586455
01324188,1523964167765,-9.10945,-0.943385,-0.771065,1.48818,-0.0615028,0.137379,0.880617,-0.315536,-0.077603
01324185,1523964167765,-11.0471,-1.67864,-0.128243,-0.346159,0.0889054,0.153456,0.885843,0.229329,-0.387461
01324181,1523964167765,-9.71789,-0.066374,3.85539,0.189836,0.194256,-0.146149,0.814498,0.409108,-0.318001
01324180,1523964167765,-9.97563,-3.80075,0.79827,0.111444,-0.0075425,0.408107,0.781889,0.334656,-0.42528
01324189,1523964167782,-8.24665,-3.40808,3.87046,0.785014,0.428501,0.0956582,0.74157,-0.0866072,-0.580139
01324188,1523964167782,-9.23332,-0.444514,-1.01769,1.7221,-0.0809314,0.188297,0.879289,-0.321397,-0.0704012
01324185,1523964167782,-10.7602,-1.6781,-0.223026,-0.522489,0.0310666,0.184575,0.884898,0.231214,-0.384859
01324181,1523964167782,-9.46254,0.0484901,3.5602,0.197043,0.252597,-0.144024,0.815141,0.409724,-0.315625
01324180,1523964167782,-9.67519,-3.9105,1.01087,0.0689125,0.0163213,0.42901,0.78423,0.331738,-0.429974
01324189,1523964167799,-8.12565,-3.05728,4.35141,1.07906,0.475582,0.1223,0.74594,-0.0980706,-0.573985
01324188,1523964167799,-9.44354,0.207392,-1.72951,1.61028,-0.054507,0.210791,0.878769,-0.326185,-0.0615237
01324185,1523964167799,-10.4395,-1.65368,-0.292814,-0.656468,-0.0271437,0.219043,0.887346,0.231679,-0.382647
01324181,1523964167799,-9.36572,0.0788656,3.41775,0.211436,0.340837,-0.153678,0.815504,0.411067,-0.312996
01324180,1523964167799,-9.43141,-4.10977,1.17892,0.0339341,0.00709682,0.440928,0.786323,0.324725,-0.429198
01324189,1523964167815,-7.67401,-2.656,4.60356,1.24371,0.516919,0.0978101,0.751108,-0.10854,-0.566492
01324188,1523964167815,-9.16446,0.476259,-2.0542,1.27176,0.000891749,0.230363,0.877015,-0.329097,-0.0548061
01324185,1523964167815,-10.1504,-1.72534,-0.335999,-0.737075,-0.0738204,0.226172,0.887081,0.232725,-0.379646
01324181,1523964167815,-9.30142,0.0845237,3.36251,0.231076,0.365482,-0.16044,0.815485,0.411389,-0.311406
01324180,1523964167815,-9.28429,-4.28508,1.25674,0.0341268,-0.0268212,0.468747,0.789506,0.318006,-0.432086
01324189,1523964167832,-7.23427,-1.7043,4.60892,1.21742,0.617147,0.0547934,0.754889,-0.12011,-0.555777
01324188,1523964167832,-8.65923,0.444649,-2.28408,0.936451,0.0752118,0.186485,0.875683,-0.334048,-0.0483563
01324185,1523964167832,-9.90958,-1.86169,-0.352184,-0.763799,-0.101804,0.217826,0.8879,0.233042,-0.37782
01324181,1523964167832,-9.29704,0.0894596,3.3238,0.275573,0.366372,-0.163162,0.816113,0.412181,-0.30757
01324180,1523964167832,-9.14407,-4.44476,1.21614,0.0293518,-0.0655172,0.47365,0.792419,0.310848,-0.433762
01324189,1523964167849,-6.9112,-0.498247,4.3635,0.994991,0.750525,0.0448341,0.760839,-0.131444,-0.544013
01324188,1523964167849,-8.13502,0.313922,-2.48673,0.660546,0.114707,0.146176,0.875144,-0.33564,-0.0422455
01324185,1523964167849,-9.72666,-1.99285,-0.365945,-0.760051,-0.125076,0.182214,0.887356,0.235023,-0.377575
01324181,1523964167849,-9.08033,0.0386698,3.29718,0.289806,0.369051,-0.160647,0.815525,0.413829,-0.304672
01324180,1523964167849,-8.98004,-4.55526,1.11804,0.0855349,-0.0757214,0.468595,0.793017,0.306197,-0.434946
01324189,1523964167865,-6.73182,0.319069,4.06091,0.647765,0.92678,0.121476,0.768944,-0.141673,-0.53039
01324188,1523964167865,-7.9057,0.207693,-2.58863,0.377568,0.131924,0.0683557,0.875035,-0.340326,-0.0387615
01324185,1523964167865,-9.53372,-1.99887,-0.364437,-0.740702,-0.145012,0.142306,0.886269,0.238571,-0.376559
01324181,1523964167865,-8.59991,-0.00652085,3.20452,0.304081,0.368943,-0.162533,0.816853,0.413021,-0.301475
01324180,1523964167865,-8.81051,-4.55776,1.08585,0.149231,-0.120095,0.463374,0.79437,0.293973,-0.434806
01324189,1523964167882,-6.96162,0.292616,3.90367,0.264875,1.0656,0.233698,0.776486,-0.147858,-0.517264
01324188,1523964167882,-8.23919,-1.15178,-3.17053,-0.0344506,0.0852639,-0.00577535,0.875178,-0.341556,-0.0374917
01324185,1523964167882,-9.26818,-1.92347,-0.362022,-0.713254,-0.14755,0.0869527,0.885727,0.241559,-0.375277
01324181,1523964167882,-8.10952,-0.0904003,3.09818,0.313091,0.430688,-0.166451,0.818687,0.414787,-0.298205
01324180,1523964167882,-8.54111,-4.45354,1.11805,0.200684,-0.160957,0.454587,0.795678,0.286556,-0.437004
01324189,1523964167899,-7.81388,-0.172778,3.72557,-0.076718,1.15228,0.300969,0.784819,-0.150317,-0.50385
01324188,1523964167899,-10.1751,0.0352318,1.23307,-0.135476,0.0188142,-0.069541,0.875985,-0.339627,-0.0415618
01324185,1523964167899,-8.92028,-1.71377,-0.376646,-0.696756,-0.147879,0.0638935,0.885727,0.242273,-0.374892
01324181,1523964167899,-7.92218,-0.0639399,3.11819,0.307885,0.482562,-0.180687,0.819063,0.415264,-0.295824
01324180,1523964167899,-8.19966,-4.3148,1.16082,0.221147,-0.205455,0.402492,0.796984,0.282084,-0.445908
01324189,1523964167915,-9.19866,-1.16762,3.67596,-0.310893,1.15507,0.319114,0.79205,-0.151447,-0.489876
01324188,1523964167915,-10.2432,-1.53173,-0.167267,-0.0333748,-0.0825533,-0.0238736,0.877342,-0.339124,-0.0434354
01324185,1523964167915,-8.61154,-1.65077,-0.46573,-0.683644,-0.107644,0.0422909,0.885729,0.244843,-0.373346
01324181,1523964167915,-7.92389,0.0234332,3.05371,0.299199,0.562598,-0.203247,0.820336,0.41653,-0.28961
01324180,1523964167915,-8.01329,-4.13872,1.15394,0.166384,-0.260897,0.35956,0.797092,0.274848,-0.450386
01324189,1523964167932,-10.2635,-2.36123,4.05431,-0.388766,1.0923,0.306756,0.800935,-0.154498,-0.476741
01324188,1523964167932,-9.62296,-1.18967,-0.449561,0.161273,0.003393,-0.131257,0.876511,-0.336637,-0.0432692
01324185,1523964167932,-8.43338,-1.72898,-0.52108,-0.634474,-0.0768043,-0.000521189,0.883425,0.248568,-0.370495
01324181,1523964167932,-8.12992,0.110817,2.98793,0.283237,0.626303,-0.201742,0.820136,0.417237,-0.283635
01324180,1523964167932,-7.9147,-3.56336,1.18706,-0.0161849,-0.304284,0.305473,0.796616,0.2711,-0.453702
01324189,1523964167949,-10.6125,-3.05859,4.90985,-0.263146,0.918545,0.286266,0.806537,-0.154585,-0.464214
01324188,1523964167949,-10.479,0.0591465,-1.01255,-0.125492,0.110638,-0.194153,0.874458,-0.334851,-0.0401644
01324185,1523964167949,-8.43338,-1.70493,-0.56015,-0.527461,-0.0505078,-0.0875542,0.881525,0.250554,-0.369984
01324181,1523964167949,-8.27442,0.218191,3.10087,0.249378,0.615749,-0.198253,0.821525,0.4191,-0.276237
01324180,1523964167949,-8.24697,-3.38575,1.37331,-0.539247,-0.343766,0.167497,0.7926,0.269125,-0.451517
01324189,1523964167965,-10.131,-3.25489,4.95079,-0.0335778,0.698496,0.255373,0.810001,-0.159375,-0.45304
01324188,1523964167965,-10.5247,0.77705,-1.24492,-0.628329,0.210699,-0.235461,0.876743,-0.330619,-0.0410069
01324185,1523964167965,-8.47239,-1.85637,-0.552069,-0.358484,-0.0445271,-0.206831,0.882066,0.256798,-0.368214
01324181,1523964167965,-8.50696,0.355952,3.3479,0.210115,0.559227,-0.195125,0.82331,0.421256,-0.268318
01324180,1523964167965,-8.28102,-4.43814,1.32128,-0.761538,-0.364271,0.185037,0.790307,0.271216,-0.454283
01324189,1523964167982,-9.48602,-2.31417,4.07189,0.0585429,0.647228,0.276952,0.814574,-0.162481,-0.444946
01324188,1523964167982,-9.79778,0.580108,-1.04665,-0.890111,0.268257,-0.255978,0.879042,-0.329006,-0.0389117
01324185,1523964167982,-8.67458,-1.7924,-0.427605,-0.191625,-0.0368605,-0.332888,0.880024,0.263574,-0.368142
01324181,1523964167982,-8.70853,0.416552,3.46378,0.170762,0.539425,-0.165821,0.823788,0.422918,-0.2641
01324180,1523964167982,-8.57534,-4.99049,1.17761,-0.693132,-0.428666,0.088243,0.788213,0.27705,-0.452241
01324189,1523964167999,-9.37692,-1.14399,3.08479,-0.010624,0.627146,0.335345,0.817931,-0.166995,-0.436983
01324188,1523964167999,-10.575,-1.03004,-0.0152075,-0.886366,0.307592,-0.255601,0.881864,-0.323531,-0.0415711
01324185,1523964167999,-8.98489,-1.58328,-0.300004,-0.0635058,-0.0349951,-0.458845,0.877578,0.268947,-0.367662
01324181,1523964167999,-8.98682,0.403524,3.50331,0.159878,0.53211,-0.133025,0.826504,0.426063,-0.25621
01324180,1523964167999,-8.69878,-5.24482,0.889813,-0.384288,-0.514184,0.0420886,0.783906,0.27903,-0.454844
01324189,1523964168015,-9.96212,-0.990332,3.22056,-0.114101,0.628461,0.393746,0.819378,-0.170454,-0.429525
01324188,1523964168015,-10.9158,-1.68696,-0.374801,-0.249771,0.35773,-0.234792,0.882115,-0.320467,-0.0385501
01324185,1523964168015,-9.31933,-1.29709,-0.295909,0.0508437,0.00624914,-0.537408,0.874856,0.274862,-0.368365
01324181,1523964168015,-9.36766,0.311665,3.52195,0.124061,0.486746,-0.100445,0.826341,0.424043,-0.250445
01324180,1523964168015,-8.7813,-5.09221,0.517644,0.0937811,-0.578512,0.0218603,0.779098,0.279149,-0.460454
01324189,1523964168032,-10.2364,-1.33572,3.19954,-0.255128,0.566159,0.422765,0.820694,-0.177645,-0.420221
01324188,1523964168032,-9.87689,-0.595341,-1.17977,0.0603574,0.444496,-0.222735,0.881255,-0.313899,-0.0351608
01324185,1523964168032,-9.47815,-1.16127,-0.300213,0.164398,0.0701497,-0.55492,0.871045,0.285727,-0.368587
01324181,1523964168032,-9.2417,0.189471,3.46231,0.104214,0.416702,-0.0596345,0.827915,0.424398,-0.246344
01324180,1523964168032,-9.1511,-4.47068,0.22742,0.465254,-0.576188,-0.0177364,0.774083,0.277578,-0.474215
01324189,1523964168049,-9.85981,-1.25837,2.97497,-0.324215,0.437305,0.437801,0.824218,-0.182179,-0.415475
01324188,1523964168049,-9.30997,-0.299591,-1.7091,-0.0819334,0.462358,-0.209268,0.883549,-0.311901,-0.0288606
01324185,1523964168049,-9.52342,-1.05974,-0.163441,0.322674,0.124976,-0.555438,0.866154,0.290947,-0.368752
01324181,1523964168049,-8.78416,0.0421233,3.35697,0.0934318,0.394015,-0.0374854,0.828142,0.423797,-0.241012
01324180,1523964168049,-9.2045,-3.67781,0.0669049,0.605853,-0.545668,-0.109615,0.768292,0.27252,-0.485598
01324189,1523964168065,-9.25671,-1.25627,2.3038,-0.446185,0.381426,0.479128,0.823634,-0.183006,-0.41092
01324188,1523964168065,-9.10779,-0.560098,-1.80218,-0.171892,0.458265,-0.236439,0.884616,-0.309478,-0.021844
01324185,1523964168065,-9.34219,-1.0559,0.0058875,0.48553,0.160641,-0.532075,0.864933,0.293795,-0.367467
01324181,1523964168065,-8.39005,-0.108524,3.40102,0.100521,0.417145,-0.0270445,0.829285,0.42561,-0.236005
01324180,1523964168065,-8.82486,-3.14781,0.136362,0.511458,-0.473828,-0.213402,0.763264,0.270197,-0.495043
01324189,1523964168082,-9.038,-1.77353,1.12118,-0.691213,0.376872,0.49159,0.824019,-0.185589,-0.406927
01324188,1523964168082,-9.00419,-1.33673,-1.82482,-0.399493,0.47104,-0.227194,0.884599,-0.307454,-0.0152434
01324185,1523964168082,-9.00415,-1.05302,0.185498,0.612109,0.180973,-0.4933,0.864249,0.297585,-0.368548
01324181,1523964168082,-8.10238,-0.338129,3.52318,0.129014,0.402861,-0.0341975,0.830203,0.424543,-0.231868
01324180,1523964168082,-8.24232,-2.9782,0.268659,0.392606,-0.386728,-0.342867,0.757523,0.270489,-0.502395
01324189,1523964168099,-9.03573,-2.40756,-0.00490828,-0.840983,0.260842,0.459312,0.823995,-0.184571,-0.405043
01324188,1523964168099,-9.4041,-2.27724,-1.59176,-0.419444,0.479365,-0.219308,0.884699,-0.302287,-0.0103355
01324185,1523964168099,-8.63221,-1.03346,0.412013,0.659006,0.154391,-0.46605,0.862614,0.299526,-0.370393
01324181,1523964168099,-8.08959,-0.529708,3.60421,0.129109,0.365301,-0.0569125,0.832705,0.425756,-0.227262
01324180,1523964168099,-7.80684,-2.83905,0.377602,0.304563,-0.255801,-0.46565,0.753078,0.273056,-0.505661
01324189,1523964168115,-8.80399,-3.40631,-0.497597,-0.609167,0.204665,0.362425,0.825798,-0.186788,-0.406956
01324188,1523964168115,-9.48296,-2.71844,-1.90481,-0.377432,0.475144,-0.170383,0.887796,-0.297905,-0.00848143
01324185,1523964168115,-8.42453,-0.981727,0.468102,0.68126,0.127843,-0.459148,0.858942,0.302314,-0.37224
01324181,1523964168115,-8.41595,-0.560268,3.61961,0.118639,0.336275,-0.0984171,0.83186,0.42599,-0.223666
01324180,1523964168115,-7.7788,-2.79618,0.465119,0.272613,-0.141575,-0.574062,0.747121,0.277524,-0.506567
01324189,1523964168132,-9.26836,-4.26284,0.1618,-0.0996051,0.211405,0.223733,0.824905,-0.188146,-0.404353
01324188,1523964168132,-9.35254,-2.76175,-1.98726,-0.288298,0.473047,-0.127293,0.886152,-0.296543,-0.00271113
01324185,1523964168132,-8.57413,-0.915905,0.340378,0.704882,0.0937217,-0.501446,0.855683,0.304573,-0.372251
01324181,1523964168132,-8.89599,-0.284459,3.55088,0.0723244,0.24065,-0.105907,0.832468,0.427799,-0.219186
01324180,1523964168132,-8.1348,-2.774,0.483517,0.284373,-0.0452134,-0.654987,0.742379,0.282714,-0.510452
01324189,1523964168149,-10.0208,-3.79474,0.931269,0.313259,0.115799,0.147261,0.824201,-0.190413,-0.400613
01324188,1523964168149,-9.66115,-1.83147,-1.75985,-0.0997447,0.465262,-0.0996171,0.887909,-0.295497,0.00232235
01324185,1523964168149,-9.10504,-0.823772,0.0612869,0.726235,0.0876579,-0.555743,0.852955,0.308312,-0.376073
01324181,1523964168149,-9.40094,0.0832242,3.51162,-0.000775241,0.145286,-0.0978,0.831754,0.428041,-0.215192
01324180,1523964168149,-8.75384,-2.7809,0.448433,0.219415,0.0245009,-0.730379,0.737905,0.288194,-0.514877
01324189,1523964168165,-9.76729,-2.44847,1.29575,0.605872,0.00905433,0.0684197,0.821758,-0.194947,-0.398746
01324188,1523964168165,-9.59764,-0.991165,-1.96772,-0.0926214,0.489732,-0.0355914,0.886392,-0.293088,0.0105843
01324185,1523964168165,-9.83153,-0.754564,-0.289267,0.733976,0.0747624,-0.599731,0.849144,0.313061,-0.378723
01324181,1523964168165,-9.95649,0.430723,3.68737,-0.031223,0.0659933,-0.0862237,0.830917,0.429368,-0.214013
01324180,1523964168165,-9.44672,-2.83829,0.31084,0.133168,0.0936836,-0.781288,0.734335,0.295381,-0.516169
01324189,1523964168182,-9.56765,-1.4113,1.82096,0.561809,-0.0250475,0.030977,0.822049,-0.200132,-0.397452
01324188,1523964168182,-9.599,-1.38093,-2.08932,-0.0245206,0.498976,-0.0102293,0.885308,-0.294405,0.0172586
01324185,1523964168182,-10.5339,-0.70713,-0.589677,0.744663,0.0715907,-0.636987,0.847644,0.315843,-0.380839
01324181,1523964168182,-10.3464,0.661242,3.93403,-0.0459002,0.00343251,-0.0306213,0.831962,0.432489,-0.214755
01324180,1523964168182,-10.138,-3.00408,0.153333,0.0295631,0.150499,-0.830663,0.730464,0.303713,-0.513644
01324189,1523964168199,-9.73801,-1.18878,1.86301,0.360887,-0.0401063,0.0818922,0.821253,-0.205003,-0.396678
01324188,1523964168199,-9.90824,-1.3417,-2.36643,0.153441,0.494676,0.0156779,0.886114,-0.293325,0.0219016
01324185,1523964168199,-11.0695,-0.660621,-0.768613,0.755444,0.0750138,-0.631799,0.843827,0.319836,-0.386099
01324181,1523964168199,-10.3796,0.677773,4.00595,-0.0390218,-0.0242072,0.00360096,0.830918,0.429642,-0.214551
01324180,1523964168199,-10.6951,-3.24269,-0.0467686,-0.019756,0.194073,-0.865769,0.726886,0.318535,-0.504634
01324189,1523964168215,-9.81509,-1.02134,1.6309,0.135749,-0.049777,0.145133,0.820313,-0.207283,-0.396685
01324188,1523964168215,-10.0995,-0.763867,-2.49051,0.118488,0.503284,0.0172581,0.886665,-0.295511,0.0309286
01324185,1523964168215,-11.4435,-0.6343,-0.859636,0.744704,0.106263,-0.596186,0.839609,0.324732,-0.388488
01324181,1523964168215,-10.5885,0.53936,4.10387,-0.0569584,-0.00957283,0.0288509,0.829304,0.429519,-0.214665
01324180,1523964168215,-11.0969,-3.34944,-0.215626,-0.0207923,0.221851,-0.891891,0.723139,0.327884,-0.502496
01324189,1523964168232,-9.93161,-1.20189,1.53487,-0.0517455,-0.00117269,0.167537,0.818271,-0.208235,-0.396267
01324188,1523964168232,-10.0563,-0.88636,-2.93014,-0.0873317,0.496093,0.0441095,0.884205,-0.294598,0.0403224
01324185,1523964168232,-11.6774,-0.625612,-0.849711,0.695495,0.145866,-0.555512,0.836614,0.33077,-0.390106
01324181,1523964168232,-10.6336,0.388523,3.96398,-0.0499308,0.0369283,0.0568404,0.829966,0.428841,-0.212529
01324180,1523964168232,-11.3696,-3.3513,-0.343978,0.0287616,0.237727,-0.884372,0.719147,0.335644,-0.501199
01324189,1523964168249,-10.3234,-1.82346,0.969733,-0.256984,0.0424032,0.163289,0.815288,-0.210604,-0.396252
01324188,1523964168249,-9.71114,-1.74273,-3.40398,-0.200566,0.441762,0.076456,0.882303,-0.295376,0.0451526
01324185,1523964168249,-11.7161,-0.67108,-0.808767,0.591575,0.202226,-0.479208,0.835253,0.332167,-0.390901
01324181,1523964168249,-10.2419,0.235637,3.74482,-0.0533567,0.0702944,0.0493007,0.830243,0.427986,-0.212115
01324180,1523964168249,-11.3806,-3.22992,-0.420758,0.0579381,0.265593,-0.868135,0.715264,0.344993,-0.498789
01324189,1523964168265,-9.8081,-2.04223,-0.00732843,-0.380267,0.113387,0.194618,0.816528,-0.209926,-0.398136
01324188,1523964168265,-9.65469,-2.20411,-3.66015,-0.254399,0.37012,0.1125,0.881501,-0.297893,0.0493207
01324185,1523964168265,-11.5134,-0.734827,-0.683336,0.475488,0.248188,-0.399476,0.832535,0.33498,-0.391442
01324181,1523964168265,-9.9048,0.217755,3.78596,-0.0461141,0.1142,0.034924,0.830223,0.428311,-0.210392
01324180,1523964168265,-11.0621,-2.99468,-0.397022,0.0866154,0.331107,-0.852563,0.712473,0.35346,-0.497902
01324189,1523964168282,-9.69672,-1.99582,-0.325329,-0.439311,0.207183,0.219095,0.816912,-0.210928,-0.394934
01324188,1523964168282,-9.21528,-2.37403,-3.72942,-0.264481,0.257439,0.151978,0.881243,-0.300274,0.0503885
01324185,1523964168282,-11.1443,-0.866938,-0.462418,0.328723,0.284104,-0.29757,0.833351,0.334567,-0.390917
01324181,1523964168282,-9.82606,0.199139,3.95346,-0.0334472,0.189722,0.00535615,0.829928,0.428929,-0.208539
01324180,1523964168282,-10.5261,-2.77482,-0.274571,0.0917492,0.374993,-0.814486,0.708855,0.361915,-0.492401
01324189,1523964168299,-9.75016,-2.22445,-0.101131,-0.477137,0.338015,0.261386,0.81746,-0.211088,-0.395209
01324188,1523964168299,-9.14122,-1.94064,-3.67858,-0.258051,0.164441,0.184629,0.88018,-0.304438,0.0524337
01324185,1523964168299,-10.7128,-1.04283,-0.304383,0.20738,0.286099,-0.2176,0.832004,0.334501,-0.386986
01324181,1523964168299,-9.8309,0.213625,3.97006,0.0254654,0.208635,-0.0282829,0.831559,0.426372,-0.206506
01324180,1523964168299,-10.0732,-2.68401,-0.139137,0.0704121,0.440884,-0.786106,0.707657,0.369742,-0.486272
01324189,1523964168315,-9.69399,-2.29313,0.0682428,-0.441886,0.372235,0.296971,0.817835,-0.212086,-0.39107
01324188,1523964168315,-9.31421,-1.61657,-3.37934,-0.27945,0.085775,0.22606,0.878565,-0.306872,0.0520317
01324185,1523964168315,-10.4212,-1.19387,-0.237667,0.160991,0.251982,-0.152757,0.832688,0.335539,-0.384381
01324181,1523964168315,-9.59367,0.299098,3.75259,0.036261,0.130278,-0.0549269,0.831523,0.427288,-0.203997
01324180,1523964168315,-9.7733,-2.73279,0.0133703,0.0811687,0.518946,-0.746889,0.705117,0.378183,-0.481735
01324189,1523964168332,-9.97723,-1.99849,0.710947,-0.32899,0.429909,0.295525,0.819444,-0.213551,-0.387484
01324188,1523964168332,-9.46748,-1.18645,-3.08363,-0.235492,0.0350544,0.268244,0.879125,-0.309494,0.0517255
01324185,1523964168332,-10.1924,-1.34451,-0.173122,0.192847,0.203206,-0.0683332,0.83432,0.336415,-0.382825
01324181,1523964168332,-9.30352,0.46759,3.64978,0.0328681,0.0942632,-0.0863516,0.830422,0.427494,-0.201861
01324180,1523964168332,-9.56398,-2.87414,0.14515,0.0975596,0.556368,-0.69034,0.704072,0.385439,-0.477785
01324189,1523964168349,-9.84714,-1.69308,0.962852,-0.235479,0.385826,0.326102,0.820932,-0.21703,-0.384315
01324188,1523964168349,-9.51959,-0.869431,-2.87432,-0.195295,0.0076576,0.262888,0.876299,-0.313957,0.0514814
01324185,1523964168349,-10.014,-1.35767,-0.190331,0.256662,0.146765,-0.0162035,0.834596,0.334319,-0.381758
01324181,1523964168349,-9.22462,0.614175,3.54605,0.0213875,0.136568,-0.0920202,0.829843,0.429679,-0.20057
01324180,1523964168349,-9.38774,-3.04393,0.189442,0.157776,0.61126,-0.66504,0.703976,0.390628,-0.470914
01324189,1523964168365,-9.66452,-1.47052,1.12614,-0.185524,0.36288,0.352931,0.819693,-0.222016,-0.37992
01324188,1523964168365,-9.55841,-0.894605,-2.70051,-0.169004,3.49032e-05,0.277137,0.873753,-0.319867,0.0508733
01324185,1523964168365,-9.83538,-1.24092,-0.315643,0.287842,0.0833991,0.0147432,0.833782,0.332192,-0.382258
01324181,1523964168365,-9.24227,0.774196,3.41729,-0.0115639,0.150877,-0.0806026,0.828999,0.430884,-0.198457
01324180,1523964168365,-9.30962,-3.10106,0.199559,0.236084,0.607941,-0.617126,0.706576,0.395044,-0.464368
01324189,1523964168382,-9.66398,-1.48967,1.1553,-0.18355,0.331806,0.363657,0.821048,-0.226785,-0.376224
01324188,1523964168382,-9.38954,-0.996326,-2.72497,-0.153256,0.00621003,0.291502,0.870936,-0.325602,0.0497401
01324185,1523964168382,-9.70227,-0.965025,-0.489174,0.309512,0.0587347,0.0301515,0.833236,0.330464,-0.384072
01324181,1523964168382,-9.01636,1.00024,3.20671,-0.0775817,0.131949,-0.044442,0.829785,0.432176,-0.197827
01324180,1523964168382,-9.19705,-3.19628,0.197718,0.325073,0.596911,-0.576248,0.704616,0.399401,-0.458568
01324189,1523964168399,-9.53093,-1.4032,1.03214,-0.185259,0.295599,0.374474,0.822034,-0.228289,-0.372683
01324188,1523964168399,-9.31155,-0.822792,-2.75603,-0.186371,-0.00371928,0.296483,0.871498,-0.328496,0.0490123
01324185,1523964168399,-9.52081,-0.646096,-0.672496,0.237798,0.0437534,0.0421876,0.833374,0.328491,-0.383923
01324181,1523964168399,-8.66473,1.10128,3.41472,-0.134896,0.134757,0.0177258,0.830396,0.434398,-0.194155
01324180,1523964168399,-9.01825,-3.19461,0.238143,0.403359,0.580008,-0.507338,0.704935,0.403861,-0.452394
01324189,1523964168415,-9.35788,-1.43968,0.922338,-0.153949,0.308171,0.378963,0.82257,-0.232319,-0.369238
01324188,1523964168415,-9.25411,-0.97156,-2.54335,-0.292612,-0.0145069,0.314234,0.868535,-0.332577,0.0469056
01324185,1523964168415,-9.11999,-0.427173,-0.771978,0.129821,0.0535432,0.0285445,0.835816,0.326777,-0.384961
01324181,1523964168415,-8.34045,1.16834,3.22714,-0.192139,0.210244,0.0908722,0.830409,0.431031,-0.190891
01324180,1523964168415,-8.73448,-3.07561,0.258485,0.435055,0.520107,-0.444294,0.706528,0.403368,-0.447556
01324189,1523964168432,-9.61681,-1.81131,0.944836,-0.224827,0.3185,0.400972,0.822282,-0.23575,-0.365512
01324188,1523964168432,-9.21656,-1.29418,-2.63217,-0.243676,-0.015693,0.338469,0.86897,-0.336544,0.044224
01324185,1523964168432,-8.74339,-0.265858,-0.84314,0.0518406,0.0718594,0.0165208,0.834458,0.326487,-0.385346
01324181,1523964168432,-8.39883,1.24527,3.25668,-0.219149,0.239613,0.149829,0.830914,0.430545,-0.186628
01324180,1523964168432,-8.36851,-2.92837,0.209696,0.446121,0.451896,-0.406944,0.70433,0.406735,-0.445561
01324189,1523964168449,-9.58167,-1.92366,0.812598,-0.327431,0.298815,0.394439,0.822017,-0.239624,-0.363932
01324188,1523964168449,-9.30149,-1.37851,-2.59705,-0.199953,-0.00828369,0.365389,0.86644,-0.344694,0.0415873
01324185,1523964168449,-8.45376,-0.152152,-0.910089,-0.0657446,0.0850457,-0.0166674,0.83433,0.32683,-0.382208
01324181,1523964168449,-8.55758,1.23371,3.22933,-0.242584,0.233506,0.202469,0.833044,0.429463,-0.18237
01324180,1523964168449,-8.08937,-2.79155,0.135832,0.387557,0.370697,-0.38945,0.704607,0.40674,-0.447189
01324189,1523964168465,-9.66186,-1.99223,0.764964,-0.403495,0.272895,0.419124,0.822304,-0.243804,-0.362897
01324188,1523964168465,-9.30862,-1.34482,-2.58286,-0.141275,-0.007571,0.420668,0.863763,-0.351165,0.0405411
01324185,1523964168465,-8.33842,-0.210784,-1.0503,-0.145392,0.0747579,-0.0684149,0.835009,0.32882,-0.381445
01324181,1523964168465,-8.87754,1.24428,3.46858,-0.283786,0.186397,0.235889,0.835988,0.426689,-0.176355
01324180,1523964168465,-8.08605,-2.65567,0.0737714,0.269462,0.324503,-0.335102,0.704567,0.409787,-0.446586
01324189,1523964168482,-9.65649,-2.10862,0.750002,-0.472824,0.246003,0.426938,0.821074,-0.248077,-0.359836
01324188,1523964168482,-9.32669,-0.987809,-2.59558,-0.15593,-0.0217056,0.45757,0.861621,-0.35631,0.0390319
01324185,1523964168482,-8.63304,-0.249999,-1.17802,-0.260021,0.0454151,-0.115659,0.835012,0.33069,-0.379631
01324181,1523964168482,-8.96643,1.20445,3.42047,-0.262739,0.118247,0.278353,0.83718,0.424358,-0.170864
01324180,1523964168482,-8.19144,-2.69933,-0.0241732,0.193338,0.26402,-0.259508,0.70386,0.411229,-0.442758
01324189,1523964168499,-9.62856,-2.38144,0.551772,-0.517321,0.207648,0.467725,0.819998,-0.250354,-0.359975
01324188,1523964168499,-9.3775,-0.997471,-2.56622,-0.186241,0.00297,0.516038,0.858938,-0.361977,0.0395196
01324185,1523964168499,-8.93757,-0.298895,-1.42653,-0.38681,0.032092,-0.159588,0.832844,0.334697,-0.376783
01324181,1523964168499,-9.08861,1.12058,3.35126,-0.29325,0.103163,0.324902,0.839471,0.423075,-0.169131
01324180,1523964168499,-8.48061,-2.75001,-0.119117,0.123852,0.158631,-0.17184,0.703701,0.412528,-0.44097
01324189,1523964168515,-9.53239,-2.36683,0.508975,-0.512195,0.179932,0.458001,0.81947,-0.253794,-0.359595
01324188,1523964168515,-9.42803,-0.925481,-2.48947,-0.152081,0.0219605,0.553641,0.855725,-0.369565,0.037601
01324185,1523964168515,-9.33383,-0.431413,-1.59261,-0.531725,0.00685637,-0.176184,0.830136,0.338163,-0.37275
01324181,1523964168515,-9.24102,1.03868,3.39291,-0.261378,0.0770841,0.345309,0.841791,0.418109,-0.165459
01324180,1523964168515,-8.79383,-2.81561,-0.199876,0.0434276,0.0793697,-0.0779023,0.703262,0.414996,-0.439561
01324189,1523964168532,-9.72905,-2.10158,0.760851,-0.435272,0.0998308,0.477104,0.817457,-0.258065,-0.360142
01324188,1523964168532,-9.59595,-0.544981,-2.33277,-0.127496,0.045968,0.59563,0.852119,-0.379671,0.0366085
01324185,1523964168532,-9.58534,-0.555194,-1.75041,-0.639608,0.0134156,-0.150535,0.831224,0.347276,-0.368524
01324181,1523964168532,-9.23414,1.07535,3.15316,-0.250736,0.0985868,0.360967,0.84524,0.409536,-0.162256
01324180,1523964168532,-9.05967,-2.80577,-0.284592,-0.0594888,-0.0345897,0.0376368,0.702736,0.415019,-0.441853
01324189,1523964168549,-9.78345,-1.82281,0.806148,-0.337505,0.0108208,0.497151,0.816017,-0.262651,-0.363376
01324188,1523964168549,-9.57584,-0.341567,-2.46954,-0.0838236,0.0728201,0.632508,0.848494,-0.386885,0.036202
01324185,1523964168549,-9.71606,-0.682046,-1.81145,-0.762839,0.0343288,-0.113932,0.830687,0.352439,-0.364253
01324181,1523964168549,-9.2874,1.10868,3.15701,-0.207354,0.117914,0.398068,0.846212,0.404729,-0.158706
01324180,1523964168549,-9.19851,-2.72255,-0.319327,-0.232175,-0.152883,0.136869,0.702729,0.415599,-0.441706
01324189,1523964168565,-9.76653,-1.51287,0.772552,-0.309424,-0.0550595,0.511576,0.812502,-0.267025,-0.363639
01324188,1523964168565,-9.61837,-0.0707586,-2.5559,-0.125566,0.0836397,0.673039,0.844079,-0.398414,0.0378278
01324185,1523964168565,-9.75512,-0.847932,-1.80807,-0.885958,0.072402,-0.0349358,0.828792,0.358731,-0.359989
01324181,1523964168565,-9.3741,1.07132,3.08956,-0.190555,0.126287,0.418798,0.848381,0.400777,-0.154654
01324180,1523964168565,-9.23543,-2.65478,-0.37732,-0.469567,-0.281188,0.242629,0.701381,0.41385,-0.436579
01324189,1523964168582,-9.85772,-1.18965,0.638389,-0.304899,-0.105149,0.524134,0.808336,-0.272976,-0.36605
01324188,1523964168582,-9.63808,-0.185514,-2.68707,-0.123765,0.0689902,0.687054,0.839517,-0.40758,0.0358272
01324185,1523964168582,-9.71198,-0.987791,-1.74539,-0.978929,0.0943944,0.0500641,0.829079,0.363259,-0.35205
01324181,1523964168582,-9.38407,1.13667,3.13895,-0.197787,0.139036,0.438751,0.851934,0.396027,-0.153395
01324180,1523964168582,-9.16263,-2.65091,-0.434594,-0.714546,-0.362924,0.340714,0.702166,0.415284,-0.435885
01324189,1523964168599,-9.82459,-0.745227,0.444219,-0.308083,-0.156909,0.547305,0.803902,-0.277055,-0.37005
01324188,1523964168599,-9.56448,0.104381,-2.80579,-0.11673,0.0695138,0.710122,0.835506,-0.418368,0.0370897
01324185,1523964168599,-9.66882,-1.16611,-1.61438,-1.05432,0.116681,0.0942213,0.830182,0.368791,-0.343209
01324181,1523964168599,-9.48197,1.21321,3.05475,-0.219962,0.157462,0.4321,0.85601,0.390336,-0.14906
01324180,1523964168599,-9.05446,-2.75264,-0.511437,-0.947499,-0.438735,0.451191,0.699713,0.417494,-0.433911
01324189,1523964168615,-9.81822,-0.464984,0.33769,-0.345138,-0.149594,0.577368,0.801544,-0.28264,-0.376363
01324188,1523964168615,-9.73757,0.368779,-2.94161,-0.193453,0.0582865,0.722717,0.829598,-0.429846,0.035096
01324185,1523964168615,-9.66427,-1.32977,-1.51584,-1.08114,0.127777,0.123097,0.830745,0.372361,-0.333692
01324181,1523964168615,-9.42904,1.19445,3.03613,-0.169499,0.163622,0.475077,0.857922,0.385244,-0.144849
01324180,1523964168615,-9.09811,-2.91707,-0.534518,-1.11061,-0.494849,0.553474,0.699693,0.420563,-0.437096
01324189,1523964168632,-9.88003,-0.248445,0.178488,-0.391668,-0.166336,0.609234,0.797788,-0.287166,-0.379705
01324188,1523964168632,-9.75716,0.285687,-3.11879,-0.240377,0.0164833,0.754686,0.823143,-0.440745,0.0334152
01324185,1523964168632,-9.69337,-1.43546,-1.43586,-1.09686,0.0979786,0.125014,0.832394,0.37621,-0.324312
01324181,1523964168632,-9.28782,1.26908,2.81825,-0.203385,0.137319,0.492148,0.860422,0.377254,-0.141781
01324180,1523964168632,-9.13265,-3.05778,-0.506626,-1.2301,-0.533998,0.647365,0.700197,0.422577,-0.435304
01324189,1523964168649,-9.78519,-0.0935611,0.104402,-0.432152,-0.140008,0.64279,0.792824,-0.293537,-0.383851
01324188,1523964168649,-9.64295,0.453567,-3.04901,-0.254135,-0.0179939,0.780775,0.817212,-0.448629,0.0325911
01324185,1523964168649,-9.63542,-1.46945,-1.3555,-1.07954,0.0858154,0.159078,0.833493,0.380722,-0.317161
01324181,1523964168649,-9.41732,1.24329,2.8155,-0.214055,0.143518,0.492272,0.86248,0.371997,-0.138499
01324180,1523964168649,-9.05348,-3.20705,-0.455918,-1.2866,-0.558603,0.725903,0.700421,0.423697,-0.42906
01324189,1523964168665,-9.84091,0.0326278,0.159093,-0.483228,-0.127348,0.660374,0.787328,-0.299469,-0.389595
01324188,1523964168665,-9.77181,0.260292,-2.92592,-0.240014,-0.039805,0.800088,0.812668,-0.460686,0.0300045
01324185,1523964168665,-9.58224,-1.49858,-1.25071,-1.07931,0.0655978,0.164299,0.833784,0.382288,-0.309064
01324181,1523964168665,-10.2255,1.14128,3.12865,-0.237223,0.080591,0.477366,0.86458,0.364,-0.135959
01324180,1523964168665,-9.072,-3.26757,-0.461265,-1.33578,-0.584303,0.774633,0.702802,0.425968,-0.42729
01324189,1523964168682,-10.0441,0.294511,0.294224,-0.462955,-0.134368,0.681815,0.784272,-0.305172,-0.39416
01324188,1523964168682,-9.86556,0.401207,-3.02995,-0.160632,-0.0809322,0.793082,0.805671,-0.471817,0.0272371
01324185,1523964168682,-9.80921,-1.58384,-1.24982,-1.05507,0.0400917,0.195103,0.835161,0.384147,-0.300449
01324181,1523964168682,-10.4375,0.799115,3.12902,-0.155539,-0.0792764,0.480123,0.867999,0.359112,-0.134562
01324180,1523964168682,-9.41388,-3.37494,-0.503863,-1.36589,-0.595841,0.821886,0.703717,0.426805,-0.42431
01324189,1523964168699,-10.1339,0.610111,0.420467,-0.460768,-0.151656,0.653439,0.778612,-0.31123,-0.39709
01324188,1523964168699,-9.88079,0.865091,-3.15678,-0.198041,-0.125183,0.806486,0.799762,-0.482965,0.0244549
01324185,1523964168699,-10.2727,-1.73986,-1.24051,-0.999733,0.0220411,0.212273,0.837617,0.387658,-0.293948
01324181,1523964168699,-10.071,0.580388,2.95685,-0.173264,-0.1823,0.46198,0.870537,0.351589,-0.136294
01324180,1523964168699,-9.90074,-3.49861,-0.535881,-1.33493,-0.596707,0.873145,0.705463,0.426479,-0.42353
01324189,1523964168715,-9.99409,0.761067,0.438188,-0.519867,-0.145891,0.656756,0.774476,-0.316765,-0.402713
01324188,1523964168715,-9.74891,1.24048,-3.11789,-0.324501,-0.157848,0.79288,0.79413,-0.494587,0.019212
01324185,1523964168715,-10.6349,-1.9133,-1.17227,-0.937021,0.00400095,0.237065,0.838449,0.38808,-0.286626
01324181,1523964168715,-9.605,0.280142,3.03803,-0.171265,-0.214952,0.421963,0.87265,0.345094,-0.137112
01324180,1523964168715,-10.1847,-3.59065,-0.594748,-1.27558,-0.569594,0.932654,0.708402,0.426703,-0.421133
01324189,1523964168732,-9.99867,0.780644,0.465079,-0.612789,-0.10779,0.667924,0.769222,-0.320391,-0.406834
01324188,1523964168732,-9.68688,1.0485,-2.58718,-0.460386,-0.205971,0.775499,0.787258,-0.503498,0.012671
01324185,1523964168732,-10.6297,-2.01176,-0.856042,-0.867282,0.0145056,0.302405,0.839279,0.388629,-0.280091
01324181,1523964168732,-9.08974,0.220719,3.05213,-0.174519,-0.205327,0.373667,0.872303,0.342325,-0.139445
01324180,1523964168732,-10.1163,-3.64306,-0.5847,-1.22298,-0.558332,0.99194,0.711504,0.424305,-0.417979
01324189,1523964168749,-10.2624,0.693484,0.614898,-0.639839,-0.0875841,0.659854,0.764935,-0.324623,-0.411775
01324188,1523964168749,-10.2768,1.04991,-2.4767,-0.410502,-0.237966,0.794869,0.782296,-0.51365,0.00697226
01324185,1523964168749,-10.1851,-1.98285,-0.443479,-0.783692,0.0376252,0.404118,0.842008,0.387887,-0.274596
01324181,1523964168749,-8.96096,0.365313,3.13712,-0.136867,-0.137117,0.330133,0.8732,0.337105,-0.141741
01324180,1523964168749,-9.65049,-3.60506,-0.463933,-1.20225,-0.519299,0.968512,0.713408,0.421059,-0.415096
01324189,1523964168766,-10.2038,0.57997,0.935041,-0.544768,-0.0540702,0.621013,0.760929,-0.328866,-0.417657
01324188,1523964168766,-10.3115,0.81891,-2.52728,-0.302181,-0.265293,0.823634,0.774348,-0.524518,0.0020754
01324185,1523964168766,-9.63414,-1.88241,-0.0798744,-0.650433,0.0815317,0.515824,0.845549,0.384854,-0.270784
01324181,1523964168766,-8.87647,0.543402,3.1584,-0.126206,-0.144203,0.329133,0.8758,0.334198,-0.141973
01324180,1523964168766,-8.97705,-3.56052,-0.273429,-1.17333,-0.443574,0.950623,0.717457,0.41836,-0.412909
01324189,1523964168782,-9.98571,0.432846,1.20888,-0.516925,0.000787528,0.564107,0.756216,-0.334227,-0.420191
01324188,1523964168782,-9.97345,0.696852,-2.4903,-0.106878,-0.275846,0.800127,0.767903,-0.536486,-0.00479739
01324185,1523964168782,-9.14595,-1.70946,0.169203,-0.490247,0.119633,0.600335,0.847062,0.377475,-0.265483
01324181,1523964168782,-8.84768,0.696634,3.10252,-0.111883,-0.156009,0.31172,0.874815,0.328437,-0.143971
01324180,1523964168782,-8.39666,-3.61368,-0.0795368,-1.07424,-0.345668,0.888494,0.723146,0.413604,-0.4116
01324189,1523964168799,-9.75725,0.451492,1.60467,-0.493623,0.0565514,0.494744,0.753938,-0.33792,-0.421935
01324188,1523964168799,-9.83479,0.869987,-2.4641,0.0537953,-0.287783,0.801091,0.759636,-0.545704,-0.00786812
01324185,1523964168799,-8.94539,-1.55424,0.127477,-0.378387,0.104757,0.625774,0.85251,0.370092,-0.260326
01324181,1523964168799,-9.00413,0.806284,3.225,-0.104999,-0.202321,0.338906,0.87488,0.324672,-0.145756
01324180,1523964168799,-8.15761,-3.81524,0.0715375,-0.933124,-0.231312,0.80217,0.725571,0.411212,-0.407353
01324189,1523964168816,-9.68151,0.84253,1.98904,-0.436748,0.0662208,0.402504,0.753149,-0.337771,-0.425006
01324188,1523964168816,-9.64455,0.661622,-2.42038,0.0639468,-0.287247,0.724203,0.754127,-0.55537,-0.0112361
01324185,1523964168816,-9.13098,-1.38953,-0.0482507,-0.307893,0.0526422,0.590349,0.857822,0.36284,-0.255694
01324181,1523964168816,-9.13081,0.848557,3.10263,-0.113951,-0.239341,0.345534,0.878358,0.318117,-0.14845
01324180,1523964168816,-8.47068,-3.98496,0.251233,-0.715829,-0.103987,0.697209,0.730261,0.409348,-0.401099
01324189,1523964168832,-9.82602,1.27162,2.40117,-0.349226,0.0195344,0.317621,0.750736,-0.339593,-0.42794
01324188,1523964168832,-9.3933,0.608063,-2.47961,-0.100764,-0.272293,0.56309,0.74793,-0.563533,-0.0153102
01324185,1523964168832,-9.56994,-1.17519,-0.351947,-0.296074,-0.0373397,0.500859,0.860269,0.357754,-0.255915
01324181,1523964168832,-9.20424,0.90112,3.03353,-0.134617,-0.268825,0.378108,0.879243,0.313758,-0.15063
01324180,1523964168832,-9.03196,-4.02665,0.376036,-0.466587,-0.0314727,0.623802,0.732957,0.407544,-0.39874
01324189,1523964168849,-9.98067,1.49132,2.69124,-0.215889,-0.0285318,0.213352,0.749796,-0.340725,-0.428742
01324188,1523964168849,-9.26222,0.757008,-2.46995,-0.494049,-0.243364,0.390806,0.743341,-0.567997,-0.0210604
01324185,1523964168849,-9.95048,-0.816703,-0.591688,-0.293618,-0.109729,0.399345,0.861636,0.353283,-0.25352
01324181,1523964168849,-9.45386,0.990232,3.18961,-0.162387,-0.28781,0.402219,0.879472,0.309508,-0.154801
01324180,1523964168849,-9.63134,-4.10226,0.468861,-0.280618,-0.0120027,0.561932,0.736778,0.401656,-0.397019
01324189,1523964168866,-10.0469,1.617,2.68767,-0.14513,-0.105359,0.107129,0.746709,-0.343395,-0.431942
01324188,1523964168866,-9.20175,0.761861,-2.50656,-0.926629,-0.207275,0.213017,0.740252,-0.572555,-0.0315547
01324185,1523964168866,-10.3724,-0.578374,-0.867242,-0.400932,-0.153135,0.36071,0.862988,0.348697,-0.257145
01324181,1523964168866,-9.49745,1.03337,3.21266,-0.171348,-0.26279,0.416262,0.879203,0.300718,-0.157276
01324180,1523964168866,-9.90331,-3.99344,0.377378,-0.161937,0.00934359,0.483797,0.739787,0.396955,-0.396888
01324189,1523964168882,-9.98103,1.90422,2.51211,-0.245534,-0.19858,0.00744165,0.74549,-0.339921,-0.434848
01324188,1523964168882,-9.02057,0.729357,-2.43548,-1.34885,-0.140631,0.0161803,0.740676,-0.573668,-0.0452481
01324185,1523964168882,-10.5537,-0.6255,-0.975465,-0.533792,-0.156492,0.338808,0.863947,0.346207,-0.254507
01324181,1523964168882,-9.43928,0.971003,3.18042,-0.174898,-0.220229,0.42353,0.879698,0.296192,-0.160779
01324180,1523964168882,-10.0556,-3.80894,0.338235,-0.160732,0.029831,0.426005,0.743858,0.392809,-0.395677
01324189,1523964168899,-9.84089,2.06486,2.22315,-0.527832,-0.219091,-0.0379217,0.745117,-0.338637,-0.439388
01324188,1523964168899,-9.05945,0.687238,-2.2519,-1.62195,-0.0586274,-0.183042,0.742565,-0.569789,-0.0601303
01324185,1523964168899,-10.5106,-0.755754,-0.942001,-0.664693,-0.124188,0.36085,0.866261,0.344548,-0.252667
01324181,1523964168899,-9.30591,0.691145,3.18663,-0.165728,-0.178496,0.385938,0.88164,0.292424,-0.161519
01324180,1523964168899,-10.0535,-3.58638,0.295973,-0.237266,0.0395171,0.36762,0.747548,0.389728,-0.401342
01324189,1523964168916,-9.6695,1.78943,2.22965,-0.932915,-0.23393,-0.0508308,0.742695,-0.331696,-0.446806
01324188,1523964168916,-9.09389,0.507646,-2.41365,-1.74478,-0.0193702,-0.323284,0.746496,-0.566186,-0.0761341
01324185,1523964168916,-10.3858,-1.06459,-0.803437,-0.799469,-0.047234,0.35283,0.865731,0.342655,-0.248328
01324181,1523964168916,-9.20984,0.328349,3.20386,-0.151161,-0.144034,0.337081,0.882143,0.285794,-0.162982
01324180,1523964168916,-9.91737,-3.46183,0.312488,-0.383745,0.0526361,0.298212,0.749292,0.388221,-0.397338
01324189,1523964168932,-9.34349,1.10862,2.36428,-1.1756,-0.233233,-0.0792396,0.741911,-0.32279,-0.455835
01324188,1523964168932,-8.78269,0.98731,-2.5552,-1.85877,0.0514674,-0.420606,0.750537,-0.558428,-0.0936319
01324185,1523964168932,-10.1454,-1.49927,-0.581177,-0.873056,0.0167055,0.335446,0.868735,0.339955,-0.241899
01324181,1523964168932,-9.15329,0.0911986,3.27639,-0.118617,-0.0906831,0.255573,0.883548,0.28189,-0.163714
01324180,1523964168932,-9.72688,-3.44104,0.384552,-0.564542,0.0995694,0.283293,0.750891,0.387882,-0.394121
01324189,1523964168949,-8.92982,0.431972,2.36617,-1.22559,-0.193158,-0.116868,0.738674,-0.311377,-0.46629
01324188,1523964168949,-8.33227,1.17111,-2.87324,-2.16643,0.184575,-0.48933,0.754569,-0.549171,-0.11198
01324185,1523964168949,-10.0011,-1.81298,-0.370603,-0.889335,0.0572288,0.322421,0.870787,0.336671,-0.236509
01324181,1523964168949,-9.13029,-0.0589037,3.22145,-0.0799535,-0.0812796,0.188313,0.883845,0.280293,-0.164482
01324180,1523964168949,-9.47835,-3.59071,0.432077,-0.682196,0.146998,0.254656,0.754018,0.390066,-0.38005
01324189,1523964168966,-8.88962,0.0381842,2.79546,-1.05387,-0.139692,-0.147484,0.737871,-0.300306,-0.474632
01324188,1523964168966,-7.97312,0.106912,-3.98305,-2.16751,0.470843,-0.547158,0.760231,-0.540088,-0.127257
01324185,1523964168966,-9.90021,-2.05423,-0.2123,-0.828731,0.0880981,0.298325,0.873381,0.335651,-0.23075
01324181,1523964168966,-9.05952,-0.159946,3.19969,-0.103602,-0.0966615,0.124468,0.883567,0.281151,-0.164763
01324180,1523964168966,-9.27851,-3.7541,0.582978,-0.729844,0.189173,0.236982,0.755853,0.39101,-0.373292
01324189,1523964168982,-8.90078,-0.477659,3.1376,-0.854582,-0.148698,-0.206312,0.73827,-0.290691,-0.479516
01324188,1523964168982,-8.36791,-2.08891,-3.53648,-1.76313,0.806445,-0.510614,0.766548,-0.527834,-0.135738
01324185,1523964168982,-9.79924,-2.23776,-0.11768,-0.754415,0.09471,0.327097,0.87584,0.335347,-0.224473
01324181,1523964168982,-9.10748,-0.17991,3.18527,-0.110319,-0.0997119,0.0555237,0.882942,0.278544,-0.166431
01324180,1523964168982,-9.13122,-3.95391,0.694496,-0.709385,0.240331,0.221563,0.758995,0.394686,-0.365957
01324189,1523964168999,-8.99338,-1.45068,3.00768,-0.74613,-0.198289,-0.303558,0.739106,-0.282537,-0.486427
01324188,1523964168999,-8.65493,-3.87232,-2.81534,-0.566454,1.08363,-0.433007,0.775589,-0.518125,-0.131468
01324185,1523964168999,-9.78518,-2.41597,-0.0679208,-0.608897,0.121761,0.354828,0.877485,0.331773,-0.219471
01324181,1523964168999,-9.11766,-0.121818,3.20342,-0.0746091,-0.101877,0.0312531,0.883241,0.276803,-0.167197
01324180,1523964168999,-9.10915,-4.18876,0.785264,-0.585405,0.272553,0.208443,0.761377,0.3946,-0.358686
01324189,1523964169016,-8.4993,-2.30908,2.96167,-0.359573,-0.116303,-0.441098,0.73718,-0.271851,-0.491142
01324188,1523964169016,-8.4444,-3.1136,-2.46287,0.945707,1.2501,-0.41818,0.781802,-0.514202,-0.111749
01324185,1523964169016,-9.76603,-2.46906,-0.063342,-0.434293,0.129193,0.385201,0.879671,0.329046,-0.214479
01324181,1523964169016,-9.05017,-0.0190427,3.10528,-0.0442316,-0.0987027,0.0104671,0.883664,0.276756,-0.169063
01324180,1523964169016,-9.07496,-4.20999,0.775813,-0.40042,0.315378,0.204626,0.765612,0.396069,-0.349788
01324189,1523964169032,-8.68931,-2.57087,2.43816,0.0640912,-0.0690557,-0.523248,0.739063,-0.26557,-0.492453
01324188,1523964169032,-8.90259,-0.0837089,-2.42662,1.81425,1.32009,-0.395707,0.789099,-0.511095,-0.0813078
01324185,1523964169032,-9.71759,-2.35866,-0.124784,-0.266681,0.144461,0.397662,0.883214,0.32432,-0.210651
01324181,1523964169032,-8.95609,0.0355641,2.95993,0.0110018,-0.0740246,0.0035774,0.882336,0.275337,-0.169285
01324180,1523964169032,-9.03281,-4.143,0.880519,-0.258482,0.337706,0.164367,0.766406,0.39604,-0.347229
01324189,1523964169049,-8.53964,-2.24274,1.87684,0.573386,0.0514351,-0.61154,0.741756,-0.262753,-0.490854
01324188,1523964169049,-9.49107,2.9816,-2.9095,1.56534,1.32265,-0.417031,0.795312,-0.508646,-0.0488719
01324185,1523964169049,-9.61588,-2.1427,-0.230842,-0.124142,0.150206,0.400844,0.885666,0.31913,-0.208908
01324181,1523964169049,-8.83551,0.114714,2.85293,0.0484665,-0.0281751,-0.00480491,0.880172,0.275941,-0.169275
01324180,1523964169049,-9.00422,-4.16853,1.04501,-0.156948,0.372173,0.122159,0.769341,0.395522,-0.342276
01324189,1523964169066,-8.5087,-1.61011,1.27909,0.678903,0.124386,-0.676202,0.743618,-0.259477,-0.488171
01324188,1523964169066,-9.53965,4.25392,-3.11801,0.41471,1.30791,-0.455197,0.799623,-0.505279,-0.025928
01324185,1523964169066,-9.51893,-1.94111,-0.28802,-0.039271,0.139849,0.412698,0.887032,0.313085,-0.207676
01324181,1523964169066,-8.77832,0.110585,2.79541,0.0682072,0.0192105,-0.0251576,0.880444,0.276071,-0.16968
01324180,1523964169066,-8.91393,-4.4338,1.11936,-0.0930985,0.366745,0.052108,0.773192,0.395842,-0.334342
01324189,1523964169082,-8.6722,-0.917433,1.33189,0.843655,0.244342,-0.73271,0.749257,-0.256423,-0.481245
01324188,1523964169082,-9.53882,3.16593,-2.6918,-0.553351,1.31608,-0.47586,0.805557,-0.499649,-0.0113573
01324185,1523964169082,-9.41731,-1.83579,-0.278895,0.027423,0.1159,0.37023,0.889347,0.309591,-0.205818
01324181,1523964169082,-8.75823,0.154371,2.94443,0.0612287,0.031101,-0.0517599,0.880991,0.276046,-0.170484
01324180,1523964169082,-8.50453,-4.5599,1.86223,0.12621,0.304593,-0.0578364,0.774261,0.394637,-0.330323
01324189,1523964169099,-9.10958,-0.698569,1.66761,0.925161,0.247078,-0.746571,0.752718,-0.254463,-0.474036
01324188,1523964169099,-9.49435,1.44534,-2.16393,-0.671485,1.3031,-0.418345,0.811217,-0.493218,-0.00131733
01324185,1523964169099,-9.20519,-1.92373,-0.216706,0.0811967,0.0910409,0.312454,0.892886,0.304127,-0.203683
01324181,1523964169099,-8.89185,0.191482,3.09743,0.0665582,0.00800874,-0.0597033,0.879901,0.27692,-0.17049
01324180,1523964169099,-8.63445,-4.97919,1.87558,0.182698,0.283212,-0.0752861,0.774639,0.395484,-0.327334
01324189,1523964169116,-9.06231,-0.438625,2.03506,0.910777,0.201459,-0.788299,0.756852,-0.251367,-0.466557
01324188,1523964169116,-9.34577,0.42967,-1.81414,-0.13529,1.29106,-0.297936,0.814296,-0.487534,0.0131578
01324185,1523964169116,-9.08504,-2.15312,-0.11273,0.133844,0.0566906,0.187577,0.892082,0.29809,-0.202052
01324181,1523964169116,-8.81358,0.100198,3.119,0.0772793,-0.0346993,-0.0739069,0.878682,0.278343,-0.171705
01324180,1523964169116,-9.01734,-4.94803,1.9276,0.334885,0.286256,-0.0671755,0.775051,0.394457,-0.32682
01324189,1523964169132,-8.97008,-0.289586,2.44782,0.866814,0.151821,-0.835455,0.761798,-0.247428,-0.459081
01324188,1523964169132,-9.25293,0.690559,-1.93275,0.552528,1.2688,-0.173104,0.815761,-0.485005,0.0332534
01324185,1523964169132,-9.10461,-2.34308,0.028366,0.208249,0.0352695,0.05752,0.891537,0.295091,-0.203853
01324181,1523964169132,-8.64834,-0.00685326,2.912,0.10938,-0.0312683,-0.0791824,0.877205,0.27835,-0.172355
01324180,1523964169132,-8.53993,-4.38222,1.68401,0.464605,0.247608,-0.0358233,0.774537,0.392727,-0.327388
01324189,1523964169149,-8.98369,-0.276748,2.85211,0.784784,0.11125,-0.871184,0.764474,-0.243741,-0.456269
01324188,1523964169149,-9.31295,1.47309,-2.08859,0.978478,1.26347,-0.0835482,0.818321,-0.484278,0.0571326
01324185,1523964169149,-9.12358,-2.28029,0.101324,0.329836,0.0168869,-0.0777159,0.891674,0.296094,-0.203078
01324181,1523964169149,-8.70985,0.0192007,2.7976,0.0987696,0.0235521,-0.0786625,0.877048,0.280211,-0.172525
01324180,1523964169149,-8.70955,-3.84369,1.24544,0.459152,0.261966,-0.043498,0.777129,0.390078,-0.329239
01324189,1523964169166,-9.1737,-0.365448,3.07384,0.718311,0.0584413,-0.913913,0.769863,-0.239112,-0.452678
01324188,1523964169166,-9.60308,2.79092,-2.47371,1.14072,1.2535,-0.0489966,0.818557,-0.481532,0.0823809
01324185,1523964169166,-9.10857,-2.02045,-0.00389894,0.483792,-0.0027516,-0.134748,0.891389,0.2977,-0.207673
01324181,1523964169166,-8.76089,0.27332,2.82139,0.0721242,-0.0405128,-0.0989744,0.875945,0.282368,-0.172825
01324180,1523964169166,-8.49087,-3.72694,0.716496,0.448905,0.279046,-0.102366,0.777811,0.388457,-0.327387
01324189,1523964169182,-9.24279,-0.367539,3.15276,0.676275,0.038152,-0.940655,0.77224,-0.230665,-0.450093
01324188,1523964169182,-9.94755,3.80355,-2.62942,0.966358,1.25731,-0.0112873,0.817439,-0.47965,0.107862
01324185,1523964169182,-9.17533,-1.60609,-0.20912,0.661405,-0.0272999,-0.132228,0.889482,0.29821,-0.21055
01324181,1523964169182,-8.5337,0.588941,2.86509,0.0899686,-0.157822,-0.13031,0.87489,0.28233,-0.175208
01324180,1523964169182,-8.45603,-3.67209,0.359437,0.532319,0.334306,-0.12694,0.776757,0.386586,-0.327138
01324189,1523964169199,-9.59692,-0.326416,3.64016,0.641499,-0.00451279,-0.954833,0.774616,-0.222073,-0.447372
01324188,1523964169199,-10.4393,4.20706,-2.48966,0.621953,1.25651,0.00750055,0.815223,-0.475782,0.131863
01324185,1523964169199,-9.24211,-1.1605,-0.477747,0.81059,-0.0688414,-0.0955493,0.888111,0.297823,-0.216038
01324181,1523964169199,-8.12614,0.792572,3.02319,0.0829387,-0.177754,-0.152994,0.875127,0.28546,-0.176074
01324180,1523964169199,-8.5059,-3.5318,0.277547,0.716644,0.325254,-0.164474,0.777576,0.385408,-0.326903
01324189,1523964169216,-10.4065,-0.322182,4.60898,0.562146,-0.145773,-0.949336,0.7751,-0.213296,-0.446505
01324188,1523964169216,-10.6542,4.31009,-2.28195,0.263712,1.24265,0.0402612,0.811941,-0.47471,0.150578
01324185,1523964169216,-9.11631,-0.872566,-0.709321,0.905065,-0.0848319,-0.0241453,0.886744,0.296185,-0.220468
01324181,1523964169216,-8.15108,0.995928,3.19784,0.0545614,-0.109001,-0.16439,0.872162,0.287726,-0.179151
01324180,1523964169216,-8.49114,-3.53107,0.224523,0.921786,0.326697,-0.198335,0.777353,0.381932,-0.327782
01324189,1523964169232,-10.6621,-0.101617,4.45028,0.478939,-0.27857,-0.887131,0.778063,-0.204741,-0.448212
01324188,1523964169232,-11.0025,4.25761,-2.17768,0.049304,1.2026,0.0498085,0.810713,-0.476102,0.16817
01324185,1523964169232,-9.14758,-0.720851,-0.889096,0.917128,-0.0722343,0.0114846,0.887139,0.291539,-0.227229
01324181,1523964169232,-8.66275,1.22272,3.27716,0.0457406,-0.0542998,-0.175852,0.870797,0.289174,-0.1793
01324180,1523964169232,-8.7915,-3.44602,0.0649596,1.13737,0.313764,-0.209282,0.777392,0.379916,-0.3308
01324189,1523964169249,-10.9466,0.52475,4.14937,0.551445,-0.350034,-0.856505,0.776558,-0.200677,-0.450038
01324188,1523964169249,-11.3305,3.80536,-2.15658,0.00587412,1.14121,0.0594229,0.804586,-0.475982,0.183356
01324185,1523964169249,-9.41051,-0.589385,-1.09271,0.937395,-0.0571628,-0.0472589,0.885498,0.288033,-0.233471
01324181,1523964169249,-9.09461,1.49909,3.2208,0.0172155,-0.0913765,-0.174285,0.86916,0.292023,-0.181072
01324180,1523964169249,-9.10311,-3.25028,-0.0723538,1.29108,0.332726,-0.204542,0.776799,0.374866,-0.334546
01324189,1523964169266,-11.3487,0.775849,4.2534,0.578323,-0.453721,-0.813501,0.775877,-0.194629,-0.453867
01324188,1523964169266,-11.3664,3.24699,-2.28601,0.19257,1.08138,0.0485517,0.800502,-0.476623,0.198469
01324185,1523964169266,-9.80105,-0.404123,-1.26231,0.917241,-0.066774,-0.144894,0.884396,0.287772,-0.239747
01324181,1523964169266,-9.42348,1.66017,3.22527,-0.0496536,-0.112246,-0.153503,0.867936,0.294013,-0.182565
01324180,1523964169266,-9.48558,-3.19078,-0.189355,1.35116,0.290034,-0.202602,0.775795,0.370992,-0.339345
01324189,1523964169282,-11.2077,0.810778,4.30491,0.550772,-0.64337,-0.825704,0.770704,-0.186741,-0.459237
01324188,1523964169282,-11.2759,2.85626,-2.31686,0.567639,1.02756,0.0310817,0.79545,-0.474592,0.212952
01324185,1523964169282,-10.1963,-0.146648,-1.48339,0.859146,-0.0899249,-0.22454,0.883301,0.286417,-0.24418
01324181,1523964169282,-9.61954,1.61172,3.27083,-0.0523349,-0.108658,-0.152546,0.86696,0.297715,-0.184229
01324180,1523964169282,-9.9059,-3.21687,-0.244357,1.32717,0.247794,-0.195929,0.777373,0.364899,-0.345174
01324189,1523964169299,-11.1898,0.709299,4.33117,0.586203,-0.774903,-0.802242,0.766661,-0.180339,-0.467846
01324188,1523964169299,-10.9531,2.51811,-2.40295,0.999398,0.971953,0.0157839,0.790109,-0.470494,0.233231
01324185,1523964169299,-10.5049,0.0140164,-1.66352,0.719753,-0.104939,-0.27355,0.881385,0.286866,-0.250197
01324181,1523964169299,-9.82486,1.43711,3.18592,-0.0415652,-0.0184088,-0.151727,0.86749,0.298841,-0.18479
01324180,1523964169299,-10.2981,-3.18012,-0.274571,1.26472,0.199171,-0.184259,0.777575,0.36159,-0.350927
01324189,1523964169316,-11.0577,0.449063,4.13626,0.527547,-0.83647,-0.782803,0.763024,-0.176244,-0.474738
01324188,1523964169316,-10.5337,2.19354,-2.06635,1.26919,0.839515,-0.00145705,0.786383,-0.464197,0.255785
01324185,1523964169316,-10.6163,-0.04802,-1.80369,0.591533,-0.0719616,-0.270192,0.87866,0.290902,-0.253237
01324181,1523964169316,-10.1481,1.22455,3.28694,-0.0309361,-0.0129148,-0.145572,0.865715,0.300588,-0.184675
01324180,1523964169316,-10.5215,-3.10255,-0.324663,1.13308,0.0960663,-0.178711,0.775514,0.356282,-0.355739
01324189,1523964169332,-10.7359,0.0985834,3.45877,0.447053,-0.84267,-0.756475,0.756524,-0.17035,-0.482654
01324188,1523964169332,-9.94255,1.25264,-1.25862,1.46084,0.594981,-0.0248496,0.782529,-0.458518,0.272909
01324185,1523964169332,-10.665,-0.225849,-1.76096,0.429866,0.00886287,-0.268816,0.877703,0.291845,-0.255599
01324181,1523964169332,-10.0822,1.13315,3.27946,0.00463817,-0.0695984,-0.152216,0.863527,0.302498,-0.183893
01324180,1523964169332,-10.6123,-2.81602,-0.355395,0.952099,0.0182354,-0.175035,0.773964,0.353291,-0.360919
01324189,1523964169349,-10.4741,-0.282177,2.96709,0.359578,-0.821139,-0.731096,0.750581,-0.165338,-0.491253
01324188,1523964169349,-9.30047,-0.324356,-0.544185,1.82167,0.245633,-0.0977683,0.7796,-0.448477,0.290024
01324185,1523964169349,-10.7137,-0.478218,-1.6107,0.323713,0.0558854,-0.245173,0.874034,0.294512,-0.256397
01324181,1523964169349,-9.81238,1.1169,3.31772,-0.00594019,-0.0486685,-0.164994,0.862951,0.306343,-0.185298
01324180,1523964169349,-10.4521,-2.50294,-0.335193,0.665822,-0.0416513,-0.169312,0.771861,0.351616,-0.366064
01324189,1523964169366,-10.2662,-0.675402,2.76586,0.31676,-0.780999,-0.684264,0.743565,-0.159875,-0.501845
01324188,1523964169366,-9.05531,-0.714488,-0.395755,2.45599,-0.206989,-0.256773,0.776504,-0.43338,0.305167
01324185,1523964169366,-10.6562,-0.817826,-1.35247,0.243991,0.0836791,-0.180636,0.87511,0.298987,-0.258538
01324181,1523964169366,-9.86193,1.06776,3.34974,-0.0129301,0.00412749,-0.179148,0.861039,0.308375,-0.185321
01324180,1523964169366,-10.2712,-2.296,-0.298454,0.302008,-0.0812141,-0.142868,0.768137,0.349664,-0.368484
01324189,1523964169382,-10.1488,-0.936888,2.72696,0.364647,-0.755539,-0.617537,0.73734,-0.155569,-0.508973
01324188,1523964169382,-9.44804,0.289234,-0.979383,2.72947,-0.730751,-0.332422,0.780186,-0.415114,0.315568
01324185,1523964169382,-10.6325,-1.05619,-1.19089,0.223858,0.0805241,-0.160184,0.873751,0.300106,-0.259068
01324181,1523964169382,-10.006,1.02242,3.30621,-0.0341009,2.17474e-05,-0.209242,0.861695,0.310076,-0.185762
01324180,1523964169382,-10.1763,-2.55179,-0.202257,0.00657496,-0.124839,-0.122268,0.768029,0.348667,-0.371479
01324189,1523964169399,-10.0552,-0.918814,2.51139,0.491957,-0.742191,-0.582507,0.73411,-0.151196,-0.515867
01324188,1523964169399,-9.96015,1.69973,-1.74386,2.31143,-1.22598,-0.354988,0.787007,-0.398038,0.319114
01324185,1523964169399,-10.6762,-1.23156,-1.05619,0.272747,0.0644725,-0.129506,0.87321,0.299268,-0.258665
01324181,1523964169399,-10.102,0.836883,3.33089,-0.0374785,-0.032463,-0.244805,0.859373,0.31268,-0.186059
01324180,1523964169399,-10.2044,-2.84318,-0.071203,-0.203906,-0.106711,-0.105955,0.766346,0.353176,-0.36771
01324189,1523964169416,-10.0756,-0.819788,2.48272,0.570512,-0.74556,-0.557359,0.727761,-0.148617,-0.523275
01324188,1523964169416,-10.1773,3.13161,-2.27257,1.43646,-1.69715,-0.362674,0.795343,-0.382383,0.308934
01324185,1523964169416,-10.8499,-1.32188,-0.955622,0.30321,0.0801108,-0.117694,0.872533,0.300132,-0.257755
01324181,1523964169416,-10.057,0.687015,3.30749,-0.0106477,-0.0470562,-0.270006,0.857303,0.316158,-0.185578
01324180,1523964169416,-10.337,-3.26795,9.35671e-05,-0.265675,-0.100732,-0.0676969,0.763768,0.355548,-0.368031
01324189,1523964169432,-10.0734,-0.531869,2.42982,0.536361,-0.719245,-0.50422,0.72087,-0.147747,-0.529887
01324188,1523964169432,-10.2582,4.12451,-2.85132,0.195302,-2.11464,-0.319138,0.80401,-0.374696,0.285036
01324185,1523964169432,-11.1393,-1.35131,-0.889549,0.302368,0.0837958,-0.0972418,0.872122,0.300107,-0.259062
01324181,1523964169432,-10.1117,0.608763,3.26999,-0.0175495,0.00549304,-0.297087,0.854818,0.321612,-0.18673
01324180,1523964169432,-10.5369,-3.55885,0.122223,-0.255741,-0.0874561,-0.030644,0.762686,0.356147,-0.368003
01324189,1523964169449,-9.89,-0.0721921,2.24559,0.392424,-0.660792,-0.460433,0.714403,-0.146178,-0.538508
01324188,1523964169449,-10.2931,3.17856,-2.72213,-1.01452,-2.4943,-0.333326,0.815166,-0.371755,0.243282
01324185,1523964169449,-11.3803,-1.36173,-0.757806,0.237169,0.0739726,-0.080045,0.869406,0.297815,-0.260863
01324181,1523964169449,-10.0579,0.636186,3.14906,0.0110853,0.0475943,-0.316656,0.852328,0.326796,-0.187078
01324180,1523964169449,-10.5614,-3.65446,0.464657,-0.208527,-0.102063,0.00118294,0.761354,0.356184,-0.370148
01324189,1523964169466,-9.47483,0.128151,2.2325,0.202215,-0.556941,-0.370725,0.71118,-0.146692,-0.543163
01324188,1523964169466,-10.2802,1.37024,-2.73952,-1.60907,-2.81782,-0.427617,0.824983,-0.371353,0.19707
01324185,1523964169466,-11.4091,-1.43606,-0.619927,0.161796,0.0291258,-0.0541538,0.870217,0.299216,-0.261403
01324181,1523964169466,-10.0456,0.57814,3.10678,0.0486932,0.110723,-0.348117,0.851417,0.333163,-0.184807
01324180,1523964169466,-10.5637,-3.98684,0.849512,-0.134266,-0.109559,0.031409,0.760276,0.356789,-0.370932
01324189,1523964169482,-8.96727,0.00813564,2.10284,0.0177201,-0.422148,-0.305947,0.705208,-0.143244,-0.547756
01324188,1523964169482,-10.218,-0.180313,-2.75,-1.56037,-3.05335,-0.576726,0.831668,-0.369917,0.14867
01324185,1523964169482,-11.2113,-1.55991,-0.428157,0.104264,-0.0248234,-0.0427312,0.869672,0.299907,-0.262193
01324181,1523964169482,-9.89026,0.492602,3.14806,0.0576259,0.128335,-0.351468,0.848911,0.338108,-0.183021
01324180,1523964169482,-10.4668,-4.13963,1.25566,0.0068141,-0.130671,0.0531929,0.75953,0.354812,-0.378132
01324189,1523964169499,-8.50177,-0.164703,2.05646,-0.0952897,-0.267337,-0.224965,0.702499,-0.139734,-0.551582
01324188,1523964169499,-10.628,-1.25097,-2.86705,-1.00222,-3.28581,-0.690541,0.838726,-0.362258,0.0949929
01324185,1523964169499,-10.9651,-1.61906,-0.239126,0.035574,-0.0785874,-0.0245057,0.868586,0.298771,-0.262571
01324181,1523964169499,-9.59636,0.391808,3.08425,0.0800017,0.166964,-0.365058,0.847101,0.342299,-0.182558
01324180,1523964169499,-10.1575,-4.05512,1.59992,0.0776175,-0.149027,0.0130225,0.759541,0.35453,-0.379627
01324189,1523964169516,-8.3377,-0.390241,2.24817,-0.130038,-0.10633,-0.144559,0.700323,-0.137094,-0.553679
01324188,1523964169516,-11.353,-1.86425,-3.05799,-0.0861813,-3.46949,-0.70408,0.843867,-0.352695,0.0449643
01324185,1523964169516,-10.5793,-1.70808,-0.181933,0.00704679,-0.177209,-0.0528417,0.86858,0.300142,-0.264678
01324181,1523964169516,-9.47068,0.33507,3.08131,0.105784,0.241539,-0.349865,0.845937,0.346126,-0.178634
01324180,1523964169516,-9.7688,-4.01494,1.65711,0.125231,-0.141054,-0.0288969,0.757671,0.354429,-0.381496
01324189,1523964169532,-8.25056,-0.649826,2.46531,-0.145773,0.0026894,-0.0808568,0.701514,-0.133375,-0.552323
01324188,1523964169532,-11.4702,-1.60894,-4.34692,0.917902,-3.52911,-0.596981,0.8479,-0.339906,-0.00498318
01324185,1523964169532,-10.155,-1.78295,-0.179917,-0.0502845,-0.264919,-0.0761216,0.865178,0.300358,-0.268202
01324181,1523964169532,-9.35016,0.273454,3.03496,0.107616,0.262677,-0.353159,0.841657,0.351144,-0.174702
01324180,1523964169532,-9.1601,-4.05445,1.96253,0.123258,-0.194253,-0.0944854,0.75336,0.354783,-0.37926
01324189,1523964169549,-8.11798,-1.6323,3.16198,-0.0559583,0.0726932,-0.0167214,0.700559,-0.132774,-0.552576
01324188,1523964169549,-11.358,-1.43022,-5.49255,1.34809,-3.42485,-0.42825,0.846268,-0.33467,-0.0473774
01324185,1523964169549,-9.84643,-1.78493,-0.241636,-0.0506315,-0.33228,-0.123383,0.861363,0.301385,-0.273564
01324181,1523964169549,-9.31504,0.174379,3.05882,0.0987044,0.257401,-0.350587,0.841309,0.355778,-0.172667
01324180,1523964169549,-9.64099,-3.85065,1.78736,0.0411889,-0.181383,-0.133438,0.751509,0.354262,-0.383844
01324189,1523964169566,-7.79277,-2.88689,3.66038,0.136776,0.0861638,-0.0596742,0.701776,-0.13352,-0.551122
01324188,1523964169566,-11.3139,0.0780407,-5.69911,1.62955,-3.20601,-0.161991,0.838804,-0.332266,-0.0832689
01324185,1523964169566,-9.70189,-1.78351,-0.335189,-0.0310493,-0.356083,-0.198123,0.85972,0.303548,-0.278553
01324181,1523964169566,-9.20329,-0.0257607,3.17205,0.10576,0.238068,-0.343885,0.840548,0.361412,-0.171047
01324180,1523964169566,-9.32819,-3.94917,1.40317,-0.0177899,-0.214488,-0.149962,0.750966,0.356623,-0.38839
01324189,1523964169582,-7.68357,-3.80358,4.10929,0.392467,0.14552,-0.183314,0.702303,-0.134386,-0.548724
01324188,1523964169582,-10.764,0.832769,-8.42971,1.81593,-2.78211,0.145832,0.830015,-0.335937,-0.113592
01324185,1523964169582,-9.67791,-1.72842,-0.489645,0.0112378,-0.366051,-0.276353,0.858479,0.307664,-0.284739
01324181,1523964169582,-9.09771,-0.199196,3.17605,0.109466,0.244711,-0.366254,0.837202,0.367413,-0.167412
01324180,1523964169582,-8.45967,-3.72516,1.2727,-0.0534016,-0.33485,-0.10018,0.747344,0.35787,-0.391965
01324189,1523964169599,-7.6303,-4.22376,4.2584,0.777702,0.293225,-0.336891,0.704729,-0.137883,-0.543823
01324188,1523964169599,-8.68872,2.4827,-8.23705,1.04469,-2.34068,0.28284,0.821502,-0.340719,-0.138998
01324185,1523964169599,-9.41759,-1.71089,-0.610157,0.0273964,-0.351503,-0.308839,0.853442,0.311808,-0.289473
01324181,1523964169599,-8.68253,-0.402862,3.09084,0.151397,0.252385,-0.380193,0.836901,0.369159,-0.166381
01324180,1523964169599,-8.98638,-4.37468,0.925621,-0.156603,-0.341933,-0.109715,0.743587,0.35912,-0.395538
01324189,1523964169616,-7.01589,-3.76496,3.73176,0.925485,0.462264,-0.413249,0.707546,-0.141524,-0.536919
01324188,1523964169616,-7.86519,1.64735,-7.12645,0.0498478,-1.96656,0.241335,0.815305,-0.34635,-0.165836
01324185,1523964169616,-9.13317,-1.82817,-0.538629,0.0706635,-0.27896,-0.326421,0.8499,0.314262,-0.294065
01324181,1523964169616,-8.13661,-0.687464,2.99835,0.194303,0.300591,-0.400702,0.83438,0.374137,-0.163132
01324180,1523964169616,-10.6277,-5.05164,1.02672,0.252973,-0.280993,-0.185619,0.740883,0.361209,-0.39681
01324189,1523964169632,-7.019,-2.14299,3.55797,0.611453,0.653806,-0.309844,0.71305,-0.143207,-0.52735
01324188,1523964169632,-7.67365,-0.211377,-6.92336,-0.31154,-1.54453,0.132067,0.807847,-0.346299,-0.188931
01324185,1523964169632,-9.27722,-1.75963,-0.290528,0.0812626,-0.219608,-0.365905,0.844997,0.319818,-0.298813
01324181,1523964169632,-7.92682,-0.9276,3.0043,0.291424,0.392434,-0.412306,0.832398,0.378832,-0.159351
01324180,1523964169632,-7.34765,-4.12931,0.541764,0.638617,-0.405399,-0.079063,0.737195,0.358417,-0.40466
01324189,1523964169649,-7.67367,-1.20983,4.25648,0.216941,0.749853,-0.161962,0.71937,-0.1429,-0.518713
01324188,1523964169649,-6.92819,-1.33254,-6.97676,-0.0514791,-0.974643,0.0154593,0.800523,-0.345947,-0.212278
01324185,1523964169649,-8.89973,-1.46324,-0.0962147,0.0196154,-0.215045,-0.325135,0.843494,0.323576,-0.301593
01324181,1523964169649,-7.84017,-1.01868,2.89551,0.357544,0.50514,-0.441719,0.830656,0.385398,-0.155079
01324180,1523964169649,-8.07877,-3.78224,0.696047,0.739954,-0.361353,-0.11303,0.734415,0.356453,-0.407906
01324189,1523964169666,-8.43274,-1.1415,4.72571,0.0765099,0.679237,-0.0315472,0.725831,-0.145471,-0.508895
01324188,1523964169666,-6.16578,-1.72492,-6.43044,0.412194,-0.356233,-0.0213693,0.799316,-0.348027,-0.217247
01324185,1523964169666,-8.21959,-1.5252,-0.0276389,-0.0459638,-0.199952,-0.296393,0.840091,0.326346,-0.304356
01324181,1523964169666,-7.74439,-0.944602,2.7015,0.38091,0.584287,-0.465276,0.828094,0.391864,-0.149333
01324180,1523964169666,-7.96877,-3.36197,0.798522,0.724771,-0.382032,-0.134291,0.730233,0.35048,-0.416625
01324189,1523964169682,-8.60935,-1.18457,4.88893,0.222391,0.52772,0.0536637,0.729592,-0.148988,-0.501063
01324188,1523964169682,-6.30832,-1.66009,-5.96785,0.804683,0.23157,-0.18396,0.797817,-0.347907,-0.213041
01324185,1523964169682,-7.89205,-1.7054,-0.015544,-0.0180183,-0.160128,-0.342673,0.836553,0.331388,-0.306487
01324181,1523964169682,-7.72556,-0.7648,2.64504,0.389811,0.615313,-0.461615,0.826757,0.396893,-0.143037
01324180,1523964169682,-7.13811,-3.28575,0.906143,0.563867,-0.355495,-0.181006,0.726,0.348571,-0.424856
01324189,1523964169699,-8.65476,-0.874543,4.90009,0.371136,0.362258,0.102452,0.730349,-0.151132,-0.493453
01324188,1523964169699,-7.28471,-0.21718,-5.94445,0.846725,0.689039,-0.325759,0.80174,-0.347063,-0.195239
01324185,1523964169699,-7.79103,-1.72059,-0.141032,0.0313903,-0.150368,-0.37938,0.83301,0.338671,-0.309424
01324181,1523964169699,-7.95991,-0.544297,2.55721,0.384259,0.632865,-0.422628,0.825434,0.401334,-0.137395
01324180,1523964169699,-7.31246,-3.30318,0.991354,0.404893,-0.321302,-0.254706,0.71939,0.344986,-0.437145
01324189,1523964169716,-8.80164,-0.332318,3.69142,0.464646,0.252378,0.0887594,0.731692,-0.155609,-0.488682
01324188,1523964169716,-8.312,1.25418,-5.12913,0.418725,0.976459,-0.380616,0.80591,-0.342074,-0.178799
01324185,1523964169716,-7.85855,-1.56387,-0.362981,0.0487147,-0.147434,-0.424479,0.829743,0.343148,-0.311551
01324181,1523964169716,-8.22787,-0.362969,2.42161,0.398289,0.665511,-0.381836,0.824254,0.404919,-0.13147
01324180,1523964169716,-7.53639,-3.53679,0.917794,0.306993,-0.305121,-0.291264,0.716177,0.346234,-0.442079
01324189,1523964169732,-8.94653,0.22247,1.62109,0.406305,0.294136,0.0689316,0.731545,-0.160051,-0.484831
01324188,1523964169732,-10.5768,2.58956,1.69913,-0.638562,0.803422,-0.328276,0.812671,-0.337862,-0.168507
01324185,1523964169732,-8.12886,-1.50216,-0.541303,0.0208095,-0.13559,-0.499305,0.824851,0.346799,-0.312616
01324181,1523964169732,-8.33977,-0.354482,2.29273,0.419405,0.671667,-0.337867,0.822393,0.40881,-0.125145
01324180,1523964169732,-7.79999,-3.67857,0.79118,0.271596,-0.336601,-0.298717,0.709613,0.348434,-0.450464
01324189,1523964169749,-10.4308,-0.0404017,1.04409,0.240722,0.511931,0.077135,0.735043,-0.162418,-0.478728
01324188,1523964169749,-12.0496,-1.64463,1.10888,-0.951601,0.700505,-0.348441,0.816308,-0.333129,-0.16502
01324185,1523964169749,-8.47162,-1.48091,-0.7064,0.0405634,-0.0977616,-0.570931,0.820769,0.352969,-0.314756
01324181,1523964169749,-8.9588,-0.298881,2.48332,0.388912,0.663518,-0.304937,0.820921,0.412867,-0.117497
01324180,1523964169749,-8.18313,-3.70964,0.562498,0.262389,-0.35812,-0.314672,0.706555,0.348674,-0.45718
01324189,1523964169766,-11.7775,-1.16998,3.23294,0.176777,0.56153,0.0575861,0.737721,-0.166198,-0.471555
01324188,1523964169766,-12.1363,-2.12719,2.24503,-0.289195,0.778479,-0.491755,0.820585,-0.322475,-0.157395
01324185,1523964169766,-8.88956,-1.61088,-0.861871,0.0762764,-0.0548031,-0.640887,0.816139,0.363939,-0.316809
01324181,1523964169766,-10.0321,-0.258342,2.6568,0.401191,0.617972,-0.293038,0.82001,0.417007,-0.112252
01324180,1523964169766,-8.7136,-3.74443,0.293686,0.232567,-0.366192,-0.304257,0.70012,0.350276,-0.463007
01324189,1523964169782,-11.233,-3.58775,4.81573,-0.0407835,0.375556,-0.0601234,0.741067,-0.167979,-0.464106
01324188,1523964169782,-10.2158,-2.03435,0.00791869,0.408165,0.927994,-0.372627,0.819448,-0.315841,-0.146044
01324185,1523964169782,-9.39168,-1.78829,-0.81914,0.191459,-0.0108207,-0.704115,0.810427,0.372376,-0.318573
01324181,1523964169782,-9.53995,-0.00971194,2.4161,0.396662,0.498526,-0.290768,0.818837,0.420578,-0.106992
01324180,1523964169782,-9.24006,-3.77112,0.177222,0.243221,-0.374729,-0.309412,0.694216,0.351271,-0.466148
01324189,1523964169799,-9.34524,-3.44823,2.75754,-0.0525235,0.0856427,-0.164852,0.741319,-0.164816,-0.46395
01324188,1523964169799,-9.21568,-0.989319,-1.01291,0.486682,0.918887,-0.301255,0.823363,-0.313555,-0.130983
01324185,1523964169799,-9.51435,-1.82584,-0.585421,0.449084,0.00953246,-0.706204,0.804173,0.379545,-0.320191
01324181,1523964169799,-8.97341,0.220212,2.39117,0.249675,0.44488,-0.259042,0.817436,0.421831,-0.103012
01324180,1523964169799,-9.15121,-3.72178,0.175944,0.263218,-0.414662,-0.325398,0.689685,0.35051,-0.471239
01324189,1523964169816,-7.7458,-1.7084,0.391072,0.18572,-0.0288988,-0.169534,0.739792,-0.163182,-0.462044
01324188,1523964169816,-8.95043,-1.15652,-0.686169,0.682301,0.876724,-0.285294,0.828914,-0.311928,-0.114905
01324185,1523964169816,-9.1587,-1.75059,-0.130701,0.749364,0.0374775,-0.616649,0.8009,0.382978,-0.325186
01324181,1523964169816,-9.14752,0.198232,3.01355,0.197774,0.426041,-0.227095,0.816811,0.424261,-0.0972014
01324180,1523964169816,-8.70934,-3.48503,0.193643,0.29375,-0.425727,-0.381588,0.683092,0.351054,-0.469778
01324189,1523964169832,-7.78926,-1.28035,0.923375,0.247689,0.060351,-0.137498,0.740036,-0.162026,-0.459894
01324188,1523964169832,-9.29657,-1.95087,-0.695516,0.589854,0.841089,-0.30493,0.831605,-0.309274,-0.10102
01324185,1523964169832,-8.81784,-1.71387,0.213435,1.11265,0.0693582,-0.514427,0.797359,0.384585,-0.32977
01324181,1523964169832,-9.28278,0.17204,3.41649,0.204677,0.254519,-0.229423,0.814063,0.427199,-0.0956374
01324180,1523964169832,-8.3369,-3.10869,0.175177,0.285406,-0.383575,-0.474526,0.675987,0.352964,-0.476671
01324189,1523964169849,-9.07804,-2.06837,1.23792,0.184294,-0.0490773,-0.108814,0.740024,-0.163168,-0.457894
01324188,1523964169849,-10.1838,-1.3019,-0.973649,0.563668,0.819894,-0.293986,0.835113,-0.307,-0.0855501
01324185,1523964169849,-8.77343,-1.5165,0.442437,1.46039,0.0812642,-0.485136,0.79381,0.384428,-0.338001
01324181,1523964169849,-9.13838,0.115567,3.36054,0.204447,0.053075,-0.218271,0.814033,0.429771,-0.0959569
01324180,1523964169849,-8.28303,-2.79881,0.16751,0.288913,-0.300943,-0.579501,0.669242,0.356382,-0.481568
01324189,1523964169866,-9.99155,-3.36195,1.15127,0.187299,-0.131767,-0.115567,0.738053,-0.164876,-0.464449
01324188,1523964169866,-10.3886,-0.455001,-1.295,0.203504,0.839235,-0.247613,0.835081,-0.30313,-0.0747901
01324185,1523964169866,-9.09969,-0.93175,0.498919,1.63553,0.035385,-0.497732,0.78754,0.380808,-0.350246
01324181,1523964169866,-9.07114,0.11152,3.34897,0.118757,-0.0223439,-0.177296,0.811056,0.431508,-0.0970266
01324180,1523964169866,-8.55536,-2.70077,0.182308,0.305853,-0.1975,-0.662982,0.662533,0.360189,-0.491404
01324189,1523964169882,-10.3347,-3.44428,1.34124,0.402876,-0.19183,-0.187516,0.737096,-0.165136,-0.463904
01324188,1523964169882,-10.2124,-1.21403,-1.46036,-0.158436,0.846382,-0.237566,0.838025,-0.297348,-0.0623297
01324185,1523964169882,-9.8117,-0.212275,0.444356,1.63099,-0.0268693,-0.555865,0.783312,0.377948,-0.359627
01324181,1523964169882,-9.43979,-0.0480689,3.29654,0.0678694,0.0190636,-0.137015,0.809691,0.432816,-0.0970396
01324180,1523964169882,-9.2997,-2.75283,0.169921,0.374692,-0.113115,-0.746199,0.655906,0.365993,-0.495249
01324189,1523964169899,-9.99097,-1.83472,1.86077,0.599566,-0.286384,-0.284488,0.734786,-0.164792,-0.464813
01324188,1523964169899,-9.77353,-1.55995,-1.87939,-0.0276182,0.816568,-0.229836,0.839504,-0.295945,-0.0524174
01324185,1523964169899,-10.6306,0.387298,0.19421,1.41913,-0.0509664,-0.609735,0.780844,0.378753,-0.36918
01324181,1523964169899,-9.51336,-0.00518846,3.19865,0.059685,0.0870729,-0.0932918,0.810355,0.433108,-0.0963874
01324180,1523964169899,-10.1989,-2.80685,0.170512,0.434241,-0.0171874,-0.794193,0.650113,0.370639,-0.502241
01324189,1523964169916,-9.68784,-0.419972,1.66727,0.434609,-0.32098,-0.249517,0.734276,-0.166376,-0.467498
01324188,1523964169916,-9.9827,-0.587379,-2.24035,0.0526517,0.736766,-0.227564,0.840833,-0.29235,-0.0425008
01324185,1523964169916,-11.2519,0.862908,0.00967307,1.02688,-0.0328314,-0.66712,0.774989,0.378323,-0.377008
01324181,1523964169916,-9.67758,-0.0409907,3.07029,0.0258165,0.183105,-0.0630022,0.809257,0.433726,-0.0950583
01324180,1523964169916,-10.8485,-2.73297,0.224998,0.440965,0.0381368,-0.839315,0.644701,0.375398,-0.505177
01324189,1523964169932,-9.73439,-0.252056,0.867559,0.0201516,-0.309748,-0.163864,0.729384,-0.165105,-0.469709
01324188,1523964169932,-10.0317,-0.793192,-2.43785,-0.142472,0.659795,-0.195225,0.842166,-0.289337,-0.0326206
01324185,1523964169932,-11.2468,0.997654,-0.0501642,0.535981,0.00202653,-0.649796,0.768866,0.382466,-0.381869
01324181,1523964169932,-10.1189,-0.0753692,3.12608,0.0294097,0.289436,-0.0559428,0.808942,0.435364,-0.0924281
01324180,1523964169932,-10.895,-2.52642,0.274016,0.367752,0.0672307,-0.904569,0.64008,0.38042,-0.505685
01324189,1523964169949,-9.8986,-0.962444,0.590865,-0.324724,-0.249091,-0.0904664,0.72888,-0.16224,-0.475709
01324188,1523964169949,-9.80459,-1.52489,-2.74584,-0.197286,0.56045,-0.195744,0.84378,-0.287315,-0.0265815
01324185,1523964169949,-10.9941,0.692825,0.0756071,0.120742,0.0490528,-0.57485,0.765193,0.388084,-0.38335
01324181,1523964169949,-10.7612,-0.189751,3.17005,0.0345773,0.307772,-0.0271819,0.809442,0.43489,-0.0876333
01324180,1523964169949,-10.6331,-2.24915,0.369938,0.173273,0.147115,-0.991386,0.631081,0.390429,-0.501699
01324189,1523964169966,-10.1943,-1.69322,0.257689,-0.433758,-0.154653,-0.0500781,0.726434,-0.158733,-0.4786
01324188,1523964169966,-9.83393,-1.66959,-3.42296,-0.157868,0.413649,-0.18026,0.845121,-0.285314,-0.0200009
01324185,1523964169966,-10.7948,0.166991,0.39034,-0.14916,0.0261728,-0.475788,0.762478,0.394903,-0.381052
01324181,1523964169966,-11.1358,-0.17967,3.22542,-0.00648439,0.221274,-0.0190884,0.80858,0.436135,-0.0836587
01324180,1523964169966,-10.3247,-2.14885,0.358998,-0.0179411,0.250063,-1.09038,0.626642,0.401528,-0.499246
01324189,1523964169982,-10.7767,-2.37663,0.552079,-0.361649,-0.0843655,0.00346394,0.724799,-0.156249,-0.480169
01324188,1523964169982,-10.1086,-0.744148,-3.55917,-0.325831,0.225575,-0.164071,0.844424,-0.282779,-0.0178108
01324185,1523964169982,-10.8228,-0.425008,0.526224,-0.278329,-0.036827,-0.376573,0.759758,0.399836,-0.381483
01324181,1523964169982,-11.3196,-0.235476,3.53926,-0.0789306,0.0547238,0.0142323,0.809912,0.43657,-0.0826172
01324180,1523964169982,-10.326,-2.05714,0.35949,-0.218895,0.340167,-1.16133,0.620309,0.411761,-0.492048
01324189,1523964169999,-10.6064,-2.98794,0.674626,-0.217951,-0.0185282,0.0215684,0.724798,-0.15309,-0.482019
01324188,1523964169999,-10.203,-1.40959,-3.16734,-0.572091,0.0949918,-0.122936,0.845769,-0.2805,-0.0171456
01324185,1523964169999,-11.0004,-1.03537,0.627456,-0.32321,-0.107735,-0.280768,0.755414,0.406797,-0.379179
01324181,1523964169999,-11.3309,-0.126409,3.50812,-0.0818497,-0.0730744,0.0372565,0.810169,0.436318,-0.0808849
01324180,1523964169999,-10.5566,-2.14093,0.264936,-0.376779,0.418395,-1.15472,0.615823,0.425308,-0.486028
01324189,1523964170016,-10.1719,-3.13148,0.672594,-0.07087,0.0247497,0.039668,0.723703,-0.15191,-0.482265
01324188,1523964170016,-9.85932,-2.6516,-2.96623,-0.418148,-0.0277044,-0.100131,0.846029,-0.278303,-0.0205169
01324185,1523964170016,-11.2961,-1.48385,0.547671,-0.269751,-0.126753,-0.187931,0.752968,0.411457,-0.379085
01324181,1523964170016,-11.032,-0.14961,3.56844,-0.0766972,-0.04414,0.0736201,0.811,0.435003,-0.0815314
01324180,1523964170016,-10.8098,-2.34815,0.174318,-0.480801,0.483442,-1.09337,0.610507,0.440608,-0.479419
01324189,1523964170032,-10.0595,-3.08562,0.590682,0.0229113,0.0997056,0.0478152,0.724252,-0.153362,-0.481747
01324188,1523964170032,-9.72026,-2.98424,-3.05575,-0.108915,-0.153473,-0.0427215,0.846018,-0.276101,-0.0238846
01324185,1523964170032,-11.5383,-1.66796,0.30031,-0.176793,-0.10539,-0.0750018,0.752428,0.411767,-0.377647
01324181,1523964170032,-10.8211,-0.248846,3.364,-0.110636,-0.0276851,0.108304,0.811031,0.433681,-0.0829677
01324180,1523964170032,-11.0314,-2.75305,0.0925897,-0.490421,0.489162,-0.942231,0.607331,0.456008,-0.471487
01324189,1523964170049,-10.1481,-3.05492,0.842802,0.0283788,0.170518,0.0734867,0.725588,-0.154533,-0.478289
01324188,1523964170049,-9.7956,-2.40187,-2.85107,0.106166,-0.277581,0.0139965,0.845757,-0.277381,-0.027602
01324185,1523964170049,-11.3989,-1.65463,0.0321536,-0.102946,-0.0162881,0.00425871,0.75066,0.412307,-0.378955
01324181,1523964170049,-10.7415,-0.277221,3.61138,-0.124995,-0.00434513,0.127501,0.812395,0.431677,-0.0820087
01324180,1523964170049,-10.9894,-3.00355,0.0867909,-0.43057,0.477666,-0.796067,0.605273,0.468052,-0.464316
01324189,1523964170066,-9.89045,-2.8977,0.975594,0.0439398,0.263546,0.0830888,0.726262,-0.157131,-0.475906
01324188,1523964170066,-9.85466,-2.00914,-2.77716,0.118832,-0.371146,0.074986,0.844683,-0.279323,-0.0293282
01324185,1523964170066,-11.1333,-1.52391,-0.0290879,-0.0818301,0.0935909,0.085114,0.752968,0.414876,-0.377417
01324181,1523964170066,-10.5548,-0.357343,3.4185,-0.105398,0.000996732,0.130893,0.812263,0.430838,-0.0811914
01324180,1523964170066,-10.7316,-3.10938,0.108061,-0.353452,0.463931,-0.623447,0.602467,0.475762,-0.458302
01324189,1523964170082,-9.84854,-2.631,0.975595,0.0590093,0.323762,0.0572506,0.729912,-0.157787,-0.47247
01324188,1523964170082,-9.84684,-1.82563,-2.47084,0.0746728,-0.442044,0.0986775,0.844693,-0.280234,-0.0347788
01324185,1523964170082,-10.8651,-1.37387,0.00156141,-0.130663,0.130721,0.135895,0.754061,0.411519,-0.375818
01324181,1523964170082,-10.3147,-0.37872,3.3649,-0.0964122,0.0636919,0.127902,0.813335,0.430004,-0.0793224
01324180,1523964170082,-10.2812,-3.1651,0.170158,-0.269157,0.436101,-0.447395,0.601558,0.48228,-0.453017
01324189,1523964170099,-9.92246,-2.52016,0.938029,0.0595664,0.382448,0.0473823,0.732593,-0.158122,-0.467681
01324188,1523964170099,-9.81306,-1.83397,-2.32904,0.0777073,-0.550974,0.136447,0.845244,-0.280628,-0.0420915
01324185,1523964170099,-10.5246,-1.26041,0.0149368,-0.207302,0.125048,0.194619,0.758277,0.411583,-0.37243
01324181,1523964170099,-10.1018,-0.419946,3.45399,-0.0821656,0.099976,0.129848,0.813897,0.427439,-0.0783433
01324180,1523964170099,-9.79347,-3.11904,0.238012,-0.179199,0.406367,-0.30647,0.601189,0.488056,-0.446673
01324189,1523964170116,-9.91144,-2.46612,0.718924,0.034829,0.394811,0.0863622,0.73584,-0.159632,-0.464248
01324188,1523964170116,-9.88597,-1.93542,-2.26498,0.188687,-0.618364,0.150618,0.844452,-0.283213,-0.0519516
01324185,1523964170116,-10.1145,-1.22923,0.0407312,-0.297848,0.131674,0.236258,0.758831,0.41252,-0.36773
01324181,1523964170116,-9.82531,-0.338929,3.31897,-0.0679371,0.0592345,0.128506,0.817134,0.426,-0.0766173
01324180,1523964170116,-9.36934,-3.03058,0.334481,-0.138447,0.379666,-0.150864,0.603842,0.488116,-0.440352
01324189,1523964170132,-9.66795,-2.27497,0.555053,0.0432846,0.422253,0.0800688,0.738123,-0.161398,-0.459734
01324188,1523964170132,-9.73196,-2.11836,-2.04311,0.273683,-0.678102,0.198362,0.84299,-0.287432,-0.0609618
01324185,1523964170132,-9.74314,-1.31335,0.0936394,-0.36997,0.157265,0.255653,0.762773,0.410296,-0.36589
01324181,1523964170132,-9.59785,-0.287487,3.0393,-0.0643401,0.0503433,0.129213,0.817815,0.424862,-0.0758023
01324180,1523964170132,-9.04647,-2.9699,0.434642,-0.0558442,0.368124,-0.000147042,0.605682,0.489213,-0.434945
01324189,1523964170149,-9.6272,-2.157,0.744577,0.0572555,0.432489,0.0854206,0.742289,-0.162053,-0.453223
01324188,1523964170149,-9.93537,-2.17627,-1.58134,0.464315,-0.768568,0.242888,0.840701,-0.290183,-0.0667685
01324185,1523964170149,-9.52633,-1.4086,0.0950428,-0.387126,0.168118,0.264911,0.765776,0.408296,-0.35973
01324181,1523964170149,-9.55188,-0.0831895,3.08881,-0.0750125,0.0626814,0.127595,0.817304,0.421327,-0.0739933
01324180,1523964170149,-8.8794,-2.8437,0.557811,-0.00435561,0.341007,0.13537,0.608635,0.489749,-0.436196
01324189,1523964170166,-9.56378,-2.30723,0.709185,0.0830112,0.463248,0.0658929,0.746596,-0.163001,-0.447118
01324188,1523964170166,-10.4768,-2.1208,-1.29605,0.527681,-0.847161,0.322025,0.840328,-0.294552,-0.0760715
01324185,1523964170166,-9.51199,-1.4857,0.141323,-0.34942,0.169679,0.281867,0.76728,0.407811,-0.355542
01324181,1523964170166,-9.52473,0.0384513,3.07216,-0.0857407,0.0149362,0.128917,0.818657,0.421019,-0.0741341
01324180,1523964170166,-8.80714,-2.83856,0.609299,0.0502397,0.282478,0.265404,0.614573,0.487029,-0.436067
01324189,1523964170182,-9.55732,-2.71699,0.975862,0.0726014,0.451206,-0.00696472,0.751474,-0.1657,-0.442641
01324188,1523964170182,-10.6903,-2.32948,-1.34062,0.440944,-0.881967,0.418379,0.835754,-0.300907,-0.0850416
01324185,1523964170182,-9.42781,-1.57049,0.141018,-0.267599,0.142678,0.302343,0.770684,0.405622,-0.351869
01324181,1523964170182,-9.54957,0.0333807,2.98033,-0.104568,-0.0705964,0.143756,0.820539,0.421284,-0.0738932
01324180,1523964170182,-8.80681,-2.87263,0.635701,0.0729698,0.248389,0.395413,0.61837,0.482294,-0.43243
01324189,1523964170199,-9.2787,-3.24934,0.914406,0.0271382,0.425581,-0.0995157,0.756047,-0.16378,-0.437588
01324188,1523964170199,-9.15126,-2.57216,-0.888354,0.404533,-0.929205,0.412533,0.829418,-0.307834,-0.0967221
01324185,1523964170199,-9.36241,-1.48901,0.166497,-0.141786,0.122319,0.324431,0.775443,0.403131,-0.349243
01324181,1523964170199,-9.33784,0.0213228,2.98674,-0.155424,-0.189906,0.153175,0.821122,0.41895,-0.0754472
01324180,1523964170199,-8.83542,-2.90188,0.630427,0.112062,0.197546,0.490251,0.624583,0.476925,-0.427217
01324189,1523964170216,-8.90215,-3.58398,0.676688,-0.044587,0.343189,-0.208065,0.758981,-0.160378,-0.43304
01324188,1523964170216,-8.77138,-2.4642,-0.663669,0.324538,-0.940144,0.449088,0.826887,-0.314545,-0.108167
01324185,1523964170216,-9.25309,-1.26811,0.244468,-0.00245663,0.108966,0.35495,0.780069,0.398528,-0.346335
01324181,1523964170216,-9.12996,0.0529676,2.89811,-0.18206,-0.225555,0.142551,0.821988,0.416026,-0.077524
01324180,1523964170216,-8.83518,-2.9262,0.647214,0.103651,0.164056,0.584905,0.631382,0.470133,-0.428536
01324189,1523964170232,-8.94917,-2.90794,0.40152,-0.0522679,0.239504,-0.319845,0.761672,-0.157847,-0.431041
01324188,1523964170232,-9.77003,-1.86959,-1.03911,0.260156,-0.955362,0.510269,0.824623,-0.320736,-0.11837
01324185,1523964170232,-9.24951,-0.916526,0.330476,0.0865325,0.0927259,0.401722,0.783467,0.393449,-0.346167
01324181,1523964170232,-9.03342,0.0567057,2.69097,-0.180345,-0.205749,0.163376,0.823088,0.415265,-0.0788502
01324180,1523964170232,-8.81703,-2.83418,0.640646,0.114342,0.112228,0.636497,0.637603,0.466247,-0.428435
01324189,1523964170249,-9.49436,-2.13413,-0.109302,0.0271933,0.121304,-0.351255,0.763933,-0.15271,-0.428481
01324188,1523964170249,-10.0036,-0.945948,-1.28633,0.158947,-1.01742,0.49733,0.819243,-0.32821,-0.131175
01324185,1523964170249,-9.2924,-0.75491,0.364619,0.0888626,0.11262,0.456028,0.786053,0.387821,-0.345205
01324181,1523964170249,-9.55664,-0.097374,2.56741,-0.196263,-0.229896,0.146126,0.823803,0.413633,-0.0809525
01324180,1523964170249,-8.89069,-2.73307,0.584894,0.0810325,0.092245,0.666958,0.643477,0.458164,-0.42963
01324189,1523964170266,-9.98446,-0.875008,0.0520036,-0.01069,0.0148413,-0.322672,0.766093,-0.148448,-0.429008
01324188,1523964170266,-9.65518,0.484793,-1.25389,-0.0452197,-1.0803,0.458963,0.817253,-0.334196,-0.145818
01324185,1523964170266,-9.48302,-0.79223,0.382869,0.00802348,0.0959646,0.477528,0.791081,0.382046,-0.344512
01324181,1523964170266,-9.65771,-0.283159,2.81665,-0.191097,-0.47064,0.132007,0.826274,0.413218,-0.0852275
01324180,1523964170266,-9.07191,-2.56615,0.579207,0.0475894,0.0755711,0.707152,0.650412,0.451077,-0.430551
01324189,1523964170282,-10.3459,0.313665,1.03879,-0.084289,-0.10406,-0.255106,0.767456,-0.145756,-0.430609
01324188,1523964170282,-9.68776,0.907958,-0.367036,-0.221384,-1.09761,0.400895,0.810652,-0.34163,-0.162111
01324185,1523964170282,-9.58675,-0.880556,0.507111,-0.0142028,0.0630129,0.511805,0.794885,0.372691,-0.346529
01324181,1523964170282,-9.3398,-0.318233,2.83626,-0.264215,-0.65554,0.135733,0.824894,0.410639,-0.0926103
01324180,1523964170282,-9.10918,-2.50416,0.610604,-0.00205126,0.0795604,0.761397,0.657995,0.44454,-0.428088
01324189,1523964170299,-10.1084,1.17543,1.42183,-0.1133,-0.168365,-0.157405,0.769095,-0.142067,-0.433278
01324188,1523964170299,-9.65971,0.664587,-0.0570018,-0.0818819,-1.15931,0.340997,0.805254,-0.345896,-0.177951
01324185,1523964170299,-9.48277,-0.895504,0.665382,0.0143313,0.00949388,0.561419,0.798965,0.367499,-0.344922
01324181,1523964170299,-8.94505,-0.333006,2.8753,-0.262472,-0.659012,0.142496,0.824985,0.409178,-0.100298
01324180,1523964170299,-9.00625,-2.4656,0.732665,-0.0408473,0.0913658,0.775287,0.66373,0.436305,-0.427797
01324189,1523964170316,-9.53567,1.63559,1.7015,-0.0955717,-0.255722,-0.0826647,0.769787,-0.13807,-0.436871
01324188,1523964170316,-9.16971,1.13452,0.0672766,0.0120575,-1.19666,0.259863,0.802567,-0.348342,-0.199375
01324185,1523964170316,-9.12769,-0.791669,0.780138,0.112402,-0.0360947,0.673782,0.803312,0.36184,-0.345536
01324181,1523964170316,-8.59865,-0.178473,2.85523,-0.317599,-0.686688,0.135431,0.82546,0.409151,-0.107754
01324180,1523964170316,-8.7049,-2.41458,0.808394,-0.0947468,0.0791747,0.758981,0.670614,0.429009,-0.417898
01324189,1523964170332,-8.86047,1.69296,1.85209,-0.109728,-0.318596,0.00967563,0.768194,-0.137762,-0.441405
01324188,1523964170332,-9.23575,1.61085,0.258405,-0.275017,-1.24715,0.198905,0.796612,-0.350379,-0.215878
01324185,1523964170332,-8.67864,-0.649993,0.788574,0.206344,-0.0667769,0.772425,0.808477,0.348965,-0.347131
01324181,1523964170332,-8.20471,-0.0330278,2.76803,-0.354263,-0.761507,0.16064,0.824201,0.407017,-0.114349
01324180,1523964170332,-8.37461,-2.3435,0.845846,-0.192135,0.0736812,0.707279,0.676589,0.423093,-0.417563
01324189,1523964170349,-8.55371,1.35363,1.97809,-0.25427,-0.346369,0.0998119,0.766349,-0.136597,-0.448608
01324188,1523964170349,-9.44493,1.28828,0.6408,-0.66006,-1.25451,0.07403,0.792005,-0.350407,-0.235238
01324185,1523964170349,-8.34294,-0.45471,0.723666,0.2742,-0.0790453,0.837836,0.814179,0.337324,-0.350571
01324181,1523964170349,-7.82643,0.158179,2.86338,-0.41059,-0.824608,0.19808,0.825886,0.407676,-0.122363
01324180,1523964170349,-8.0773,-2.3131,0.812662,-0.268953,0.0945058,0.659406,0.683351,0.41773,-0.414794
01324189,1523964170366,-8.4263,0.515516,2.54862,-0.646394,-0.383648,0.119884,0.763127,-0.135244,-0.454454
01324188,1523964170366,-9.81634,1.5492,0.764066,-0.990844,-1.20465,0.0386179,0.786294,-0.347901,-0.252268
01324185,1523964170366,-8.19756,-0.125887,0.583035,0.255338,-0.0896425,0.811523,0.817708,0.326805,-0.354407
01324181,1523964170366,-7.63989,0.279214,2.92505,-0.49,-0.823983,0.238789,0.824567,0.403147,-0.133698
01324180,1523964170366,-7.97228,-2.36179,0.738496,-0.329851,0.0896428,0.629061,0.689324,0.413579,-0.418212
01324189,1523964170383,-8.79784,-0.702447,3.45681,-1.14778,-0.390348,0.0898854,0.759772,-0.129294,-0.463477
01324188,1523964170383,-10.4258,0.834306,0.910074,-1.20972,-1.1233,0.0715743,0.782482,-0.344116,-0.275444
01324185,1523964170383,-8.3298,0.173286,0.357539,0.137218,-0.117106,0.76763,0.824366,0.314355,-0.35588
01324181,1523964170383,-7.69776,0.22523,2.83394,-0.524802,-0.742022,0.274107,0.826261,0.402254,-0.140616
01324180,1523964170383,-8.18311,-2.46914,0.61017,-0.385827,0.0896399,0.621695,0.694728,0.409252,-0.414861
01324189,1523964170399,-9.76952,-1.73544,4.48647,-1.51648,-0.433604,0.096052,0.761424,-0.119582,-0.471188
01324188,1523964170399,-10.2745,0.562487,1.08464,-1.04212,-1.04915,0.123125,0.778126,-0.341051,-0.292457
01324185,1523964170399,-8.7277,0.404219,0.0567669,-0.112163,-0.12638,0.657491,0.826676,0.306699,-0.357646
01324181,1523964170399,-8.24649,0.10712,2.85684,-0.557021,-0.695259,0.313553,0.826081,0.39941,-0.146276
01324180,1523964170399,-8.60159,-2.61788,0.513426,-0.457403,0.0610487,0.638682,0.70096,0.40479,-0.415583
01324189,1523964170416,-10.1153,-2.70247,4.94213,-1.60284,-0.480021,0.103042,0.758716,-0.108319,-0.479909
01324188,1523964170416,-9.21292,-0.0316941,1.36573,-0.848519,-0.920078,0.150821,0.774848,-0.336548,-0.309392
01324185,1523964170416,-9.31482,0.296785,-0.305216,-0.431591,-0.127923,0.551681,0.831025,0.300347,-0.3576
01324181,1523964170416,-9.00765,0.0932121,2.92227,-0.617634,-0.712633,0.32758,0.827015,0.394802,-0.153241
01324180,1523964170416,-9.16479,-2.80472,0.434394,-0.562441,0.0337449,0.673073,0.707124,0.403781,-0.410959
01324189,1523964170433,-9.822,-3.75453,5.33196,-1.52756,-0.511877,0.110423,0.755326,-0.0966067,-0.488886
01324188,1523964170433,-9.32328,0.209556,1.40531,-0.808749,-0.747617,0.147651,0.767243,-0.335724,-0.324077
01324185,1523964170433,-10.0398,-0.0552399,-0.518049,-0.771216,-0.129136,0.464635,0.833069,0.298562,-0.354972
01324181,1523964170433,-9.70957,-0.104523,3.16066,-0.642769,-0.804186,0.344307,0.826282,0.393526,-0.159594
01324180,1523964170433,-9.76824,-3.07959,0.417325,-0.702417,-0.0188082,0.735185,0.712502,0.401192,-0.406625
01324189,1523964170449,-9.45798,-4.72203,5.95946,-1.3345,-0.586427,0.0791763,0.748018,-0.0853829,-0.501036
01324188,1523964170449,-9.69126,-0.0554224,-0.175367,-0.7826,-0.470391,0.16855,0.762069,-0.332626,-0.33838
01324185,1523964170449,-10.8858,-0.649528,-0.553366,-1.00627,-0.143576,0.393748,0.835655,0.298903,-0.351843
01324181,1523964170449,-10.6073,-0.224705,3.63539,-0.68909,-0.846721,0.332265,0.827214,0.389198,-0.166831
01324180,1523964170449,-10.3437,-3.45793,0.399961,-0.842457,-0.0606778,0.788549,0.718055,0.393197,-0.397262
01324189,1523964170466,-9.69335,-4.8722,6.70261,-1.13004,-0.67481,0.00545431,0.743836,-0.0761039,-0.511095
01324188,1523964170466,-9.51563,-1.16494,-2.65029,-0.638631,0.0260653,0.154726,0.761928,-0.33127,-0.342339
01324185,1523964170466,-11.8335,-1.39249,-0.621618,-1.13505,-0.167304,0.378958,0.838103,0.299517,-0.34924
01324181,1523964170466,-11.1426,-0.571001,4.01051,-0.587651,-0.848553,0.314868,0.827863,0.386853,-0.175305
01324180,1523964170466,-11.2646,-3.8345,0.287392,-1.01249,-0.113813,0.876888,0.725038,0.3916,-0.393879
01324189,1523964170483,-10.5532,-4.93154,7.01484,-0.971048,-0.781639,-0.0815998,0.741558,-0.0660117,-0.521303
01324188,1523964170483,-9.00067,-1.91693,-3.66307,-0.450511,0.704502,0.0547168,0.763285,-0.331242,-0.340331
01324185,1523964170483,-12.6266,-2.05212,-0.653674,-1.16834,-0.150009,0.416492,0.839472,0.299892,-0.344406
01324181,1523964170483,-10.4481,-0.824734,3.9208,-0.454175,-0.846745,0.314313,0.827822,0.384276,-0.18177
01324180,1523964170483,-12.0749,-4.17627,0.20268,-1.14377,-0.191579,0.975834,0.731352,0.388104,-0.386466
01324189,1523964170499,-11.2558,-5.47528,7.26513,-0.573039,-0.875379,-0.112818,0.736833,-0.0574378,-0.531228
01324188,1523964170499,-9.64974,-0.905035,-3.89822,-0.347745,1.35292,-0.0641489,0.770588,-0.327064,-0.326408
01324185,1523964170499,-12.6998,-2.43195,-0.51561,-1.14559,-0.0936395,0.53094,0.841111,0.299258,-0.34061
01324181,1523964170499,-9.65492,-0.734967,3.52568,-0.435924,-0.642348,0.281336,0.827645,0.383231,-0.190262
01324180,1523964170499,-12.0796,-4.37439,0.213631,-1.23795,-0.288519,1.07122,0.737674,0.384471,-0.380409
01324189,1523964170516,-11.1105,-5.70103,6.82914,-0.27888,-1.0477,-0.109766,0.727254,-0.0533569,-0.543677
01324188,1523964170516,-10.5555,1.39929,-3.30559,-0.23518,1.79735,-0.0702239,0.780612,-0.324084,-0.306661
01324185,1523964170516,-12.0385,-2.50318,-0.188935,-1.06981,-0.0098953,0.694311,0.846287,0.295282,-0.334439
01324181,1523964170516,-9.39529,-0.579225,3.73688,-0.430169,-0.367119,0.245699,0.829354,0.378548,-0.193641
01324180,1523964170516,-11.4715,-4.47957,0.335,-1.33174,-0.35423,1.0911,0.74348,0.380725,-0.378134
01324189,1523964170533,-9.77912,-4.96244,5.75684,-0.261546,-1.13119,-0.0973936,0.714157,-0.04934,-0.558766
01324188,1523964170533,-10.7558,3.53814,-3.21755,-0.401095,2.12504,0.0418833,0.796085,-0.324199,-0.278952
01324185,1523964170533,-11.1666,-2.258,0.0332693,-0.954343,0.0870653,0.802221,0.852279,0.292026,-0.327492
01324181,1523964170533,-9.17589,-0.375334,3.82373,-0.369369,-0.20762,0.212333,0.827766,0.376835,-0.194387
01324180,1523964170533,-10.5535,-4.64492,0.555741,-1.3764,-0.405245,1.08318,0.749725,0.37348,-0.374854
01324189,1523964170549,-8.35367,-4.13617,4.69306,-0.211781,-1.02163,-0.0337619,0.704856,-0.0451257,-0.571887
01324188,1523964170549,-10.5928,4.50004,-3.28049,-0.903218,2.36658,0.218102,0.807753,-0.323834,-0.253861
01324185,1523964170549,-10.4254,-2.00739,0.0426351,-0.938972,0.119059,0.834148,0.856098,0.28421,-0.322849
01324181,1523964170549,-9.02969,-0.252188,3.68948,-0.276677,-0.0617319,0.206353,0.829382,0.376537,-0.193866
01324180,1523964170549,-9.7587,-4.81134,0.741437,-1.31646,-0.408014,1.04991,0.755411,0.368428,-0.372469
01324189,1523964170566,-6.68268,-2.73346,3.77543,0.0728249,-0.814368,0.0659603,0.697889,-0.0497409,-0.581355
01324188,1523964170566,-10.4441,4.17535,-3.12949,-1.20453,2.58517,0.409639,0.814525,-0.323139,-0.227745
01324185,1523964170566,-10.0151,-1.80302,-0.105632,-1.01208,0.0877328,0.793513,0.861953,0.278956,-0.31706
01324181,1523964170566,-9.00272,-0.266248,3.47257,-0.191145,0.0355761,0.203468,0.83182,0.375644,-0.193873
01324180,1523964170566,-9.36548,-4.94537,0.841216,-1.20397,-0.410426,1.0118,0.760006,0.366174,-0.373393
01324189,1523964170583,-6.07729,-2.14547,3.35146,0.361124,-0.54631,0.229772,0.69334,-0.0539716,-0.587498
01324188,1523964170583,-10.5693,3.03861,-2.21332,-1.19136,2.72169,0.624525,0.824043,-0.327317,-0.198327
01324185,1523964170583,-9.88942,-1.62096,-0.260893,-1.16783,-0.0246666,0.673611,0.866181,0.274993,-0.31023
01324181,1523964170583,-8.98408,-0.353222,3.29565,-0.14673,0.064296,0.224265,0.832655,0.373346,-0.193567
01324180,1523964170583,-9.23849,-5.03316,0.83714,-1.01643,-0.409289,0.988331,0.764605,0.36245,-0.371371
01324189,1523964170599,-6.41433,-1.62811,3.38698,0.602722,-0.390562,0.384051,0.688536,-0.0633735,-0.592206
01324188,1523964170599,-10.7028,2.9176,-1.72986,-0.482087,2.83482,0.888138,0.829779,-0.335745,-0.164005
01324185,1523964170599,-9.79544,-1.46289,-0.543151,-1.31487,-0.158498,0.531732,0.869857,0.272235,-0.306814
01324181,1523964170599,-9.04689,-0.436335,3.15194,-0.116465,0.0820821,0.227794,0.835902,0.370492,-0.191014
01324180,1523964170599,-9.13588,-5.08934,0.784661,-0.841985,-0.453224,0.938099,0.770055,0.355823,-0.371855
01324189,1523964170616,-7.06488,-1.47824,3.69169,0.750199,-0.313191,0.497362,0.686056,-0.0748507,-0.596422
01324188,1523964170616,-10.2833,3.29222,-1.73172,0.35916,2.84625,1.20383,0.832182,-0.355281,-0.121842
01324185,1523964170616,-9.6678,-1.33394,-0.833829,-1.47569,-0.253174,0.415975,0.872583,0.270621,-0.30262
01324181,1523964170616,-8.92234,-0.429978,3.11397,-0.0949538,0.109971,0.205525,0.837991,0.363913,-0.189168
01324180,1523964170616,-9.06336,-5.04878,0.681666,-0.741404,-0.469241,0.882352,0.772279,0.349836,-0.372819
01324189,1523964170633,-6.97983,-1.27749,3.29656,0.794248,-0.199691,0.566572,0.681505,-0.0879826,-0.596742
01324188,1523964170633,-9.95266,3.78842,-1.83506,0.783168,2.77368,1.4113,0.830229,-0.373935,-0.0782208
01324185,1523964170633,-9.46101,-1.45094,-0.994342,-1.59634,-0.270431,0.33113,0.873673,0.272497,-0.300417
01324181,1523964170633,-8.79032,-0.384572,2.90142,-0.0343369,0.173558,0.198946,0.839609,0.361109,-0.185401
01324180,1523964170633,-9.06359,-4.67722,0.700623,-0.759339,-0.499216,0.801239,0.774481,0.345443,-0.37321
01324189,1523964170649,-6.65297,-0.694204,3.03987,0.891347,-0.0160656,0.593135,0.680763,-0.102217,-0.595775
01324188,1523964170649,-9.54567,4.0321,-1.72493,0.984229,2.72306,1.48828,0.825571,-0.394511,-0.0361692
01324185,1523964170649,-9.31948,-1.70707,-1.02203,-1.64239,-0.221143,0.281513,0.874087,0.275679,-0.296392
01324181,1523964170649,-8.75426,-0.296693,2.76473,0.0352897,0.247395,0.170899,0.841211,0.361399,-0.184226
01324180,1523964170649,-8.89399,-4.99691,0.528923,-0.825015,-0.522912,0.747792,0.777215,0.341477,-0.373601
01324189,1523964170666,-6.25053,0.537283,2.59858,1.04101,0.201477,0.608236,0.680292,-0.120622,-0.592165
01324188,1523964170666,-9.49688,4.15695,-1.6735,1.01449,2.56316,1.554,0.818471,-0.415969,0.00693637
01324185,1523964170666,-9.28912,-2.15977,-0.868238,-1.60512,-0.130301,0.244322,0.875451,0.280423,-0.291862
01324181,1523964170666,-8.78749,-0.355286,2.73183,0.101242,0.296755,0.157341,0.843646,0.357729,-0.180183
01324180,1523964170666,-8.88814,-4.67719,0.434061,-0.806238,-0.566259,0.686145,0.780385,0.335775,-0.376468
01324189,1523964170683,-6.47902,1.68568,2.71186,1.26066,0.382377,0.700176,0.683075,-0.139248,-0.586585
01324188,1523964170683,-9.50146,4.2471,-1.45769,0.837304,2.37128,1.62325,0.807172,-0.439059,0.0459475
01324185,1523964170683,-9.40087,-2.52974,-0.738329,-1.45727,-0.0899033,0.203109,0.876823,0.281818,-0.285337
01324181,1523964170683,-8.83943,-0.443226,2.71386,0.142348,0.296222,0.125338,0.845409,0.354899,-0.177481
01324180,1523964170683,-8.89085,-4.46201,0.398963,-0.858972,-0.569673,0.629576,0.780847,0.332893,-0.381538
01324189,1523964170700,-7.13347,1.86743,2.76112,1.27591,0.510292,0.817388,0.686929,-0.163062,-0.575834
01324188,1523964170700,-9.28031,3.90288,-1.31189,0.533506,2.13481,1.63986,0.790177,-0.463614,0.081028
01324185,1523964170700,-9.49322,-2.83726,-0.641436,-1.30958,-0.0865207,0.158727,0.876832,0.287004,-0.27989
01324181,1523964170700,-8.89729,-0.494788,2.62754,0.199476,0.331178,0.0987586,0.847909,0.35695,-0.173825
01324180,1523964170700,-8.93576,-4.54224,0.402918,-0.903184,-0.56001,0.576606,0.781674,0.332168,-0.384135
01324189,1523964170716,-7.62443,1.79147,2.61257,1.06981,0.64392,0.953362,0.690229,-0.183697,-0.566123
01324188,1523964170716,-8.93892,3.3577,-1.45641,0.195408,1.81917,1.5722,0.777512,-0.484593,0.109806
01324185,1523964170716,-9.5607,-2.90414,-0.514113,-1.07565,-0.0839247,0.117646,0.877116,0.289372,-0.274156
01324181,1523964170716,-8.95539,-0.466356,2.62179,0.231748,0.353474,0.05835,0.849274,0.354388,-0.172189
01324180,1523964170716,-8.95632,-4.66907,0.50353,-0.89419,-0.550585,0.543294,0.781153,0.331019,-0.384692
01324189,1523964170733,-8.26219,1.92232,2.95598,0.807139,0.836931,1.08907,0.692973,-0.201728,-0.556921
01324188,1523964170733,-8.84768,3.19687,-1.26073,-0.298806,1.48039,1.47661,0.765247,-0.503079,0.128892
01324185,1523964170733,-9.58929,-2.86532,-0.387116,-0.820998,-0.0864807,0.108882,0.878069,0.2921,-0.271699
01324181,1523964170733,-9.10779,-0.412333,2.5908,0.25325,0.344155,0.0297886,0.849907,0.3535,-0.166588
01324180,1523964170733,-8.90291,-4.72272,0.614933,-0.862178,-0.52618,0.466278,0.782782,0.32954,-0.384881
01324189,1523964170750,-9.00931,1.97204,2.90409,0.419208,0.944877,1.20854,0.698137,-0.220381,-0.544001
01324188,1523964170750,-9.11651,2.40542,-1.03486,-0.766084,1.09484,1.3311,0.75108,-0.520691,0.139428
01324185,1523964170750,-9.58862,-2.71593,-0.262509,-0.553177,-0.0766197,0.120425,0.879159,0.292417,-0.269874
01324181,1523964170750,-9.28848,-0.336879,2.64616,0.27482,0.31861,-0.0161463,0.85154,0.351496,-0.165499
01324180,1523964170750,-8.96069,-4.77253,0.69627,-0.804027,-0.494669,0.390381,0.780111,0.330193,-0.389157
01324189,1523964170766,-9.20066,1.96104,2.23028,0.0126537,1.05441,1.24964,0.701391,-0.236828,-0.532113
01324188,1523964170766,-9.19264,1.40208,-0.952965,-1.03443,0.716937,1.21362,0.73897,-0.540114,0.141195
01324185,1523964170766,-9.62606,-2.35929,-0.18693,-0.334621,-0.0490479,0.0927941,0.879567,0.292989,-0.269488
01324181,1523964170766,-9.39433,-0.282383,2.70964,0.303479,0.276306,-0.0596796,0.85367,0.352641,-0.164215
01324180,1523964170766,-9.01781,-4.87308,0.782168,-0.684977,-0.445631,0.32553,0.779576,0.330794,-0.390896
01324189,1523964170783,-9.32054,1.95125,1.97649,-0.255311,1.19012,1.25562,0.70874,-0.251376,-0.522133
01324188,1523964170783,-9.1673,0.374958,-0.972724,-1.15473,0.390147,1.07295,0.725909,-0.558654,0.13386
01324185,1523964170783,-9.73603,-2.06479,-0.112459,-0.185678,-0.0316252,0.0415092,0.879841,0.292868,-0.268441
01324181,1523964170783,-9.37059,-0.255418,2.71411,0.335581,0.232623,-0.0808559,0.853096,0.353005,-0.161023
01324180,1523964170783,-9.11951,-4.90686,0.897,-0.507103,-0.398752,0.247875,0.779321,0.33111,-0.394403
01324189,1523964170800,-9.41128,1.63326,1.9086,-0.408571,1.29176,1.23527,0.716684,-0.262835,-0.508569
01324188,1523964170800,-9.44782,-0.985257,-0.780107,-0.959299,0.0716495,0.923875,0.717167,-0.572422,0.125826
01324185,1523964170800,-9.70631,-1.84821,-0.028609,-0.0580457,-0.017557,-0.0148629,0.879706,0.292732,-0.268177
01324181,1523964170800,-9.12223,-0.199027,2.61802,0.360624,0.228683,-0.101726,0.853891,0.353304,-0.159973
01324180,1523964170800,-9.07767,-4.80077,0.955997,-0.359419,-0.361007,0.140076,0.778247,0.33275,-0.398413
01324189,1523964170816,-9.66445,1.10787,2.09373,-0.443836,1.35259,1.19778,0.72071,-0.270806,-0.497295
01324188,1523964170816,-9.52481,-2.22509,-0.669588,-0.462125,-0.213802,0.787873,0.711939,-0.583143,0.119962
01324185,1523964170816,-9.63992,-1.49697,0.11052,0.00659281,-0.00807866,-0.0626425,0.880247,0.294566,-0.268197
01324181,1523964170816,-9.02269,-0.168647,2.5094,0.36965,0.277971,-0.113425,0.853638,0.352852,-0.161159
01324180,1523964170816,-8.99579,-4.60464,0.99171,-0.247829,-0.299468,0.0199211,0.776774,0.333518,-0.400947
01324189,1523964170833,-10.1358,0.416131,2.19413,-0.482642,1.34096,1.14269,0.726083,-0.280384,-0.483505
01324188,1523964170833,-9.86251,-3.362,-0.659047,0.176011,-0.495309,0.585574,0.70845,-0.589523,0.114212
01324185,1523964170833,-9.63208,-1.29956,0.132418,0.00542664,0.0133065,-0.128269,0.881064,0.294306,-0.267019
01324181,1523964170833,-9.04477,-0.232088,2.63122,0.374333,0.305559,-0.152834,0.854954,0.352906,-0.157847
01324180,1523964170833,-9.00954,-4.49663,1.03567,-0.182568,-0.240687,-0.102305,0.775801,0.337324,-0.403291
01324189,1523964170850,-10.4693,-0.374828,2.23623,-0.586223,1.35754,1.05887,0.732553,-0.289707,-0.470528
01324188,1523964170850,-10.4015,-3.9742,-0.40863,0.955345,-0.725451,0.374135,0.704677,-0.594709,0.114204
01324185,1523964170850,-9.59338,-1.24685,0.110808,-0.00418274,0.0841686,-0.187403,0.879975,0.295982,-0.267948
01324181,1523964170850,-8.91096,-0.152887,2.6523,0.37544,0.308376,-0.19078,0.854217,0.355842,-0.155107
01324180,1523964170850,-9.01068,-4.43457,1.10126,-0.129658,-0.189359,-0.205334,0.774164,0.341152,-0.407249
01324189,1523964170866,-10.6958,-0.89766,2.4234,-0.548295,1.40717,0.971891,0.739139,-0.297875,-0.456205
01324188,1523964170866,-10.63,-4.29062,0.139916,1.60022,-0.950013,0.114963,0.703331,-0.596881,0.114355
01324185,1523964170866,-9.53542,-1.27603,0.188698,-0.0155685,0.096012,-0.24701,0.877529,0.301078,-0.267204
01324181,1523964170866,-8.82598,-0.122667,2.5291,0.343584,0.323811,-0.212981,0.854582,0.35857,-0.154635
01324180,1523964170866,-8.91571,-4.32803,1.17769,-0.0953805,-0.15493,-0.343776,0.767964,0.343,-0.40658
01324189,1523964170883,-11.1704,-1.0061,3.05829,-0.303263,1.40126,0.894641,0.746277,-0.30807,-0.441368
01324188,1523964170883,-11.0587,-5.27513,-0.916341,2.33998,-1.14992,-0.2778,0.707636,-0.590743,0.121832
01324185,1523964170883,-9.53083,-1.41082,0.265106,0.0265627,0.0745016,-0.330262,0.876712,0.304752,-0.266975
01324181,1523964170883,-9.07013,-0.178956,2.56242,0.338424,0.332118,-0.243853,0.853407,0.363675,-0.15127
01324180,1523964170883,-8.95076,-4.25653,1.22608,-0.0668807,-0.105291,-0.453995,0.766311,0.347104,-0.408096
01324189,1523964170900,-11.7521,-1.57632,4.79391,0.0278388,1.33245,0.784078,0.752455,-0.316228,-0.427174
01324188,1523964170900,-11.7939,-2.76643,-2.7672,3.18578,-1.00515,-0.520169,0.715433,-0.579193,0.140121
01324185,1523964170900,-9.68082,-1.56639,0.263421,0.109092,0.0948517,-0.415493,0.87766,0.309857,-0.265719
01324181,1523964170900,-9.58012,-0.306535,2.85623,0.322534,0.285519,-0.281983,0.854051,0.364151,-0.148759
01324180,1523964170900,-9.21677,-4.26451,1.22828,-0.0263663,-0.0479026,-0.553501,0.764087,0.354564,-0.41062
01324189,1523964170916,-11.7002,-2.20814,5.75552,0.355922,1.04228,0.559176,0.75849,-0.324665,-0.412043
01324188,1523964170916,-12.4482,0.82364,-3.08827,2.14541,-0.916987,-0.602637,0.72405,-0.567637,0.151793
01324185,1523964170916,-10.043,-1.73983,0.348647,0.238408,0.101735,-0.476829,0.874127,0.315084,-0.265495
01324181,1523964170916,-9.67848,-0.147556,2.83324,0.247035,0.192834,-0.316155,0.852394,0.366212,-0.147321
01324180,1523964170916,-9.58408,-4.30534,1.2583,0.0405367,-0.00458743,-0.645891,0.759424,0.362333,-0.409177
01324189,1523964170933,-11.2073,-2.05401,5.06691,0.589205,0.818343,0.318611,0.761412,-0.335328,-0.397697
01324188,1523964170933,-11.5606,3.02542,-2.21991,0.36671,-0.838853,-0.886483,0.733889,-0.554412,0.149262
01324185,1523964170933,-10.366,-1.69926,0.383896,0.377556,0.0894229,-0.512552,0.871139,0.31947,-0.265004
01324181,1523964170933,-9.60021,-0.102918,2.78217,0.196426,0.14459,-0.337986,0.850848,0.371383,-0.147679
01324180,1523964170933,-9.7433,-4.35352,1.29999,0.126958,0.0203684,-0.738335,0.755177,0.369818,-0.409912
01324189,1523964170950,-10.8009,-1.53801,3.92041,0.547402,0.692159,0.0760587,0.764309,-0.341096,-0.383848
01324188,1523964170950,-11.0151,1.4271,-2.20485,-1.35248,-0.716016,-1.07731,0.747533,-0.539492,0.134115
01324185,1523964170950,-10.4624,-1.63129,0.326664,0.542047,0.0559416,-0.531209,0.868952,0.325319,-0.26911
01324181,1523964170950,-9.65786,-0.0308981,2.88185,0.146761,0.225596,-0.354356,0.848617,0.375477,-0.145346
01324180,1523964170950,-9.82001,-4.40757,1.30377,0.227904,0.0627323,-0.821794,0.750382,0.37833,-0.410888
01324189,1523964170966,-10.4922,-1.4409,2.86203,0.267895,0.609952,-0.138028,0.769395,-0.34262,-0.373472
01324188,1523964170966,-11.2583,-0.319629,-1.92719,-2.13073,-0.570412,-1.1058,0.758229,-0.530017,0.108686
01324185,1523964170966,-10.4575,-1.59284,0.287238,0.7095,0.0773223,-0.523028,0.865276,0.331772,-0.271254
01324181,1523964170966,-9.71732,0.0507434,3.0562,0.116427,0.172552,-0.352988,0.847848,0.381269,-0.143064
01324180,1523964170966,-9.97537,-4.37088,1.31454,0.368991,0.101408,-0.888281,0.744362,0.388169,-0.411549
01324189,1523964170983,-9.99795,-1.13062,2.00338,-0.146304,0.575836,-0.281615,0.776125,-0.340746,-0.366169
01324188,1523964170983,-10.9348,-1.05812,-1.30693,-1.79571,-0.443665,-1.07196,0.767034,-0.5228,0.0854312
01324185,1523964170983,-10.3318,-1.53097,0.34188,0.887047,0.0826547,-0.524988,0.863771,0.334239,-0.275068
01324181,1523964170983,-9.31737,0.104272,2.71963,0.0658896,0.203999,-0.364732,0.846569,0.386583,-0.143295
01324180,1523964170983,-9.87396,-4.3477,1.28908,0.532402,0.126621,-0.979398,0.739882,0.394081,-0.415694
01324189,1523964171000,-9.5706,-0.747198,1.23841,-0.561321,0.572927,-0.355951,0.780517,-0.332339,-0.360528
01324188,1523964171000,-10.1196,-0.927271,-1.13638,-0.985938,-0.33392,-0.942968,0.777986,-0.512021,0.0693843
01324185,1523964171000,-10.2104,-1.28128,0.38507,1.0132,0.0615928,-0.574351,0.861044,0.338973,-0.278507
01324181,1523964171000,-9.29543,0.0946028,2.99285,0.0401143,0.239256,-0.370378,0.845413,0.390393,-0.140169
01324180,1523964171000,-9.73986,-4.05868,1.27264,0.700773,0.167481,-1.0624,0.733904,0.401171,-0.418169
01324189,1523964171016,-9.62668,-0.559325,1.12774,-0.859542,0.593371,-0.294791,0.785351,-0.325252,-0.35758
01324188,1523964171016,-9.76052,0.0882707,-1.38906,-0.113484,-0.241236,-0.813824,0.785533,-0.501009,0.0620242
01324185,1523964171016,-10.0168,-1.05134,0.3914,1.09398,-0.0135426,-0.614828,0.857497,0.340822,-0.285187
01324181,1523964171016,-9.32844,0.0311465,2.97695,0.0338116,0.184527,-0.364783,0.844234,0.395366,-0.136269
01324180,1523964171016,-9.58963,-3.88272,1.2364,0.840548,0.183591,-1.14052,0.727794,0.408267,-0.421184
01324189,1523964171033,-9.69529,-0.480916,1.275,-0.990625,0.510261,-0.237312,0.792089,-0.313333,-0.357295
01324188,1523964171033,-9.52335,1.4369,-2.32246,0.329574,-0.185956,-0.720792,0.792531,-0.490058,0.0623527
01324185,1523964171033,-9.85724,-0.907895,0.36611,1.12229,-0.0881176,-0.649288,0.852175,0.342737,-0.295788
01324181,1523964171033,-9.25135,-0.0358151,2.90628,0.0257198,0.190152,-0.345759,0.841749,0.399011,-0.134989
01324180,1523964171033,-9.51939,-3.6832,1.16567,0.958925,0.224116,-1.21506,0.719114,0.417449,-0.425472
01324189,1523964171050,-9.52611,-0.277497,1.1707,-0.873711,0.477099,-0.205799,0.796116,-0.305944,-0.355675
01324188,1523964171050,-9.39308,1.99454,-2.83393,0.259835,-0.153647,-0.661607,0.798183,-0.481114,0.0624375
01324185,1523964171050,-9.79906,-0.713354,0.233019,1.08098,-0.137188,-0.666803,0.849434,0.346937,-0.30498
01324181,1523964171050,-9.20628,-0.137225,2.96164,0.0292669,0.133421,-0.353156,0.839887,0.405964,-0.132719
01324180,1523964171050,-9.56783,-3.29192,1.09243,0.992963,0.232994,-1.29907,0.710592,0.424004,-0.42792
01324189,1523964171066,-9.55038,-0.287555,1.18113,-0.585292,0.476765,-0.203816,0.798289,-0.299438,-0.353553
01324188,1523964171066,-9.20576,1.61092,-3.24584,-0.00378382,-0.163978,-0.694453,0.80125,-0.471653,0.0617782
01324185,1523964171066,-9.70739,-0.615336,0.0946353,1.02353,-0.185297,-0.691967,0.844253,0.351871,-0.312731
01324181,1523964171066,-9.27742,-0.220547,2.95312,0.0150406,0.076648,-0.362194,0.837529,0.41032,-0.131588
01324180,1523964171066,-9.55782,-3.26617,0.95007,1.00255,0.248379,-1.31912,0.703833,0.430697,-0.434586
01324189,1523964171083,-9.45386,-0.676596,0.65055,-0.251799,0.445557,-0.224873,0.803126,-0.295223,-0.34902
01324188,1523964171083,-9.25716,0.766566,-3.15596,-0.28809,-0.162644,-0.700791,0.806915,-0.464392,0.0573079
01324185,1523964171083,-9.75097,-0.639187,0.045792,0.939595,-0.224616,-0.740938,0.839341,0.358634,-0.320763
01324181,1523964171083,-9.3186,-0.284225,3.08932,0.0398953,0.111385,-0.351609,0.837192,0.415903,-0.131968
01324180,1523964171083,-9.5578,-3.22633,0.834278,1.00954,0.258384,-1.33394,0.696246,0.437819,-0.437579
01324189,1523964171100,-9.71423,-1.14808,-0.308101,0.00290066,0.435866,-0.277266,0.804666,-0.290334,-0.342302
01324188,1523964171100,-9.51625,-0.0101152,-2.97843,-0.288844,-0.198802,-0.70652,0.813103,-0.453401,0.0509073
01324185,1523964171100,-9.73739,-0.858504,-0.0956907,0.883826,-0.231013,-0.730628,0.833476,0.362817,-0.33086
01324181,1523964171100,-9.43953,-0.154721,3.18267,0.0451937,0.0751001,-0.355373,0.834427,0.419853,-0.130025
01324180,1523964171100,-9.64188,-3.01758,0.631585,0.968667,0.245393,-1.34477,0.686907,0.446143,-0.442145
01324189,1523964171116,-10.1193,-1.66336,-0.906862,0.207497,0.530401,-0.298004,0.814125,-0.288819,-0.334897
01324188,1523964171116,-10.1499,-0.0493371,-2.54957,-0.111291,-0.216338,-0.62506,0.819563,-0.443004,0.0477022
01324185,1523964171116,-9.8393,-0.975977,-0.235703,0.828797,-0.232771,-0.783259,0.827477,0.367723,-0.340048
01324181,1523964171116,-9.60471,-0.0983591,3.07427,0.0274165,0.0662189,-0.357083,0.832228,0.424013,-0.131154
01324180,1523964171116,-9.79414,-3.1927,0.585633,0.936707,0.225554,-1.27831,0.678658,0.452699,-0.44568
01324189,1523964171133,-10.502,-1.70611,-0.592057,0.432816,0.531577,-0.348702,0.8173,-0.287132,-0.326079
01324188,1523964171133,-9.98803,-0.74499,-2.45788,0.337258,-0.216,-0.578577,0.824405,-0.434666,0.045467
01324185,1523964171133,-10.2259,-1.14702,-0.333861,0.820433,-0.241664,-0.79501,0.819034,0.375327,-0.348469
01324181,1523964171133,-9.93215,-0.0733066,3.30353,0.0629307,0.0610719,-0.355435,0.82757,0.428145,-0.128663
01324180,1523964171133,-9.80523,-3.19553,0.38249,0.872002,0.227525,-1.21013,0.671073,0.460413,-0.450554
01324189,1523964171150,-10.2966,-1.23733,-0.250839,0.650195,0.423138,-0.355808,0.820592,-0.284002,-0.316179
01324188,1523964171150,-9.60665,-0.244146,-2.56166,0.644244,-0.210511,-0.571064,0.828028,-0.427479,0.0464111
01324185,1523964171150,-10.2748,-1.32496,-0.422139,0.861969,-0.203481,-0.812294,0.813309,0.380256,-0.35648
01324181,1523964171150,-9.93695,-0.0149926,3.1285,0.0664312,0.00989083,-0.349003,0.827517,0.432439,-0.128886
01324180,1523964171150,-10.1248,-2.96172,0.288813,0.754275,0.149668,-1.14799,0.663493,0.464156,-0.44685
01324189,1523964171166,-9.98939,-0.884797,0.0423183,0.76533,0.35202,-0.336691,0.824045,-0.282755,-0.307635
01324188,1523964171166,-9.76365,-0.20044,-2.52233,0.685451,-0.229797,-0.532078,0.832055,-0.419792,0.0489995
01324185,1523964171166,-10.4871,-1.31886,-0.461641,0.915341,-0.170413,-0.798911,0.808529,0.38557,-0.366461
01324181,1523964171166,-9.95072,-0.0442931,3.15796,0.0805778,0.0545196,-0.327968,0.826932,0.437281,-0.130578
01324180,1523964171166,-10.0888,-3.0757,0.148359,0.666031,0.112957,-1.03631,0.65539,0.471018,-0.453493
01324189,1523964171183,-9.91523,-0.664841,0.241316,0.721634,0.290299,-0.362502,0.82806,-0.283398,-0.299649
01324188,1523964171183,-9.81886,-0.0849957,-2.45075,0.484041,-0.208736,-0.511997,0.836367,-0.413938,0.0501211
01324185,1523964171183,-10.439,-1.32401,-0.492766,0.93643,-0.118723,-0.719333,0.80267,0.389086,-0.374589
01324181,1523964171183,-9.90243,-0.0897875,3.1205,0.10019,0.0579738,-0.33318,0.824987,0.442446,-0.131464
01324180,1523964171183,-9.9472,-3.14579,0.0841002,0.609449,0.0774839,-0.9385,0.648656,0.474354,-0.457115
01324189,1523964171200,-9.85341,-0.684664,0.152709,0.550709,0.222925,-0.412715,0.830952,-0.278252,-0.291872
01324188,1523964171200,-9.7425,-0.373866,-2.55943,0.207606,-0.201717,-0.494317,0.837666,-0.404505,0.0506957
01324185,1523964171200,-10.2844,-1.27679,-0.461047,0.946794,-0.0845705,-0.643058,0.798035,0.392057,-0.381669
01324181,1523964171200,-9.6741,-0.137982,3.05526,0.101018,0.0546456,-0.319473,0.823988,0.446201,-0.130733
01324180,1523964171200,-9.76592,-3.12404,0.0545701,0.607322,0.0137258,-0.819432,0.64488,0.479999,-0.467228
01324189,1523964171216,-9.68149,-0.821453,-0.0790153,0.349163,0.157616,-0.415969,0.83444,-0.274295,-0.288666
01324188,1523964171216,-9.51276,-0.337518,-2.3594,0.0131617,-0.168199,-0.481088,0.843739,-0.397301,0.0472954
01324185,1523964171216,-9.93212,-1.29094,-0.378926,0.979889,-0.0383225,-0.57033,0.793127,0.394161,-0.389786
01324181,1523964171216,-9.45249,-0.220226,2.99547,0.12324,0.0698235,-0.310839,0.81978,0.449943,-0.13263
01324180,1523964171216,-9.32304,-3.11827,0.000920454,0.620203,-0.00638604,-0.689476,0.638461,0.480144,-0.472543
01324189,1523964171233,-9.56699,-0.867896,0.113872,0.20715,0.117696,-0.389735,0.835759,-0.270287,-0.28664
01324188,1523964171233,-9.37789,-0.460542,-2.07535,-0.0513044,-0.139397,-0.470572,0.846941,-0.387443,0.044367
01324185,1523964171233,-9.57008,-1.27624,-0.273257,0.992632,-0.014805,-0.499988,0.789992,0.393772,-0.395399
01324181,1523964171233,-9.37748,-0.270277,2.98242,0.14109,0.0732092,-0.319499,0.818114,0.453555,-0.132289
01324180,1523964171233,-8.95455,-2.97825,-0.0478843,0.638612,-0.0313527,-0.577931,0.632694,0.480843,-0.47515
01324189,1523964171250,-9.48476,-0.838442,0.117569,0.0872736,0.0636754,-0.393606,0.83708,-0.26628,-0.284748
01324188,1523964171250,-9.27747,-0.78098,-2.16468,0.0237527,-0.0865068,-0.432281,0.849344,-0.380419,0.043024
01324185,1523964171250,-9.25392,-1.25648,-0.204498,0.96669,-0.00364569,-0.469485,0.786982,0.394439,-0.404818
01324181,1523964171250,-9.17814,-0.146525,2.87506,0.139283,0.0440415,-0.316365,0.816289,0.459864,-0.1332
01324180,1523964171250,-8.54327,-2.79216,-0.0670157,0.644617,-0.0332692,-0.482127,0.627349,0.481854,-0.482627
01324189,1523964171266,-9.49654,-0.779953,0.166567,-0.00142071,0.0628753,-0.396565,0.841948,-0.262082,-0.28343
01324188,1523964171266,-9.2722,-0.666966,-2.26683,0.0917658,-0.0695416,-0.42101,0.85135,-0.375184,0.0426526
01324185,1523964171266,-9.07265,-1.17327,-0.135469,0.968697,-0.0190338,-0.422656,0.782896,0.392052,-0.411586
01324181,1523964171266,-8.99154,-0.0424583,2.92015,0.151655,0.0176594,-0.308072,0.815734,0.462134,-0.134572
01324180,1523964171266,-8.35258,-2.59482,-0.0253997,0.620925,-0.0190028,-0.411839,0.624036,0.48064,-0.488285
01324189,1523964171283,-9.63601,-0.440927,0.21816,-0.0795249,0.00503757,-0.392253,0.844067,-0.254065,-0.282052
01324188,1523964171283,-9.21963,-0.185314,-2.558,0.0951403,-0.0582909,-0.419982,0.854184,-0.371948,0.0410669
01324185,1523964171283,-8.79224,-0.970345,-0.115591,0.976256,-0.0398617,-0.388579,0.779622,0.390361,-0.418887
01324181,1523964171283,-8.89055,0.0072011,2.98988,0.192391,-0.0154572,-0.284386,0.81216,0.468322,-0.135596
01324180,1523964171283,-8.11938,-2.6694,-0.0186987,0.627751,-0.0156153,-0.318654,0.62158,0.474318,-0.492163
01324189,1523964171300,-9.46971,-0.575502,0.268879,-0.150093,-0.0149173,-0.349837,0.844598,-0.248759,-0.283891
01324188,1523964171300,-9.28987,-0.199235,-2.25168,-0.0922476,-0.0337626,-0.398883,0.856859,-0.364941,0.0399891
01324185,1523964171300,-8.68595,-0.930053,-0.0914394,0.918231,-0.0580569,-0.32719,0.777712,0.38758,-0.424089
01324181,1523964171300,-8.94312,0.0114002,3.0281,0.200126,-0.089087,-0.25056,0.809987,0.471865,-0.138708
01324180,1523964171300,-7.97374,-2.71629,0.0114683,0.645238,-0.00289548,-0.251684,0.62002,0.472641,-0.498397
01324189,1523964171317,-9.57835,-1.26715,0.49281,-0.187894,-0.0420704,-0.339219,0.845387,-0.243883,-0.283861
01324188,1523964171317,-9.23407,-0.805985,-2.0589,-0.114082,-0.00712992,-0.411105,0.861045,-0.360438,0.0388703
01324185,1523964171317,-8.60851,-0.834233,-0.0981667,0.889385,-0.0590756,-0.282096,0.776339,0.386039,-0.430874
01324181,1523964171317,-8.86565,-0.0458959,3.01037,0.256929,-0.127625,-0.23385,0.808932,0.472105,-0.141496
01324180,1523964171317,-7.95579,-2.60484,-0.0070794,0.665087,0.0345872,-0.193249,0.618841,0.473435,-0.506346
01324189,1523964171333,-9.63426,-1.94429,0.684337,-0.112845,-0.090282,-0.340632,0.847284,-0.238615,-0.285984
01324188,1523964171333,-9.26328,-0.847906,-1.90908,-0.0583009,0.0398323,-0.408443,0.861825,-0.354949,0.0397437
01324185,1523964171333,-8.68053,-0.713404,-0.103605,0.884072,-0.0549031,-0.221721,0.773884,0.382248,-0.437242
01324181,1523964171333,-8.83867,-0.0456245,3.0685,0.26118,-0.135887,-0.202912,0.807067,0.473332,-0.145494
01324180,1523964171333,-8.07088,-2.48002,-0.0679396,0.649531,0.0458903,-0.145737,0.617316,0.468118,-0.510895
01324189,1523964171350,-9.6709,-2.18665,0.389791,0.09057,-0.183072,-0.35221,0.848628,-0.235195,-0.28624
01324188,1523964171350,-9.41799,-0.85599,-2.0522,0.025532,0.075725,-0.35882,0.863697,-0.35023,0.0410945
01324185,1523964171350,-8.70923,-0.597695,-0.147242,0.837006,-0.0374025,-0.191161,0.772238,0.38013,-0.444675
01324181,1523964171350,-8.89911,0.0215496,3.11996,0.267172,-0.136927,-0.165008,0.805725,0.476259,-0.150065
01324180,1523964171350,-8.21373,-2.47955,-0.042746,0.607672,0.0641486,-0.101885,0.616864,0.463368,-0.51653
01324189,1523964171367,-9.80625,-2.26244,0.37705,0.323427,-0.242448,-0.367284,0.848642,-0.230607,-0.290491
01324188,1523964171367,-9.53118,-0.743758,-2.18229,0.0900255,0.10996,-0.344746,0.865835,-0.344631,0.0422274
01324185,1523964171367,-8.96948,-0.442075,-0.249315,0.773277,-0.00898206,-0.13934,0.77019,0.375203,-0.451426
01324181,1523964171367,-9.14302,0.042793,3.28221,0.282067,-0.148654,-0.134067,0.805208,0.479831,-0.157319
01324180,1523964171367,-8.40292,-2.43322,-0.0685076,0.521585,0.0452535,-0.0480008,0.616118,0.45874,-0.517424
01324189,1523964171383,-9.92521,-2.16717,0.233027,0.479713,-0.263066,-0.377364,0.848104,-0.228299,-0.292609
01324188,1523964171383,-9.65023,-0.927231,-2.4348,0.130082,0.141471,-0.329974,0.867698,-0.338521,0.0450138
01324185,1523964171383,-9.22474,-0.267171,-0.293566,0.620275,0.0210708,-0.0976382,0.77059,0.370881,-0.455966
01324181,1523964171383,-9.19595,0.0324784,3.26275,0.299635,-0.142582,-0.0944084,0.804813,0.481485,-0.160543
01324180,1523964171383,-8.6392,-2.48651,-0.0856086,0.416032,0.0474949,-0.0028972,0.618327,0.455093,-0.521047
01324189,1523964171400,-9.93707,-2.10034,0.111661,0.573857,-0.291653,-0.359226,0.849049,-0.224873,-0.293799
01324188,1523964171400,-9.59705,-0.920924,-2.32938,0.135457,0.15968,-0.2961,0.869033,-0.335027,0.0477778
01324185,1523964171400,-9.42743,-0.237094,-0.377402,0.467946,0.0248436,-0.0413197,0.770588,0.370294,-0.457138
01324181,1523964171400,-9.20489,-0.0403901,3.23752,0.298491,-0.134648,-0.0477819,0.804073,0.478417,-0.163664
01324180,1523964171400,-8.86626,-2.51832,-0.068665,0.312167,0.049591,0.0492524,0.618102,0.452941,-0.52474
01324189,1523964171417,-9.83309,-2.06948,0.28055,0.672938,-0.3324,-0.36772,0.850423,-0.223622,-0.29568
01324188,1523964171417,-9.48181,-1.13243,-2.14064,0.158214,0.198536,-0.274256,0.870497,-0.330542,0.0511415
01324185,1523964171417,-9.54802,-0.255577,-0.347785,0.279567,0.0604623,-0.00559408,0.770858,0.368009,-0.458556
01324181,1523964171417,-9.13139,-0.102445,3.0484,0.324199,-0.0836915,-0.0181305,0.803852,0.477754,-0.167906
01324180,1523964171417,-9.00207,-2.50084,-0.0457262,0.227826,0.0396551,0.0926413,0.620035,0.448699,-0.525259
01324189,1523964171433,-9.61212,-1.72165,0.638285,0.728855,-0.396844,-0.356793,0.847847,-0.221407,-0.298446
01324188,1523964171433,-9.19533,-0.820269,-2.45376,0.198272,0.218542,-0.257794,0.870609,-0.327262,0.0557952
01324185,1523964171433,-9.52137,-0.260495,-0.27851,0.0765367,0.0947472,0.0573377,0.771673,0.364887,-0.459445
01324181,1523964171433,-8.99527,-0.0571368,3.01459,0.309876,-0.0878546,-0.00178446,0.80282,0.477385,-0.172278
01324180,1523964171433,-8.96902,-2.47246,0.0465942,0.0906502,0.0468487,0.144572,0.621291,0.445494,-0.527236
01324189,1523964171450,-9.32569,-1.11491,0.611062,0.70461,-0.462256,-0.349708,0.847353,-0.221994,-0.303401
01324188,1523964171450,-8.82488,-0.662662,-2.4292,0.0917424,0.297853,-0.252292,0.870727,-0.324772,0.0586464
01324185,1523964171450,-9.33565,-0.362639,-0.130121,-0.109817,0.140515,0.138854,0.774396,0.362396,-0.456813
01324181,1523964171450,-8.98565,-0.00370712,3.08608,0.327526,-0.0643655,0.0233506,0.802088,0.47416,-0.176062
01324180,1523964171450,-8.80086,-2.41835,0.140375,-0.0616727,0.0281254,0.174223,0.621807,0.446197,-0.524795
01324189,1523964171467,-9.23789,-0.676563,0.84445,0.55175,-0.536617,-0.3501,0.844947,-0.220375,-0.309254
01324188,1523964171467,-8.89047,-0.731477,-2.20665,0.0742281,0.331701,-0.267981,0.872057,-0.320633,0.0632037
01324185,1523964171467,-9.13331,-0.604468,0.0893582,-0.271425,0.184287,0.222055,0.776843,0.363284,-0.454605
01324181,1523964171467,-8.97483,-0.0909288,3.09748,0.309656,-0.0800875,0.035346,0.803208,0.472659,-0.178437
01324180,1523964171467,-8.55702,-2.40162,0.198436,-0.214237,0.0359782,0.189966,0.624095,0.445574,-0.52457
01324189,1523964171483,-9.64451,-0.488241,1.2843,0.380111,-0.608885,-0.333578,0.8454,-0.21926,-0.314475
01324188,1523964171483,-9.42762,-0.863766,-2.31678,-0.0287274,0.377544,-0.248786,0.874063,-0.316271,0.06898
01324185,1523964171483,-9.03727,-0.888999,0.282284,-0.365166,0.200798,0.288371,0.780515,0.363058,-0.451605
01324181,1523964171483,-8.83731,-0.191134,3.01817,0.28458,-0.0972677,0.0662825,0.803488,0.474438,-0.18207
01324180,1523964171483,-8.39409,-2.50219,0.303401,-0.356896,0.0643029,0.234917,0.627056,0.444351,-0.52315
01324189,1523964171500,-9.82263,-0.724458,0.923752,0.126564,-0.708105,-0.331546,0.84219,-0.215186,-0.323247
01324188,1523964171500,-9.66085,-1.21686,-2.73532,-0.0330916,0.383132,-0.222222,0.873479,-0.310393,0.0744793
01324185,1523964171500,-8.99407,-1.09135,0.466922,-0.39449,0.193643,0.34032,0.784604,0.361201,-0.445319
01324181,1523964171500,-8.7572,-0.202374,3.08652,0.257875,-0.11146,0.0662269,0.804126,0.470866,-0.187723
01324180,1523964171500,-8.28387,-2.64203,0.410052,-0.439702,0.0898977,0.252096,0.629965,0.445718,-0.517483
01324189,1523964171517,-9.94296,-1.07756,0.153127,-0.0436716,-0.69517,-0.316132,0.839239,-0.208813,-0.332003
01324188,1523964171517,-9.20123,-1.18107,-3.27349,-0.116938,0.350999,-0.230152,0.873742,-0.309411,0.0783129
01324185,1523964171517,-8.96064,-1.26483,0.549772,-0.378392,0.1904,0.385393,0.788012,0.359894,-0.439822
01324181,1523964171517,-8.67658,-0.169821,3.01396,0.219602,-0.132694,0.0695876,0.805777,0.470211,-0.190388
01324180,1523964171517,-8.27509,-2.78275,0.486705,-0.502104,0.136054,0.297703,0.632861,0.448836,-0.513405
01324189,1523964171533,-9.69262,-1.0535,-0.614896,-0.132184,-0.683161,-0.292522,0.835799,-0.205902,-0.344398
01324188,1523964171533,-8.95993,-1.34737,-3.76,-0.121308,0.277304,-0.236253,0.874519,-0.303719,0.0810867
01324185,1523964171533,-8.99461,-1.34647,0.564198,-0.295522,0.186509,0.429559,0.792781,0.357619,-0.433273
01324181,1523964171533,-8.8802,0.0460349,3.11961,0.188304,-0.120738,0.0939514,0.805979,0.467551,-0.193927
01324180,1523964171533,-8.33731,-3.02024,0.504128,-0.525717,0.155932,0.350397,0.63606,0.448162,-0.507242
01324189,1523964171550,-9.59224,-1.1241,-0.404815,-0.124889,-0.588238,-0.25804,0.83231,-0.200955,-0.353026
01324188,1523964171550,-9.07638,-1.45823,-3.70514,-0.187354,0.208301,-0.216236,0.875462,-0.302426,0.0811559
01324185,1523964171550,-9.25031,-1.32566,0.519124,-0.257391,0.204001,0.456676,0.797676,0.353288,-0.430892
01324181,1523964171550,-9.21867,0.284554,3.22879,0.140942,-0.163614,0.117922,0.805748,0.467189,-0.19751
01324180,1523964171550,-8.55442,-3.28212,0.60208,-0.474141,0.186684,0.398397,0.6414,0.448912,-0.502976
01324189,1523964171567,-9.9698,-1.59942,-0.256634,-0.167754,-0.525476,-0.217352,0.830311,-0.197048,-0.360072
01324188,1523964171567,-9.20406,-2.00752,-3.70398,-0.153926,0.128788,-0.190331,0.874901,-0.30014,0.085486
01324185,1523964171567,-9.53502,-1.28546,0.412006,-0.22914,0.20197,0.459272,0.800673,0.349389,-0.428116
01324181,1523964171567,-9.28636,0.361339,3.28968,0.102382,-0.217681,0.160681,0.805932,0.464988,-0.199727
01324180,1523964171567,-8.84669,-3.52044,0.670424,-0.361292,0.208694,0.457295,0.645558,0.446034,-0.495384
01324189,1523964171583,-9.94878,-2.27789,-0.273168,-0.190392,-0.461379,-0.221985,0.829274,-0.193027,-0.368065
01324188,1523964171583,-9.37891,-2.21962,-3.62368,-0.0140525,0.0594081,-0.152985,0.875563,-0.29745,0.0869945
01324185,1523964171583,-9.94974,-1.14817,0.285191,-0.208919,0.199786,0.439793,0.805034,0.343843,-0.422843
01324181,1523964171583,-9.45852,0.414967,3.4566,0.0558345,-0.215093,0.20571,0.808303,0.461854,-0.203945
01324180,1523964171583,-9.23904,-3.6799,0.704387,-0.220406,0.223693,0.522517,0.653076,0.444132,-0.490933
01324189,1523964171600,-10.1299,-2.63776,0.273945,-0.0600584,-0.412563,-0.231366,0.826591,-0.188527,-0.375232
01324188,1523964171600,-9.72137,-1.96471,-3.34415,0.132769,0.00111727,-0.126133,0.877458,-0.296109,0.0857064
01324185,1523964171600,-10.3261,-1.04967,0.115882,-0.221772,0.189197,0.42805,0.809931,0.341084,-0.41943
01324181,1523964171600,-9.6779,0.448575,3.68639,-0.0209247,-0.210889,0.24397,0.809985,0.458901,-0.206828
01324180,1523964171600,-9.66905,-3.73847,0.743371,-0.0959806,0.215539,0.603331,0.659018,0.439649,-0.487322
01324189,1523964171617,-10.2122,-2.50408,0.677127,0.127629,-0.400634,-0.23607,0.824709,-0.186336,-0.379212
01324188,1523964171617,-9.70966,-1.39982,-3.44804,0.255035,-0.0486111,-0.100192,0.877293,-0.291414,0.0851936
01324185,1523964171617,-10.7119,-0.922213,-0.0436099,-0.241695,0.185314,0.375453,0.814967,0.338073,-0.414445
01324181,1523964171617,-9.77033,0.491201,3.62702,-0.0886051,-0.169899,0.265245,0.81093,0.451067,-0.210666
01324180,1523964171617,-10.155,-3.7785,0.793995,-0.0341426,0.186362,0.67219,0.665811,0.432556,-0.486752
01324189,1523964171633,-10.1716,-2.0971,0.645839,0.249196,-0.3881,-0.233922,0.821611,-0.185124,-0.383721
01324188,1523964171633,-9.54192,-1.16226,-3.71864,0.199281,-0.0997915,-0.0896078,0.879326,-0.2906,0.0857584
01324185,1523964171633,-10.982,-0.809924,-0.203048,-0.301819,0.205192,0.368647,0.817968,0.334493,-0.409709
01324181,1523964171633,-9.85663,0.519243,3.68872,-0.154493,-0.14319,0.278635,0.810407,0.449368,-0.210092
01324180,1523964171633,-10.5186,-3.74479,0.855886,-0.00590942,0.136445,0.719582,0.671666,0.425039,-0.485366
01324189,1523964171650,-10.1018,-1.92332,0.523494,0.268671,-0.407288,-0.207185,0.822607,-0.184023,-0.388814
01324188,1523964171650,-9.48295,-1.55924,-3.52778,0.180328,-0.149411,-0.0734477,0.877407,-0.288102,0.0860738
01324185,1523964171650,-11.1241,-0.669441,-0.256646,-0.37771,0.241098,0.363427,0.820695,0.332738,-0.405514
01324181,1523964171650,-9.88964,0.511527,3.74662,-0.212398,-0.0880192,0.300856,0.814601,0.448858,-0.211057
01324180,1523964171650,-10.6848,-3.63614,0.898365,-0.0282483,0.084908,0.750793,0.678202,0.417964,-0.487092
01324189,1523964171667,-10,-1.82695,0.400483,0.206159,-0.370408,-0.19327,0.81993,-0.182971,-0.394401
01324188,1523964171667,-9.47964,-2.00609,-3.76441,0.217133,-0.208064,-0.0481557,0.878909,-0.288898,0.0838477
01324185,1523964171667,-11.1358,-0.570632,-0.235323,-0.490875,0.263598,0.390623,0.825463,0.330607,-0.398835
01324181,1523964171667,-9.97452,0.498472,3.64973,-0.257806,-0.0293499,0.320493,0.816529,0.444845,-0.209929
01324180,1523964171667,-10.7012,-3.50634,0.932754,-0.116925,0.0496786,0.742988,0.684711,0.411445,-0.484613
01324189,1523964171683,-9.87527,-1.73381,-0.143979,0.0860012,-0.262219,-0.181469,0.818858,-0.18166,-0.397058
01324188,1523964171683,-9.38714,-1.85901,-4.16115,0.217362,-0.303037,-0.0120102,0.878758,-0.286138,0.0810562
01324185,1523964171683,-11.0873,-0.529953,-0.182008,-0.586958,0.266439,0.406007,0.830363,0.329289,-0.393866
01324181,1523964171683,-10.2108,0.480995,3.80311,-0.298733,-0.00458263,0.320902,0.81952,0.441962,-0.208835
01324180,1523964171683,-10.6353,-3.37542,0.953451,-0.217719,0.00206324,0.738518,0.691226,0.405376,-0.48456
01324189,1523964171700,-10.0321,-1.59687,-0.207006,-0.0122424,-0.105767,-0.155409,0.818621,-0.18282,-0.400011
01324188,1523964171700,-9.46572,-1.5345,-4.32232,0.109546,-0.416603,0.0266977,0.8804,-0.287196,0.0750365
01324185,1523964171700,-11.2173,-0.500158,-0.0796953,-0.729616,0.25717,0.401999,0.834591,0.327458,-0.386272
01324181,1523964171700,-10.3877,0.488517,3.91293,-0.332693,-0.0112445,0.343407,0.821951,0.438859,-0.20507
01324180,1523964171700,-10.6317,-3.29109,0.973285,-0.354279,0.0231089,0.713206,0.695972,0.400193,-0.481758
01324189,1523964171717,-10.1726,-1.61803,-0.049154,-0.0841117,0.0366446,-0.116795,0.821336,-0.180302,-0.400558
01324188,1523964171717,-9.6226,-1.45275,-4.20632,-0.0454133,-0.502376,0.0476794,0.882174,-0.287845,0.0695802
01324185,1523964171717,-11.1815,-0.640037,-0.0894933,-0.846441,0.226408,0.38446,0.838551,0.32736,-0.376601
01324181,1523964171717,-10.4786,0.414701,3.86063,-0.345182,-0.030614,0.348481,0.826299,0.434686,-0.203166
01324180,1523964171717,-10.694,-3.34271,0.991728,-0.461596,0.0360808,0.746027,0.700444,0.395303,-0.478539
01324189,1523964171733,-10.1384,-1.66505,0.113302,-0.180802,0.14823,-0.0569159,0.821423,-0.173818,-0.399436
01324188,1523964171733,-9.64251,-1.58529,-3.85841,-0.120075,-0.59716,0.0611701,0.882054,-0.289158,0.0603307
01324185,1523964171733,-11.4348,-0.676951,-0.054006,-0.972194,0.189501,0.364481,0.841827,0.327219,-0.369151
01324181,1523964171733,-10.4877,0.351539,3.83038,-0.355866,-0.0234755,0.352896,0.82768,0.43042,-0.200829
01324180,1523964171733,-10.8923,-3.36494,1.04768,-0.55329,-0.00543214,0.701238,0.707033,0.390483,-0.469127
01324189,1523964171750,-9.98079,-1.75047,0.256764,-0.272559,0.23035,-0.0218658,0.822898,-0.172983,-0.397437
01324188,1523964171750,-9.61372,-1.62149,-3.52138,-0.137978,-0.6519,0.109124,0.883166,-0.291908,0.0501667
01324185,1523964171750,-11.5221,-0.787239,-0.136484,-1.11463,0.149469,0.364917,0.845233,0.330024,-0.362646
01324181,1523964171750,-10.2985,0.334446,3.73532,-0.351521,-0.0302047,0.373464,0.829991,0.427979,-0.199605
01324180,1523964171750,-10.9205,-3.44287,1.08081,-0.621904,0.0152413,0.706211,0.711361,0.386321,-0.465757
01324189,1523964171767,-9.67119,-1.95097,0.473114,-0.315821,0.299832,-0.00442525,0.826408,-0.171335,-0.395053
01324188,1523964171767,-9.5556,-1.56186,-3.11085,-0.0896749,-0.722336,0.128153,0.883999,-0.293635,0.0400703
01324185,1523964171767,-11.3752,-0.845957,-0.156729,-1.16679,0.13075,0.37867,0.849326,0.331897,-0.353256
01324181,1523964171767,-9.87339,0.271636,3.62091,-0.368314,-0.0110317,0.364102,0.832324,0.423679,-0.198209
01324180,1523964171767,-10.7795,-3.678,1.10023,-0.647593,-0.0053905,0.67944,0.716457,0.385338,-0.462334
01324189,1523964171783,-9.45476,-1.91907,0.71333,-0.287718,0.337532,0.0186598,0.827977,-0.166605,-0.391148
01324188,1523964171783,-9.54045,-1.36565,-2.90096,-0.0424147,-0.763434,0.135098,0.883752,-0.296128,0.0280517
01324185,1523964171783,-11.1222,-0.943814,-0.127733,-1.23462,0.0998905,0.395898,0.852331,0.331759,-0.345674
01324181,1523964171783,-9.59971,0.224006,3.52215,-0.377119,0.031271,0.360123,0.836105,0.421107,-0.195533
01324180,1523964171783,-10.4817,-3.71356,1.14161,-0.631457,0.0025508,0.633806,0.721593,0.382785,-0.463273
01324189,1523964171800,-9.403,-1.88785,0.956031,-0.259407,0.383924,0.057753,0.831225,-0.16711,-0.388511
01324188,1523964171800,-9.48609,-1.02452,-2.74805,-0.0666668,-0.815215,0.143209,0.884039,-0.297201,0.0166548
01324185,1523964171800,-10.6883,-1.09574,-0.071951,-1.23208,0.0527214,0.433524,0.857236,0.333611,-0.337333
01324181,1523964171800,-9.40787,0.252969,3.51316,-0.361008,0.0779579,0.350944,0.838826,0.415589,-0.190656
01324180,1523964171800,-10.0413,-3.71301,1.12174,-0.601459,0.0193148,0.588299,0.726288,0.38196,-0.460653
01324189,1523964171817,-9.41181,-2.03815,0.950938,-0.243546,0.405363,0.0737618,0.834317,-0.166308,-0.384655
01324188,1523964171817,-9.42575,-1.01803,-2.32502,-0.161552,-0.841679,0.145813,0.885556,-0.299021,0.00209434
01324185,1523964171817,-10.1867,-1.14216,-0.0250106,-1.18571,-0.00937123,0.428657,0.860239,0.333743,-0.330409
01324181,1523964171817,-9.19222,0.245882,3.43256,-0.339601,0.0769277,0.343917,0.842626,0.411999,-0.188625
01324180,1523964171817,-9.54892,-3.61504,1.07875,-0.54846,0.0294398,0.528837,0.730561,0.380087,-0.451553
01324189,1523964171833,-9.41857,-2.06088,1.14328,-0.208611,0.39727,0.0810059,0.837406,-0.166367,-0.379868
01324188,1523964171833,-9.49432,-1.22399,-1.79557,-0.141299,-0.845451,0.152979,0.884491,-0.301254,-0.0089538
01324185,1523964171833,-9.70941,-1.22702,-0.0542759,-1.11499,-0.0548225,0.437271,0.861206,0.332734,-0.32412
01324181,1523964171833,-8.92865,0.270878,3.37823,-0.32889,0.0431226,0.334901,0.844247,0.409189,-0.185124
01324180,1523964171833,-9.06189,-3.47854,1.03834,-0.498592,0.0204506,0.460441,0.735141,0.377372,-0.448158
01324189,1523964171850,-9.24499,-2.06279,1.42057,-0.165089,0.352784,0.0740977,0.83913,-0.166963,-0.374669
01324188,1523964171850,-9.37939,-1.48898,-1.19482,-0.0243118,-0.817281,0.15145,0.884389,-0.305375,-0.0205368
01324185,1523964171850,-9.32361,-1.17898,-0.187753,-1.02503,-0.10223,0.444194,0.864474,0.331679,-0.320195
01324181,1523964171850,-8.6126,0.306224,3.29505,-0.303872,0.0445738,0.319234,0.845897,0.405197,-0.183195
01324180,1523964171850,-8.71486,-3.36293,0.991605,-0.493167,0.0406237,0.41661,0.737814,0.377015,-0.444957
01324189,1523964171867,-9.08952,-2.10565,1.43273,-0.0799013,0.2992,0.0655695,0.84183,-0.167595,-0.371624
01324188,1523964171867,-9.11798,-2.07388,-1.13379,0.253054,-0.765453,0.169018,0.883457,-0.306743,-0.0344988
01324185,1523964171867,-9.00537,-1.08726,-0.396432,-0.961045,-0.12767,0.420402,0.866386,0.332338,-0.315235
01324181,1523964171867,-8.52716,0.331563,3.213,-0.275307,0.0407628,0.30357,0.849694,0.400642,-0.179414
01324180,1523964171867,-8.50277,-3.29749,0.9747,-0.495835,0.0296032,0.353186,0.741847,0.377097,-0.446368
01324189,1523964171883,-9.06969,-1.61904,1.67699,0.00475742,0.193062,0.0784831,0.843853,-0.168787,-0.368709
01324188,1523964171883,-8.97799,-1.44415,-0.919191,0.530198,-0.724481,0.130649,0.881712,-0.309452,-0.0413884
01324185,1523964171883,-8.78352,-0.98046,-0.581728,-0.884712,-0.155878,0.397486,0.870195,0.329847,-0.312607
01324181,1523964171883,-8.72996,0.36802,3.16753,-0.24325,0.0194334,0.293848,0.851099,0.395485,-0.178522
01324180,1523964171883,-8.37709,-3.26143,0.898785,-0.550951,0.00236544,0.303395,0.743969,0.378058,-0.443403
01324189,1523964171900,-9.00504,-1.23855,1.95927,-0.0182772,0.100128,0.0963351,0.845743,-0.169833,-0.366194
01324188,1523964171900,-9.23293,-0.396834,-0.907452,0.473404,-0.689711,0.130571,0.884177,-0.311441,-0.049634
01324185,1523964171900,-8.61047,-1.05877,-0.787295,-0.766101,-0.179221,0.374507,0.87142,0.32803,-0.311677
01324181,1523964171900,-8.90942,0.293126,3.15333,-0.205845,-0.0622258,0.27325,0.853256,0.395595,-0.17868
01324180,1523964171900,-8.37691,-3.24608,0.816697,-0.621527,-0.0441612,0.251636,0.746902,0.38019,-0.444486
01324189,1523964171917,-9.24281,-1.52402,2.14231,-0.118715,0.037394,0.105052,0.846442,-0.171583,-0.366886
01324188,1523964171917,-9.65329,-0.277746,-0.472065,0.118386,-0.603658,0.13344,0.883647,-0.312652,-0.0577933
01324185,1523964171917,-8.61098,-1.13355,-0.941793,-0.630152,-0.186086,0.345488,0.872788,0.326691,-0.307874
01324181,1523964171917,-8.73875,0.333916,3.20918,-0.197875,-0.200498,0.256464,0.854793,0.391695,-0.179147
01324180,1523964171917,-8.33605,-3.3601,0.685957,-0.707257,-0.0939309,0.227851,0.748485,0.380864,-0.440437
01324189,1523964171933,-9.29902,-2.16948,2.66251,-0.232884,-0.0286456,0.113703,0.846737,-0.172177,-0.368903
01324188,1523964171933,-9.44697,-0.660168,0.323974,-0.0840116,-0.512435,0.107422,0.882308,-0.314862,-0.0661399
01324185,1523964171933,-8.65008,-1.27782,-0.992016,-0.493009,-0.171981,0.302735,0.874145,0.325549,-0.308522
01324181,1523964171933,-8.32589,0.547262,3.43233,-0.204138,-0.314077,0.238135,0.854993,0.388483,-0.181743
01324180,1523964171933,-8.32977,-3.42142,0.55517,-0.767153,-0.136314,0.234192,0.749257,0.383166,-0.43932
01324189,1523964171950,-9.66983,-3.16555,4.05317,-0.23985,-0.256181,0.0982153,0.842806,-0.170935,-0.371795
01324188,1523964171950,-9.59326,-0.904957,1.6269,-0.117281,-0.305275,0.0864245,0.878521,-0.317151,-0.0718988
01324185,1523964171950,-8.66726,-1.43655,-0.912004,-0.338122,-0.158909,0.263366,0.87387,0.322969,-0.31059
01324181,1523964171950,-8.28607,0.557308,3.58937,-0.18446,-0.307381,0.215711,0.855591,0.38848,-0.188003
01324180,1523964171950,-8.27847,-3.60322,0.453163,-0.757661,-0.193303,0.237313,0.749725,0.385724,-0.431429
01324189,1523964171967,-9.9798,-4.21869,4.93648,-0.116968,-0.600879,0.0344984,0.839336,-0.172029,-0.37873
01324188,1523964171967,-9.94853,-1.51864,1.99382,0.0151038,-0.0710892,0.121722,0.87636,-0.319069,-0.0737447
01324185,1523964171967,-8.58541,-1.61987,-0.721937,-0.0978613,-0.134517,0.205098,0.87414,0.321251,-0.311883
01324181,1523964171967,-8.60106,0.490586,3.48962,-0.147094,-0.300183,0.217464,0.854297,0.385452,-0.189656
01324180,1523964171967,-8.38693,-3.7822,0.364113,-0.668031,-0.239028,0.262156,0.749159,0.388056,-0.431238
01324189,1523964171983,-9.99903,-4.43352,5.35492,0.0962364,-0.993419,-0.140844,0.839427,-0.171072,-0.388636
01324188,1523964171983,-9.56661,-1.58784,1.33928,0.214323,0.134463,0.137801,0.879496,-0.320747,-0.0733498
01324185,1523964171983,-8.65993,-1.61928,-0.590154,0.210348,-0.0924239,0.133066,0.876989,0.319675,-0.313055
01324181,1523964171983,-8.94248,0.30217,3.48138,-0.129225,-0.396136,0.189101,0.856666,0.381906,-0.193066
01324180,1523964171983,-8.5792,-3.84634,0.279709,-0.529402,-0.291808,0.298735,0.750305,0.392968,-0.43048
01324189,1523964172000,-9.57776,-3.31033,4.99586,0.210079,-1.38858,-0.300635,0.830301,-0.167456,-0.405381
01324188,1523964172000,-9.77532,-0.498377,0.811201,0.1377,0.338863,0.101406,0.87896,-0.322395,-0.0691316
01324185,1523964172000,-8.96595,-1.55953,-0.521861,0.477376,-0.0356244,0.0848486,0.876173,0.315114,-0.315364
01324181,1523964172000,-8.64475,0.145765,3.23995,-0.125437,-0.522697,0.139665,0.855134,0.379507,-0.198854
01324180,1523964172000,-8.7351,-3.73625,0.196618,-0.415422,-0.308939,0.302036,0.750441,0.392967,-0.430753
01324189,1523964172017,-9.20134,-1.56849,4.15212,0.104076,-1.64593,-0.417003,0.820683,-0.165434,-0.426687
01324188,1523964172017,-10.2066,-0.113053,0.411573,-0.0757305,0.485263,0.0545752,0.878953,-0.322117,-0.0626421
01324185,1523964172017,-9.2259,-1.40377,-0.466233,0.692495,0.0183676,0.057105,0.877253,0.312088,-0.31861
01324181,1523964172017,-7.89011,0.0674438,3.12553,-0.113552,-0.545879,0.0883922,0.854648,0.379671,-0.204707
01324180,1523964172017,-8.71498,-3.60793,0.183018,-0.316322,-0.328001,0.309589,0.751029,0.389484,-0.432725
01324189,1523964172033,-9.30225,-0.300443,3.09054,-0.0644673,-1.77038,-0.453774,0.807539,-0.157583,-0.453265
01324188,1523964172033,-10.5304,-0.860384,-0.828149,-0.0971591,0.517832,0.0299985,0.878554,-0.324616,-0.0528158
01324185,1523964172033,-9.18386,-1.19675,-0.237228,0.808021,0.0386666,0.0857483,0.877515,0.306895,-0.32445
01324181,1523964172033,-7.53959,0.0764675,3.09379,-0.119383,-0.480657,0.0328626,0.852891,0.376896,-0.214743
01324180,1523964172033,-8.43152,-3.4772,0.234841,-0.198672,-0.283587,0.300063,0.750443,0.384443,-0.437824
01324189,1523964172050,-9.20543,0.140415,2.10675,-0.314643,-1.69115,-0.469902,0.793815,-0.151566,-0.475163
01324188,1523964172050,-10.2218,-1.16142,-1.73993,-0.0502434,0.501813,0.036408,0.877596,-0.324544,-0.0447091
01324185,1523964172050,-8.84995,-1.01078,0.0377312,0.849398,0.0635747,0.148398,0.878056,0.300623,-0.327663
01324181,1523964172050,-7.49208,0.0988885,3.06469,-0.103886,-0.42153,-0.0218518,0.851837,0.378383,-0.21942
01324180,1523964172050,-8.03065,-3.28045,0.338928,-0.0782214,-0.237082,0.272976,0.752179,0.386022,-0.439847
01324189,1523964172067,-8.98095,-0.56769,1.90939,-0.629313,-1.50408,-0.453573,0.784429,-0.142062,-0.496814
01324188,1523964172067,-9.93056,-1.53046,-1.87603,-0.0414694,0.465169,0.0370083,0.877185,-0.32467,-0.0387791
01324185,1523964172067,-8.50663,-0.882679,0.274061,0.852736,0.0463207,0.185845,0.880765,0.296039,-0.331161
01324181,1523964172067,-8.0002,0.119419,3.24458,-0.117048,-0.429267,-0.0622596,0.850236,0.380872,-0.224512
01324180,1523964172067,-7.75384,-3.02707,0.427613,-0.00316909,-0.176094,0.215855,0.751982,0.380956,-0.441975
01324189,1523964172084,-8.93107,-1.94018,1.74229,-0.711942,-1.2884,-0.506666,0.774328,-0.12922,-0.517091
01324188,1523964172084,-9.72177,-1.99139,-2.27778,0.119131,0.375444,0.0460239,0.876911,-0.324887,-0.0340701
01324185,1523964172084,-8.5183,-0.795864,0.344033,0.869504,0.0375646,0.207995,0.880762,0.290468,-0.33464
01324181,1523964172084,-8.79839,-0.0891369,3.45599,-0.104653,-0.539037,-0.0776758,0.848919,0.382766,-0.230392
01324180,1523964172084,-7.90636,-2.86053,0.489878,0.000736137,-0.0833763,0.13924,0.751727,0.380536,-0.443738
01324189,1523964172100,-8.94651,-3.23887,1.44491,-0.504154,-1.10163,-0.551614,0.764178,-0.116639,-0.532146
01324188,1523964172100,-9.8022,-1.52333,-2.62555,0.241559,0.240656,0.0860713,0.875832,-0.326881,-0.0285184
01324185,1523964172100,-9.09508,-0.768381,0.142788,0.867433,0.0229666,0.160593,0.883746,0.282353,-0.338237
01324181,1523964172100,-9.48892,-0.107138,3.61373,-0.0707755,-0.643908,-0.115578,0.845256,0.381172,-0.240033
01324180,1523964172100,-8.59723,-2.93128,0.47791,-0.0237777,0.00855767,0.099426,0.753232,0.378776,-0.445284
01324189,1523964172117,-9.08986,-3.96248,1.93461,-0.131137,-0.881892,-0.586268,0.757437,-0.107308,-0.54539
01324188,1523964172117,-10.1543,0.075218,-2.42793,0.167016,0.180793,0.166221,0.876374,-0.327118,-0.023686
01324185,1523964172117,-10.2195,-0.660615,-0.244507,0.793664,0.0139923,0.0827391,0.884016,0.273526,-0.342209
01324181,1523964172117,-9.83462,-0.043401,3.74312,-0.00670729,-0.682084,-0.13241,0.843146,0.38332,-0.247907
01324180,1523964172117,-9.56185,-3.3385,0.475923,0.00488661,0.093102,0.0880078,0.753891,0.379043,-0.443394
01324189,1523964172134,-9.63093,-3.98007,3.01825,0.224059,-0.740304,-0.549806,0.750775,-0.101678,-0.554686
01324188,1523964172134,-9.64044,0.441465,-2.66389,-0.115573,0.214827,0.196592,0.875853,-0.331069,-0.0201515
01324185,1523964172134,-11.2573,-0.599155,-0.654447,0.625825,-0.0500271,0.0461449,0.883874,0.268931,-0.346352
01324181,1523964172134,-9.85451,-0.0314616,3.68963,0.0503136,-0.587393,-0.13263,0.837266,0.386068,-0.25695
01324180,1523964172134,-10.4384,-3.63344,0.456078,0.0989348,0.125944,0.0880777,0.75581,0.375522,-0.442952
01324189,1523964172150,-9.62146,-3.56149,3.85642,0.42469,-0.726587,-0.440763,0.746212,-0.0995824,-0.563055
01324188,1523964172150,-9.16758,0.189149,-2.3428,-0.25678,0.214547,0.192158,0.873549,-0.332226,-0.0195209
01324185,1523964172150,-11.6485,-0.623394,-0.860678,0.455367,-0.0920197,0.0900632,0.883596,0.266603,-0.349993
01324181,1523964172150,-9.79574,-0.101141,3.71066,0.0876296,-0.505618,-0.112222,0.835142,0.390753,-0.266739
01324180,1523964172150,-10.846,-3.72509,0.451595,0.177714,0.136193,0.0737712,0.756458,0.374598,-0.43608
01324189,1523964172167,-9.34022,-2.71889,4.24363,0.479731,-0.751138,-0.293998,0.740015,-0.100029,-0.570085
01324188,1523964172167,-9.23255,-0.390405,-2.18301,-0.0825024,0.239664,0.15292,0.871665,-0.335534,-0.0167381
01324185,1523964172167,-11.3884,-0.774337,-0.855626,0.30859,-0.086326,0.170871,0.883107,0.263939,-0.353591
01324181,1523964172167,-9.63703,-0.070191,3.75938,0.0965406,-0.422331,-0.102952,0.832773,0.389819,-0.271618
01324180,1523964172167,-10.7004,-3.586,0.473116,0.2264,0.154618,0.0812429,0.758663,0.369915,-0.436477
01324189,1523964172184,-8.99533,-1.78593,4.38181,0.335524,-0.747697,-0.0919969,0.733311,-0.102204,-0.579936
01324188,1523964172184,-9.07395,-0.676295,-2.4175,0.151025,0.226788,0.11016,0.871949,-0.337923,-0.0125767
01324185,1523964172184,-10.836,-0.960522,-0.595895,0.255059,-0.0283904,0.272493,0.884194,0.258261,-0.355372
01324181,1523964172184,-9.45819,0.024072,3.99765,0.110675,-0.308562,-0.0693703,0.83233,0.390744,-0.277189
01324180,1523964172184,-10.1686,-3.37956,0.489109,0.215865,0.17877,0.0531443,0.759615,0.368733,-0.435974
01324189,1523964172200,-8.50357,-1.00223,4.56124,0.233588,-0.632612,0.041501,0.724401,-0.105026,-0.586687
01324188,1523964172200,-9.07287,-0.394748,-2.68479,0.334101,0.178782,0.0896398,0.872496,-0.33885,-0.00859651
01324185,1523964172200,-10.3656,-1.1365,-0.259974,0.249214,0.00933167,0.338491,0.886365,0.251156,-0.357927
01324181,1523964172200,-9.39037,0.136308,4.20121,0.112439,-0.221713,-0.0600314,0.828857,0.391833,-0.281965
01324180,1523964172200,-9.71537,-3.26329,0.499006,0.168177,0.215552,0.0442358,0.761813,0.365515,-0.438371
01324189,1523964172217,-7.89106,-0.281437,4.68758,0.219493,-0.39691,0.0764274,0.719569,-0.107375,-0.592676
01324188,1523964172217,-9.1264,0.184134,-2.68481,0.362109,0.133332,0.0963863,0.870863,-0.339032,-0.00413785
01324185,1523964172217,-10.211,-1.1518,-0.149966,0.264677,0.0390505,0.329744,0.888817,0.244978,-0.356306
01324181,1523964172217,-9.48048,0.373054,4.13814,0.103444,-0.105226,-0.0253845,0.82849,0.390921,-0.284602
01324180,1523964172217,-9.68964,-3.3764,0.493803,0.160722,0.23087,0.0653618,0.765043,0.363994,-0.436419
01324189,1523964172234,-7.54643,0.10213,4.90236,0.1888,-0.164517,0.0367315,0.719058,-0.109246,-0.595096
01324188,1523964172234,-9.01682,0.427659,-2.39427,0.247308,0.107133,0.142225,0.869381,-0.341467,-0.00144031
01324185,1523964172234,-10.4887,-1.09731,-0.373999,0.218436,0.0918207,0.277641,0.890316,0.238631,-0.356119
01324181,1523964172234,-9.63323,0.546062,3.97446,0.114029,-0.0312633,0.00368156,0.826902,0.389903,-0.286294
01324180,1523964172234,-10.0684,-3.62929,0.474214,0.153254,0.242609,0.0917938,0.767332,0.361751,-0.43244
01324189,1523964172250,-7.3117,-0.0395805,4.3216,0.0554779,0.0351897,-0.0103387,0.71743,-0.110354,-0.595086
01324188,1523964172250,-8.87309,-0.583972,-1.92896,0.0541138,0.0372249,0.171159,0.86913,-0.344898,0.000235658
01324185,1523964172250,-10.9592,-0.906907,-0.727053,0.104624,0.142917,0.169534,0.890594,0.235552,-0.354782
01324181,1523964172250,-9.82314,0.577958,3.76011,0.110331,0.0615236,0.0476345,0.828807,0.388999,-0.287093
01324180,1523964172250,-10.6022,-3.87709,0.486977,0.154527,0.225526,0.158556,0.76935,0.360542,-0.430464
01324189,1523964172267,-7.40527,-0.982858,3.97027,-0.172062,0.161853,0.01001,0.719041,-0.108949,-0.593486
01324188,1523964172267,-8.93672,-1.45366,-1.65585,0.105715,-0.0548343,0.138655,0.867237,-0.346479,0.000430033
01324185,1523964172267,-11.3496,-0.630226,-0.975234,-0.0788704,0.171946,0.0777841,0.891951,0.233854,-0.355032
01324181,1523964172267,-10.0491,0.50743,3.66824,0.0845685,0.166105,0.0607542,0.829061,0.389031,-0.2855
01324180,1523964172267,-10.9924,-4.01722,0.521068,0.145942,0.179896,0.20395,0.772348,0.356418,-0.429644
01324189,1523964172284,-7.96758,-2.17283,3.92725,-0.349385,0.191597,0.114319,0.723385,-0.109056,-0.591796
01324188,1523964172284,-9.52195,-1.46454,-1.16746,0.218192,-0.154347,0.0568136,0.867794,-0.348499,-0.000242864
01324185,1523964172284,-11.4217,-0.478194,-1.08775,-0.283553,0.199412,-0.0165526,0.894678,0.234666,-0.349423
01324181,1523964172284,-10.2065,0.481442,3.50351,0.0427543,0.231796,0.0770121,0.832038,0.386877,-0.28389
01324180,1523964172284,-11.0336,-4.04285,0.6172,0.0872139,0.105476,0.231193,0.774824,0.352027,-0.431121
01324189,1523964172300,-8.41105,-3.25523,3.9411,-0.321584,0.230415,0.221941,0.723343,-0.107024,-0.588699
01324188,1523964172300,-9.99369,-0.185952,-1.01173,0.132599,-0.220922,0.000511606,0.868344,-0.349027,-0.00473237
01324185,1523964172300,-11.1829,-0.530136,-0.971269,-0.496649,0.222151,-0.0632904,0.896317,0.237303,-0.344351
01324181,1523964172300,-10.1635,0.545191,3.30695,0.00355,0.256866,0.0980195,0.833656,0.383655,-0.279582
01324180,1523964172300,-10.7632,-3.85716,0.707868,-0.00322585,0.0656418,0.232085,0.775648,0.349679,-0.429287
01324189,1523964172317,-8.59631,-3.99047,4.20747,-0.142813,0.325457,0.322807,0.725381,-0.106931,-0.588186
01324188,1523964172317,-10.0682,0.59606,-1.08563,-0.334916,-0.27317,-0.0192248,0.868059,-0.346751,-0.00647394
01324185,1523964172317,-10.7584,-0.739586,-0.693693,-0.660833,0.239445,-0.0786194,0.896188,0.241761,-0.339945
01324181,1523964172317,-9.89638,0.587301,3.14605,-0.0364492,0.285149,0.10349,0.835504,0.384274,-0.276289
01324180,1523964172317,-10.2291,-3.67343,0.820435,-0.127786,0.0382789,0.215207,0.777172,0.346321,-0.430729
01324189,1523964172334,-8.78088,-3.90133,4.5488,0.0802757,0.391488,0.371446,0.728921,-0.11334,-0.583992
01324188,1523964172334,-10.2352,0.587012,-0.735285,-0.800481,-0.305765,-0.0157162,0.868336,-0.346648,-0.0149655
01324185,1523964172334,-10.3174,-1.0695,-0.384046,-0.746619,0.268528,-0.0720001,0.897017,0.247273,-0.332151
01324181,1523964172334,-9.64241,0.595219,3.07024,-0.0836216,0.331315,0.11949,0.837371,0.381511,-0.270531
01324180,1523964172334,-9.63799,-3.60767,0.966747,-0.208638,0.0397605,0.165357,0.777984,0.344841,-0.428471
01324189,1523964172350,-8.54657,-3.33927,4.41516,0.20131,0.421187,0.343312,0.730803,-0.117253,-0.578956
01324188,1523964172350,-10.1416,-0.26342,-0.540585,-0.936981,-0.335742,0.050322,0.867404,-0.348478,-0.025316
01324185,1523964172350,-9.99936,-1.34095,-0.176493,-0.761624,0.272368,-0.0550652,0.897981,0.250794,-0.325123
01324181,1523964172350,-9.43221,0.602663,2.94103,-0.0898937,0.361647,0.136956,0.838824,0.381002,-0.266678
01324180,1523964172350,-9.22471,-3.62346,1.09396,-0.252952,0.0652977,0.103619,0.778783,0.344524,-0.42646
01324189,1523964172367,-8.18353,-2.58815,4.22161,0.225706,0.519094,0.257839,0.734875,-0.128406,-0.57052
01324188,1523964172367,-9.80643,-1.16179,-0.166838,-0.722639,-0.37719,0.151415,0.863888,-0.349911,-0.0369574
01324185,1523964172367,-9.85235,-1.40924,-0.138409,-0.742762,0.226686,-0.0259094,0.898668,0.255554,-0.319676
01324181,1523964172367,-9.21698,0.614996,2.84075,-0.103322,0.374348,0.157738,0.841737,0.379551,-0.259228
01324180,1523964172367,-9.02202,-3.61968,1.19021,-0.263137,0.0855859,0.0491447,0.779833,0.345654,-0.424288
01324189,1523964172384,-7.76053,-2.23585,3.812,0.168176,0.626502,0.214709,0.739748,-0.132969,-0.564451
01324188,1523964172384,-9.25713,-1.70351,-0.226373,-0.153379,-0.419557,0.269113,0.86364,-0.352765,-0.0444142
01324185,1523964172384,-9.67637,-1.36951,-0.24826,-0.747625,0.159935,-0.0153101,0.900582,0.258929,-0.312911
01324181,1523964172384,-8.9955,0.573959,2.82363,-0.110562,0.389813,0.183702,0.845076,0.377765,-0.253639
01324180,1523964172384,-8.86642,-3.68073,1.20107,-0.251341,0.106226,-0.0175011,0.780319,0.348235,-0.42032
01324189,1523964172401,-7.25451,-2.19912,3.32772,0.0865959,0.756676,0.201771,0.745165,-0.135694,-0.555253
01324188,1523964172401,-8.69006,-1.33787,-0.402575,0.432363,-0.47003,0.377075,0.86189,-0.354987,-0.0492506
01324185,1523964172401,-9.45439,-1.21937,-0.426728,-0.766839,0.0745916,-0.0301014,0.900728,0.262846,-0.307323
01324181,1523964172401,-8.70144,0.344501,2.85889,-0.103459,0.424455,0.194277,0.847075,0.375423,-0.248157
01324180,1523964172401,-8.69561,-3.77233,1.14906,-0.201038,0.127053,-0.0856711,0.781626,0.352293,-0.422828
01324189,1523964172417,-6.88981,-1.84936,3.24029,0.0586489,0.889817,0.2209,0.751631,-0.138985,-0.545441
01324188,1523964172417,-8.5848,-1.66034,-0.54968,0.660172,-0.519465,0.401129,0.857455,-0.362262,-0.0542351
01324185,1523964172417,-9.16011,-1.09135,-0.61049,-0.781435,0.0278156,-0.0604685,0.901277,0.267302,-0.303051
01324181,1523964172417,-8.37517,0.217333,2.8779,-0.0589009,0.459705,0.187479,0.850012,0.372665,-0.241479
01324180,1523964172417,-8.58442,-3.73884,1.07299,-0.176511,0.111808,-0.150696,0.781302,0.355766,-0.419913
01324189,1523964172434,-7.68272,-1.61753,4.79115,0.270374,0.927757,0.24481,0.759986,-0.143466,-0.532981
01324188,1523964172434,-8.7583,-3.12586,-4.00535,1.00684,-0.243632,0.229592,0.855451,-0.367781,-0.0540163
01324185,1523964172434,-8.91881,-0.972582,-0.731229,-0.789034,0.00776985,-0.0518822,0.898571,0.273185,-0.297996
01324181,1523964172434,-8.32874,0.324657,2.84716,-0.0677764,0.470266,0.18585,0.851182,0.370522,-0.233997
01324180,1523964172434,-8.43079,-3.61036,0.964017,-0.197274,0.0716294,-0.20386,0.779644,0.35839,-0.416859
01324189,1523964172451,-9.2101,-2.09243,6.83336,0.486978,0.772444,0.194623,0.764265,-0.153015,-0.518638
01324188,1523964172451,-8.57593,-3.51201,-4.0514,0.921092,0.165525,-0.0496732,0.85573,-0.369912,-0.0460632
01324185,1523964172451,-8.79136,-1.0505,-0.818381,-0.787641,0.00308986,-0.0807954,0.898574,0.274633,-0.296047
01324181,1523964172451,-8.52175,0.528293,3.03055,-0.113954,0.5177,0.165809,0.854969,0.369615,-0.225257
01324180,1523964172451,-8.36738,-3.59352,0.810048,-0.255571,0.0685979,-0.235909,0.778753,0.363456,-0.411604
01324189,1523964172467,-9.51569,-2.26241,5.72763,0.425706,0.543247,0.081169,0.770227,-0.15818,-0.511916
01324188,1523964172467,-10.7336,1.84328,-0.475661,0.689345,0.16226,-0.175745,0.85517,-0.368221,-0.0383995
01324185,1523964172467,-8.81846,-1.14197,-0.976422,-0.804655,0.01492,-0.14888,0.897764,0.279783,-0.29243
01324181,1523964172467,-8.66753,0.703619,3.09871,-0.124648,0.460943,0.155886,0.856246,0.369761,-0.217822
01324180,1523964172467,-8.5552,-3.60872,0.667951,-0.323116,0.0248471,-0.248912,0.777597,0.369416,-0.409302
01324189,1523964172484,-8.7737,0.043814,3.44362,0.220541,0.641587,0.108525,0.773563,-0.159381,-0.503927
01324188,1523964172484,-9.48318,2.602,-1.37071,-0.455313,0.0567088,-0.248278,0.856379,-0.36611,-0.0372037
01324185,1523964172484,-8.99286,-1.33841,-1.0737,-0.732095,0.0465527,-0.26138,0.898039,0.287053,-0.288577
01324181,1523964172484,-8.84146,0.822814,3.16535,-0.144327,0.447046,0.168788,0.85987,0.365294,-0.210183
01324180,1523964172484,-8.83309,-3.78002,0.577289,-0.324097,-0.0258058,-0.256286,0.775656,0.373648,-0.407024
01324189,1523964172501,-9.05112,1.53942,3.6753,-0.220125,0.79314,0.215194,0.779625,-0.162234,-0.49491
01324188,1523964172501,-9.34278,3.30301,-1.70065,-1.41901,0.101752,-0.390665,0.860691,-0.359452,-0.0438522
01324185,1523964172501,-9.20068,-1.38058,-1.20995,-0.622562,0.079819,-0.351814,0.896416,0.293639,-0.283663
01324181,1523964172501,-8.76839,0.741196,3.15772,-0.117551,0.450347,0.154931,0.863726,0.36425,-0.203149
01324180,1523964172501,-9.0323,-3.87336,0.507158,-0.314791,-0.0858645,-0.230252,0.774789,0.378597,-0.406642
01324189,1523964172517,-9.34077,0.741486,3.73132,-0.825189,0.763381,0.305687,0.784152,-0.159141,-0.485828
01324188,1523964172517,-10.5921,2.11164,-1.69935,-2.15672,0.219328,-0.307836,0.860654,-0.35224,-0.0544564
01324185,1523964172517,-9.30666,-1.37504,-1.14238,-0.496021,0.148413,-0.415304,0.894794,0.301076,-0.278496
01324181,1523964172517,-8.454,0.565407,3.12687,-0.0570208,0.462715,0.153064,0.865572,0.362091,-0.195938
01324180,1523964172517,-9.04355,-3.91386,0.443987,-0.302117,-0.119176,-0.226896,0.770691,0.383593,-0.404316
01324189,1523964172534,-9.41361,-1.64873,3.00625,-1.07608,0.831599,0.365166,0.789775,-0.153207,-0.479148
01324188,1523964172534,-10.4603,-1.55692,-1.25557,-1.97483,0.300964,-0.218833,0.863338,-0.345903,-0.0629922
01324185,1523964172534,-9.13269,-1.36636,-0.997057,-0.373794,0.191077,-0.436162,0.89127,0.311622,-0.27309
01324181,1523964172534,-8.34468,0.450271,3.09597,0.0204993,0.52094,0.14124,0.865804,0.359531,-0.188436
01324180,1523964172534,-8.76353,-3.85961,0.418016,-0.252311,-0.1679,-0.236642,0.765259,0.388917,-0.4044
01324189,1523964172551,-9.81991,-3.6655,2.5013,-0.978097,0.861723,0.386857,0.795682,-0.152456,-0.470369
01324188,1523964172551,-9.60525,-4.40729,-0.268921,-0.741444,0.373667,-0.243027,0.86305,-0.342994,-0.0657728
01324185,1523964172551,-8.93458,-1.41071,-0.760017,-0.224054,0.213461,-0.431412,0.888153,0.319468,-0.268707
01324181,1523964172551,-8.65585,0.281477,3.26385,0.0464679,0.546999,0.110455,0.868483,0.356334,-0.182277
01324180,1523964172551,-8.45431,-3.63845,0.393247,-0.215197,-0.173398,-0.261956,0.762797,0.393914,-0.40724
01324189,1523964172567,-10.0485,-4.38046,2.29373,-0.586754,0.691937,0.367213,0.797788,-0.153192,-0.462227
01324188,1523964172567,-9.18705,-3.77868,-0.73514,0.723886,0.362591,-0.195906,0.865742,-0.339821,-0.0567087
01324185,1523964172567,-8.83074,-1.4642,-0.618329,-0.0747589,0.204038,-0.436642,0.887749,0.324038,-0.265871
01324181,1523964172567,-8.81318,0.226188,3.32911,0.106161,0.426139,0.0722007,0.86991,0.356162,-0.176167
01324180,1523964172567,-8.32807,-3.47228,0.342221,-0.144134,-0.16198,-0.293063,0.759517,0.396553,-0.401727
01324189,1523964172584,-9.39653,-4.07291,1.61768,-0.150832,0.561096,0.335906,0.801542,-0.155558,-0.454386
01324188,1523964172584,-9.29577,-1.79537,-1.56331,1.32562,0.349498,-0.14775,0.866272,-0.3388,-0.0476174
01324185,1523964172584,-8.88861,-1.48306,-0.576836,0.0992986,0.167099,-0.438286,0.885173,0.331304,-0.262269
01324181,1523964172584,-8.67194,0.342018,3.1684,0.0964365,0.344384,0.0533712,0.871751,0.356242,-0.171398
01324180,1523964172584,-8.32807,-3.46232,0.313273,-0.0613805,-0.121887,-0.309839,0.755587,0.399966,-0.402413
01324189,1523964172601,-9.41833,-4.09071,0.605386,0.12055,0.470126,0.352079,0.802318,-0.159147,-0.44786
01324188,1523964172601,-9.60843,-0.025732,-2.06787,1.02482,0.323251,-0.0900089,0.867341,-0.337357,-0.0352705
01324185,1523964172601,-9.06213,-1.4194,-0.599178,0.261392,0.130357,-0.431388,0.88435,0.336638,-0.263757
01324181,1523964172601,-8.73795,0.498861,3.25916,0.0734273,0.303119,0.0220568,0.87308,0.354599,-0.16712
01324180,1523964172601,-8.45571,-3.49242,0.278025,0.0434814,-0.0821588,-0.347559,0.752163,0.405837,-0.402786
01324189,1523964172617,-9.40046,-4.21084,0.113147,0.393579,0.408532,0.356654,0.807498,-0.167469,-0.442895
01324188,1523964172617,-9.61447,0.305344,-2.17191,0.244214,0.339707,-0.076591,0.866914,-0.335498,-0.025036
01324185,1523964172617,-9.32488,-1.29266,-0.7057,0.409806,0.0991258,-0.415137,0.880822,0.339189,-0.263246
01324181,1523964172617,-8.92949,0.668808,3.31022,0.0823506,0.260432,0.00617201,0.873624,0.352215,-0.164415
01324180,1523964172617,-8.77122,-3.56272,0.182717,0.178201,-0.0492682,-0.386864,0.749216,0.40796,-0.409194
01324189,1523964172634,-9.75071,-3.66317,0.922983,0.813017,0.363667,0.262263,0.807735,-0.176647,-0.433594
01324188,1523964172634,-9.67402,-0.787679,-2.03157,-0.341838,0.358936,-0.0741689,0.866772,-0.334769,-0.0218874
01324185,1523964172634,-9.65028,-1.10299,-0.868421,0.550573,0.0924969,-0.41263,0.878913,0.343387,-0.265112
01324181,1523964172634,-9.15283,0.780265,3.22454,0.101918,0.246307,0.00430466,0.873319,0.352161,-0.160552
01324180,1523964172634,-9.24222,-3.58665,0.0958124,0.30079,-0.0323929,-0.415761,0.745161,0.41124,-0.411503
01324189,1523964172651,-10.0463,-2.75952,1.98598,1.07163,0.235971,0.215452,0.807043,-0.184666,-0.427622
01324188,1523964172651,-9.81683,-1.46205,-1.36974,-0.301504,0.41163,-0.0485435,0.866767,-0.334294,-0.0195654
01324185,1523964172651,-9.97085,-0.908533,-1.0411,0.640074,0.0995165,-0.416107,0.87429,0.34786,-0.267364
01324181,1523964172651,-9.39277,1.03954,3.10695,0.10385,0.25294,-0.021474,0.873401,0.352836,-0.15591
01324180,1523964172651,-9.63092,-3.60449,-0.0192575,0.408204,-0.0125211,-0.421893,0.740297,0.414235,-0.412183
01324189,1523964172667,-9.83803,-1.82392,2.2236,1.08494,0.0941832,0.164183,0.806788,-0.195724,-0.422616
01324188,1523964172667,-10.4983,-1.36081,-1.00435,0.0807101,0.447149,-0.00670907,0.8654,-0.333589,-0.015459
01324185,1523964172667,-10.2454,-0.685439,-1.17722,0.673848,0.097996,-0.446694,0.871568,0.349781,-0.270252
01324181,1523964172667,-9.65504,1.25237,3.10602,0.1056,0.231734,-0.0233471,0.875004,0.353403,-0.15514
01324180,1523964172667,-9.90281,-3.50546,-0.0987086,0.463412,-0.0103053,-0.431992,0.737347,0.415177,-0.415233
01324189,1523964172684,-9.34439,-0.455024,1.95166,0.999993,0.0429941,0.0785868,0.806683,-0.204497,-0.420408
01324188,1523964172684,-10.1934,-1.30958,-1.59922,0.415719,0.502542,0.0776661,0.866761,-0.334928,-0.0061215
01324185,1523964172684,-10.4381,-0.525405,-1.25797,0.645128,0.10675,-0.478996,0.869386,0.354252,-0.272643
01324181,1523964172684,-9.94865,1.37253,3.22742,0.0983062,0.194996,-0.00461948,0.875236,0.353207,-0.15088
01324180,1523964172684,-10.05,-3.3476,-0.123447,0.470674,0.00465606,-0.475726,0.733031,0.418323,-0.418624
01324189,1523964172701,-9.36091,0.239191,2.11907,0.600171,0.0299154,0.0843757,0.805697,-0.207183,-0.415461
01324188,1523964172701,-9.49449,-0.60354,-1.90709,0.549846,0.513885,0.0628643,0.865665,-0.334847,0.00495378
01324185,1523964172701,-10.4961,-0.510654,-1.31873,0.596238,0.128242,-0.490973,0.866119,0.358712,-0.275553
01324181,1523964172701,-10.2702,1.4391,3.38332,0.0805079,0.155974,-0.0100578,0.875408,0.352853,-0.149543
01324180,1523964172701,-10.1637,-3.15063,-0.157312,0.42018,0.00321823,-0.498839,0.728734,0.419429,-0.420973
01324189,1523964172717,-9.19081,0.484222,1.76171,0.168189,-0.0173918,0.145167,0.804638,-0.212771,-0.415226
01324188,1523964172717,-9.44316,0.192875,-2.38641,0.186725,0.528217,0.0375168,0.864714,-0.336002,0.0143318
01324185,1523964172717,-10.6798,-0.649172,-1.3337,0.581179,0.117551,-0.514657,0.862449,0.363211,-0.2765
01324181,1523964172717,-10.6731,1.45608,3.50117,0.0352412,0.121877,-0.0376898,0.874202,0.352297,-0.149519
01324180,1523964172717,-10.3767,-3.1187,-0.217222,0.362236,0.0189365,-0.504315,0.724682,0.42345,-0.425703
01324189,1523964172734,-9.48205,-0.102201,1.29737,-0.324518,0.0603451,0.220722,0.802726,-0.214298,-0.413876
01324188,1523964172734,-9.79277,-0.256071,-2.82964,-0.275638,0.501647,0.026066,0.863207,-0.334845,0.0212998
01324185,1523964172734,-11.0179,-0.801155,-1.32737,0.660662,0.0873264,-0.548491,0.85932,0.367273,-0.278099
01324181,1523964172734,-10.7925,1.41561,3.78615,0.0164718,-0.00656529,-0.0507719,0.873482,0.354081,-0.147021
01324180,1523964172734,-10.7217,-3.17049,-0.269213,0.321886,0.0493068,-0.5377,0.720647,0.427196,-0.433145
01324189,1523964172751,-9.80578,-0.968684,0.976467,-0.621527,0.125636,0.236554,0.803141,-0.213163,-0.415212
01324188,1523964172751,-9.95966,-0.963467,-2.9567,-0.58253,0.471391,0.041335,0.861717,-0.335991,0.0244828
01324185,1523964172751,-11.3606,-0.876061,-1.31921,0.76316,0.0643702,-0.538175,0.855776,0.371127,-0.283227
01324181,1523964172751,-10.0345,1.30817,3.73027,0.0592081,-0.0855873,-0.063838,0.873209,0.355762,-0.148916
01324180,1523964172751,-10.9751,-3.20698,-0.296056,0.311087,0.0721555,-0.541077,0.715523,0.429911,-0.434909
01324189,1523964172768,-9.79599,-1.64937,0.685046,-0.795047,0.193032,0.260726,0.80217,-0.212842,-0.41359
01324188,1523964172768,-9.71571,-1.70227,-2.94468,-0.610174,0.426816,0.0752329,0.86282,-0.338735,0.0265892
01324185,1523964172768,-11.4232,-0.865993,-1.2681,0.83256,0.0537025,-0.479489,0.852504,0.374424,-0.287958
01324181,1523964172768,-9.54381,1.15883,3.56964,0.0825936,-0.0295695,-0.0911154,0.872525,0.357463,-0.150141
01324180,1523964172768,-10.8496,-3.18113,-0.318857,0.322736,0.0673233,-0.5604,0.710644,0.434067,-0.435566
01324189,1523964172784,-9.67551,-2.07227,0.455852,-0.8156,0.262279,0.288937,0.802989,-0.208843,-0.416247
01324188,1523964172784,-9.25251,-1.97866,-2.97225,-0.426736,0.34657,0.102236,0.862294,-0.341718,0.0281618
01324185,1523964172784,-11.1478,-0.877143,-1.05655,0.86542,0.0720873,-0.371697,0.848691,0.377159,-0.292551
01324181,1523964172784,-9.40464,1.14575,3.78089,0.0997996,0.0261275,-0.140709,0.869138,0.358385,-0.14946
01324180,1523964172784,-10.561,-3.05461,-0.320178,0.351385,0.0957702,-0.575878,0.706418,0.438189,-0.432445
01324189,1523964172801,-9.51983,-2.58913,0.274586,-0.787205,0.293053,0.32804,0.802565,-0.207963,-0.415164
01324188,1523964172801,-9.23753,-1.83939,-2.89662,-0.23973,0.286056,0.15418,0.860663,-0.341938,0.0303259
01324185,1523964172801,-10.8194,-0.859752,-0.866973,0.874533,0.0744596,-0.30376,0.847047,0.37846,-0.298314
01324181,1523964172801,-9.14155,1.1633,3.91989,0.125812,0.0431162,-0.178635,0.868179,0.36066,-0.150828
01324180,1523964172801,-10.2407,-2.9497,-0.29714,0.375216,0.14494,-0.577187,0.70384,0.441147,-0.433971
01324189,1523964172818,-9.59596,-2.82806,0.433382,-0.635581,0.319176,0.353396,0.804042,-0.206124,-0.414094
01324188,1523964172818,-9.42449,-1.38786,-2.88963,-0.117355,0.238889,0.198708,0.85945,-0.343935,0.0329126
01324185,1523964172818,-10.404,-0.749065,-0.747591,0.866667,0.0943823,-0.261451,0.845416,0.377586,-0.29974
01324181,1523964172818,-8.90768,1.21953,3.81646,0.175851,0.0743957,-0.209619,0.868582,0.360657,-0.150699
01324180,1523964172818,-9.88605,-2.9152,-0.196812,0.433908,0.202894,-0.574723,0.700177,0.442492,-0.429425
01324189,1523964172834,-9.68592,-2.63655,0.493613,-0.354105,0.326633,0.349011,0.802913,-0.207511,-0.40927
01324188,1523964172834,-9.41817,-0.975324,-2.92471,-0.0874498,0.198357,0.243593,0.856483,-0.347991,0.0364712
01324185,1523964172834,-10.0318,-0.551442,-0.639386,0.873722,0.10183,-0.21907,0.842691,0.375507,-0.305206
01324181,1523964172834,-8.71418,1.28029,3.51708,0.185733,0.161116,-0.203787,0.86622,0.364606,-0.148495
01324180,1523964172834,-9.56218,-2.9219,-0.116347,0.47701,0.252123,-0.576817,0.696257,0.445476,-0.431202
01324189,1523964172851,-9.78225,-2.22575,0.712677,-0.133526,0.338194,0.342637,0.804285,-0.210424,-0.408371
01324188,1523964172851,-9.3398,-0.686864,-2.8389,-0.130917,0.178063,0.26343,0.855963,-0.351865,0.0383924
01324185,1523964172851,-9.73472,-0.355944,-0.731758,0.837964,0.0637692,-0.189941,0.842006,0.373749,-0.308588
01324181,1523964172851,-8.6865,1.31949,3.44647,0.158247,0.187426,-0.212965,0.863478,0.366974,-0.146787
01324180,1523964172851,-9.30255,-2.82796,-0.0359552,0.505112,0.264925,-0.600322,0.694098,0.446974,-0.432493
01324189,1523964172868,-9.6491,-1.77918,0.736069,-0.034422,0.293117,0.3448,0.804145,-0.217598,-0.403604
01324188,1523964172868,-9.44634,-0.716749,-2.64527,-0.16565,0.161549,0.278924,0.852996,-0.355642,0.0391369
01324185,1523964172868,-9.48622,-0.227619,-0.8893,0.755965,0.0275925,-0.193077,0.839679,0.373025,-0.316947
01324181,1523964172868,-8.70276,1.41155,3.37456,0.119052,0.205316,-0.198902,0.863152,0.370724,-0.145797
01324180,1523964172868,-9.04657,-2.78608,-0.0598117,0.503195,0.28801,-0.616044,0.688441,0.450587,-0.437208
01324189,1523964172884,-9.56589,-1.33851,0.653102,-0.00247906,0.274613,0.336034,0.804823,-0.222783,-0.400037
01324188,1523964172884,-9.39384,-0.905357,-2.59583,-0.116686,0.149401,0.296839,0.851547,-0.363145,0.0409773
01324185,1523964172884,-9.27888,-0.132771,-1.07385,0.635084,-0.0190287,-0.220756,0.83777,0.372102,-0.320988
01324181,1523964172884,-8.72918,1.56413,3.32559,0.0778931,0.232646,-0.152864,0.862564,0.372235,-0.14263
01324180,1523964172884,-8.92562,-2.76971,-0.104462,0.493829,0.293909,-0.649492,0.685718,0.453684,-0.437106
01324189,1523964172901,-9.67587,-1.21662,0.805965,-0.0014222,0.259991,0.346748,0.805624,-0.223658,-0.397776
01324188,1523964172901,-9.29139,-0.665604,-2.80096,-0.0372338,0.143564,0.328305,0.849648,-0.363935,0.0429741
01324185,1523964172901,-9.10989,0.00570481,-1.20383,0.489481,-0.0621198,-0.270536,0.835998,0.372324,-0.324124
01324181,1523964172901,-8.79165,1.76495,3.08708,0.0171797,0.277722,-0.101438,0.863712,0.374451,-0.138831
01324180,1523964172901,-8.86085,-2.72042,-0.127728,0.462397,0.283146,-0.642736,0.681195,0.459691,-0.432725
01324189,1523964172918,-9.68545,-1.35762,0.752225,-0.0375464,0.226726,0.366238,0.805062,-0.227368,-0.39378
01324188,1523964172918,-9.50058,-0.3466,-2.795,-0.0998796,0.116093,0.3532,0.847631,-0.367614,0.044387
01324185,1523964172918,-8.92643,0.100814,-1.26604,0.384687,-0.0685433,-0.312944,0.832599,0.371416,-0.327374
01324181,1523964172918,-8.85042,1.80313,3.02318,-0.0312757,0.270178,-0.028077,0.862032,0.375869,-0.134054
01324180,1523964172918,-8.78404,-2.66614,-0.153265,0.420835,0.254153,-0.646722,0.678716,0.464814,-0.432179
01324189,1523964172934,-9.71968,-1.4961,0.985737,-0.0570149,0.227799,0.385606,0.803374,-0.231002,-0.39159
01324188,1523964172934,-9.45052,-0.542416,-2.74789,-0.145111,0.114756,0.3759,0.845084,-0.373264,0.0444695
01324185,1523964172934,-8.70455,0.142702,-1.34148,0.261877,-0.0519899,-0.365692,0.829604,0.377025,-0.32925
01324181,1523964172934,-8.68408,1.91431,2.96899,-0.0886628,0.236101,0.0476036,0.862705,0.374472,-0.132037
01324180,1523964172934,-8.59385,-2.56145,-0.25476,0.347807,0.214374,-0.642205,0.674401,0.467667,-0.43517
01324189,1523964172951,-9.85333,-1.71925,1.02617,-0.152853,0.210759,0.422661,0.80286,-0.240192,-0.389113
01324188,1523964172951,-9.32061,-0.712432,-2.63907,-0.134498,0.130428,0.408029,0.842152,-0.382196,0.0431378
01324185,1523964172951,-8.48772,0.0835303,-1.3817,0.143453,-0.0192444,-0.379425,0.827151,0.382919,-0.331
01324181,1523964172951,-8.59748,1.94199,3.01248,-0.138984,0.218134,0.132052,0.863357,0.372844,-0.127486
01324180,1523964172951,-8.38194,-2.45664,-0.343957,0.247795,0.154054,-0.62394,0.6706,0.472251,-0.437728
01324189,1523964172968,-9.46851,-2.31214,0.911851,-0.277539,0.194715,0.443527,0.800982,-0.244751,-0.389261
01324188,1523964172968,-9.45704,-0.979504,-2.30106,-0.112428,0.133682,0.44714,0.839193,-0.387333,0.0448757
01324185,1523964172968,-8.37465,-0.00387275,-1.40505,0.0497453,0.0423284,-0.391645,0.823341,0.387667,-0.33365
01324181,1523964172968,-8.65958,2.02846,3.16982,-0.153678,0.207105,0.204411,0.864962,0.371179,-0.12401
01324180,1523964172968,-8.28119,-2.37776,-0.386044,0.141875,0.0950052,-0.626785,0.666391,0.475656,-0.436245
01324189,1523964172984,-9.48256,-2.70095,0.774831,-0.308917,0.163932,0.427493,0.800307,-0.249904,-0.38675
01324188,1523964172984,-9.40987,-1.30763,-2.29605,0.0274403,0.16263,0.53074,0.836786,-0.393972,0.0473215
01324185,1523964172984,-8.46885,-0.029803,-1.43958,-0.0377507,0.0527484,-0.401799,0.820219,0.392347,-0.332507
01324181,1523964172984,-8.97169,2.03444,3.21601,-0.168241,0.167357,0.252458,0.866315,0.367672,-0.119827
01324180,1523964172984,-8.3735,-2.32502,-0.454328,0.0140036,0.0845257,-0.606534,0.661761,0.480668,-0.434994
01324189,1523964173001,-9.41266,-2.70461,0.581475,-0.242697,0.085521,0.429622,0.79869,-0.25303,-0.386756
01324188,1523964173001,-9.24414,-0.956654,-2.57969,0.16359,0.189663,0.584203,0.833165,-0.401925,0.0502396
01324185,1523964173001,-8.78295,-0.121878,-1.58047,-0.181951,0.0327664,-0.421851,0.818048,0.39789,-0.330459
01324181,1523964173001,-9.31622,1.86544,3.15908,-0.164825,0.107589,0.269273,0.868626,0.363563,-0.116307
01324180,1523964173001,-8.66324,-2.34715,-0.51045,-0.087103,0.034604,-0.581089,0.655223,0.48833,-0.434338
01324189,1523964173018,-9.61972,-2.22849,0.54192,-0.11399,0.0186331,0.433765,0.796013,-0.257003,-0.389168
01324188,1523964173018,-9.43005,-0.220005,-2.65953,0.156729,0.199667,0.626697,0.826819,-0.408966,0.0533839
01324185,1523964173018,-9.31171,-0.195791,-1.75119,-0.281332,0.028174,-0.442854,0.814928,0.40429,-0.327894
01324181,1523964173018,-9.6009,1.56608,3.15816,-0.174014,0.032325,0.310129,0.869072,0.358593,-0.114079
01324180,1523964173018,-9.10237,-2.39462,-0.618925,-0.23406,-0.0142788,-0.526888,0.650311,0.493919,-0.431719
01324189,1523964173034,-9.98009,-1.60619,0.685148,-0.0438752,-0.0596219,0.471525,0.792776,-0.260379,-0.390497
01324188,1523964173034,-9.63163,0.191388,-2.76758,0.0451439,0.228876,0.662499,0.823895,-0.419707,0.0563883
01324185,1523964173034,-9.83345,-0.322746,-1.9532,-0.447165,-0.00211464,-0.455115,0.811537,0.412544,-0.324299
01324181,1523964173034,-9.66569,1.41485,3.22344,-0.184748,0.0200874,0.31785,0.870198,0.354437,-0.113472
01324180,1523964173034,-9.53642,-2.45144,-0.75157,-0.377538,-0.0811819,-0.447299,0.644829,0.502718,-0.430109
01324189,1523964173051,-10.0596,-1.09706,0.767883,-0.0497822,-0.152744,0.477019,0.790928,-0.267252,-0.392405
01324188,1523964173051,-9.79615,0.16253,-2.69143,-0.0324492,0.24051,0.670036,0.81934,-0.430586,0.059809
01324185,1523964173051,-10.2995,-0.478812,-2.01656,-0.620749,0.00528808,-0.403837,0.80774,0.421085,-0.320443
01324181,1523964173051,-9.76491,1.30204,3.25636,-0.140341,-0.0275162,0.321644,0.872666,0.350691,-0.112887
01324180,1523964173051,-9.8084,-2.52123,-0.84645,-0.522755,-0.110172,-0.336725,0.640159,0.510038,-0.426375
01324189,1523964173068,-9.95759,-0.610414,0.667702,-0.0508884,-0.218396,0.46023,0.786372,-0.27564,-0.395098
01324188,1523964173068,-9.7674,0.0724632,-2.93149,-0.027977,0.241824,0.710804,0.812596,-0.439068,0.0627332
01324185,1523964173068,-10.4615,-0.689572,-1.89585,-0.827107,0.0325423,-0.33826,0.803268,0.429375,-0.315013
01324181,1523964173068,-9.73197,1.31704,3.20074,-0.111859,0.0185965,0.327113,0.872665,0.349304,-0.110863
01324180,1523964173068,-9.83424,-2.55461,-0.914559,-0.651844,-0.151035,-0.244641,0.634999,0.516834,-0.430628
01324189,1523964173084,-9.91408,-0.0415686,0.575903,-0.1288,-0.255552,0.487564,0.782889,-0.280603,-0.398178
01324188,1523964173084,-9.52499,0.223741,-3.31741,0.00337308,0.218155,0.714336,0.807214,-0.447991,0.0652081
01324185,1523964173084,-10.334,-0.964619,-1.65099,-1.01393,0.0600692,-0.228546,0.802327,0.437683,-0.308548
01324181,1523964173084,-9.5896,1.394,3.1084,-0.119001,-0.0185597,0.328492,0.875148,0.34455,-0.110523
01324180,1523964173084,-9.68914,-2.55298,-0.908299,-0.761403,-0.159737,-0.137293,0.633682,0.524386,-0.426939
01324189,1523964173101,-9.97315,0.402374,0.370954,-0.192918,-0.246234,0.513988,0.777793,-0.284673,-0.404045
01324188,1523964173101,-9.69246,0.689693,-3.66207,-0.0524587,0.180364,0.720584,0.802658,-0.458503,0.0670338
01324185,1523964173101,-10.0957,-1.31256,-1.37615,-1.089,0.102594,-0.097813,0.80099,0.442674,-0.298517
01324181,1523964173101,-9.64613,1.28903,3.09073,-0.111821,0.0353738,0.327239,0.876171,0.338095,-0.110266
01324180,1523964173101,-9.44245,-2.575,-0.833505,-0.863613,-0.173211,-0.0545757,0.629937,0.531228,-0.4189
01324189,1523964173118,-10.1164,0.787953,0.184175,-0.272648,-0.198742,0.547413,0.773247,-0.289622,-0.409925
01324188,1523964173118,-9.95026,0.92774,-3.77773,-0.198843,0.121859,0.736597,0.79646,-0.467235,0.0688568
01324185,1523964173118,-9.88151,-1.65076,-1.14891,-1.075,0.16526,0.0182402,0.801561,0.448291,-0.285227
01324181,1523964173118,-9.74858,1.16151,3.27123,-0.04959,-0.00085299,0.32246,0.876912,0.332647,-0.110027
01324180,1523964173118,-9.28528,-2.60808,-0.725809,-0.978523,-0.168699,0.0466663,0.62952,0.538714,-0.406838
01324189,1523964173134,-10.3233,1.0588,0.229322,-0.437684,-0.115804,0.571619,0.769348,-0.294714,-0.412197
01324188,1523964173134,-9.96845,0.580005,-3.69261,-0.305154,0.0512577,0.718287,0.78986,-0.47634,0.0663468
01324185,1523964173134,-9.81947,-2.02656,-0.939029,-0.933657,0.207056,0.109658,0.800769,0.450734,-0.275566
01324181,1523964173134,-9.55738,1.08631,3.05655,-0.0371249,-0.0238413,0.324765,0.877931,0.3269,-0.110184
01324180,1523964173134,-9.15573,-2.75771,-0.585187,-1.0726,-0.14646,0.141108,0.628346,0.54421,-0.399811
01324189,1523964173151,-10.4377,0.976697,0.325783,-0.565752,-0.0677608,0.615547,0.764636,-0.299355,-0.415126
01324188,1523964173151,-10.114,1.1519,-3.33086,-0.299702,0.000450001,0.727456,0.784897,-0.486692,0.0649515
01324185,1523964173151,-9.84392,-2.21892,-0.829242,-0.753378,0.210282,0.168128,0.801328,0.455404,-0.267501
01324181,1523964173151,-9.48701,1.05316,3.08178,-0.02642,-0.0221647,0.31956,0.879448,0.323045,-0.108656
01324180,1523964173151,-9.06043,-3.0449,-0.486741,-1.07585,-0.102595,0.223063,0.62915,0.551395,-0.389667
01324189,1523964173168,-10.393,0.598404,0.567617,-0.686804,-0.0439856,0.652411,0.761978,-0.304631,-0.418754
01324188,1523964173168,-10.1697,1.10878,-3.34207,-0.30804,-0.0644191,0.786863,0.778584,-0.498123,0.0621574
01324185,1523964173168,-9.90172,-2.22814,-0.76844,-0.575878,0.187105,0.225074,0.803516,0.455962,-0.260449
01324181,1523964173168,-9.84504,1.11193,3.17255,-0.0335489,-0.025703,0.316189,0.880711,0.319577,-0.109261
01324180,1523964173168,-9.03325,-3.31638,-0.350204,-1.00923,-0.0624005,0.325674,0.629856,0.555532,-0.379583
01324189,1523964173184,-10.2709,0.290929,0.837658,-0.795986,-0.0169237,0.669748,0.757811,-0.305555,-0.42407
01324188,1523964173184,-9.91374,1.03962,-3.23995,-0.270449,-0.0879779,0.78867,0.772129,-0.508665,0.0591509
01324185,1523964173184,-10.0362,-2.06353,-0.715847,-0.43961,0.11964,0.306175,0.808691,0.454402,-0.253386
01324181,1523964173184,-10.1174,1.00436,3.19943,0.0358384,-0.0788229,0.305245,0.881692,0.317252,-0.110154
01324180,1523964173184,-9.14682,-3.5234,-0.304112,-0.893078,-0.055166,0.42226,0.632345,0.557179,-0.371064
01324189,1523964173201,-10.2459,-0.102195,1.05298,-0.821944,-0.00281857,0.669638,0.753251,-0.30906,-0.429403
01324188,1523964173201,-10.0143,0.648241,-3.07678,-0.260624,-0.142648,0.804063,0.764051,-0.520205,0.053136
01324185,1523964173201,-10.1859,-2.03379,-0.811655,-0.359814,0.0859467,0.361615,0.811418,0.449382,-0.250206
01324181,1523964173201,-9.80993,0.860175,2.99164,0.0624589,-0.186688,0.308472,0.88318,0.308845,-0.113719
01324180,1523964173201,-9.39146,-3.70065,-0.249469,-0.772101,-0.0199103,0.521747,0.636758,0.557669,-0.368954
01324189,1523964173218,-10.0366,-0.409291,1.32414,-0.749417,0.0136221,0.628949,0.749212,-0.312424,-0.43233
01324188,1523964173218,-9.9252,0.573777,-2.81689,-0.173224,-0.160701,0.820405,0.758684,-0.530728,0.0493081
01324185,1523964173218,-10.1762,-1.99537,-0.851287,-0.319994,0.0809482,0.427936,0.813604,0.444952,-0.245722
01324181,1523964173218,-9.49672,0.757179,2.93283,0.0590052,-0.194102,0.293699,0.882175,0.30466,-0.115749
01324180,1523964173218,-9.37559,-3.83171,-0.165443,-0.607964,0.0033735,0.612585,0.642105,0.556956,-0.362689
01324189,1523964173234,-9.94475,-0.809967,1.46784,-0.538815,0.038903,0.521207,0.746791,-0.313811,-0.434723
01324188,1523964173234,-9.79933,0.62108,-2.75091,-0.122517,-0.166916,0.841056,0.752085,-0.54001,0.0474612
01324185,1523964173234,-10.0021,-1.89525,-0.762715,-0.341794,0.0897544,0.493347,0.816329,0.43921,-0.243452
01324181,1523964173234,-9.27682,0.808353,2.87047,0.0555615,-0.158996,0.281886,0.883843,0.301741,-0.117169
01324180,1523964173234,-9.16679,-3.91702,-0.0841154,-0.462406,0.0550119,0.684131,0.647681,0.550167,-0.360878
01324189,1523964173251,-9.84377,-0.972853,1.34423,-0.238184,0.0148383,0.388972,0.74467,-0.31723,-0.43861
01324188,1523964173251,-9.64519,0.452295,-2.83241,-0.131386,-0.180725,0.804587,0.744818,-0.550899,0.0428252
01324185,1523964173251,-9.63035,-1.87819,-0.647779,-0.332397,0.114024,0.547527,0.820412,0.435046,-0.239762
01324181,1523964173251,-9.11038,0.902568,2.80452,0.0451155,-0.138457,0.247567,0.884164,0.299115,-0.119113
01324180,1523964173251,-8.93195,-3.98093,0.0580059,-0.32826,0.0234029,0.707547,0.653881,0.546552,-0.357389
01324189,1523964173268,-9.67087,-0.596076,1.4058,0.101264,-0.0113702,0.242639,0.743883,-0.321245,-0.439303
01324188,1523964173268,-9.08324,0.0739903,-2.81892,-0.150088,-0.176119,0.712562,0.737677,-0.560558,0.0398827
01324185,1523964173268,-9.39862,-1.86993,-0.565582,-0.320961,0.128231,0.567783,0.824497,0.428328,-0.236832
01324181,1523964173268,-9.01011,0.976516,2.83031,0.0238104,-0.140426,0.238965,0.885067,0.294021,-0.122208
01324180,1523964173268,-8.73207,-3.98304,0.253297,-0.255407,0.0483251,0.741544,0.660791,0.540613,-0.355986
01324189,1523964173284,-9.56338,0.182922,1.81009,0.382118,-0.0282231,0.135197,0.740064,-0.3243,-0.437006
01324188,1523964173284,-8.61175,0.0737503,-3.03438,-0.217878,-0.184884,0.575781,0.730272,-0.571242,0.037149
01324185,1523964173284,-9.17179,-1.86167,-0.526849,-0.285572,0.13149,0.572775,0.831031,0.421387,-0.230769
01324181,1523964173284,-8.90603,1.07483,2.78321,0.0291077,-0.158033,0.243928,0.885256,0.291532,-0.124553
01324180,1523964173284,-8.56641,-4.13014,0.423289,-0.168272,0.0612577,0.76409,0.667049,0.530584,-0.348568
01324189,1523964173301,-9.39435,0.861474,1.73612,0.463804,-0.0689073,0.0804206,0.738441,-0.328858,-0.435417
01324188,1523964173301,-8.69868,0.111913,-2.92815,-0.528854,-0.150704,0.474005,0.727319,-0.576252,0.0299956
01324185,1523964173301,-9.15238,-1.8425,-0.493908,-0.226487,0.113144,0.556664,0.833217,0.415672,-0.227058
01324181,1523964173301,-9.01616,1.08803,2.84746,0.00239297,-0.17573,0.243887,0.885464,0.287467,-0.126864
01324180,1523964173301,-8.59062,-4.15783,0.505075,-0.0944356,0.0449624,0.758288,0.674787,0.522596,-0.346948
01324189,1523964173318,-9.16082,1.28938,1.49021,0.272172,-0.0550334,0.00329221,0.739015,-0.332763,-0.43599
01324188,1523964173318,-8.91105,0.20538,-3.08137,-0.897477,-0.153912,0.353707,0.724634,-0.580425,0.0204643
01324185,1523964173318,-9.30685,-1.84159,-0.55039,-0.159192,0.071669,0.527124,0.837708,0.407389,-0.224769
01324181,1523964173318,-9.25129,1.05371,2.84661,-0.00122245,-0.213662,0.24708,0.887301,0.283911,-0.131066
01324180,1523964173318,-8.8226,-4.18493,0.52683,-0.0463369,0.058572,0.744667,0.68194,0.520451,-0.349396
01324189,1523964173334,-9.1819,1.80977,1.43335,0.0209963,-0.0214208,-0.042038,0.739131,-0.332469,-0.434114
01324188,1523964173334,-8.82335,0.393014,-3.0645,-1.30635,-0.156842,0.191579,0.721399,-0.583292,0.00819012
01324185,1523964173334,-9.63494,-1.77707,-0.677739,-0.124202,0.0497275,0.483074,0.840974,0.40235,-0.222638
01324181,1523964173334,-9.35527,0.952967,2.901,0.000611474,-0.24665,0.231313,0.885768,0.279567,-0.134152
01324180,1523964173334,-9.18144,-4.11648,0.504367,-0.0379302,0.0380519,0.722695,0.687677,0.511778,-0.348572
01324189,1523964173351,-9.37251,2.45258,1.9343,-0.308128,0.0148625,-0.0742687,0.738467,-0.331025,-0.436774
01324188,1523964173351,-8.64857,0.585855,-3.14944,-1.66677,-0.14366,-0.0434835,0.722779,-0.584516,-0.00970205
01324185,1523964173351,-9.98195,-1.62568,-0.737232,-0.134198,0.0449208,0.436415,0.844509,0.397425,-0.221817
01324181,1523964173351,-9.42733,0.767719,2.91375,0.0158544,-0.298429,0.203274,0.886355,0.27806,-0.137186
01324180,1523964173351,-9.47205,-4.0834,0.477542,-0.0353353,0.0380454,0.725422,0.691548,0.502566,-0.34922
01324189,1523964173368,-9.45146,2.85552,2.68128,-0.683165,-8.02697e-05,-0.0514889,0.738179,-0.324693,-0.439131
01324188,1523964173368,-8.50692,0.981203,-3.21189,-2.01331,-0.131136,-0.297941,0.72386,-0.58106,-0.0308031
01324185,1523964173368,-10.2518,-1.52046,-0.726763,-0.217467,0.0642535,0.443244,0.845599,0.391213,-0.222022
01324181,1523964173368,-9.29695,0.541194,2.92859,0.034746,-0.323899,0.165063,0.88484,0.273955,-0.142405
01324180,1523964173368,-9.5931,-4.07015,0.459515,-0.0842052,0.0489717,0.697087,0.699276,0.49427,-0.34463
01324189,1523964173384,-9.25482,2.74123,2.82895,-1.0374,-0.0490609,-0.0384038,0.737407,-0.319096,-0.447247
01324188,1523964173384,-8.14767,1.38943,-3.16063,-2.52199,-0.0958714,-0.531101,0.730902,-0.574351,-0.0550112
01324185,1523964173384,-10.2905,-1.67658,-0.573062,-0.307418,0.0847947,0.476391,0.848734,0.385492,-0.218576
01324181,1523964173384,-9.0374,0.364719,2.94329,0.0269728,-0.304254,0.130738,0.88546,0.270425,-0.146196
01324180,1523964173384,-9.57406,-4.07808,0.546665,-0.0971456,0.0492126,0.681176,0.705393,0.487625,-0.344177
01324189,1523964173401,-9.18022,2.28794,2.76346,-1.18486,-0.0898388,-0.0317239,0.737815,-0.309631,-0.452935
01324188,1523964173401,-8.06346,1.28246,-3.0785,-3.11811,0.0303873,-0.778047,0.735058,-0.562079,-0.0816661
01324185,1523964173401,-10.1026,-1.91829,-0.326277,-0.330776,0.0852726,0.50359,0.853094,0.379799,-0.213695
01324181,1523964173401,-8.93108,0.200922,3.03888,0.0407864,-0.262317,0.0552034,0.884421,0.271322,-0.151658
01324180,1523964173401,-9.40995,-4.08695,0.654562,-0.0902858,0.0668734,0.673392,0.711996,0.481645,-0.334924
01324189,1523964173418,-9.40319,1.78143,2.86785,-1.21238,-0.11537,-0.0263873,0.73741,-0.299573,-0.459547
01324188,1523964173418,-8.10366,0.125274,-3.78004,-3.27311,0.27002,-0.978223,0.744896,-0.545563,-0.110688
01324185,1523964173418,-9.93855,-2.05154,-0.113555,-0.312697,0.102804,0.513628,0.856092,0.373787,-0.210768
01324181,1523964173418,-8.94489,0.195859,3.09685,0.0491152,-0.257162,-0.00166008,0.882986,0.270401,-0.155348
01324180,1523964173418,-9.22662,-4.10084,0.803706,-0.0840169,0.104855,0.612992,0.717587,0.474286,-0.334883
01324189,1523964173434,-9.64296,1.01124,3.03516,-1.28172,-0.164643,-0.0371311,0.737163,-0.289817,-0.468171
01324188,1523964173434,-8.09624,-1.89658,-4.29602,-3.01367,0.640437,-1.10064,0.756607,-0.525018,-0.13301
01324185,1523964173434,-9.89514,-2.11674,-0.0201136,-0.258274,0.103524,0.550974,0.860178,0.36794,-0.206539
01324181,1523964173434,-9.00284,0.219431,3.10086,0.0680168,-0.237456,-0.0377383,0.879648,0.270375,-0.158638
01324180,1523964173434,-9.14484,-4.09346,0.881885,-0.0766589,0.159645,0.590548,0.722461,0.46924,-0.331133
01324189,1523964173451,-9.54021,-0.667377,3.03936,-1.321,-0.19893,-0.145588,0.733105,-0.276805,-0.479271
01324188,1523964173451,-8.91747,-4.35379,-3.82932,-1.96837,1.02276,-1.07607,0.770223,-0.506005,-0.145203
01324185,1523964173451,-10.0207,-2.14967,-0.0313852,-0.208717,0.0669854,0.557986,0.86345,0.358391,-0.204102
01324181,1523964173451,-9.295,0.148029,3.11967,0.12169,-0.186901,-0.0839327,0.880717,0.272884,-0.161097
01324180,1523964173451,-9.26091,-4.10718,0.909679,-0.0644058,0.195697,0.543427,0.726595,0.461488,-0.333919
01324189,1523964173468,-9.05743,-2.20263,2.58542,-1.04168,-0.179809,-0.322458,0.732445,-0.266461,-0.487752
01324188,1523964173468,-8.7639,-4.62873,-3.20712,-0.108755,1.30296,-0.959361,0.78494,-0.491832,-0.135601
01324185,1523964173468,-10.2621,-2.14829,-0.156941,-0.159467,0.0277403,0.558237,0.866442,0.352757,-0.203535
01324181,1523964173468,-9.34405,0.166922,3.04172,0.127276,-0.200075,-0.127152,0.878583,0.274255,-0.165227
01324180,1523964173468,-9.56205,-4.19256,0.886935,-0.0103476,0.242371,0.500185,0.731607,0.456739,-0.331653
01324189,1523964173484,-8.46194,-2.96885,1.8882,-0.456578,-0.0568646,-0.475431,0.734045,-0.256437,-0.49037
01324188,1523964173484,-8.57238,-2.46106,-3.31011,1.42288,1.49209,-0.828254,0.792899,-0.485098,-0.111144
01324185,1523964173484,-10.479,-1.95928,-0.309744,-0.121571,0.0307284,0.541212,0.870251,0.346157,-0.201783
01324181,1523964173484,-9.1786,0.319375,2.94809,0.115065,-0.176033,-0.163166,0.878753,0.274033,-0.168682
01324180,1523964173484,-9.70352,-4.28593,0.885041,0.0648197,0.262276,0.483226,0.737033,0.449199,-0.32512
01324189,1523964173501,-8.10955,-3.54184,1.55048,0.0652572,0.0772187,-0.616149,0.737543,-0.24861,-0.490615
01324188,1523964173501,-9.49503,0.466735,-3.60382,1.94993,1.58787,-0.68222,0.804244,-0.477928,-0.07551
01324185,1523964173501,-10.4595,-1.79581,-0.457842,-0.146034,0.00990568,0.546468,0.873519,0.339989,-0.199641
01324181,1523964173501,-9.05962,0.388742,2.91371,0.115268,-0.0968718,-0.184928,0.875791,0.27518,-0.170538
01324180,1523964173501,-9.66435,-4.32918,0.909355,0.146695,0.296013,0.476048,0.742464,0.442989,-0.322619
01324189,1523964173518,-7.9469,-3.8935,1.42062,0.420116,0.17166,-0.769755,0.741704,-0.242085,-0.488201
01324188,1523964173518,-9.79929,2.60333,-3.48366,1.56227,1.5931,-0.565449,0.812597,-0.470342,-0.0414308
01324185,1523964173518,-10.1892,-1.71807,-0.494477,-0.122242,0.00289601,0.568538,0.875157,0.330259,-0.199291
01324181,1523964173518,-8.99626,0.370028,2.97968,0.106546,-0.060221,-0.210453,0.875489,0.278734,-0.171939
01324180,1523964173518,-9.4859,-4.28851,0.913738,0.243317,0.298814,0.440604,0.747629,0.436198,-0.319178
01324189,1523964173534,-8.32262,-3.56945,1.54389,0.67041,0.238065,-0.877361,0.745282,-0.236529,-0.481233
01324188,1523964173534,-10.1569,3.32047,-3.7882,0.992475,1.63103,-0.584048,0.818385,-0.465812,-0.00346591
01324185,1523964173534,-9.81779,-1.74685,-0.480964,-0.0715411,-0.00994345,0.561679,0.876794,0.319239,-0.199975
01324181,1523964173534,-8.90455,0.332304,2.96891,0.105003,-0.025503,-0.244642,0.873285,0.283463,-0.173212
01324180,1523964173534,-9.21139,-4.19854,0.928996,0.329295,0.308491,0.409527,0.749847,0.430352,-0.319328
01324189,1523964173551,-8.98018,-2.83726,1.95475,0.800244,0.240338,-0.907014,0.750239,-0.230157,-0.476418
01324188,1523964173551,-10.2052,3.35137,-3.3501,0.157204,1.63913,-0.546319,0.823345,-0.457713,0.0209798
01324185,1523964173551,-9.41239,-1.76371,-0.357415,0.0347013,0.00645001,0.537554,0.880601,0.310198,-0.200424
01324181,1523964173551,-8.76025,0.304919,2.94138,0.130163,-0.0209594,-0.286088,0.87175,0.287497,-0.173147
01324180,1523964173551,-8.86115,-3.97215,0.911907,0.378616,0.315547,0.372062,0.755835,0.424157,-0.320894
01324189,1523964173568,-9.28182,-1.95864,2.92042,1.03594,0.213848,-0.959421,0.754111,-0.227635,-0.46988
01324188,1523964173568,-9.4553,2.20853,-2.3661,-0.15954,1.67917,-0.435512,0.829274,-0.451843,0.0397455
01324185,1523964173568,-9.0742,-1.68382,-0.212573,0.110714,0.00720476,0.506772,0.883454,0.30625,-0.200265
01324181,1523964173568,-8.42886,0.282203,2.87873,0.146331,-0.0551387,-0.31496,0.869568,0.290368,-0.174249
01324180,1523964173568,-8.56987,-4.10569,1.08078,0.402294,0.300138,0.309586,0.759275,0.416831,-0.320144
01324189,1523964173584,-9.10759,-1.36913,3.83683,0.967815,0.119631,-1.00126,0.760033,-0.222299,-0.46562
01324188,1523964173584,-9.51132,1.47526,-1.60093,0.0505787,1.64759,-0.321134,0.832217,-0.446954,0.0618581
01324185,1523964173584,-8.76239,-1.5556,-0.0573935,0.202464,-0.0186355,0.474447,0.885221,0.298742,-0.201768
01324181,1523964173584,-8.10262,0.26915,2.79171,0.141148,-0.0804551,-0.341102,0.867644,0.296457,-0.178613
01324180,1523964173584,-8.17339,-4.11642,1.16677,0.473231,0.300261,0.225546,0.760823,0.410705,-0.320019
01324189,1523964173601,-8.31789,-0.289332,3.30902,0.892092,0.170167,-1.03465,0.764297,-0.214898,-0.460253
01324188,1523964173601,-9.92102,1.89597,-0.855501,0.489324,1.53665,-0.204382,0.833258,-0.44261,0.0869268
01324185,1523964173601,-8.47238,-1.40565,0.0159989,0.290388,-0.0603521,0.435429,0.888612,0.292765,-0.204339
01324181,1523964173601,-7.97914,0.231755,2.83669,0.148375,-0.105659,-0.364641,0.864092,0.300093,-0.178385
01324180,1523964173601,-7.81699,-4.05611,1.33976,0.563216,0.303585,0.159258,0.766648,0.40595,-0.319118
01324189,1523964173618,-8.81285,1.12223,2.53121,1.01877,0.362276,-0.981212,0.768275,-0.208057,-0.45328
01324188,1523964173618,-10.4559,3.78045,-0.41839,0.612273,1.34526,-0.108435,0.831867,-0.440147,0.109481
01324185,1523964173618,-8.2674,-1.40935,0.00240879,0.316631,-0.108088,0.352316,0.888619,0.28429,-0.20478
01324181,1523964173618,-8.26959,0.22829,2.87354,0.151883,-0.13387,-0.3631,0.861933,0.302911,-0.18188
01324180,1523964173618,-7.77022,-3.95972,1.40842,0.621782,0.287264,0.108537,0.766736,0.398397,-0.318865
01324189,1523964173634,-10.3866,1.16721,2.93722,0.852679,0.281624,-0.943996,0.771994,-0.203799,-0.445923
01324188,1523964173634,-11.1061,5.87061,-0.372116,0.365292,1.15821,-0.0132183,0.830213,-0.438717,0.129277
01324185,1523964173634,-8.3157,-1.40908,-0.0270695,0.329675,-0.182356,0.249033,0.889155,0.278834,-0.209701
01324181,1523964173634,-8.52835,0.326947,3.09217,0.126788,-0.249567,-0.357072,0.860015,0.30718,-0.184344
01324180,1523964173634,-7.72943,-3.88536,1.26905,0.687014,0.301114,0.0439996,0.767855,0.39519,-0.320164
01324189,1523964173651,-11.0043,1.06154,3.38687,0.616528,-0.022963,-0.922771,0.776006,-0.19712,-0.4423
01324188,1523964173651,-11.6481,7.08447,-0.581056,-0.293705,1.06292,0.0519146,0.828825,-0.435937,0.14511
01324185,1523964173651,-8.56182,-1.33787,-0.184686,0.352884,-0.25241,0.13725,0.889956,0.276463,-0.215569
01324181,1523964173651,-8.54384,0.428642,3.11427,0.0624783,-0.327751,-0.324799,0.857834,0.31297,-0.189497
01324180,1523964173651,-7.95427,-3.84049,1.11242,0.769171,0.315747,0.0323755,0.769115,0.38978,-0.317585
01324189,1523964173668,-11.3261,1.20124,4.98394,0.531675,-0.327322,-0.909966,0.776517,-0.190082,-0.443188
01324188,1523964173668,-12.302,6.72379,-1.07326,-0.712175,1.07542,0.127878,0.825581,-0.43978,0.153539
01324185,1523964173668,-8.86095,-1.16291,-0.464846,0.384588,-0.274629,0.0591799,0.888046,0.273968,-0.220641
01324181,1523964173668,-8.64891,0.538821,3.33367,0.0176962,-0.341117,-0.28166,0.854293,0.318664,-0.193304
01324180,1523964173668,-8.29591,-3.93986,0.997361,0.871822,0.307723,0.0171962,0.771319,0.385833,-0.319591
01324189,1523964173684,-11.5034,1.09303,6.40543,0.436595,-0.678149,-0.831392,0.775447,-0.182886,-0.449681
01324188,1523964173684,-12.3796,5.24382,-1.80046,-0.551755,1.15955,0.187472,0.822069,-0.444484,0.164884
01324185,1523964173684,-9.25663,-1.00662,-0.755239,0.408972,-0.286289,-0.0257316,0.88776,0.272149,-0.227164
01324181,1523964173684,-8.94953,0.753605,3.34695,-0.037754,-0.281703,-0.224032,0.851615,0.320887,-0.198111
01324180,1523964173684,-8.81744,-4.12992,0.812375,1.02349,0.281952,0.0233202,0.772863,0.381173,-0.321872
01324189,1523964173701,-11.439,0.948209,6.44062,0.441909,-0.949125,-0.749141,0.764331,-0.174725,-0.46047
01324188,1523964173701,-12.245,3.58216,-2.86459,-0.0946142,1.21482,0.295728,0.814745,-0.448253,0.176336
01324185,1523964173701,-9.68137,-0.907907,-1.01953,0.485206,-0.263041,-0.0922066,0.885977,0.274987,-0.233728
01324181,1523964173701,-9.30283,0.948361,3.35545,-0.0592522,-0.144678,-0.180476,0.85025,0.323726,-0.200152
01324180,1523964173701,-9.51541,-4.14321,0.607302,1.17865,0.223664,-0.00760232,0.775533,0.373906,-0.328551
01324189,1523964173718,-11.1395,0.333689,5.78231,0.36159,-0.982935,-0.720088,0.760028,-0.168754,-0.470016
01324188,1523964173718,-12.0057,1.54525,-2.72284,0.549593,1.17969,0.379499,0.806857,-0.449571,0.194825
01324185,1523964173718,-10.0336,-0.807173,-1.20931,0.59003,-0.208257,-0.148726,0.885829,0.273894,-0.239212
01324181,1523964173718,-9.68878,0.8708,3.61529,-0.0320893,-0.0928427,-0.110189,0.848083,0.325729,-0.201634
01324180,1523964173718,-10.0537,-3.98587,0.424061,1.28843,0.116787,0.0153608,0.774302,0.366995,-0.334624
01324189,1523964173734,-11.3572,-0.720108,5.00418,0.23713,-0.904881,-0.726826,0.754636,-0.160171,-0.481269
01324188,1523964173734,-11.2361,-0.868185,-1.76356,1.48682,1.03887,0.351795,0.800734,-0.451171,0.218667
01324185,1523964173734,-10.342,-0.646414,-1.2851,0.637199,-0.165163,-0.195764,0.882563,0.27382,-0.243125
01324181,1523964173734,-9.96078,0.887008,3.59633,-0.0287799,-0.0964478,-0.0687927,0.846066,0.325468,-0.201741
01324180,1523964173734,-10.2232,-3.71515,0.20154,1.31398,0.0380338,0.0185924,0.773886,0.35949,-0.340992
01324189,1523964173751,-11.5535,-1.45709,3.83461,0.28694,-0.828723,-0.751647,0.746236,-0.153083,-0.490492
01324188,1523964173751,-10.5943,-2.51539,-1.00757,2.68887,0.716376,0.189342,0.791426,-0.443871,0.246748
01324185,1523964173751,-10.5681,-0.457158,-1.2337,0.656004,-0.126932,-0.22745,0.878612,0.274553,-0.249138
01324181,1523964173751,-10.2381,0.835129,3.68973,-0.0210822,-0.0582116,-0.0132462,0.846583,0.328292,-0.203268
01324180,1523964173751,-10.3325,-3.28814,0.106143,1.19642,-0.0261441,-0.0334611,0.7713,0.353913,-0.34756
01324189,1523964173768,-11.543,-1.56047,3.01392,0.392187,-0.78674,-0.728285,0.741123,-0.148961,-0.499641
01324188,1523964173768,-10.1398,-2.47017,-0.467634,3.70152,0.273161,-0.031567,0.789959,-0.43001,0.275141
01324185,1523964173768,-10.7124,-0.345442,-1.16558,0.62147,-0.0982855,-0.212258,0.8786,0.275596,-0.253596
01324181,1523964173768,-10.3694,0.814114,3.7545,-0.00794132,-0.096585,0.0131348,0.8458,0.326436,-0.203487
01324180,1523964173768,-10.4831,-2.87707,0.102096,0.966818,-0.0854147,-0.0897,0.771418,0.347573,-0.356076
01324189,1523964173784,-11.249,-1.18478,2.56737,0.565444,-0.798207,-0.756181,0.73545,-0.14539,-0.506913
01324188,1523964173784,-9.83387,-0.758393,-0.605879,4.18749,-0.150066,-0.16034,0.786247,-0.405044,0.303988
01324185,1523964173784,-10.9194,-0.218945,-1.15802,0.539727,-0.0798893,-0.210541,0.878176,0.278454,-0.259118
01324181,1523964173784,-10.2581,0.742659,3.73968,-0.0301907,-0.105433,0.0156954,0.84527,0.327118,-0.205358
01324180,1523964173784,-10.6449,-2.72959,0.130329,0.626619,-0.138514,-0.125558,0.768302,0.341866,-0.363721
01324189,1523964173801,-10.7072,-0.884057,2.31163,0.71163,-0.828352,-0.739754,0.730336,-0.143278,-0.51474
01324188,1523964173801,-10.0136,1.63988,-1.43004,3.90021,-0.685475,-0.207215,0.789058,-0.378921,0.324466
01324185,1523964173801,-11.1364,-0.174274,-1.17831,0.389664,-0.0504111,-0.223274,0.875457,0.277986,-0.261459
01324181,1523964173801,-10.0661,0.723145,3.67849,-0.0461333,-0.0347068,0.0180368,0.844202,0.32711,-0.206411
01324180,1523964173801,-10.8166,-2.72902,0.114155,0.295051,-0.191771,-0.151726,0.766984,0.341183,-0.366962
01324189,1523964173818,-10.2019,-0.852148,2.09232,0.861871,-0.850704,-0.686891,0.722754,-0.140805,-0.521195
01324188,1523964173818,-10.2238,3.69335,-1.88984,2.70454,-1.25392,-0.198711,0.794784,-0.360929,0.330645
01324185,1523964173818,-11.3948,-0.285812,-1.16125,0.201989,-0.0276009,-0.232509,0.874097,0.279954,-0.261866
01324181,1523964173818,-9.96997,0.649154,3.57909,-0.0504034,0.062323,0.00680838,0.846107,0.325792,-0.206537
01324180,1523964173818,-11.0044,-2.97758,0.125457,-0.0108617,-0.210081,-0.168754,0.76467,0.344574,-0.368754
01324189,1523964173834,-10.0115,-1.04747,2.10845,0.905189,-0.81228,-0.633545,0.716711,-0.1427,-0.529177
01324188,1523964173834,-10.1536,4.3416,-2.57012,1.02563,-1.77055,-0.176922,0.800426,-0.348834,0.3165
01324185,1523964173834,-11.5589,-0.36898,-1.0733,0.00670582,-0.0206942,-0.254412,0.87192,0.282747,-0.263456
01324181,1523964173834,-9.99366,0.539788,3.46995,-0.0457647,0.152244,-0.00792364,0.844325,0.325607,-0.203056
01324180,1523964173834,-11.0636,-3.23615,0.084788,-0.245505,-0.211048,-0.163262,0.759927,0.349024,-0.370354
01324189,1523964173851,-9.91846,-1.13406,2.13848,0.902379,-0.752635,-0.579486,0.709563,-0.14542,-0.535009
01324188,1523964173851,-10.1149,3.62491,-2.85753,-0.417878,-2.21841,-0.179287,0.809405,-0.346838,0.286309
01324185,1523964173851,-11.6002,-0.532353,-0.970367,-0.192839,-0.00137879,-0.273864,0.868658,0.287827,-0.263494
01324181,1523964173851,-10.047,0.483455,3.34994,-0.0285983,0.250807,-0.0346866,0.845759,0.32653,-0.199232
01324180,1523964173851,-10.9927,-3.47929,0.0986464,-0.402953,-0.197043,-0.192368,0.75843,0.351383,-0.371908
01324189,1523964173868,-9.7413,-0.954528,2.07295,0.791813,-0.646138,-0.510793,0.705016,-0.148071,-0.54221
01324188,1523964173868,-10.2414,2.71381,-3.1852,-1.35546,-2.63529,-0.150434,0.819781,-0.348905,0.239666
01324185,1523964173868,-11.4823,-0.735199,-0.822892,-0.382172,0.0128897,-0.261013,0.868116,0.292377,-0.261704
01324181,1523964173868,-10.0253,0.50815,3.13467,-0.0256016,0.347401,-0.0700704,0.84465,0.326339,-0.195625
01324180,1523964173868,-10.8503,-3.64444,0.123299,-0.497437,-0.202737,-0.189562,0.75487,0.357549,-0.372679
01324189,1523964173884,-9.31314,-0.628542,2.00884,0.668793,-0.486071,-0.451177,0.701919,-0.149013,-0.545396
01324188,1523964173884,-10.2115,1.60405,-3.11279,-1.79793,-2.96204,-0.175594,0.828811,-0.35248,0.188361
01324185,1523964173884,-11.3067,-0.986596,-0.716209,-0.517239,0.030788,-0.27462,0.866761,0.297506,-0.259132
01324181,1523964173884,-10.0341,0.45466,3.14771,0.0297172,0.394819,-0.0922368,0.845395,0.328421,-0.191685
01324180,1523964173884,-10.602,-3.79218,0.216753,-0.528929,-0.183102,-0.21609,0.751557,0.364273,-0.370331
01324189,1523964173901,-8.90991,-0.47192,1.98852,0.569314,-0.302059,-0.386188,0.696894,-0.148458,-0.547343
01324188,1523964173901,-10.4294,0.121175,-3.69448,-1.57462,-3.21635,-0.255603,0.833476,-0.353945,0.140345
01324185,1523964173901,-11.0132,-1.29173,-0.645566,-0.642896,0.0172449,-0.254043,0.86527,0.303066,-0.256171
01324181,1523964173901,-10.0635,0.362271,2.96334,0.0689996,0.440621,-0.104016,0.846632,0.331297,-0.18391
01324180,1523964173901,-10.2626,-3.87599,0.301781,-0.518981,-0.147302,-0.210598,0.74921,0.369392,-0.369652
01324189,1523964173918,-8.54615,-0.223466,1.95928,0.468018,-0.11112,-0.323877,0.695534,-0.149859,-0.546803
01324188,1523964173918,-10.6302,-1.94458,-3.67899,-0.798016,-3.39811,-0.267298,0.83811,-0.349553,0.0856838
01324185,1523964173918,-10.6666,-1.62608,-0.562333,-0.692557,-0.00330987,-0.245423,0.865411,0.30879,-0.25204
01324181,1523964173918,-10.0862,0.255249,2.97007,0.118073,0.438439,-0.13003,0.846446,0.331694,-0.178994
01324180,1523964173918,-9.83217,-3.90594,0.416996,-0.472038,-0.112753,-0.22423,0.748066,0.374335,-0.367372
01324189,1523964173934,-8.47339,-0.411424,2.05023,0.286644,0.0324533,-0.226145,0.694422,-0.149388,-0.544777
01324188,1523964173934,-10.6101,-3.12258,-4.19309,0.55313,-3.48281,-0.246549,0.840299,-0.346303,0.037589
01324185,1523964173934,-10.2912,-1.9943,-0.472709,-0.642402,-0.0460649,-0.246981,0.862838,0.314796,-0.247903
01324181,1523964173934,-10.1409,0.104091,3.08129,0.138625,0.36897,-0.159108,0.845969,0.333536,-0.173707
01324180,1523964173934,-9.42046,-3.97951,0.526955,-0.405933,-0.0720005,-0.237703,0.743967,0.379918,-0.366117
01324189,1523964173951,-8.04051,-1.03679,2.39758,0.158117,0.107277,-0.102403,0.69686,-0.150163,-0.542803
01324188,1523964173951,-10.1459,-3.22068,-5.59165,1.94602,-3.44371,-0.133836,0.840321,-0.344586,-0.00814759
01324185,1523964173951,-10.0171,-2.32341,-0.422826,-0.478274,-0.0755093,-0.216412,0.858087,0.319897,-0.246889
01324181,1523964173951,-10.0955,-0.00703845,3.16099,0.179675,0.276336,-0.197964,0.844927,0.337946,-0.169265
01324180,1523964173951,-9.22559,-4.10348,0.595849,-0.308375,-0.0203793,-0.261415,0.742921,0.388056,-0.364179
01324189,1523964173968,-7.42512,-1.51967,3.20012,0.225269,0.216266,-0.029629,0.696589,-0.152597,-0.54148
01324188,1523964173968,-9.5373,-2.22127,-7.82436,2.76144,-3.30456,0.0645275,0.837628,-0.344823,-0.0392755
01324185,1523964173968,-9.84875,-2.48579,-0.433216,-0.181259,-0.13086,-0.182401,0.856318,0.323838,-0.247445
01324181,1523964173968,-9.38999,0.00624509,3.05416,0.192321,0.171073,-0.241331,0.845002,0.341696,-0.168014
01324180,1523964173968,-9.13658,-4.25226,0.610402,-0.160034,0.0117067,-0.262067,0.740187,0.391581,-0.362851
01324189,1523964173984,-7.00326,-1.90378,3.72834,0.438129,0.3694,-0.025716,0.700516,-0.156421,-0.5366
01324188,1523964173984,-10.0221,0.1611,-7.23572,2.68057,-3.00233,0.237061,0.828019,-0.348436,-0.0643258
01324185,1523964173984,-9.6558,-2.46054,-0.475706,0.0815609,-0.143351,-0.124823,0.855767,0.325768,-0.249817
01324181,1523964173984,-8.81295,0.0518234,3.13185,0.167569,0.150949,-0.27088,0.844458,0.341993,-0.167882
01324180,1523964173984,-8.913,-4.32931,0.612162,0.032593,0.00173608,-0.255713,0.73859,0.393247,-0.369558
01324189,1523964174001,-7.1312,-2.31849,4.09718,0.719414,0.546078,-0.0818068,0.704987,-0.160427,-0.528466
01324188,1523964174001,-9.77697,0.99535,-8.75414,2.02373,-2.54781,0.322554,0.821003,-0.353788,-0.0874949
01324185,1523964174001,-9.38525,-2.28891,-0.523022,0.291763,-0.138057,-0.10304,0.854534,0.325104,-0.25504
01324181,1523964174001,-8.36498,0.0643083,3.24315,0.215714,0.207327,-0.282724,0.842244,0.345215,-0.166064
01324180,1523964174001,-8.71412,-4.36804,0.613891,0.238432,-0.0152298,-0.247551,0.737531,0.393137,-0.372251
01324189,1523964174018,-7.49728,-2.30298,4.41674,0.887884,0.675495,-0.196907,0.709834,-0.166412,-0.518657
01324188,1523964174018,-7.96393,0.919228,-9.1695,1.06447,-2.04186,0.199694,0.812899,-0.359134,-0.11038
01324185,1523964174018,-9.09509,-2.00184,-0.572366,0.476164,-0.111427,-0.0873255,0.852765,0.324211,-0.257511
01324181,1523964174018,-7.87106,-0.0145718,3.00874,0.237315,0.305948,-0.301017,0.840299,0.348016,-0.163707
01324180,1523964174018,-8.54069,-4.31291,0.615887,0.39337,-0.032648,-0.225619,0.734832,0.394494,-0.372725
01324189,1523964174034,-7.65608,-1.72573,4.57629,0.823886,0.657095,-0.291238,0.712737,-0.171323,-0.50587
01324188,1523964174034,-6.85767,0.0713213,-7.78904,0.0441441,-1.47849,-0.0204157,0.81021,-0.36151,-0.130181
01324185,1523964174034,-8.78073,-1.71007,-0.583972,0.599774,-0.062821,-0.134623,0.849772,0.322587,-0.261279
01324181,1523964174034,-7.41854,-0.0405777,2.78754,0.255343,0.417021,-0.315739,0.839962,0.350262,-0.159494
01324180,1523964174034,-8.33352,-4.24276,0.603794,0.519922,-0.0744219,-0.218108,0.730823,0.392526,-0.371623
01324189,1523964174051,-7.7708,-0.517211,4.87785,0.5435,0.549535,-0.328392,0.720037,-0.172921,-0.498732
01324188,1523964174051,-6.22893,-1.8775,-7.34308,-0.401102,-0.91665,-0.314515,0.807208,-0.35779,-0.146091
01324185,1523964174051,-8.57238,-1.36469,-0.620708,0.643502,-0.013819,-0.218382,0.848941,0.322321,-0.267816
01324181,1523964174051,-7.30633,-0.0755383,2.66093,0.279579,0.537015,-0.330316,0.839858,0.355506,-0.155612
01324180,1523964174051,-8.24673,-4.21751,0.595112,0.597338,-0.107598,-0.210831,0.727123,0.390308,-0.378243
01324189,1523964174068,-7.68516,0.583483,4.91812,0.101262,0.352214,-0.270009,0.724472,-0.173151,-0.492221
01324188,1523964174068,-5.52396,-2.10129,-6.73767,-0.235522,-0.338317,-0.528189,0.805941,-0.349293,-0.158757
01324185,1523964174068,-8.4268,-1.06222,-0.617919,0.58969,0.0156616,-0.320604,0.847438,0.325365,-0.27098
01324181,1523964174068,-7.30623,-0.167638,2.54919,0.303894,0.612423,-0.365931,0.838111,0.359999,-0.147839
01324180,1523964174068,-8.12631,-4.1725,0.582034,0.691693,-0.154526,-0.214095,0.724878,0.388478,-0.381223
01324189,1523964174084,-7.47114,1.36244,4.64899,-0.32286,0.190965,-0.155686,0.72702,-0.168889,-0.490609
01324188,1523964174084,-5.86465,-0.0302121,-6.88617,0.286115,0.250562,-0.620051,0.808612,-0.342166,-0.156186
01324185,1523964174084,-8.28869,-0.860807,-0.59436,0.428848,0.0708775,-0.417767,0.845802,0.327008,-0.273607
01324181,1523964174084,-7.34013,-0.284343,2.36767,0.32742,0.698185,-0.415234,0.836372,0.364889,-0.141538
01324180,1523964174084,-7.95905,-4.00605,0.550745,0.745589,-0.182164,-0.224494,0.722912,0.387247,-0.387983
01324189,1523964174101,-7.67908,1.28083,3.63449,-0.570101,0.183236,-0.0498602,0.726284,-0.163242,-0.488413
01324188,1523964174101,-6.87,2.10916,-6.79425,-0.0635466,0.595134,-0.633926,0.812226,-0.33408,-0.149523
01324185,1523964174101,-8.14605,-0.813444,-0.48934,0.215883,0.0897205,-0.50103,0.842538,0.334628,-0.27367
01324181,1523964174101,-7.67716,-0.385219,2.17907,0.397026,0.756205,-0.440716,0.835137,0.370686,-0.132733
01324180,1523964174101,-7.70605,-3.75458,0.564264,0.769079,-0.211326,-0.252677,0.717753,0.383602,-0.394474
01324189,1523964174118,-7.87254,0.486161,1.29881,-0.767553,0.321525,0.0434095,0.727607,-0.157513,-0.487846
01324188,1523964174118,-8.58852,3.14483,-3.63038,-1.33968,0.755318,-0.58636,0.818535,-0.322423,-0.142265
01324185,1523964174118,-8.04984,-0.936799,-0.448515,0.0119189,0.106744,-0.580875,0.838194,0.340444,-0.272141
01324181,1523964174118,-8.10887,-0.467951,2.16824,0.455718,0.747509,-0.440861,0.835835,0.373987,-0.125493
01324180,1523964174118,-7.58898,-3.47345,0.59112,0.731875,-0.221481,-0.277557,0.714761,0.380681,-0.406935
01324189,1523964174134,-9.32756,-1.8016,0.18106,-1.00108,0.641945,0.150712,0.731076,-0.150675,-0.484483
01324188,1523964174134,-11.9215,2.31745,-0.0736094,-1.79615,0.732963,-0.293767,0.8201,-0.312152,-0.140967
01324185,1523964174134,-8.08444,-1.25677,-0.404921,-0.0979381,0.108928,-0.641987,0.83398,0.349339,-0.271951
01324181,1523964174134,-8.67553,-0.542554,2.13223,0.461095,0.662319,-0.462153,0.833262,0.379921,-0.117875
01324180,1523964174134,-7.6498,-3.29886,0.678493,0.627799,-0.201978,-0.307913,0.709302,0.379507,-0.412966
01324189,1523964174151,-11.8735,-4.89064,0.655157,-1.2937,0.938372,0.216346,0.734935,-0.145704,-0.477924
01324188,1523964174151,-12.528,-5.00793,1.00351,-0.778722,0.678376,-0.169592,0.82642,-0.309609,-0.139948
01324185,1523964174151,-8.34832,-1.60905,-0.390001,-0.0853729,0.104857,-0.67933,0.831673,0.356721,-0.26966
01324181,1523964174151,-9.58986,-0.490472,2.35481,0.393283,0.60079,-0.446729,0.830163,0.38625,-0.112122
01324180,1523964174151,-7.91053,-3.36048,0.738448,0.511733,-0.183766,-0.362983,0.706622,0.380298,-0.415887
01324189,1523964174168,-13.7492,-5.47303,3.69061,-0.47531,0.550067,0.198013,0.738784,-0.14202,-0.4695
01324188,1523964174168,-11.3969,-5.15377,0.572446,1.21719,0.740138,-0.230311,0.829667,-0.308753,-0.128342
01324185,1523964174168,-8.86295,-1.86835,-0.462358,0.0432043,0.0841864,-0.677519,0.825697,0.365913,-0.268681
01324181,1523964174168,-10.1169,-0.064845,2.34086,0.353818,0.4847,-0.414776,0.829243,0.391522,-0.107433
01324180,1523964174168,-8.32488,-3.50333,0.774705,0.467364,-0.159993,-0.419304,0.702739,0.381412,-0.420678
01324189,1523964174184,-10.9345,-4.54883,2.92496,0.840626,-0.0438104,0.0155049,0.737977,-0.147174,-0.467522
01324188,1523964174184,-10.0792,-0.544335,-1.40974,1.84455,0.803303,-0.18365,0.829925,-0.308809,-0.108667
01324185,1523964174184,-9.32643,-1.95702,-0.528954,0.259462,0.0260482,-0.639861,0.821075,0.372672,-0.269516
01324181,1523964174184,-9.59786,0.455906,2.00576,0.346288,0.400902,-0.349308,0.82672,0.396228,-0.103515
01324180,1523964174184,-8.82775,-3.52115,0.76003,0.433131,-0.174783,-0.472264,0.696981,0.381975,-0.424776
01324189,1523964174201,-8.44161,-2.83362,1.86422,1.36173,-0.136622,-0.222083,0.739211,-0.152667,-0.464901
01324188,1523964174201,-9.55399,1.68215,-1.1308,1.1559,0.783644,-0.108919,0.829375,-0.310009,-0.0891885
01324185,1523964174201,-9.45173,-1.93213,-0.497156,0.561134,-0.0379217,-0.578524,0.817533,0.381093,-0.271941
01324181,1523964174201,-9.56994,0.650193,2.16644,0.290571,0.385704,-0.259651,0.824496,0.399751,-0.101037
01324180,1523964174201,-8.95917,-3.41508,0.6264,0.40469,-0.176623,-0.513721,0.690527,0.385614,-0.431508
01324189,1523964174218,-8.23484,-1.18934,1.64107,1.17061,-0.187506,-0.313314,0.736099,-0.157478,-0.464234
01324188,1523964174218,-9.41693,0.792269,-1.18156,0.208298,0.772048,-0.216371,0.830426,-0.305608,-0.0777372
01324185,1523964174218,-9.34481,-1.77854,-0.316481,0.884243,-0.0350557,-0.50919,0.811135,0.383776,-0.279272
01324181,1523964174218,-9.69714,0.609482,2.63975,0.254398,0.283608,-0.187115,0.824427,0.402551,-0.0975036
01324180,1523964174218,-8.86316,-3.30617,0.478089,0.377866,-0.158908,-0.569147,0.685292,0.387182,-0.435323
01324189,1523964174234,-8.45414,-0.510667,1.17865,0.887987,-0.28118,-0.258976,0.732332,-0.163003,-0.465842
01324188,1523964174234,-9.50395,-0.533109,-0.899316,-0.400826,0.782015,-0.319526,0.835828,-0.301494,-0.0679762
01324185,1523964174234,-9.11214,-1.51015,-0.130238,1.18882,-0.0462859,-0.460185,0.808411,0.384123,-0.283322
01324181,1523964174234,-9.43849,0.66088,2.8626,0.204095,0.155514,-0.127799,0.823476,0.401887,-0.0957504
01324180,1523964174234,-8.65632,-3.17708,0.36964,0.396068,-0.159233,-0.635864,0.678953,0.390795,-0.437998
01324189,1523964174251,-8.64927,-0.395996,0.46625,0.781691,-0.283588,-0.264632,0.72992,-0.168561,-0.466662
01324188,1523964174251,-9.45175,-2.2363,-1.8421,-0.390402,0.739213,-0.301263,0.837289,-0.297257,-0.0593713
01324185,1523964174251,-8.94216,-1.19809,6.18119e-06,1.45606,-0.0743823,-0.460344,0.804987,0.385304,-0.295359
01324181,1523964174251,-9.5228,0.640304,3.07014,0.130768,0.0696743,-0.0800156,0.824262,0.403457,-0.0955254
01324180,1523964174251,-8.53233,-3.02546,0.323346,0.447115,-0.138665,-0.689894,0.673308,0.393981,-0.444075
01324189,1523964174268,-9.8455,-1.01295,0.87195,0.46076,-0.26268,-0.244303,0.729607,-0.170088,-0.465258
01324188,1523964174268,-9.75161,-2.29015,-2.26283,-0.0499168,0.659976,-0.231694,0.837675,-0.294722,-0.0513987
01324185,1523964174268,-9.0664,-0.807228,0.040127,1.62497,-0.126575,-0.495896,0.799806,0.382264,-0.306826
01324181,1523964174268,-9.77611,0.607894,3.43622,0.0636602,-0.0800465,-0.0465507,0.822247,0.404303,-0.0973844
01324180,1523964174268,-8.7073,-2.91494,0.177231,0.490845,-0.10962,-0.72803,0.666153,0.398922,-0.447929
01324189,1523964174284,-10.4527,-1.58294,0.509782,0.0510241,-0.289363,-0.218854,0.727611,-0.167188,-0.471909
01324188,1523964174284,-9.96448,-2.33218,-2.34743,0.189509,0.559883,-0.167462,0.839824,-0.291584,-0.0444889
01324185,1523964174284,-9.56685,-0.296186,-0.0698765,1.71843,-0.161688,-0.567111,0.794612,0.381408,-0.322108
01324181,1523964174284,-9.86904,0.572797,3.47494,0.00370338,-0.190713,-0.00247131,0.821602,0.404248,-0.100303
01324180,1523964174284,-9.30732,-2.86765,0.0604558,0.525755,-0.0609116,-0.785345,0.659538,0.404004,-0.4526
01324189,1523964174301,-10.4061,-1.68566,0.669484,-0.112016,-0.242736,-0.191063,0.726663,-0.164869,-0.474022
01324188,1523964174301,-9.79041,-2.35928,-2.70472,0.254234,0.478516,-0.139559,0.841716,-0.290629,-0.0375778
01324185,1523964174301,-10.4052,0.187982,-0.271898,1.64621,-0.197967,-0.646564,0.788204,0.380036,-0.334895
01324181,1523964174301,-10.0443,0.536569,3.70636,-0.0125244,-0.196328,0.0268883,0.821626,0.403079,-0.101343
01324180,1523964174301,-10.2228,-2.77174,0.0182075,0.546696,-0.036543,-0.811186,0.653881,0.407324,-0.456779
01324189,1523964174318,-10.1575,-2.19872,1.22435,-0.194864,-0.200384,-0.161246,0.724203,-0.162073,-0.474909
01324188,1523964174318,-9.71451,-1.41002,-2.63691,0.212706,0.38429,-0.101956,0.841965,-0.287947,-0.0295943
01324185,1523964174318,-11.1376,0.616136,-0.448765,1.38105,-0.205838,-0.714103,0.783698,0.382233,-0.345499
01324181,1523964174318,-10.1916,0.527415,3.86739,-0.0180677,-0.173559,0.0607584,0.821119,0.403012,-0.104662
01324180,1523964174318,-10.9227,-2.69227,-0.0558618,0.527496,-0.0336949,-0.820782,0.646061,0.411694,-0.460229
01324189,1523964174334,-9.91197,-2.60787,1.43873,-0.180374,-0.221239,-0.134544,0.720139,-0.158963,-0.479258
01324188,1523964174334,-10.0122,-0.828009,-2.61099,-0.0626556,0.305911,-0.0773269,0.841817,-0.28673,-0.0243937
01324185,1523964174334,-11.6097,0.833384,-0.42351,1.07416,-0.143031,-0.712365,0.776887,0.383738,-0.355434
01324181,1523964174334,-10.3155,0.373177,3.7802,-0.0296259,-0.138928,0.0689011,0.822901,0.401669,-0.105983
01324180,1523964174334,-11.4248,-2.56472,-0.120486,0.45597,-0.042407,-0.83258,0.639866,0.414434,-0.462924
01324189,1523964174351,-9.7885,-2.8651,1.32186,-0.152337,-0.190476,-0.11676,0.719878,-0.157382,-0.481385
01324188,1523964174351,-10.0049,-1.47276,-2.47524,-0.249003,0.232968,-0.0554866,0.842087,-0.286723,-0.0215657
01324185,1523964174351,-11.7879,0.764903,-0.170112,0.79092,-0.0552326,-0.654745,0.770892,0.389232,-0.363318
01324181,1523964174351,-10.4373,0.133958,3.80333,-0.0589065,-0.143594,0.0569467,0.82169,0.402098,-0.106777
01324180,1523964174351,-11.6077,-2.24478,-0.21719,0.301873,-0.0267867,-0.849149,0.633254,0.418635,-0.46599
01324189,1523964174368,-9.9611,-2.90641,1.09313,-0.145327,-0.188803,-0.109602,0.719081,-0.15651,-0.484047
01324188,1523964174368,-10.0902,-2.3405,-2.47152,-0.138858,0.154152,-0.0396531,0.841139,-0.287111,-0.0222522
01324185,1523964174368,-11.7759,0.558017,0.103258,0.502889,0.0289286,-0.526548,0.767482,0.392217,-0.369615
01324181,1523964174368,-10.5067,-0.0415887,3.85938,-0.0711977,-0.0873603,0.0376887,0.819862,0.398653,-0.108282
01324180,1523964174368,-11.4683,-1.9771,-0.265113,0.108853,0.0130472,-0.858847,0.62619,0.426615,-0.468296
01324189,1523964174384,-10.003,-2.53523,0.870709,-0.0970405,-0.128053,-0.116661,0.718401,-0.155488,-0.484835
01324188,1523964174384,-9.81954,-2.41055,-2.94468,0.161544,0.0299614,0.0195001,0.840456,-0.286765,-0.020065
01324185,1523964174384,-11.6895,0.278366,0.301398,0.199111,0.0428122,-0.396197,0.762728,0.397585,-0.369389
01324181,1523964174384,-10.7141,0.0529651,3.90454,-0.0996341,-0.0795228,0.0309933,0.820287,0.399155,-0.111224
01324180,1523964174384,-11.2117,-1.80493,-0.280997,-0.0953794,0.0946714,-0.857824,0.621121,0.435125,-0.468051
01324189,1523964174401,-10.4206,-2.58023,0.614027,-0.0622816,-0.0463277,-0.100627,0.716768,-0.150852,-0.48786
01324188,1523964174401,-9.89423,-1.69161,-3.31161,0.252567,-0.110921,0.058374,0.842086,-0.286836,-0.0191463
01324185,1523964174401,-11.4611,-0.108129,0.475149,-0.00827432,0.0407273,-0.274384,0.76259,0.399696,-0.369671
01324181,1523964174401,-10.6333,0.0196527,4.27277,-0.0943177,-0.0875957,0.0231379,0.823087,0.400436,-0.109817
01324180,1523964174401,-10.9338,-1.77741,-0.292634,-0.273611,0.185803,-0.846061,0.615229,0.447311,-0.473131
01324189,1523964174418,-10.6689,-2.62679,0.68095,-0.0133647,0.0240487,-0.073892,0.718113,-0.148582,-0.487455
01324188,1523964174418,-10.0865,-1.36502,-3.36602,0.136959,-0.241793,0.0959349,0.841001,-0.287021,-0.0210315
01324185,1523964174418,-11.3459,-0.373617,0.560298,-0.135833,0.0164992,-0.176307,0.760284,0.402972,-0.368124
01324181,1523964174418,-10.5402,0.0791761,4.03556,-0.124594,-0.0803436,0.0370544,0.822594,0.397974,-0.111356
01324180,1523964174418,-10.769,-1.81215,-0.247713,-0.404556,0.268113,-0.8235,0.611042,0.458238,-0.467033
01324189,1523964174434,-10.5941,-2.43702,0.738691,0.0597404,0.0992654,-0.0524804,0.718116,-0.148009,-0.48812
01324188,1523964174434,-10.0003,-1.61615,-3.3596,0.0353401,-0.391356,0.12371,0.842643,-0.288097,-0.0266465
01324185,1523964174434,-11.2695,-0.629311,0.559655,-0.156219,-0.0316801,-0.0807368,0.759878,0.404829,-0.366963
01324181,1523964174434,-10.3373,0.212773,3.80729,-0.167285,-0.0838971,0.0422614,0.822316,0.398276,-0.110828
01324180,1523964174434,-10.648,-2.01646,-0.196898,-0.48311,0.318867,-0.748112,0.607667,0.468424,-0.460691
01324189,1523964174451,-10.1365,-2.09611,0.708251,0.0495964,0.18908,-0.0119058,0.720957,-0.148074,-0.486011
01324188,1523964174451,-9.93026,-1.6043,-3.01852,0.0226857,-0.509135,0.147117,0.839004,-0.291893,-0.0345225
01324185,1523964174451,-11.1012,-0.765276,0.4665,-0.11325,-0.0275748,0.016107,0.758657,0.405824,-0.366576
01324181,1523964174451,-10.3084,0.213111,3.81229,-0.167457,-0.058514,0.0760896,0.821782,0.398272,-0.111354
01324180,1523964174451,-10.5919,-2.25296,-0.142061,-0.511462,0.37593,-0.628399,0.60477,0.480295,-0.44634
01324189,1523964174468,-9.87934,-1.65713,0.929347,0.00148847,0.258675,0.0428353,0.724339,-0.149443,-0.482712
01324188,1523964174468,-9.85522,-1.55359,-2.72115,0.0545711,-0.648046,0.177677,0.838614,-0.293872,-0.0419209
01324185,1523964174468,-10.8359,-0.665976,0.279423,-0.075857,0.0294173,0.10749,0.761236,0.4064,-0.365937
01324181,1523964174468,-10.1619,0.324113,3.6976,-0.178262,-0.0740511,0.0992095,0.821779,0.399114,-0.11217
01324180,1523964174468,-10.4704,-2.46618,-0.161381,-0.47112,0.407102,-0.515475,0.602742,0.490019,-0.439621
01324189,1523964174484,-9.60221,-1.45603,1.08629,-0.0958999,0.314891,0.0494582,0.725971,-0.150058,-0.481932
01324188,1523964174484,-9.86856,-1.20798,-2.48352,0.0767046,-0.763317,0.188937,0.837961,-0.297142,-0.0496666
01324185,1523964174484,-10.6238,-0.59521,0.121604,-0.169427,0.0751403,0.180392,0.763273,0.404137,-0.366183
01324181,1523964174484,-9.91951,0.441125,3.55442,-0.197968,-0.00265671,0.138601,0.823949,0.396687,-0.110412
01324180,1523964174484,-10.1663,-2.6028,-0.144661,-0.392139,0.411602,-0.3779,0.603594,0.495346,-0.434656
01324189,1523964174501,-9.51156,-1.57312,0.938598,-0.25913,0.394262,0.0736217,0.72891,-0.148527,-0.476864
01324188,1523964174501,-9.97502,-1.21402,-2.2516,0.0168322,-0.859729,0.20161,0.836094,-0.301119,-0.0636423
01324185,1523964174501,-10.3898,-0.510095,0.00637656,-0.286096,0.0858011,0.248436,0.765457,0.401682,-0.361718
01324181,1523964174501,-9.86892,0.432018,3.55492,-0.21761,0.0321375,0.157054,0.826401,0.394508,-0.11026
01324180,1523964174501,-9.82342,-2.57281,-0.0879771,-0.286693,0.429165,-0.275199,0.603478,0.501541,-0.426142
01324189,1523964174518,-9.56028,-1.92006,0.600173,-0.357903,0.464351,0.105153,0.733232,-0.146325,-0.474352
01324188,1523964174518,-9.97649,-1.61084,-2.05065,0.0110786,-0.963311,0.219914,0.835556,-0.300761,-0.074128
01324185,1523964174518,-10.0981,-0.499955,-0.0838602,-0.417114,0.0701096,0.309849,0.768722,0.401459,-0.358587
01324181,1523964174518,-9.78167,0.37967,3.56131,-0.216012,-0.0213789,0.180703,0.826947,0.391286,-0.106606
01324180,1523964174518,-9.49152,-2.4435,-0.0600846,-0.226506,0.416219,-0.152015,0.604885,0.505154,-0.420886
01324189,1523964174534,-9.59492,-2.24045,0.242126,-0.355657,0.545406,0.0925766,0.738634,-0.147161,-0.46893
01324188,1523964174534,-9.82248,-1.78936,-1.77106,0.166548,-1.04867,0.212985,0.832065,-0.305463,-0.09069
01324185,1523964174534,-9.74632,-0.586475,-0.148984,-0.494916,0.0518395,0.340593,0.771719,0.399278,-0.35452
01324181,1523964174534,-9.47186,0.330037,3.46765,-0.22148,-0.0564122,0.202754,0.828963,0.391827,-0.106772
01324180,1523964174534,-9.18578,-2.34867,-0.0130748,-0.169794,0.392724,-0.0208739,0.608322,0.506795,-0.414141
01324189,1523964174551,-9.53248,-2.27938,0.187541,-0.250267,0.580572,0.114175,0.743194,-0.145522,-0.462407
01324188,1523964174551,-9.57087,-1.75715,-2.02842,0.30987,-1.15199,0.248273,0.829379,-0.309022,-0.103955
01324185,1523964174551,-9.44748,-0.675015,-0.151161,-0.544569,0.0508984,0.371205,0.774169,0.400045,-0.351265
01324181,1523964174551,-9.17419,0.34328,3.44515,-0.225044,-0.101641,0.198849,0.829928,0.390096,-0.106746
01324180,1523964174551,-8.90922,-2.24956,0.0530088,-0.146382,0.372614,0.110088,0.612066,0.506711,-0.411222
01324189,1523964174568,-9.33022,-2.08467,0.189818,-0.0954085,0.599655,0.131497,0.746685,-0.145875,-0.456958
01324188,1523964174568,-9.51054,-1.07579,-1.56819,0.297932,-1.22699,0.252659,0.827375,-0.312883,-0.117248
01324185,1523964174568,-9.12454,-0.768519,-0.151893,-0.547747,0.0532054,0.41875,0.778115,0.396295,-0.348102
01324181,1523964174568,-8.95554,0.481793,3.36661,-0.24114,-0.14485,0.208796,0.830256,0.38662,-0.108273
01324180,1523964174568,-8.65759,-2.28123,0.132632,-0.127667,0.312125,0.242469,0.615374,0.506594,-0.401399
01324189,1523964174584,-9.18853,-1.83298,0.383003,-0.00652621,0.584934,0.146899,0.753172,-0.146881,-0.45088
01324188,1523964174584,-9.5898,-0.897587,-1.14563,0.232049,-1.30358,0.284975,0.824153,-0.317368,-0.132317
01324185,1523964174584,-8.89777,-0.750672,-0.154505,-0.490966,0.0831549,0.470322,0.781113,0.393268,-0.344027
01324181,1523964174584,-8.90917,0.601238,3.3453,-0.267943,-0.18709,0.22228,0.833775,0.385287,-0.108016
01324180,1523964174584,-8.49058,-2.30388,0.177642,-0.156223,0.262289,0.36058,0.620722,0.506472,-0.396881
01324189,1523964174601,-9.06663,-1.5754,0.717677,0.00776836,0.546852,0.16743,0.758298,-0.148138,-0.444789
01324188,1523964174601,-9.69757,-0.595002,-0.911684,0.11009,-1.34906,0.285383,0.820935,-0.322017,-0.150092
01324185,1523964174601,-8.77709,-0.688868,-0.203982,-0.438235,0.107734,0.51005,0.786559,0.389852,-0.338125
01324181,1523964174601,-8.84028,0.70654,3.14569,-0.271691,-0.246723,0.251047,0.833577,0.381231,-0.11019
01324180,1523964174601,-8.42498,-2.31987,0.163693,-0.179129,0.193483,0.465432,0.626383,0.502865,-0.39325
01324189,1523964174618,-9.18639,-1.48607,1.35256,-0.069868,0.458032,0.186024,0.761777,-0.147911,-0.438398
01324188,1523964174618,-9.78359,-0.241607,-0.0189644,-0.104229,-1.36819,0.276589,0.813364,-0.325937,-0.169385
01324185,1523964174618,-8.85419,-0.606597,-0.281599,-0.422255,0.122117,0.55418,0.793629,0.383855,-0.334297
01324181,1523964174618,-8.97059,0.656576,3.02507,-0.300297,-0.284367,0.273259,0.835035,0.374563,-0.11286
01324180,1523964174618,-8.50155,-2.38105,0.157776,-0.221723,0.161602,0.561647,0.633282,0.498389,-0.393441
01324189,1523964174635,-9.41972,-1.44814,1.98416,-0.125387,0.324068,0.163041,0.763932,-0.150539,-0.434158
01324188,1523964174635,-10.1311,-0.0450534,0.333326,-0.287401,-1.30104,0.28309,0.808501,-0.328168,-0.188337
01324185,1523964174635,-9.06668,-0.631835,-0.364445,-0.450533,0.0994357,0.551003,0.796358,0.379422,-0.329945
01324181,1523964174635,-9.06249,0.570717,2.85224,-0.36093,-0.348614,0.294474,0.837802,0.371164,-0.115877
01324180,1523964174635,-8.69436,-2.41161,0.0928867,-0.290109,0.0963571,0.657499,0.638971,0.493049,-0.391197
01324189,1523964174651,-9.73327,-1.47746,2.73365,-0.2612,0.14259,0.106135,0.768406,-0.152082,-0.431008
01324188,1523964174651,-10.5034,0.0201093,0.869903,-0.413865,-1.23668,0.279326,0.805271,-0.330332,-0.212427
01324185,1523964174651,-9.32282,-0.774737,-0.400537,-0.539842,0.0968122,0.558832,0.800848,0.37639,-0.326137
01324181,1523964174651,-9.08642,0.369278,2.59513,-0.392057,-0.383996,0.297741,0.838114,0.369672,-0.118377
01324180,1523964174651,-8.91115,-2.48921,0.114513,-0.37805,0.0430024,0.767371,0.646686,0.488571,-0.393565
01324189,1523964174668,-9.87124,-1.15549,3.38396,-0.34334,-0.0705943,0.0369902,0.771276,-0.150151,-0.433034
01324188,1523964174668,-10.2518,0.08408,1.2476,-0.489756,-1.13532,0.297651,0.799325,-0.33352,-0.229268
01324185,1523964174668,-9.4971,-1.02641,-0.346813,-0.622874,0.0925814,0.588759,0.807378,0.372822,-0.32076
01324181,1523964174668,-8.8941,0.245526,2.43451,-0.430157,-0.451843,0.268796,0.838442,0.367587,-0.121795
01324180,1523964174668,-9.00849,-2.65785,0.202061,-0.450516,0.0125214,0.873935,0.654767,0.484338,-0.389305
01324189,1523964174685,-9.77957,-0.532638,3.9658,-0.318328,-0.322824,0.0464118,0.7701,-0.148423,-0.439301
01324188,1523964174685,-9.48895,0.425828,0.935322,-0.518093,-0.994029,0.283185,0.794731,-0.335541,-0.246592
01324185,1523964174685,-9.45389,-1.23837,-0.142666,-0.649953,0.0775843,0.651812,0.812549,0.36697,-0.316796
01324181,1523964174685,-8.83133,0.321372,2.56387,-0.504823,-0.526677,0.244228,0.839452,0.365337,-0.125749
01324180,1523964174685,-8.86357,-2.87747,0.359367,-0.567951,-0.037866,0.95715,0.662334,0.478962,-0.386684
01324189,1523964174701,-9.5876,-0.217834,4.14621,-0.562576,-0.529151,0.0752586,0.763499,-0.143837,-0.449903
01324188,1523964174701,-9.35775,0.577425,0.562308,-0.858136,-0.796868,0.220207,0.79012,-0.33583,-0.257336
01324185,1523964174701,-9.25621,-1.37189,0.00553246,-0.634926,0.0798128,0.712972,0.817863,0.359752,-0.310464
01324181,1523964174701,-8.8689,0.522207,2.67087,-0.526192,-0.549774,0.238912,0.840485,0.362754,-0.131825
01324180,1523964174701,-8.73047,-3.0966,0.456138,-0.676469,-0.0824495,1.01585,0.670413,0.472369,-0.376249
01324189,1523964174718,-9.05511,-0.319404,5.41338,-0.904235,-0.499609,0.112179,0.760538,-0.137891,-0.457322
01324188,1523964174718,-9.67956,-0.813643,1.05394,-1.48957,-0.516121,0.1101,0.787109,-0.330537,-0.272604
01324185,1523964174718,-9.19359,-1.39878,-0.00657702,-0.562854,0.0900873,0.751934,0.823175,0.353086,-0.304792
01324181,1523964174718,-8.94822,0.419276,2.78826,-0.4925,-0.593752,0.247938,0.841637,0.360066,-0.136038
01324180,1523964174718,-8.74715,-3.3345,0.563429,-0.82733,-0.12524,1.02157,0.679593,0.466083,-0.371912
01324189,1523964174735,-9.51599,-1.79995,6.56084,-1.20527,-0.447783,0.175165,0.761126,-0.132472,-0.465053
01324188,1523964174735,-10.2148,-1.58575,3.15405,-1.65388,-0.313932,-0.018106,0.787215,-0.323695,-0.290915
01324185,1523964174735,-9.35093,-1.50626,-0.134614,-0.544892,0.0758889,0.759697,0.828484,0.346111,-0.300555
01324181,1523964174735,-9.0764,0.175066,2.88872,-0.472863,-0.668439,0.223156,0.840523,0.357493,-0.143023
01324180,1523964174735,-8.90252,-3.65995,0.577042,-0.942138,-0.14035,1.0541,0.688226,0.460386,-0.367149
01324189,1523964174751,-9.98734,-3.61585,6.67073,-1.33935,-0.531796,0.111019,0.757901,-0.124945,-0.474331
01324188,1523964174751,-9.4714,-1.86881,3.94019,-1.17784,-0.193592,-0.0559019,0.786918,-0.318568,-0.300566
01324185,1523964174751,-9.7351,-1.65087,-0.269542,-0.55691,0.0509541,0.72509,0.834739,0.340102,-0.297378
01324181,1523964174751,-8.97496,-0.110164,3.06871,-0.391065,-0.678903,0.225401,0.840605,0.356886,-0.150993
01324180,1523964174751,-9.20401,-4.10328,0.617584,-0.967539,-0.167489,1.09063,0.696035,0.455857,-0.361268
01324189,1523964174768,-10.0147,-4.61432,6.35234,-1.26193,-0.728794,-0.0500392,0.753731,-0.113951,-0.486651
01324188,1523964174768,-9.14792,-0.824929,1.70449,-0.737884,0.0195847,-0.123078,0.785794,-0.312232,-0.304603
01324185,1523964174768,-10.0781,-1.77883,-0.355449,-0.588859,-0.0199209,0.657622,0.839094,0.333802,-0.294715
01324181,1523964174768,-8.80747,-0.253944,3.30438,-0.403409,-0.660737,0.204891,0.841749,0.356025,-0.15684
01324180,1523964174768,-9.43452,-4.42996,0.664294,-0.924396,-0.222679,1.13972,0.705769,0.448552,-0.358041
01324189,1523964174785,-9.91387,-4.5242,6.6626,-1.02446,-0.950772,-0.256742,0.743976,-0.103385,-0.498776
01324188,1523964174785,-8.79018,0.133024,-3.11056,-0.574688,0.412069,-0.209603,0.79173,-0.305748,-0.30198
01324185,1523964174785,-10.3101,-1.89297,-0.37589,-0.642936,-0.0798367,0.607092,0.84372,0.327791,-0.291664
01324181,1523964174785,-9.12869,-0.48846,3.59179,-0.355109,-0.550742,0.167879,0.840086,0.353343,-0.162619
01324180,1523964174785,-9.68219,-4.71758,0.650629,-0.808885,-0.258273,1.18766,0.713377,0.439397,-0.35482
01324189,1523964174801,-10.3013,-3.89852,6.94255,-0.676921,-1.11665,-0.344043,0.735461,-0.0905619,-0.51371
01324188,1523964174801,-9.46738,2.61733,-4.95202,-1.04582,0.891878,-0.290905,0.796704,-0.297902,-0.296968
01324185,1523964174801,-10.571,-2.00698,-0.448469,-0.659764,-0.122221,0.58363,0.846176,0.3215,-0.288602
01324181,1523964174801,-9.56654,-0.704859,3.77184,-0.276554,-0.501885,0.121646,0.840298,0.352609,-0.169789
01324180,1523964174801,-10.0903,-4.92922,0.577809,-0.710535,-0.304019,1.21614,0.721397,0.430099,-0.35296
01324189,1523964174818,-10.4261,-3.49525,6.5316,-0.396807,-1.20933,-0.326926,0.729148,-0.0825455,-0.528038
01324188,1523964174818,-10.3036,3.98483,-5.60287,-1.92247,1.2846,-0.289209,0.800711,-0.287625,-0.290578
01324185,1523964174818,-10.9816,-2.13454,-0.553325,-0.639005,-0.108469,0.574257,0.849168,0.318427,-0.286882
01324181,1523964174818,-9.84133,-0.873042,3.72018,-0.189065,-0.454837,0.0753196,0.841179,0.350483,-0.174676
01324180,1523964174818,-10.5672,-5.05463,0.492707,-0.633037,-0.36034,1.24444,0.7286,0.421538,-0.350668
01324189,1523964174835,-9.94172,-2.83014,5.81512,-0.408826,-1.21965,-0.23466,0.717278,-0.0769812,-0.543794
01324188,1523964174835,-9.86094,4.75539,-5.34377,-2.67768,1.70338,-0.0914911,0.809998,-0.274489,-0.281783
01324185,1523964174835,-11.4764,-2.18451,-0.633538,-0.662012,-0.0590247,0.569825,0.854606,0.313671,-0.28463
01324181,1523964174835,-9.44382,-0.800151,3.40496,-0.112207,-0.347607,0.039691,0.840424,0.349956,-0.179579
01324180,1523964174835,-11.0271,-5.2145,0.489756,-0.616758,-0.398849,1.2461,0.737449,0.411223,-0.351275
01324189,1523964174851,-9.07131,-2.14479,5.00036,-0.511506,-1.26196,-0.164925,0.707852,-0.0706157,-0.559171
01324188,1523964174851,-10.5165,2.69449,-4.39583,-2.86692,2.12183,0.226833,0.819425,-0.262747,-0.268225
01324185,1523964174851,-11.6527,-2.2845,-0.600699,-0.750205,-0.0212831,0.562917,0.857194,0.309201,-0.28224
01324181,1523964174851,-9.21432,-0.712302,3.13668,-0.0672964,-0.150204,0.00326344,0.838518,0.352391,-0.180807
01324180,1523964174851,-10.9935,-4.47619,1.02585,-0.856176,-0.478024,1.16684,0.743472,0.401539,-0.351829
01324189,1523964174868,-7.96607,-2.24227,4.33598,-0.515069,-1.17405,-0.0276114,0.696252,-0.0657753,-0.574267
01324188,1523964174868,-10.8531,0.632953,-2.82947,-1.65776,2.44517,0.732492,0.831764,-0.26176,-0.241087
01324185,1523964174868,-11.3879,-2.49317,-0.556509,-0.875987,0.011437,0.54068,0.860742,0.303102,-0.276437
01324181,1523964174868,-9.2536,-0.511338,3.06254,-0.0101104,0.0246413,-0.0143804,0.840015,0.352197,-0.182149
01324180,1523964174868,-9.67994,-4.35134,1.17954,-1.9888,-0.533987,1.16429,0.749173,0.395476,-0.350276
01324189,1523964174885,-6.62323,-3.35846,3.40758,-0.278723,-0.935054,0.121737,0.686563,-0.0650063,-0.58714
01324188,1523964174885,-10.0991,-0.0848595,-2.28976,0.301111,2.67788,1.18932,0.838467,-0.27301,-0.206018
01324185,1523964174885,-10.61,-2.9362,-0.534299,-0.966141,0.0414028,0.446874,0.864691,0.299231,-0.272226
01324181,1523964174885,-9.11922,-0.213651,2.92729,0.087878,0.142257,-0.0197779,0.840167,0.351461,-0.182934
01324180,1523964174885,-11.1166,-7.46911,1.75986,-2.6348,-0.526542,0.748374,0.753769,0.399541,-0.339577
01324189,1523964174901,-6.21119,-4.86048,2.59941,0.167716,-0.549542,0.269925,0.679666,-0.0659994,-0.591891
01324188,1523964174901,-9.79073,1.60952,-2.70221,2.05167,2.82393,1.51973,0.8405,-0.299162,-0.159421
01324185,1523964174901,-10.022,-3.33204,-0.237542,-1.02871,0.0167884,0.300699,0.866876,0.300615,-0.266228
01324181,1523964174901,-9.05579,-0.101086,2.66713,0.167998,0.24955,-0.00793127,0.841049,0.35409,-0.180071
01324180,1523964174901,-9.95971,-9.00179,1.88117,-2.05977,-0.714042,0.748301,0.758335,0.405041,-0.326278
01324189,1523964174918,-6.17926,-5.58598,2.14447,0.633807,-0.222913,0.333066,0.67511,-0.0745313,-0.594451
01324188,1523964174918,-10.2934,4.33964,-3.22604,2.87227,2.8577,1.76452,0.840638,-0.327801,-0.102711
01324185,1523964174918,-9.65632,-3.07392,0.161486,-1.05745,-0.154632,0.12995,0.870142,0.301687,-0.261801
01324181,1523964174918,-9.09888,-0.169468,2.59571,0.267763,0.305143,-0.0215403,0.84186,0.351572,-0.176834
01324180,1523964174918,-8.27867,-8.23241,1.29759,-0.611322,-0.762793,0.649677,0.758908,0.402424,-0.327286
01324189,1523964174935,-6.41851,-4.57218,1.79025,1.12715,-0.0173759,0.368126,0.674913,-0.0874848,-0.594284
01324188,1523964174935,-10.0241,6.6159,-3.38356,2.70193,2.85213,1.92788,0.833851,-0.356829,-0.0475566
01324185,1523964174935,-9.24002,-2.47231,0.0161571,-1.01097,-0.314095,0.0729861,0.868784,0.304378,-0.261299
01324181,1523964174935,-9.20859,-0.279894,2.53917,0.29638,0.294982,-0.0475373,0.843188,0.351875,-0.175258
01324180,1523964174935,-8.02891,-5.7966,0.423989,0.401316,-0.73327,0.607601,0.758795,0.393633,-0.337605
01324189,1523964174951,-6.63087,-1.98659,1.63895,1.62561,0.148434,0.414804,0.676231,-0.109962,-0.589924
01324188,1523964174951,-9.57233,7.21307,-3.15906,1.83723,2.80048,2.00641,0.824117,-0.392448,0.00614394
01324185,1523964174951,-8.883,-2.21483,-0.343896,-0.848238,-0.410442,0.0971543,0.866339,0.308624,-0.260677
01324181,1523964174951,-9.26678,-0.265997,2.50472,0.326508,0.19253,-0.0433379,0.843568,0.351648,-0.172331
01324180,1523964174951,-7.69648,-4.40594,-0.140345,0.903639,-0.637266,0.645127,0.759661,0.384872,-0.355918
01324189,1523964174968,-6.61953,1.12293,1.44171,2.16874,0.260237,0.48656,0.680262,-0.134226,-0.583199
01324188,1523964174968,-9.57159,6.12973,-2.35987,0.937815,2.65414,2.03408,0.811221,-0.421247,0.0524926
01324185,1523964174968,-8.87411,-2.37875,-0.495453,-0.522828,-0.46473,0.177087,0.867139,0.309367,-0.266052
01324181,1523964174968,-9.09494,-0.222662,2.43254,0.330087,0.0949222,-0.0597594,0.84263,0.352204,-0.173663
01324180,1523964174968,-7.87209,-3.54777,-0.219521,0.759226,-0.473733,0.511981,0.760271,0.373039,-0.36942
01324189,1523964174985,-6.83647,3.28825,1.45987,2.47699,0.386778,0.647292,0.679796,-0.160669,-0.5751
01324188,1523964174985,-9.66883,4.68095,-1.6625,0.354132,2.3996,2.01846,0.798016,-0.443167,0.0891655
01324185,1523964174985,-9.03917,-2.59462,-0.719099,-0.128284,-0.475747,0.248202,0.866593,0.306921,-0.268512
01324181,1523964174985,-8.89021,-0.244515,2.44876,0.372823,0.068219,-0.0705188,0.844105,0.353869,-0.175177
01324180,1523964174985,-8.38622,-3.67078,-0.114039,0.402742,-0.383854,0.336371,0.762978,0.362873,-0.376697
01324189,1523964175001,-7.45017,4.14985,2.27929,2.30118,0.477072,0.769259,0.681231,-0.191753,-0.563444
01324188,1523964175001,-9.02596,3.3037,-1.24108,0.0736779,2.1218,1.94283,0.780223,-0.469405,0.120099
01324185,1523964175001,-9.24624,-2.29501,-0.975366,0.153391,-0.439405,0.275765,0.86712,0.302399,-0.27619
01324181,1523964175001,-8.72573,-0.164902,2.40964,0.429827,0.126572,-0.0736937,0.844662,0.35382,-0.177044
01324180,1523964175001,-8.88722,-4.25788,0.0615279,0.217515,-0.329966,0.235322,0.761986,0.358278,-0.382049
01324189,1523964175018,-7.82056,4.66296,3.0212,1.85114,0.571907,0.915132,0.683988,-0.218258,-0.550428
01324188,1523964175018,-8.44745,2.15771,-1.10284,-0.0919244,1.79048,1.80011,0.762162,-0.495669,0.145506
01324185,1523964175018,-9.47787,-2.26956,-1.05306,0.295473,-0.370219,0.286272,0.866564,0.299024,-0.282959
01324181,1523964175018,-8.79581,-0.15358,2.38483,0.492326,0.235885,-0.0970631,0.844672,0.352687,-0.176488
01324180,1523964175018,-9.07819,-4.54291,0.323955,0.226961,-0.343198,0.193062,0.762595,0.354232,-0.387009
01324189,1523964175035,-7.75544,4.72764,3.19805,1.17447,0.781085,1.03329,0.686755,-0.245772,-0.537822
01324188,1523964175035,-8.17945,1.3984,-0.927169,-0.240067,1.39874,1.63556,0.741384,-0.520395,0.157834
01324185,1523964175035,-9.61646,-1.82566,-1.02743,0.295523,-0.324981,0.229874,0.86696,0.290983,-0.29021
01324181,1523964175035,-8.89435,-0.0990047,2.45802,0.533359,0.278098,-0.114047,0.846278,0.352968,-0.175713
01324180,1523964175035,-9.08738,-4.63146,0.470809,0.285007,-0.360575,0.193288,0.760955,0.348057,-0.39333
01324189,1523964175051,-8.26076,4.17008,2.51551,0.374217,1.06753,1.15455,0.691375,-0.265125,-0.524636
01324188,1523964175051,-8.12206,0.535798,-1.04493,-0.290757,1.00228,1.43442,0.724648,-0.539642,0.170049
01324185,1523964175051,-9.45224,-1.85303,-0.883743,0.261197,-0.290027,0.168419,0.866541,0.287482,-0.296193
01324181,1523964175051,-8.96002,-0.0730555,2.41121,0.53187,0.296697,-0.160412,0.845992,0.353565,-0.174791
01324180,1523964175051,-8.96373,-4.49306,0.533199,0.274936,-0.373356,0.172041,0.759283,0.345377,-0.401475
01324189,1523964175068,-9.51775,3.31738,2.33809,-0.242369,1.23663,1.21473,0.695459,-0.275618,-0.514806
01324188,1523964175068,-8.7332,0.00705041,-0.967986,-0.315365,0.610913,1.20862,0.715772,-0.555436,0.18036
01324185,1523964175068,-9.27975,-1.55777,-0.675789,0.243062,-0.262964,0.037251,0.866937,0.284696,-0.301663
01324181,1523964175068,-9.29052,0.054012,2.45255,0.514289,0.336783,-0.194417,0.846901,0.355855,-0.174316
01324180,1523964175068,-9.0055,-4.29903,0.630532,0.15641,-0.398117,0.160626,0.759219,0.341341,-0.406018
01324189,1523964175085,-10.4376,2.49334,2.18937,-0.601172,1.282,1.21985,0.700852,-0.284921,-0.503154
01324188,1523964175085,-9.39422,-0.930467,-0.679973,-0.24751,0.256151,0.985626,0.704168,-0.568407,0.181311
01324185,1523964175085,-9.41609,-1.25822,-0.522597,0.168517,-0.163201,-0.0976538,0.865706,0.287176,-0.304823
01324181,1523964175085,-9.46546,0.15147,2.38436,0.507339,0.308774,-0.227359,0.847266,0.357054,-0.171685
01324180,1523964175085,-9.16251,-4.14919,0.668492,-0.065173,-0.398458,0.0942376,0.756868,0.338517,-0.412262
01324189,1523964175101,-10.3562,1.7129,2.11326,-0.854479,1.3139,1.18429,0.706256,-0.291789,-0.494027
01324188,1523964175101,-9.12124,-1.6712,-0.752393,0.129066,-0.0802678,0.786327,0.697171,-0.579419,0.182327
01324185,1523964175101,-9.67626,-1.19393,-0.449034,0.0182231,-0.0791052,-0.196623,0.864345,0.287716,-0.306132
01324181,1523964175101,-9.26348,0.217069,2.225,0.478089,0.277411,-0.244837,0.84563,0.358508,-0.171698
01324180,1523964175101,-9.22452,-4.20513,0.638577,-0.31199,-0.357908,0.038454,0.754851,0.339727,-0.414373
01324189,1523964175118,-10.3525,0.746147,2.11091,-0.884156,1.31072,1.15755,0.714065,-0.298983,-0.479841
01324188,1523964175118,-9.62578,-2.10853,-0.354622,0.371591,-0.421931,0.619551,0.690701,-0.587044,0.176269
01324185,1523964175118,-9.8259,-1.30846,-0.329836,-0.109421,0.00863623,-0.261644,0.86271,0.291072,-0.307729
01324181,1523964175118,-9.15515,0.198946,2.2188,0.43994,0.305419,-0.256564,0.845433,0.361851,-0.169637
01324180,1523964175118,-9.30844,-4.44272,0.641286,-0.451253,-0.358717,-0.0345619,0.751725,0.34386,-0.416543
01324189,1523964175135,-10.5101,-0.512493,2.05188,-0.901766,1.28499,1.11583,0.719738,-0.306,-0.470317
01324188,1523964175135,-10.4921,-2.33216,-0.331397,0.64141,-0.687869,0.372314,0.687469,-0.591398,0.17388
01324185,1523964175135,-9.80701,-1.57326,-0.148369,-0.128086,0.0750527,-0.329235,0.861626,0.294216,-0.305662
01324181,1523964175135,-9.16902,0.142994,2.20288,0.425913,0.368616,-0.280957,0.845388,0.364876,-0.168902
01324180,1523964175135,-9.31631,-4.58795,0.669414,-0.412462,-0.331038,-0.0974551,0.748716,0.34944,-0.418416
01324189,1523964175151,-10.6356,-1.12525,2.14968,-0.918108,1.26267,1.05099,0.720908,-0.312033,-0.460733
01324188,1523964175151,-10.949,-2.35583,-0.500894,0.873022,-0.978767,0.165312,0.688427,-0.59247,0.174609
01324185,1523964175151,-9.74425,-1.71549,0.0857666,-0.0584803,0.123973,-0.388319,0.86054,0.300182,-0.303622
01324181,1523964175151,-9.14987,0.048712,2.06956,0.426031,0.396691,-0.291914,0.843967,0.367427,-0.16455
01324180,1523964175151,-9.21949,-4.60906,0.718581,-0.298475,-0.287044,-0.173818,0.745354,0.351702,-0.422514
01324189,1523964175168,-10.9306,-1.47833,2.69853,-0.776277,1.21032,0.978779,0.727401,-0.317493,-0.452412
01324188,1523964175168,-11.6022,-3.16609,-0.835,0.949096,-1.19125,-0.0684466,0.692498,-0.591361,0.171258
01324185,1523964175168,-9.70055,-1.76131,0.305168,0.0624593,0.167602,-0.398947,0.858634,0.306955,-0.303681
01324181,1523964175168,-9.29723,-0.103428,2.04256,0.367585,0.433077,-0.329281,0.844149,0.372073,-0.16159
01324180,1523964175168,-9.08122,-4.49013,0.812426,-0.156124,-0.249513,-0.272879,0.743309,0.355382,-0.42498
01324189,1523964175185,-11.5017,-2.11852,4.46547,-0.551353,1.12533,0.853675,0.732506,-0.324339,-0.440603
01324188,1523964175185,-11.5031,-4.01919,-3.0421,1.43203,-1.05045,-0.327264,0.697616,-0.584131,0.170703
01324185,1523964175185,-9.73886,-1.7946,0.496409,0.184781,0.183821,-0.417888,0.858908,0.311517,-0.30124
01324181,1523964175185,-9.80019,-0.165266,2.15161,0.254814,0.450043,-0.36484,0.844875,0.375449,-0.157411
01324180,1523964175185,-9.01845,-4.32601,0.886447,-0.0239684,-0.167162,-0.378695,0.739899,0.360678,-0.426582
01324189,1523964175202,-11.4361,-2.94585,6.12498,-0.279637,0.954021,0.581284,0.736409,-0.329443,-0.432383
01324188,1523964175202,-12.1339,-1.93507,-2.82987,1.53937,-0.909733,-0.445514,0.708148,-0.573494,0.170158
01324185,1523964175202,-9.87841,-1.74548,0.603786,0.341966,0.169894,-0.423045,0.856329,0.31379,-0.300469
01324181,1523964175202,-10.1478,-0.060187,2.13288,0.166788,0.387758,-0.382263,0.842621,0.380013,-0.153226
01324180,1523964175202,-9.20192,-4.20846,0.981977,0.0715652,-0.0900807,-0.490011,0.736785,0.363351,-0.427429
01324189,1523964175218,-10.6822,-2.65804,5.96094,0.113186,0.806087,0.320633,0.740827,-0.335694,-0.420428
01324188,1523964175218,-11.2782,-0.577624,-2.23277,0.87919,-0.878178,-0.650509,0.715694,-0.563389,0.169618
01324185,1523964175218,-10.0708,-1.58533,0.649199,0.459493,0.171998,-0.449513,0.855376,0.318166,-0.300377
01324181,1523964175218,-10.112,0.148885,2.12911,0.0634706,0.27451,-0.377778,0.840662,0.383822,-0.150625
01324180,1523964175218,-9.40832,-4.1978,1.11537,0.145,-0.0126238,-0.581265,0.732552,0.370261,-0.429392
01324189,1523964175235,-10.1232,-1.69054,4.83756,0.308045,0.74306,0.11426,0.74632,-0.337084,-0.409785
01324188,1523964175235,-10.8343,0.542583,-1.97686,-0.226142,-0.788631,-0.886281,0.725557,-0.554056,0.166035
01324185,1523964175235,-10.2633,-1.40599,0.621626,0.554409,0.179674,-0.470039,0.852929,0.323249,-0.300287
01324181,1523964175235,-10.1519,0.274558,2.14576,-0.0185001,0.242894,-0.360557,0.839772,0.387356,-0.146832
01324180,1523964175235,-9.58464,-4.259,1.22932,0.222049,0.0641794,-0.683075,0.727373,0.379978,-0.43683
01324189,1523964175252,-10.1603,-1.17767,3.84136,0.233485,0.626086,-0.0492599,0.750891,-0.340619,-0.401159
01324188,1523964175252,-11.0606,0.803477,-1.92692,-1.17604,-0.660455,-1.05249,0.735838,-0.544583,0.146952
01324185,1523964175252,-10.4367,-1.30619,0.618317,0.622553,0.150517,-0.499657,0.850477,0.327583,-0.302414
01324181,1523964175252,-10.0114,0.188878,2.14831,-0.0613156,0.243228,-0.338032,0.838714,0.392917,-0.142148
01324180,1523964175252,-9.75995,-4.21393,1.33903,0.344902,0.132705,-0.800452,0.723963,0.385127,-0.438165
01324189,1523964175268,-10.0095,-0.96342,2.97306,-0.0112751,0.543665,-0.204561,0.755457,-0.339988,-0.394642
01324188,1523964175268,-10.9092,1.2184,-2.03535,-1.69444,-0.510518,-1.05261,0.747631,-0.537677,0.126072
01324185,1523964175268,-10.4413,-1.22188,0.632203,0.682381,0.103954,-0.518135,0.849107,0.331748,-0.305982
01324181,1523964175268,-9.82403,0.128092,2.05407,-0.146805,0.202676,-0.322637,0.836472,0.398705,-0.140915
01324180,1523964175268,-9.7017,-4.08397,1.44182,0.492234,0.191346,-0.901951,0.720387,0.393038,-0.439577
01324189,1523964175285,-9.87311,-0.779458,2.26556,-0.334195,0.482888,-0.294413,0.761087,-0.335063,-0.38797
01324188,1523964175285,-10.4479,0.479275,-1.3969,-1.64362,-0.397906,-0.996069,0.758866,-0.528341,0.10333
01324185,1523964175285,-10.2046,-1.1535,0.662618,0.710703,0.0350619,-0.512676,0.846378,0.337599,-0.309954
01324181,1523964175285,-9.58376,-0.082744,2.27217,-0.138027,0.202984,-0.305456,0.835297,0.403809,-0.137551
01324180,1523964175285,-9.49439,-3.8548,1.45961,0.594061,0.2661,-1.02737,0.713983,0.398926,-0.434225
01324189,1523964175302,-9.74277,-0.681031,1.77458,-0.595344,0.423314,-0.323641,0.766172,-0.326821,-0.383408
01324188,1523964175302,-9.92791,-0.144517,-1.42658,-0.926568,-0.315263,-0.933517,0.76886,-0.516853,0.088017
01324185,1523964175302,-9.93425,-1.10457,0.720905,0.744431,-0.0336535,-0.484269,0.842434,0.340372,-0.312585
01324181,1523964175302,-9.47082,-0.227024,2.3312,-0.226125,0.132034,-0.309248,0.83412,0.408778,-0.133785
01324180,1523964175302,-9.28974,-3.59141,1.43405,0.674988,0.330209,-1.14947,0.706781,0.406311,-0.43397
01324189,1523964175318,-9.635,-0.283835,1.696,-0.70115,0.376062,-0.307053,0.770488,-0.318584,-0.383928
01324188,1523964175318,-9.60485,0.905254,-2.07637,-0.146673,-0.238141,-0.810488,0.774769,-0.505196,0.0830111
01324185,1523964175318,-9.70266,-1.08675,0.718086,0.748996,-0.126783,-0.459066,0.840791,0.340401,-0.318467
01324181,1523964175318,-9.33196,-0.414783,2.5313,-0.228771,0.133664,-0.316131,0.832829,0.411894,-0.129713
01324180,1523964175318,-9.15669,-3.38636,1.36638,0.71364,0.402703,-1.25947,0.703169,0.415505,-0.431433
01324189,1523964175335,-9.3209,-0.188337,1.34828,-0.732019,0.398757,-0.267285,0.773418,-0.309868,-0.382285
01324188,1523964175335,-9.60577,1.94675,-2.75244,0.207799,-0.200101,-0.657214,0.780434,-0.498328,0.0806741
01324185,1523964175335,-9.53388,-0.996463,0.552216,0.729673,-0.184662,-0.457011,0.837516,0.343239,-0.325025
01324181,1523964175335,-9.14281,-0.470856,2.6326,-0.264432,0.0469195,-0.316808,0.830605,0.415695,-0.12764
01324180,1523964175335,-9.1629,-3.2577,1.29211,0.710428,0.450131,-1.35055,0.695827,0.423915,-0.432374
01324189,1523964175352,-9.29823,-0.422508,1.13805,-0.686753,0.440563,-0.256555,0.776092,-0.30302,-0.38119
01324188,1523964175352,-9.28983,1.01835,-3.25428,0.295217,-0.213872,-0.59296,0.784448,-0.488519,0.0815077
01324185,1523964175352,-9.58227,-0.92891,0.374041,0.648807,-0.24374,-0.454832,0.832338,0.346486,-0.332366
01324181,1523964175352,-8.88959,-0.477423,2.45805,-0.273244,0.0768526,-0.320033,0.83076,0.422629,-0.12486
01324180,1523964175352,-9.22514,-3.26443,1.17304,0.723002,0.447295,-1.37949,0.690082,0.433164,-0.432645
01324189,1523964175368,-9.51924,-0.374044,0.951648,-0.436413,0.516563,-0.238049,0.783367,-0.296277,-0.376665
01324188,1523964175368,-8.81003,0.628179,-3.57215,0.284412,-0.238065,-0.665783,0.79146,-0.480061,0.0820842
01324185,1523964175368,-9.38026,-0.978539,0.137822,0.59002,-0.271472,-0.471641,0.829326,0.348269,-0.342448
01324181,1523964175368,-8.95428,-0.478414,2.73297,-0.230605,0.115107,-0.312922,0.8266,0.429905,-0.122309
01324180,1523964175368,-9.27973,-3.13388,1.09346,0.660188,0.461929,-1.41931,0.6811,0.44525,-0.436599
01324189,1523964175385,-9.64013,-0.452473,0.597911,-0.20932,0.528892,-0.214192,0.789563,-0.291808,-0.371878
01324188,1523964175385,-9.04401,0.796118,-3.32637,0.0357347,-0.267174,-0.71741,0.798338,-0.471583,0.0791588
01324185,1523964175385,-9.41437,-0.973685,-0.0500252,0.481536,-0.274201,-0.49871,0.825914,0.353514,-0.348636
01324181,1523964175385,-8.99429,-0.478752,2.5685,-0.203867,0.146087,-0.312731,0.825702,0.435268,-0.120017
01324180,1523964175385,-9.23644,-3.43636,0.981047,0.629089,0.426801,-1.33368,0.674805,0.45523,-0.436035
01324189,1523964175402,-10.1703,-1.23506,0.273021,-0.0263129,0.552065,-0.245499,0.791778,-0.287508,-0.3641
01324188,1523964175402,-10.4351,1.2593,-2.62181,-0.215771,-0.297373,-0.641812,0.802486,-0.460731,0.0733157
01324185,1523964175402,-9.38115,-1.04388,-0.230278,0.368449,-0.226049,-0.551627,0.821012,0.35765,-0.353762
01324181,1523964175402,-9.39194,-0.49326,2.69181,-0.170155,0.185415,-0.29688,0.82442,0.437668,-0.11593
01324180,1523964175402,-9.25877,-3.53689,0.873933,0.621111,0.376243,-1.26025,0.66845,0.461324,-0.441095
01324189,1523964175418,-10.8507,-1.93028,0.658922,0.113042,0.524854,-0.307917,0.797555,-0.283741,-0.35784
01324188,1523964175418,-10.6338,-0.176222,-2.0441,-0.105471,-0.279062,-0.587747,0.807336,-0.453407,0.0677822
01324185,1523964175418,-9.65933,-1.22287,-0.381523,0.260686,-0.199139,-0.604343,0.816383,0.364495,-0.357476
01324181,1523964175418,-9.94477,-0.446476,2.755,-0.129309,0.173285,-0.291811,0.821908,0.441514,-0.111993
01324180,1523964175418,-9.34222,-3.39633,0.728878,0.565331,0.331585,-1.2257,0.662072,0.46857,-0.444372
01324189,1523964175435,-10.8555,-2.20917,1.54677,0.416012,0.407809,-0.369746,0.800467,-0.282051,-0.349957
01324188,1523964175435,-10.3023,-0.770245,-2.09424,0.340942,-0.21603,-0.593669,0.812992,-0.445281,0.0666025
01324185,1523964175435,-9.95708,-1.5293,-0.486944,0.190562,-0.167372,-0.662227,0.81121,0.370188,-0.362355
01324181,1523964175435,-10.0356,-0.258143,2.54795,-0.11605,0.121311,-0.281963,0.821034,0.445707,-0.110741
01324180,1523964175435,-9.56441,-3.38327,0.615603,0.456521,0.258715,-1.10552,0.651755,0.478185,-0.443757
01324189,1523964175452,-9.94168,-2.31812,1.37207,0.74537,0.331536,-0.445083,0.805288,-0.280412,-0.34223
01324188,1523964175452,-9.76429,-0.428466,-2.29166,0.716034,-0.176746,-0.549003,0.816059,-0.436195,0.0676722
01324185,1523964175452,-10.2089,-1.77824,-0.604629,0.211306,-0.143245,-0.69296,0.804816,0.379016,-0.365689
01324181,1523964175452,-10.0282,-0.165774,2.43996,-0.108152,0.14387,-0.257674,0.819606,0.449109,-0.106807
01324180,1523964175452,-9.64886,-3.55242,0.53651,0.396216,0.206626,-0.965629,0.646237,0.488999,-0.439401
01324189,1523964175468,-9.52647,-1.69736,1.21149,0.970344,0.287555,-0.508305,0.810367,-0.27906,-0.332767
01324188,1523964175468,-9.40457,0.105498,-2.29209,0.791076,-0.152602,-0.526947,0.820495,-0.428991,0.0710334
01324185,1523964175468,-10.2019,-1.88901,-0.56982,0.271496,-0.110964,-0.665168,0.800861,0.38526,-0.371232
01324181,1523964175468,-9.96083,-0.167408,2.44526,-0.113661,0.174562,-0.22293,0.817777,0.4539,-0.105025
01324180,1523964175468,-9.57765,-3.61384,0.48853,0.361099,0.101865,-0.818041,0.641483,0.494759,-0.441785
01324189,1523964175485,-9.50122,-0.751576,0.692466,0.999589,0.176667,-0.52224,0.812195,-0.27476,-0.327261
01324188,1523964175485,-9.42363,0.160785,-2.6053,0.606189,-0.156827,-0.505247,0.824661,-0.421929,0.0743892
01324185,1523964175485,-9.95862,-2.09988,-0.442187,0.386413,-0.066423,-0.593342,0.796374,0.391152,-0.373105
01324181,1523964175485,-10.0416,-0.224186,2.47239,-0.101242,0.185335,-0.215953,0.818241,0.457263,-0.101642
01324180,1523964175485,-9.25049,-3.63593,0.428764,0.372048,0.0218598,-0.673552,0.635571,0.497508,-0.447054
01324189,1523964175502,-9.59022,-0.117718,0.00890635,0.785765,0.0890551,-0.515686,0.817981,-0.273152,-0.320617
01324188,1523964175502,-9.36611,0.00286315,-2.81128,0.30609,-0.138677,-0.501773,0.828556,-0.414842,0.074245
01324185,1523964175502,-9.70046,-2.1856,-0.277658,0.528662,-0.0124283,-0.519061,0.793649,0.393912,-0.376393
01324181,1523964175502,-10.0399,-0.306709,2.53919,-0.0978607,0.0918814,-0.20125,0.817641,0.460886,-0.100115
01324180,1523964175502,-8.94291,-3.46528,0.384366,0.383055,-0.0472478,-0.547397,0.630987,0.500658,-0.45044
01324189,1523964175518,-9.74794,-0.00803176,-0.129628,0.452983,0.059824,-0.449197,0.818314,-0.268528,-0.315628
01324188,1523964175518,-9.53086,-0.0843825,-2.65999,0.0741252,-0.128882,-0.499736,0.832175,-0.40684,0.0733526
01324185,1523964175518,-9.577,-2.12364,-0.137997,0.718764,0.0288595,-0.43537,0.790785,0.396216,-0.381378
01324181,1523964175518,-9.85158,-0.41119,2.48927,-0.089084,6.32322e-05,-0.191766,0.816265,0.462083,-0.0986624
01324180,1523964175518,-8.75682,-3.26497,0.367948,0.382188,-0.0777422,-0.425408,0.626954,0.502784,-0.454125
01324189,1523964175535,-9.76891,0.0971189,0.309072,0.215239,0.0468501,-0.428638,0.821965,-0.26502,-0.314838
01324188,1523964175535,-9.49677,-0.0258331,-2.77631,0.0165588,-0.137896,-0.496683,0.835398,-0.400526,0.0712812
01324185,1523964175535,-9.4585,-2.08576,-0.0318456,0.862698,0.0740159,-0.361856,0.788197,0.394857,-0.386066
01324181,1523964175535,-9.65501,-0.510816,2.55522,-0.0446807,-0.0599857,-0.189017,0.814365,0.463947,-0.0997457
01324180,1523964175535,-8.59811,-3.18563,0.345765,0.398592,-0.112214,-0.276986,0.623083,0.502143,-0.456786
01324189,1523964175552,-9.68798,-0.136734,0.1077,0.0837919,0.0741333,-0.379392,0.823023,-0.261154,-0.313882
01324188,1523964175552,-9.42519,-0.306601,-3.00776,-0.0565775,-0.148752,-0.460108,0.837528,-0.393347,0.0698168
01324185,1523964175552,-9.43139,-1.9005,-0.00094246,0.926648,0.0686828,-0.305772,0.784926,0.392904,-0.392316
01324181,1523964175552,-9.53945,-0.616308,2.6884,0.0121281,-0.112794,-0.179328,0.814192,0.467374,-0.100348
01324180,1523964175552,-8.49193,-3.16005,0.327607,0.411431,-0.132411,-0.141676,0.61976,0.502096,-0.46323
01324189,1523964175568,-9.60142,-0.462521,-0.079371,-0.096085,0.0984025,-0.376502,0.825594,-0.259203,-0.313226
01324188,1523964175568,-9.39536,-0.744045,-2.87647,-0.00936711,-0.168072,-0.454671,0.841028,-0.387878,0.0670149
01324185,1523964175568,-9.37779,-1.72987,0.0241247,0.910105,0.0818375,-0.240369,0.785322,0.391395,-0.397406
01324181,1523964175568,-9.39734,-0.682512,2.63261,0.0725654,-0.124953,-0.170174,0.812682,0.471352,-0.102809
01324180,1523964175568,-8.39478,-3.18039,0.304275,0.43626,-0.133251,-0.00792183,0.618615,0.499542,-0.469757
01324189,1523964175585,-9.58213,-0.771039,0.114331,-0.179914,0.120052,-0.34839,0.827996,-0.252922,-0.311864
01324188,1523964175585,-9.29633,-0.750928,-2.63171,0.0134359,-0.177203,-0.445753,0.843708,-0.381568,0.0652196
01324185,1523964175585,-9.30499,-1.53295,-0.0392504,0.876974,0.0685744,-0.191791,0.784773,0.388081,-0.401036
01324181,1523964175585,-9.34593,-0.76196,2.62481,0.125046,-0.172768,-0.176793,0.811892,0.471737,-0.105337
01324180,1523964175585,-8.38562,-3.1491,0.323871,0.468338,-0.114711,0.0785726,0.61829,0.494783,-0.474041
01324189,1523964175602,-9.59343,-1.47398,0.346156,-0.243273,0.077575,-0.315758,0.830768,-0.247751,-0.311817
01324188,1523964175602,-9.22439,-0.888642,-2.28207,0.0222988,-0.15047,-0.425033,0.84747,-0.374719,0.0639836
01324185,1523964175602,-9.22264,-1.36499,-0.112442,0.77896,0.0595029,-0.138918,0.784492,0.384453,-0.406233
01324181,1523964175602,-9.36122,-0.686938,2.63293,0.142911,-0.176549,-0.19154,0.810818,0.474662,-0.109776
01324180,1523964175602,-8.34767,-3.09566,0.334203,0.491841,-0.119268,0.178916,0.618772,0.490307,-0.479413
01324189,1523964175618,-9.50073,-2.34828,0.342678,-0.178825,0.0302577,-0.329676,0.83265,-0.240179,-0.313921
01324188,1523964175618,-9.25922,-1.15455,-2.16627,-0.0230134,-0.13699,-0.418998,0.850407,-0.365757,0.0584419
01324185,1523964175618,-9.17423,-1.23536,-0.215329,0.687696,0.0362036,-0.0927561,0.784615,0.381934,-0.41249
01324181,1523964175618,-9.3009,-0.487312,2.66813,0.218335,-0.224697,-0.170689,0.808145,0.476873,-0.115116
01324180,1523964175618,-8.31926,-3.06189,0.368502,0.49789,-0.108503,0.254638,0.621966,0.482722,-0.482858
01324189,1523964175635,-9.53653,-2.92525,0.629068,-0.0137354,-0.0163253,-0.354782,0.833161,-0.234577,-0.313882
01324188,1523964175635,-9.34602,-1.06929,-1.89683,-0.00803422,-0.0903088,-0.379462,0.852146,-0.361366,0.0574818
01324185,1523964175635,-9.15982,-1.1922,-0.311019,0.580597,0.0148004,-0.0474303,0.785284,0.380725,-0.416667
01324181,1523964175635,-9.34181,-0.363986,2.57374,0.248543,-0.215653,-0.162094,0.805745,0.479212,-0.120993
01324180,1523964175635,-8.29076,-3.02296,0.371411,0.486564,-0.102029,0.323188,0.622362,0.474034,-0.487637
01324189,1523964175652,-9.73251,-3.15781,1.04527,0.260506,-0.136537,-0.41223,0.83559,-0.232475,-0.312688
01324188,1523964175652,-9.48181,-1.15322,-1.54365,0.0627722,-0.0321994,-0.339421,0.855107,-0.35692,0.0579927
01324185,1523964175652,-8.99079,-1.05371,-0.416735,0.538224,-0.0253653,0.0310759,0.783518,0.375735,-0.41936
01324181,1523964175652,-9.4465,-0.345928,2.71037,0.278643,-0.262216,-0.149639,0.804839,0.479557,-0.12538
01324180,1523964175652,-8.34027,-2.91168,0.294199,0.46315,-0.0898083,0.367122,0.624723,0.467314,-0.487536
01324189,1523964175668,-9.83804,-3.01909,1.17863,0.595595,-0.278147,-0.461464,0.836685,-0.229492,-0.315088
01324188,1523964175668,-9.38496,-1.11918,-1.63616,0.188326,0.0455213,-0.307603,0.857266,-0.354686,0.0593188
01324185,1523964175668,-9.09917,-1.05296,-0.334459,0.474105,-0.032082,0.0932962,0.785679,0.369694,-0.425328
01324181,1523964175668,-9.4299,-0.16859,2.66844,0.281983,-0.344004,-0.125389,0.80271,0.481472,-0.130852
01324180,1523964175668,-8.40002,-2.93563,0.208893,0.448419,-0.0839796,0.425101,0.628053,0.459729,-0.491389
01324189,1523964175685,-9.66161,-2.72326,1.11338,0.826518,-0.380763,-0.489856,0.836392,-0.225741,-0.315322
01324188,1523964175685,-9.34108,-1.03585,-1.85385,0.247537,0.120787,-0.281584,0.858732,-0.35043,0.0613194
01324185,1523964175685,-9.06785,-1.08683,-0.301482,0.455314,-0.0331387,0.146045,0.787302,0.366524,-0.428705
01324181,1523964175685,-9.22411,-0.100645,2.66121,0.276448,-0.370888,-0.0946354,0.802339,0.484182,-0.138088
01324180,1523964175685,-8.437,-2.86304,0.150925,0.43203,-0.0798082,0.477801,0.630866,0.450412,-0.495134
01324189,1523964175702,-9.31766,-2.36705,0.933784,0.894278,-0.433366,-0.491381,0.83425,-0.224268,-0.320107
01324188,1523964175702,-9.23879,-0.837359,-2.0201,0.191651,0.158166,-0.268269,0.859361,-0.342739,0.0650285
01324185,1523964175702,-9.04828,-1.02431,-0.254435,0.429607,-0.00943187,0.202046,0.787576,0.360861,-0.429698
01324181,1523964175702,-8.9288,-0.211239,2.73284,0.279775,-0.370178,-0.0541896,0.801785,0.481413,-0.14707
01324180,1523964175702,-8.48656,-2.77178,0.141275,0.385626,-0.0836043,0.484548,0.635318,0.441099,-0.504584
01324189,1523964175718,-9.29521,-1.92542,1.00508,0.925586,-0.483751,-0.491191,0.833059,-0.222819,-0.324636
01324188,1523964175718,-9.34043,-0.870316,-2.08158,0.144641,0.207801,-0.222037,0.859332,-0.338717,0.0694597
01324185,1523964175718,-8.99482,-0.935483,-0.177567,0.405637,0.0105334,0.23765,0.788931,0.354593,-0.432782
01324181,1523964175718,-8.66591,-0.208003,2.57749,0.278797,-0.298894,-0.0217458,0.800779,0.481264,-0.154506
01324180,1523964175718,-8.47974,-2.74284,0.151168,0.305456,-0.0795104,0.528032,0.63892,0.433366,-0.508715
01324189,1523964175735,-9.37332,-1.81401,1.3473,0.882676,-0.547078,-0.466321,0.832797,-0.219802,-0.327555
01324188,1523964175735,-9.35476,-0.839793,-2.30315,0.153242,0.267941,-0.208043,0.860401,-0.336079,0.0719032
01324185,1523964175735,-8.90468,-0.66872,-0.104099,0.378872,0.0553791,0.290945,0.791377,0.349216,-0.433523
01324181,1523964175735,-8.68663,-0.0675563,2.60606,0.237722,-0.235504,0.0134004,0.80027,0.482313,-0.159178
01324180,1523964175735,-8.44419,-2.69681,0.175937,0.234381,-0.0792445,0.545171,0.641714,0.425202,-0.511219
01324189,1523964175752,-9.4801,-1.58093,1.77056,0.802839,-0.620404,-0.471759,0.832014,-0.218938,-0.331691
01324188,1523964175752,-9.52878,-0.807072,-2.06143,0.132412,0.32866,-0.172148,0.861748,-0.334888,0.0770835
01324185,1523964175752,-8.83408,-0.500536,-0.0142215,0.285587,0.0901509,0.330777,0.794361,0.344091,-0.435839
01324181,1523964175752,-8.8377,0.0665503,2.56871,0.222412,-0.24999,0.04265,0.80059,0.481777,-0.163826
01324180,1523964175752,-8.34089,-2.65991,0.225486,0.150639,-0.0510274,0.564166,0.646377,0.417583,-0.513199
01324189,1523964175768,-9.62478,-0.938204,1.93005,0.624762,-0.73762,-0.474781,0.830714,-0.216925,-0.339293
01324188,1523964175768,-9.47545,-0.781784,-2.25942,0.21591,0.373382,-0.192317,0.86145,-0.331576,0.0843045
01324185,1523964175768,-8.8242,-0.452398,0.0358145,0.146868,0.0813717,0.376907,0.796944,0.336744,-0.4363
01324181,1523964175768,-8.8101,0.110607,2.49559,0.193625,-0.268474,0.0977311,0.800529,0.480497,-0.169918
01324180,1523964175768,-8.26676,-2.62365,0.303749,0.092786,-0.023563,0.53761,0.649941,0.412308,-0.515521
01324189,1523964175785,-9.65616,-0.452003,2.15075,0.358413,-0.786564,-0.444483,0.826412,-0.212247,-0.34818
01324188,1523964175785,-9.42528,-0.284396,-2.38465,0.146025,0.396011,-0.196093,0.861301,-0.330095,0.0900609
01324185,1523964175785,-8.80972,-0.462106,0.0498531,-0.0127386,0.0882947,0.387242,0.800885,0.331673,-0.435741
01324181,1523964175785,-8.89561,0.0949676,2.58229,0.155938,-0.288783,0.148553,0.801825,0.477092,-0.174117
01324180,1523964175785,-8.22884,-2.58519,0.362336,0.00985726,0.0243465,0.536543,0.652969,0.405571,-0.514619
01324189,1523964175802,-9.6955,-0.362994,1.47975,0.0458256,-0.862781,-0.424069,0.823483,-0.206174,-0.358946
01324188,1523964175802,-9.53778,-0.676746,-2.77008,-0.0198216,0.413034,-0.197039,0.86195,-0.325806,0.0947699
01324185,1523964175802,-8.85315,-0.509929,0.11529,-0.145354,0.0792226,0.411269,0.802792,0.327752,-0.43414
01324181,1523964175802,-8.86732,0.148666,2.59593,0.112186,-0.339755,0.168923,0.802579,0.475091,-0.179936
01324180,1523964175802,-8.29201,-2.59403,0.443844,-0.0501375,0.0771753,0.512809,0.65733,0.399535,-0.513451
01324189,1523964175818,-9.69406,-0.143836,1.0056,-0.238717,-0.880543,-0.3788,0.819603,-0.199648,-0.370367
01324188,1523964175818,-9.22932,-0.992624,-3.27982,-0.0880774,0.407103,-0.222288,0.861794,-0.323287,0.100187
01324185,1523964175818,-8.92562,-0.572044,0.153001,-0.225014,0.0520664,0.439613,0.806469,0.324299,-0.430194
01324181,1523964175818,-8.88824,0.313361,2.63611,0.0523503,-0.372807,0.202428,0.803464,0.473375,-0.185763
01324180,1523964175818,-8.33015,-2.66036,0.51078,-0.113403,0.106134,0.498537,0.661265,0.396571,-0.515056
01324189,1523964175835,-9.80939,-0.265843,0.34742,-0.474181,-0.822802,-0.296169,0.814655,-0.193534,-0.383654
01324188,1523964175835,-9.18468,-0.736985,-4.00688,-0.112544,0.298051,-0.233379,0.862037,-0.319086,0.103817
01324185,1523964175835,-9.0224,-0.687003,0.163179,-0.261883,0.0492855,0.480517,0.809461,0.319519,-0.429242
01324181,1523964175835,-9.1572,0.518581,2.93475,-0.04051,-0.423376,0.243705,0.80276,0.468835,-0.190716
01324180,1523964175835,-8.50369,-2.71325,0.525714,-0.178365,0.142444,0.468516,0.666663,0.39386,-0.514514
01324189,1523964175852,-10.1542,-0.910765,0.173406,-0.6191,-0.683005,-0.206221,0.810635,-0.188294,-0.393879
01324188,1523964175852,-9.42368,-0.657405,-4.22955,-0.30865,0.212035,-0.225964,0.862972,-0.316901,0.106638
01324185,1523964175852,-9.35793,-0.745151,0.115055,-0.257404,0.0353197,0.501938,0.812451,0.3143,-0.429071
01324181,1523964175852,-9.54743,0.683687,3.06432,-0.0922889,-0.453046,0.264379,0.804734,0.46708,-0.197617
01324180,1523964175852,-8.88401,-2.85778,0.530874,-0.215269,0.165477,0.450911,0.671774,0.391131,-0.510316
01324189,1523964175868,-10.5084,-1.77902,0.257014,-0.607688,-0.563809,-0.135249,0.807862,-0.182235,-0.406655
01324188,1523964175868,-9.50589,-1.31935,-4.00149,-0.384281,0.124985,-0.227431,0.864867,-0.315605,0.106291
01324185,1523964175868,-9.80418,-0.648621,-0.046386,-0.226966,-0.000112799,0.514986,0.815722,0.308011,-0.425881
01324181,1523964175868,-9.87292,0.776659,3.33577,-0.0856957,-0.50202,0.336408,0.804985,0.462083,-0.203235
01324180,1523964175868,-9.36517,-3.04163,0.488913,-0.240097,0.182856,0.456213,0.677311,0.385771,-0.504418
01324189,1523964175885,-10.595,-2.38181,0.368856,-0.475199,-0.490016,-0.109152,0.804504,-0.17528,-0.415936
01324188,1523964175885,-9.56106,-1.88257,-4.11628,-0.200886,0.0196719,-0.216701,0.864986,-0.312755,0.104581
01324185,1523964175885,-10.3517,-0.491336,-0.281761,-0.274972,-0.00243928,0.504117,0.817355,0.302223,-0.425961
01324181,1523964175885,-9.85724,0.733113,3.41157,-0.127023,-0.505213,0.405468,0.805212,0.457977,-0.207408
01324180,1523964175885,-9.91473,-3.18799,0.47791,-0.253998,0.168651,0.464905,0.680682,0.383226,-0.501543
01324189,1523964175902,-10.2682,-2.34513,0.541696,-0.322402,-0.406207,-0.109746,0.802772,-0.171665,-0.422182
01324188,1523964175902,-9.61305,-1.54952,-4.13334,-0.0218096,-0.081045,-0.193589,0.86646,-0.309568,0.104493
01324185,1523964175902,-10.9039,-0.29548,-0.497921,-0.40988,-0.00144921,0.477165,0.822387,0.300745,-0.422039
01324181,1523964175902,-9.98429,0.687751,3.64105,-0.157506,-0.436275,0.451023,0.808866,0.449936,-0.212467
01324180,1523964175902,-10.5032,-3.3105,0.452156,-0.269042,0.161147,0.489475,0.686844,0.380597,-0.492759
01324189,1523964175918,-10.0233,-1.95849,0.891859,-0.205232,-0.321117,-0.106005,0.800896,-0.16876,-0.427227
01324188,1523964175918,-9.57757,-1.08941,-4.08966,0.031696,-0.200022,-0.176839,0.866177,-0.307185,0.100466
01324185,1523964175918,-11.3091,-0.1559,-0.695532,-0.574747,0.0253704,0.448347,0.82484,0.295997,-0.419384
01324181,1523964175918,-10.1095,0.632765,3.8007,-0.184355,-0.339166,0.489915,0.812084,0.444476,-0.217707
01324180,1523964175918,-10.9669,-3.36413,0.442501,-0.29955,0.118096,0.534787,0.690611,0.377889,-0.488135
01324189,1523964175935,-9.94734,-2.04034,0.917292,-0.183623,-0.235036,-0.102552,0.800103,-0.165594,-0.431746
01324188,1523964175935,-9.56284,-1.03126,-4.13843,-0.0378527,-0.294767,-0.164193,0.86887,-0.302974,0.096787
01324185,1523964175935,-11.5553,-0.154456,-0.791768,-0.77549,0.0708644,0.402408,0.827293,0.295795,-0.415204
01324181,1523964175935,-10.4631,0.720703,3.88852,-0.248325,-0.241953,0.487594,0.814338,0.438522,-0.220001
01324180,1523964175935,-11.2859,-3.3795,0.400632,-0.362125,0.0629441,0.565722,0.696141,0.374584,-0.485848
01324189,1523964175952,-9.95552,-2.25727,0.758685,-0.174057,-0.140189,-0.0884799,0.79873,-0.162968,-0.432245
01324188,1523964175952,-9.64144,-1.35797,-3.92308,-0.112585,-0.39077,-0.160452,0.870775,-0.302772,0.0917881
01324185,1523964175952,-11.8162,-0.28047,-0.822977,-0.954415,0.103953,0.371837,0.830021,0.296758,-0.409073
01324181,1523964175952,-10.7993,0.706805,4.15228,-0.294618,-0.178121,0.49528,0.816143,0.433368,-0.218715
01324180,1523964175952,-11.5469,-3.38224,0.369066,-0.456581,0.0249544,0.608873,0.700753,0.371321,-0.487875
01324189,1523964175968,-9.9491,-2.65269,0.694362,-0.180105,-0.029632,-0.0744884,0.798469,-0.161388,-0.434372
01324188,1523964175968,-9.53759,-2.0671,-3.94393,-0.115745,-0.464152,-0.122299,0.872947,-0.301606,0.084824
01324185,1523964175968,-12.0531,-0.481205,-0.781655,-1.05072,0.141505,0.339442,0.834377,0.299993,-0.402185
01324181,1523964175968,-10.862,0.604085,4.25287,-0.333698,-0.148226,0.487936,0.818246,0.427454,-0.219278
01324180,1523964175968,-11.7165,-3.36726,0.362659,-0.571858,-0.0109836,0.63255,0.703319,0.369084,-0.485658
01324189,1523964175985,-9.94364,-3.04622,0.564339,-0.155756,0.0685125,-0.063038,0.799012,-0.159822,-0.43517
01324188,1523964175985,-9.56728,-2.24853,-3.84338,-0.0472995,-0.55853,-0.0768454,0.874435,-0.299651,0.0768394
01324185,1523964175985,-12.1405,-0.735806,-0.702503,-1.12031,0.161671,0.354722,0.836697,0.302934,-0.395941
01324181,1523964175985,-10.6821,0.446084,4.25946,-0.365652,-0.114773,0.483992,0.822868,0.423961,-0.218854
01324180,1523964175985,-11.7505,-3.35805,0.367211,-0.702867,-0.0523573,0.661333,0.70907,0.367484,-0.47793
01324189,1523964176002,-9.85154,-3.29865,0.457683,-0.0837514,0.173039,-0.0585654,0.802815,-0.157619,-0.43533
01324188,1523964176002,-9.61301,-2.18397,-3.74012,-0.0031923,-0.643824,-0.00668777,0.874703,-0.298125,0.069113
01324185,1523964176002,-12.0419,-0.957775,-0.534594,-1.13136,0.183169,0.381792,0.840792,0.302413,-0.386267
01324181,1523964176002,-10.3619,0.387023,3.97767,-0.351218,-0.0674005,0.467042,0.826177,0.418182,-0.219034
01324180,1523964176002,-11.6432,-3.41957,0.367921,-0.774798,-0.0727516,0.702895,0.713885,0.367082,-0.473546
01324189,1523964176018,-9.56749,-3.09905,0.422226,-0.0342017,0.288145,-0.0355719,0.803586,-0.156755,-0.431046
01324188,1523964176018,-9.44151,-2.21458,-3.58957,0.00938555,-0.695218,0.0441906,0.875525,-0.297897,0.0577933
01324185,1523964176018,-11.827,-1.0263,-0.285894,-1.09504,0.221821,0.406971,0.844333,0.305217,-0.379765
01324181,1523964176018,-10.1839,0.233598,4.29087,-0.36169,-0.0309407,0.431169,0.830368,0.414757,-0.215814
01324180,1523964176018,-11.4011,-3.45606,0.43534,-0.810788,-0.0749592,0.716654,0.718443,0.365816,-0.46958
01324189,1523964176035,-9.50455,-2.66601,0.609729,-0.0246679,0.402019,-0.0144443,0.806816,-0.157394,-0.426535
01324188,1523964176035,-9.52287,-1.9626,-3.37462,0.00549378,-0.773173,0.105237,0.875548,-0.300262,0.0460518
01324185,1523964176035,-11.5664,-1.11923,-0.0849997,-1.07272,0.237736,0.434002,0.847618,0.305291,-0.368524
01324181,1523964176035,-9.83133,0.169969,4.13012,-0.316886,-0.00882943,0.384591,0.831247,0.408188,-0.214356
01324180,1523964176035,-11.019,-3.47653,0.513882,-0.812016,-0.0577253,0.728105,0.722497,0.363126,-0.468612
01324189,1523964176052,-9.34662,-2.14829,1.03697,-0.082744,0.471726,0.0100769,0.811924,-0.158211,-0.418832
01324188,1523964176052,-9.52137,-1.51199,-2.98645,-0.0281628,-0.815421,0.147005,0.87584,-0.302271,0.0359467
01324185,1523964176052,-11.2331,-1.11633,0.0923904,-1.07289,0.246932,0.470438,0.851709,0.305873,-0.36017
01324181,1523964176052,-9.44415,0.096975,4.05431,-0.277499,0.0152702,0.350109,0.834524,0.403455,-0.212562
01324180,1523964176052,-10.5208,-3.50077,0.620121,-0.768834,-0.0137799,0.725931,0.725984,0.361882,-0.465171
01324189,1523964176068,-9.20622,-1.67119,1.24045,-0.166985,0.541674,0.0309569,0.816108,-0.15744,-0.415258
01324188,1523964176068,-9.57819,-1.15659,-2.74616,-0.0671967,-0.879357,0.154863,0.877768,-0.304952,0.0240267
01324185,1523964176068,-10.7578,-1.13361,0.222654,-1.08196,0.197886,0.485114,0.855935,0.304747,-0.352585
01324181,1523964176068,-8.94329,-0.0522887,3.9517,-0.227501,0.0342768,0.327595,0.836947,0.402594,-0.211106
01324180,1523964176068,-9.95038,-3.51481,0.756126,-0.688851,0.0501598,0.694225,0.731505,0.357976,-0.459515
01324189,1523964176085,-9.1841,-1.28676,1.43089,-0.283927,0.577486,0.0678067,0.819847,-0.156065,-0.408326
01324188,1523964176085,-9.50928,-0.790356,-2.39625,-0.153396,-0.899802,0.159353,0.876979,-0.307505,0.0103962
01324185,1523964176085,-10.2196,-1.08873,0.301062,-1.05252,0.141602,0.515938,0.860567,0.303893,-0.345527
01324181,1523964176085,-8.68871,-0.0977328,3.86967,-0.1738,0.0909503,0.283036,0.838329,0.398881,-0.209712
01324180,1523964176085,-9.41914,-3.4857,0.877483,-0.564617,0.100807,0.634592,0.73727,0.356687,-0.455297
01324189,1523964176102,-9.11625,-1.46505,1.52193,-0.397838,0.60464,0.124226,0.824812,-0.154722,-0.401274
01324188,1523964176102,-9.45582,-0.686736,-2.06791,-0.298097,-0.905143,0.154765,0.878628,-0.308897,-0.00400101
01324185,1523964176102,-9.6889,-1.03428,0.268076,-1.00567,0.0866889,0.522924,0.866016,0.302354,-0.337419
01324181,1523964176102,-8.56145,0.0106236,3.74524,-0.141579,0.103683,0.253692,0.840493,0.396051,-0.206749
01324180,1523964176102,-8.95993,-3.48112,0.954498,-0.451107,0.165442,0.575879,0.742533,0.352209,-0.450325
01324189,1523964176118,-9.13212,-1.97621,1.54043,-0.444389,0.574076,0.136574,0.82801,-0.154482,-0.393943
01324188,1523964176118,-9.42796,-0.978783,-1.69245,-0.341702,-0.90394,0.129707,0.877831,-0.309856,-0.0204973
01324185,1523964176118,-9.24503,-0.950454,0.17542,-0.937646,0.0507604,0.511073,0.868341,0.300075,-0.331124
01324181,1523964176118,-8.41508,0.0755927,3.55174,-0.102354,0.108837,0.244945,0.843214,0.393453,-0.205925
01324180,1523964176118,-8.64152,-3.42461,0.98692,-0.339945,0.21804,0.506561,0.747423,0.345418,-0.445934
01324189,1523964176135,-9.16611,-2.41402,1.69603,-0.357603,0.536996,0.122855,0.831405,-0.153139,-0.387598
01324188,1523964176135,-9.42586,-1.03479,-1.26599,-0.277097,-0.88526,0.125039,0.87622,-0.311182,-0.035119
01324185,1523964176135,-8.90507,-0.880496,0.00485742,-0.855178,-0.00284256,0.507848,0.870934,0.296783,-0.326129
01324181,1523964176135,-8.29213,0.171738,3.46374,-0.0809618,0.110509,0.239676,0.844316,0.390046,-0.20387
01324180,1523964176135,-8.40553,-3.33219,0.955895,-0.268441,0.237488,0.423601,0.752274,0.342851,-0.443622
01324189,1523964176152,-9.20923,-2.69951,1.77146,-0.147077,0.449372,0.11663,0.835178,-0.154797,-0.382162
01324188,1523964176152,-9.27876,-1.11905,-1.01609,-0.188132,-0.8749,0.113392,0.876652,-0.313635,-0.0482193
01324185,1523964176152,-8.66644,-0.809921,-0.180784,-0.767874,-0.0477977,0.494379,0.874607,0.293444,-0.323624
01324181,1523964176152,-8.05143,0.390658,3.28237,-0.048947,0.0733491,0.239163,0.846927,0.385027,-0.202462
01324180,1523964176152,-8.18316,-3.30257,0.912308,-0.225791,0.247896,0.349174,0.757668,0.341607,-0.445891
01324189,1523964176168,-9.19337,-2.64412,1.72024,0.0632185,0.334078,0.0979991,0.838412,-0.155007,-0.378182
01324188,1523964176168,-9.33736,-1.26061,-0.737587,-0.10954,-0.881657,0.113847,0.876948,-0.315909,-0.0619807
01324185,1523964176168,-8.41602,-0.830919,-0.373268,-0.68495,-0.0946773,0.460516,0.876376,0.290642,-0.322556
01324181,1523964176168,-8.01182,0.670142,3.26761,-0.0543019,0.0556193,0.237259,0.848975,0.382853,-0.202305
01324180,1523964176168,-7.9845,-3.29952,0.844175,-0.197223,0.259927,0.279063,0.761706,0.339486,-0.443017
01324189,1523964176185,-9.10584,-2.25478,1.57866,0.172628,0.244842,0.0860702,0.840571,-0.158499,-0.373814
01324188,1523964176185,-9.28061,-1.59969,-0.549645,0.0456433,-0.832223,0.106617,0.875874,-0.3167,-0.0726663
01324185,1523964176185,-8.2234,-0.865942,-0.500046,-0.559156,-0.110533,0.400906,0.880181,0.286992,-0.321487
01324181,1523964176185,-8.00443,0.852183,3.27383,-0.0455461,0.0117003,0.252341,0.849141,0.379582,-0.201174
01324180,1523964176185,-7.89653,-3.33626,0.762658,-0.144833,0.25172,0.217768,0.765457,0.338527,-0.439439
01324189,1523964176202,-9.03682,-2.04739,1.41747,0.190108,0.208379,0.0932863,0.841928,-0.161691,-0.37131
01324188,1523964176202,-9.07822,-1.79333,-0.549467,0.143228,-0.76793,0.110682,0.872901,-0.317794,-0.085504
01324185,1523964176202,-8.13182,-0.868951,-0.533053,-0.385373,-0.148099,0.332898,0.881948,0.285308,-0.320953
01324181,1523964176202,-8.06104,1.00915,3.34291,-0.0617269,-0.0321703,0.270971,0.85323,0.376917,-0.202492
01324180,1523964176202,-7.89585,-3.3546,0.670722,-0.0504616,0.231015,0.176017,0.768769,0.337826,-0.429088
01324189,1523964176218,-9.07281,-2.10704,1.24748,0.175967,0.179137,0.0737528,0.844363,-0.162033,-0.369197
01324188,1523964176218,-9.1196,-1.8394,-0.142011,0.301962,-0.696495,0.116081,0.871019,-0.319975,-0.0942445
01324185,1523964176218,-8.10759,-0.828172,-0.53451,-0.21717,-0.153983,0.257904,0.881547,0.281086,-0.320388
01324181,1523964176218,-8.275,1.06722,3.41529,-0.0662235,-0.133148,0.259814,0.854362,0.373442,-0.203495
01324180,1523964176218,-7.8902,-3.37756,0.564308,0.038568,0.203826,0.150887,0.770523,0.336039,-0.426715
01324189,1523964176235,-8.85809,-2.36786,1.24119,0.201664,0.140788,0.0365575,0.845295,-0.164201,-0.365609
01324188,1523964176235,-9.41385,-2.30293,0.0979294,0.497347,-0.623883,0.134997,0.871718,-0.322079,-0.102473
01324185,1523964176235,-8.21349,-0.673523,-0.648033,-0.0421389,-0.158007,0.199077,0.88154,0.279333,-0.323511
01324181,1523964176235,-8.27547,1.07695,3.37888,-0.0547321,-0.20029,0.262641,0.854687,0.370112,-0.204892
01324180,1523964176235,-8.03506,-3.36375,0.466294,0.124426,0.159252,0.118626,0.773499,0.333657,-0.425724
01324189,1523964176252,-8.79119,-2.75883,2.01085,0.333435,0.130818,-0.00740177,0.847746,-0.167711,-0.363253
01324188,1523964176252,-9.41248,-1.8774,0.625917,0.746919,-0.54166,0.171217,0.870937,-0.327112,-0.106823
01324185,1523964176252,-8.33906,-0.653574,-0.749624,0.116603,-0.147707,0.148687,0.883302,0.275335,-0.325964
01324181,1523964176252,-8.17015,1.0758,3.33128,-0.0831374,-0.308699,0.237632,0.856494,0.368292,-0.208332
01324180,1523964176252,-8.19022,-3.30668,0.375668,0.195552,0.104092,0.0870889,0.776069,0.332457,-0.426868
01324189,1523964176268,-9.40343,-3.35432,3.63247,0.602383,-0.00111681,-0.0363136,0.849107,-0.170618,-0.361283
01324188,1523964176268,-9.45264,-0.835188,1.95484,0.746078,-0.353649,0.185607,0.871236,-0.331107,-0.108829
01324185,1523964176268,-8.51052,-0.705507,-0.782998,0.291129,-0.128787,0.0965345,0.883021,0.275544,-0.32976
01324181,1523964176268,-8.73417,1.11006,3.71824,-0.113283,-0.346433,0.200481,0.856573,0.365608,-0.213065
01324180,1523964176268,-8.36017,-3.22057,0.260888,0.23322,0.0520493,0.0694392,0.776892,0.330991,-0.426909
01324189,1523964176285,-10.2131,-4.27095,5.19302,0.801874,-0.41201,-0.109319,0.844531,-0.175695,-0.364084
01324188,1523964176285,-9.36811,-1.48609,2.58821,0.722347,-0.15983,0.184941,0.865449,-0.340122,-0.107299
01324185,1523964176285,-8.78311,-0.747109,-0.739357,0.519644,-0.0680563,0.0517305,0.883419,0.272211,-0.334308
01324181,1523964176285,-9.22354,1.14297,3.86421,-0.131067,-0.460027,0.174677,0.855597,0.362051,-0.2191
01324180,1523964176285,-8.78884,-3.14725,0.155597,0.233751,0.0207713,0.0596674,0.776434,0.32491,-0.428242
01324189,1523964176302,-11.0942,-4.6678,5.73114,0.862645,-0.984084,-0.341529,0.84065,-0.175342,-0.371672
01324188,1523964176302,-9.83208,-1.48419,1.86502,0.976389,0.0276855,0.171862,0.865331,-0.343333,-0.104129
01324185,1523964176302,-9.25593,-0.797098,-0.699191,0.764693,-0.0128391,0.00273585,0.882742,0.266533,-0.336083
01324181,1523964176302,-9.30861,0.855869,3.63733,-0.154027,-0.582829,0.135814,0.854343,0.359769,-0.225956
01324180,1523964176302,-9.29442,-3.11352,0.0565871,0.214978,-0.0214771,0.0690452,0.777813,0.322574,-0.430068
01324189,1523964176318,-10.568,-3.09464,4.617,0.794746,-1.40855,-0.493026,0.836129,-0.170541,-0.386183
01324188,1523964176318,-10.499,-0.127158,0.546314,1.02118,0.107824,0.175579,0.866142,-0.343517,-0.0974101
01324185,1523964176318,-9.86374,-0.812552,-0.673011,1.01651,0.0457617,-0.0522119,0.881924,0.266075,-0.337907
01324181,1523964176318,-8.97141,0.491008,3.73341,-0.134159,-0.665362,0.0737997,0.854422,0.357921,-0.231772
01324180,1523964176318,-9.77434,-3.01699,-0.0176581,0.17744,-0.080886,0.0562153,0.778794,0.319367,-0.430687
01324189,1523964176335,-9.38406,-0.491471,2.87712,0.595987,-1.41906,-0.46375,0.829209,-0.170011,-0.403647
01324188,1523964176335,-10.4337,1.12904,-0.526901,0.553017,0.210878,0.144288,0.864261,-0.34759,-0.0907666
01324185,1523964176335,-10.3214,-0.698824,-0.53812,1.16515,0.109238,-0.0722447,0.882463,0.260364,-0.341386
01324181,1523964176335,-8.4796,0.385211,3.74825,-0.121331,-0.691411,0.00791695,0.851682,0.358309,-0.241861
01324180,1523964176335,-9.99883,-2.87481,-0.0142352,0.135629,-0.091451,0.0524458,0.77721,0.318545,-0.434197
01324189,1523964176352,-8.98066,0.802439,2.36295,0.201762,-1.25448,-0.381965,0.821999,-0.168604,-0.419896
01324188,1523964176352,-10.0504,0.853714,-0.318019,-0.00701395,0.230044,0.11418,0.863731,-0.350459,-0.0854126
01324185,1523964176352,-10.4989,-0.490445,-0.309438,1.21228,0.149586,-0.0393535,0.884083,0.255751,-0.34645
01324181,1523964176352,-8.26465,0.484808,3.73564,-0.101365,-0.609323,-0.0475255,0.848652,0.359304,-0.25063
01324180,1523964176352,-9.86434,-2.81077,0.0140153,0.0968574,-0.0579125,0.0330799,0.778838,0.3178,-0.435859
01324189,1523964176368,-8.61365,0.636925,2.37648,-0.278805,-1.14761,-0.303883,0.812087,-0.164121,-0.440376
01324188,1523964176368,-10.2388,-0.44911,-0.104982,-0.179878,0.28213,0.0746384,0.864954,-0.351017,-0.0802055
01324185,1523964176368,-10.351,-0.392417,-0.0571546,1.18798,0.184163,0.048863,0.88462,0.246183,-0.352378
01324181,1523964176368,-8.46911,0.394952,3.85439,-0.0796461,-0.546657,-0.105598,0.84532,0.363161,-0.259721
01324180,1523964176368,-9.58718,-2.77494,0.130512,0.0922886,-0.0133925,-0.00537295,0.777771,0.317681,-0.436928
01324189,1523964176385,-8.72811,-0.154735,2.8242,-0.646671,-1.10222,-0.273178,0.803481,-0.155625,-0.457624
01324188,1523964176385,-10.0817,-1.17171,-0.645951,-0.000211008,0.219849,0.075238,0.864545,-0.350954,-0.0783091
01324185,1523964176385,-10.1067,-0.338327,0.196309,1.11635,0.187133,0.100744,0.886249,0.239514,-0.354282
01324181,1523964176385,-8.57591,0.117088,3.88318,-0.031247,-0.546845,-0.167752,0.841331,0.364622,-0.267426
01324180,1523964176385,-9.35846,-2.75476,0.304454,0.129248,0.0645275,-0.041564,0.779125,0.317229,-0.43831
01324189,1523964176402,-8.9189,-1.46639,3.12579,-0.840836,-1.04485,-0.256109,0.798243,-0.14734,-0.470625
01324188,1523964176402,-9.9547,-0.868539,-1.31632,0.0781256,0.185582,0.0683366,0.86401,-0.35262,-0.0767892
01324185,1523964176402,-9.93733,-0.233309,0.340838,1.03752,0.181337,0.149304,0.888293,0.229772,-0.354587
01324181,1523964176402,-8.7615,-0.0355232,3.88009,0.013474,-0.507631,-0.20369,0.838938,0.366528,-0.273427
01324180,1523964176402,-9.20442,-2.74722,0.448596,0.165471,0.142742,-0.0918102,0.778448,0.317676,-0.438155
01324189,1523964176418,-9.40305,-2.43551,3.39124,-0.695516,-0.978958,-0.315162,0.79192,-0.137163,-0.485341
01324188,1523964176418,-9.95803,-0.444365,-1.28645,-0.131265,0.17904,0.0508877,0.864277,-0.35217,-0.0740682
01324185,1523964176418,-9.96383,-0.194658,0.300327,0.897315,0.175763,0.161406,0.889383,0.221418,-0.35608
01324181,1523964176418,-9.15013,0.0325243,4.05018,0.0314398,-0.494041,-0.239739,0.836808,0.369974,-0.280926
01324180,1523964176418,-9.2512,-2.73224,0.578733,0.185669,0.238417,-0.14023,0.779109,0.31824,-0.437342
01324189,1523964176435,-10.2497,-3.20636,3.80138,-0.469701,-0.921514,-0.336546,0.783427,-0.129949,-0.499251
01324188,1523964176435,-10.2159,-0.882895,-1.19382,-0.295429,0.185713,0.000250211,0.863458,-0.3516,-0.073483
01324185,1523964176435,-10.2372,-0.3184,0.0366961,0.754093,0.103369,0.184204,0.891557,0.214625,-0.357069
01324181,1523964176435,-9.16077,0.112462,4.04858,0.0848843,-0.504869,-0.255525,0.831446,0.372904,-0.287848
01324180,1523964176435,-9.47425,-2.89471,0.628835,0.20091,0.302306,-0.1766,0.779885,0.319516,-0.434488
01324189,1523964176452,-10.6491,-3.79453,4.39749,-0.281852,-0.961202,-0.293104,0.774794,-0.120146,-0.514479
01324188,1523964176452,-10.885,-0.0201146,-0.777682,-0.407223,0.177448,-0.0573812,0.864272,-0.351506,-0.0726785
01324185,1523964176452,-10.595,-0.374269,-0.301665,0.616877,0.000742109,0.184244,0.891831,0.207959,-0.358837
01324181,1523964176452,-9.36422,0.265295,4.08782,0.127557,-0.440915,-0.245592,0.827029,0.376372,-0.295723
01324180,1523964176452,-9.75147,-3.14406,0.615091,0.289263,0.374744,-0.187841,0.780934,0.319614,-0.429767
01324189,1523964176468,-10.2278,-4.30291,4.83779,-0.177591,-1.02356,-0.260723,0.767516,-0.114826,-0.526141
01324188,1523964176468,-10.719,0.405114,-0.989802,-0.696874,0.166722,-0.0665456,0.864804,-0.349586,-0.0733738
01324185,1523964176468,-10.8229,-0.604235,-0.566152,0.464183,-0.105191,0.191101,0.89264,0.203661,-0.3622
01324181,1523964176468,-9.559,0.411041,4.01857,0.136405,-0.359138,-0.225057,0.824473,0.379873,-0.300957
01324180,1523964176468,-10.1068,-3.32626,0.55745,0.399083,0.410366,-0.193895,0.783887,0.31912,-0.428738
01324189,1523964176485,-9.0823,-4.09039,4.74555,-0.111885,-0.945132,-0.26798,0.762574,-0.112736,-0.537722
01324188,1523964176485,-9.70496,0.0528069,-0.79236,-0.897857,0.252896,-0.134076,0.864656,-0.347452,-0.0752604
01324185,1523964176485,-10.9537,-0.642144,-0.783391,0.401097,-0.136231,0.196503,0.893446,0.201608,-0.366239
01324181,1523964176485,-9.42927,0.640802,3.80972,0.0865911,-0.288199,-0.208831,0.821792,0.383493,-0.30739
01324180,1523964176485,-10.4682,-3.41199,0.500278,0.470525,0.408276,-0.161749,0.786168,0.318489,-0.427161
01324189,1523964176502,-8.31524,-2.82324,5.2457,-0.0249061,-0.771735,-0.22108,0.755293,-0.109855,-0.547529
01324188,1523964176502,-9.0745,-0.77831,-0.886002,-0.730653,0.288447,-0.178442,0.864628,-0.342899,-0.0759185
01324185,1523964176502,-11.017,-0.733392,-0.944738,0.316259,-0.112606,0.186256,0.894122,0.195053,-0.36958
01324181,1523964176502,-9.53745,0.930551,3.93872,0.045629,-0.140982,-0.18502,0.820844,0.385742,-0.309955
01324180,1523964176502,-10.6406,-3.51947,0.427915,0.496959,0.354759,-0.109196,0.78832,0.316688,-0.423713
01324189,1523964176518,-7.44957,-1.41683,4.92198,0.0520926,-0.706223,-0.144726,0.747328,-0.10796,-0.556531
01324188,1523964176518,-8.73997,-1.23487,-1.28878,-0.334817,0.301599,-0.18083,0.865695,-0.339983,-0.073188
01324185,1523964176518,-10.9834,-0.738512,-1.04803,0.276905,-0.0366139,0.170498,0.893444,0.189939,-0.37136
01324181,1523964176518,-9.75596,1.12204,3.96263,0.0454356,-0.0499259,-0.141102,0.817873,0.387884,-0.312097
01324180,1523964176518,-10.6736,-3.57512,0.403118,0.470775,0.298996,-0.0429434,0.789669,0.314905,-0.420793
01324189,1523964176535,-6.33906,-0.245798,3.50354,0.125675,-0.406117,-0.0750997,0.741531,-0.106834,-0.563689
01324188,1523964176535,-8.66359,-0.830413,-1.2401,0.0423488,0.238508,-0.120533,0.868412,-0.340364,-0.0692018
01324185,1523964176535,-10.9448,-0.671397,-1.11346,0.230119,0.0349603,0.146269,0.893446,0.188249,-0.371212
01324181,1523964176535,-9.83535,1.16493,3.75844,0.0328431,0.0313021,-0.0989731,0.817481,0.38661,-0.311667
01324180,1523964176535,-10.6542,-3.57469,0.383976,0.380604,0.204866,0.00153815,0.791028,0.313134,-0.420037
01324189,1523964176552,-6.40626,-0.384799,2.81538,0.0297917,-0.151307,0.0147304,0.739929,-0.108531,-0.566096
01324188,1523964176552,-8.64148,-0.762584,-1.64519,0.215423,0.153171,-0.0441659,0.868673,-0.339066,-0.0658884
01324185,1523964176552,-10.8625,-0.580437,-1.13733,0.128025,0.0765451,0.0644518,0.895889,0.185267,-0.372108
01324181,1523964176552,-9.79912,1.01004,3.82443,0.0254811,0.0826298,-0.0485031,0.817602,0.387196,-0.311015
01324180,1523964176552,-10.5482,-3.54708,0.40208,0.268061,0.129479,0.0679753,0.791596,0.310217,-0.419292
01324189,1523964176568,-6.97366,-1.71218,2.86217,-0.17412,0.0047179,0.0991733,0.739239,-0.106355,-0.566472
01324188,1523964176568,-8.956,-1.41773,-0.534575,0.149716,0.069479,-0.0243358,0.869207,-0.337677,-0.0645949
01324185,1523964176568,-10.7417,-0.516151,-1.10434,-0.0372287,0.126696,-0.0139568,0.894266,0.184742,-0.370135
01324181,1523964176568,-9.67964,0.776224,3.69444,0.011232,0.13242,-0.0307912,0.818529,0.388331,-0.310916
01324180,1523964176568,-10.4304,-3.5076,0.451785,0.16291,0.0332329,0.126401,0.792972,0.308467,-0.422052
01324189,1523964176585,-7.67511,-3.24813,3.26343,-0.157582,0.134318,0.1489,0.740205,-0.106673,-0.567557
01324188,1523964176585,-9.62277,-1.2627,-0.285308,0.33134,-0.0259586,-0.0313303,0.869612,-0.337678,-0.0616344
01324185,1523964176585,-10.6497,-0.478097,-0.992203,-0.231933,0.127891,-0.0818075,0.895899,0.18591,-0.368058
01324181,1523964176585,-9.65302,0.618998,3.50442,-0.0029825,0.201631,-0.0154835,0.818244,0.387815,-0.308508
01324180,1523964176585,-10.2446,-3.51138,0.559921,0.025269,-0.0381758,0.162791,0.792734,0.30571,-0.421563
01324189,1523964176602,-8.12013,-4.17798,3.57219,-0.00953746,0.28488,0.172316,0.741795,-0.108128,-0.561961
01324188,1523964176602,-9.13658,-0.53892,-0.60371,0.483298,-0.0972919,0.00703709,0.868261,-0.33899,-0.0611603
01324185,1523964176602,-10.5002,-0.582436,-0.859226,-0.442987,0.159461,-0.12263,0.896585,0.188811,-0.363901
01324181,1523964176602,-9.42443,0.578263,3.22169,-0.0179439,0.250878,-0.025408,0.820094,0.387874,-0.30467
01324180,1523964176602,-9.98361,-3.53862,0.687998,-0.0793586,-0.0955483,0.20386,0.794366,0.304528,-0.422964
01324189,1523964176618,-8.21496,-4.23317,3.69033,0.199318,0.355293,0.199559,0.744506,-0.111639,-0.558269
01324188,1523964176618,-9.23964,0.382852,-0.649774,0.232387,-0.137288,0.0623652,0.86798,-0.33736,-0.0615939
01324185,1523964176618,-10.2931,-0.785835,-0.708287,-0.60717,0.149438,-0.137736,0.896182,0.194812,-0.360033
01324181,1523964176618,-9.31924,0.54078,3.11199,-0.0329449,0.293089,-0.0353604,0.82003,0.388854,-0.299236
01324180,1523964176618,-9.71803,-3.55154,0.835533,-0.148536,-0.146557,0.195969,0.79467,0.301326,-0.422491
01324189,1523964176635,-7.91428,-3.51336,3.86032,0.441297,0.425298,0.246374,0.746259,-0.118568,-0.552183
01324188,1523964176635,-9.70999,0.674884,-0.788338,-0.261201,-0.165191,0.0763061,0.867029,-0.337274,-0.0630595
01324185,1523964176635,-10.0837,-1.04702,-0.544718,-0.723249,0.14613,-0.139329,0.895102,0.199971,-0.355892
01324181,1523964176635,-9.23851,0.561207,3.03484,-0.0462413,0.335519,-0.0341118,0.821882,0.389047,-0.295801
01324180,1523964176635,-9.42317,-3.57844,0.968776,-0.218156,-0.169591,0.191778,0.792817,0.299624,-0.42358
01324189,1523964176652,-7.70762,-2.65158,3.95661,0.53596,0.481267,0.264307,0.750889,-0.12874,-0.545485
01324188,1523964176652,-9.34782,-0.15406,-1.05318,-0.531594,-0.164586,0.0816284,0.866228,-0.338905,-0.0684089
01324185,1523964176652,-9.89372,-1.30817,-0.477372,-0.787616,0.13633,-0.124775,0.89592,0.206536,-0.352033
01324181,1523964176652,-9.17607,0.537715,2.99705,-0.061271,0.349411,-0.0460236,0.821658,0.391198,-0.289325
01324180,1523964176652,-9.17133,-3.62208,1.03867,-0.253776,-0.176494,0.177371,0.792968,0.298758,-0.424952
01324189,1523964176669,-7.27301,-1.78251,3.88848,0.43064,0.563328,0.27158,0.753953,-0.136095,-0.537988
01324188,1523964176669,-8.4861,-1.22859,-1.286,-0.469017,-0.126722,0.0525478,0.86433,-0.339094,-0.0729804
01324185,1523964176669,-9.68662,-1.47312,-0.404471,-0.787317,0.0782649,-0.118493,0.897551,0.211679,-0.348687
01324181,1523964176669,-8.94431,0.462814,3.0048,-0.0382061,0.335441,-0.0359243,0.823785,0.390958,-0.285884
01324180,1523964176669,-8.9338,-3.67042,1.07939,-0.245327,-0.189821,0.1421,0.792458,0.297622,-0.427673
01324189,1523964176685,-6.77559,-0.899988,3.9999,0.264504,0.703086,0.2982,0.759072,-0.141656,-0.528582
01324188,1523964176685,-8.24187,-1.89451,-1.35406,-0.219642,-0.0446865,0.0729132,0.864609,-0.340015,-0.0751984
01324185,1523964176685,-9.44073,-1.52761,-0.3926,-0.736385,0.0240589,-0.119957,0.89742,0.217967,-0.34456
01324181,1523964176685,-8.6145,0.413349,2.99337,-0.00981999,0.349906,-0.0178661,0.825889,0.391326,-0.280859
01324180,1523964176685,-8.7212,-3.64858,1.07675,-0.259914,-0.183926,0.106841,0.790956,0.299974,-0.428145
01324189,1523964176702,-6.90779,-0.646899,4.51609,0.0513022,0.836598,0.297266,0.766067,-0.147107,-0.515983
01324188,1523964176702,-8.19016,-3.74623,-2.43508,-0.0561432,0.0321892,0.0546019,0.864347,-0.340991,-0.0791656
01324185,1523964176702,-9.16072,-1.42345,-0.434775,-0.686825,-0.0511522,-0.111089,0.8958,0.221439,-0.34014
01324181,1523964176702,-8.34738,0.416478,3.03124,-0.00271015,0.381824,-0.0116454,0.827694,0.393156,-0.274664
01324180,1523964176702,-8.42329,-3.51036,1.12151,-0.286375,-0.195405,0.0608448,0.790694,0.29984,-0.42909
01324189,1523964176719,-7.66197,-1.12181,4.91823,-0.0884304,0.918491,0.248825,0.771157,-0.150212,-0.505084
01324188,1523964176719,-9.04818,-2.87458,-0.763706,0.524446,0.181623,-0.039977,0.864072,-0.340999,-0.0757925
01324185,1523964176719,-8.87112,-1.30976,-0.521133,-0.629138,-0.0922356,-0.117758,0.89444,0.227816,-0.338757
01324181,1523964176719,-8.27657,0.400254,3.12619,-0.0116964,0.418424,0.00764831,0.828318,0.392426,-0.268403
01324180,1523964176719,-8.23077,-3.27207,1.17303,-0.503921,-0.211851,-0.03382,0.787846,0.302358,-0.429133
01324189,1523964176735,-8.54597,-2.13697,4.4813,-0.15346,0.977081,0.197144,0.778698,-0.149792,-0.496194
01324188,1523964176735,-10.0697,-0.466769,-0.0820755,0.817127,0.161027,0.0438668,0.864345,-0.341946,-0.0681714
01324185,1523964176735,-8.72153,-1.20969,-0.645033,-0.592272,-0.10881,-0.158549,0.892267,0.232631,-0.337881
01324181,1523964176735,-8.20963,0.41804,3.11179,-0.020516,0.443888,-0.000740977,0.829893,0.392083,-0.26349
01324180,1523964176735,-8.3167,-4.04946,1.08333,-0.557583,-0.241397,-0.0573964,0.787502,0.305953,-0.422428
01324189,1523964176752,-9.3999,-2.32878,3.97284,-0.126477,0.960458,0.141452,0.785004,-0.153498,-0.483841
01324188,1523964176752,-9.07195,0.619273,-0.756711,0.395308,0.124732,-0.0522197,0.864078,-0.34334,-0.0632675
01324185,1523964176752,-8.73625,-1.23376,-0.736358,-0.515121,-0.0941475,-0.204648,0.890635,0.238,-0.337535
01324181,1523964176752,-8.21145,0.422816,3.1793,-0.0347124,0.464123,-0.00569089,0.831178,0.392209,-0.256988
01324180,1523964176752,-8.45195,-4.17443,0.878309,-0.400031,-0.28396,-0.0883476,0.781553,0.309688,-0.422536
01324189,1523964176769,-9.60676,-1.55129,3.74414,-0.137,0.894206,0.20287,0.790349,-0.153012,-0.473318
01324188,1523964176769,-9.01429,1.17975,-0.94274,-0.453733,0.193125,-0.301551,0.865146,-0.340512,-0.0617558
01324185,1523964176769,-8.9002,-1.175,-0.79303,-0.475249,-0.0760988,-0.298322,0.888324,0.243941,-0.336799
01324181,1523964176769,-8.42617,0.424987,3.35177,-0.0596313,0.502209,-0.00350141,0.833121,0.392918,-0.249574
01324180,1523964176769,-8.58822,-4.01373,0.595086,-0.286638,-0.314785,-0.0983256,0.780998,0.31277,-0.426389
01324189,1523964176785,-9.77011,-0.921282,4.44912,-0.207147,0.753677,0.320206,0.79558,-0.155692,-0.463088
01324188,1523964176785,-11.1372,1.19546,0.00262099,-1.19695,0.271938,-0.350354,0.865925,-0.334398,-0.0648876
01324185,1523964176785,-9.09801,-1.1305,-0.867517,-0.405395,-0.0565631,-0.39033,0.887498,0.251807,-0.338704
01324181,1523964176785,-8.80336,0.342756,3.51515,-0.0418481,0.523507,-0.00499079,0.834782,0.393517,-0.240824
01324180,1523964176785,-8.92564,-4.02989,0.3766,-0.189515,-0.364824,-0.115573,0.776437,0.316095,-0.434776
01324189,1523964176802,-10.3287,-1.82096,4.95683,-0.505161,0.610275,0.340923,0.799456,-0.154895,-0.455894
01324188,1523964176802,-11.6037,-0.826502,-0.244937,-1.18647,0.400819,-0.286917,0.86915,-0.328583,-0.0656423
01324185,1523964176802,-9.38268,-1.11433,-0.923435,-0.331856,-0.00181292,-0.479146,0.884652,0.258514,-0.334834
01324181,1523964176802,-9.14774,0.193127,3.50132,-0.00268024,0.523517,-0.0101832,0.835803,0.392662,-0.2335
01324180,1523964176802,-9.24488,-3.9838,0.228723,-0.0473256,-0.406611,-0.0999376,0.775211,0.319629,-0.439556
01324189,1523964176819,-10.6059,-2.88281,4.41813,-0.784227,0.573435,0.318792,0.800754,-0.156189,-0.448419
01324188,1523964176819,-10.919,-1.35197,0.0625356,-0.484861,0.528192,-0.167322,0.869798,-0.323675,-0.0648038
01324185,1523964176819,-9.648,-1.1223,-0.911994,-0.263854,0.0744612,-0.53408,0.883023,0.266608,-0.332159
01324181,1523964176819,-8.90827,0.0942483,3.27533,0.0400593,0.491601,-0.0140953,0.838153,0.39433,-0.22784
01324180,1523964176819,-9.45082,-3.7537,0.15547,-0.00502984,-0.413046,-0.118074,0.768539,0.319943,-0.447973
01324189,1523964176835,-10.5501,-3.58872,4.28173,-0.795405,0.564886,0.315213,0.80369,-0.153938,-0.44348
01324188,1523964176835,-9.75521,-1.81465,-0.592125,0.096036,0.619611,-0.0842633,0.870598,-0.322361,-0.0558345
01324185,1523964176835,-9.64044,-1.11258,-0.757129,-0.205521,0.123069,-0.548066,0.87895,0.275402,-0.329875
01324181,1523964176835,-8.37331,0.202653,3.05449,0.0455376,0.519574,-0.026087,0.840234,0.394614,-0.220152
01324180,1523964176835,-9.29809,-3.62228,0.225356,0.0110563,-0.421428,-0.135616,0.765856,0.320876,-0.450485
01324189,1523964176852,-9.32527,-3.13396,2.91828,-0.572619,0.329921,0.326799,0.805283,-0.152523,-0.440005
01324188,1523964176852,-9.08299,-1.77422,-0.520724,0.592961,0.67273,-0.115584,0.871122,-0.320613,-0.0435991
01324185,1523964176852,-9.25418,-1.17733,-0.481833,-0.12746,0.150464,-0.553516,0.876777,0.282779,-0.327846
01324181,1523964176852,-7.95129,0.246503,3.00564,0.0670306,0.591841,-0.0368455,0.840445,0.394047,-0.213225
01324180,1523964176852,-8.75443,-3.44357,0.366991,-0.00498863,-0.427734,-0.178039,0.760489,0.32392,-0.458054
01324189,1523964176869,-8.43042,-2.23112,1.71179,-0.301748,0.198105,0.319757,0.806769,-0.154279,-0.437625
01324188,1523964176869,-8.82498,-1.31004,-0.834992,0.723458,0.693517,-0.158687,0.869751,-0.320452,-0.0279345
01324185,1523964176869,-8.62412,-1.22427,-0.139512,0.0258782,0.156547,-0.506239,0.873787,0.295245,-0.325339
01324181,1523964176869,-7.79533,0.189997,3.15503,0.099867,0.600923,-0.0256969,0.842787,0.393927,-0.204201
01324180,1523964176869,-7.92201,-3.14795,0.50242,0.00502587,-0.391119,-0.258714,0.754444,0.3252,-0.459969
01324189,1523964176885,-8.15992,-2.31886,0.278692,-0.254011,0.129945,0.264,0.805819,-0.156266,-0.436826
01324188,1523964176885,-9.11005,-1.32642,-1.80007,0.472105,0.706991,-0.128425,0.872169,-0.317363,-0.016987
01324185,1523964176885,-7.99176,-1.26407,0.134698,0.208812,0.129697,-0.465588,0.870666,0.300361,-0.323546
01324181,1523964176885,-8.15283,0.0788775,3.32876,0.111449,0.558275,-0.041513,0.844758,0.393181,-0.197821
01324180,1523964176885,-7.24292,-2.93039,0.544081,-0.0336442,-0.294406,-0.37091,0.749972,0.329942,-0.462784
01324189,1523964176902,-8.31885,-3.19235,-0.709219,-0.157909,0.109738,0.173766,0.802975,-0.159358,-0.436684
01324188,1523964176902,-9.76775,-1.40664,-2.40068,0.0517646,0.70439,-0.0791986,0.872023,-0.316805,-0.00710946
01324185,1523964176902,-7.65873,-1.2877,0.26384,0.422144,0.089915,-0.453736,0.870254,0.303732,-0.324362
01324181,1523964176902,-8.79142,-0.00870884,3.29495,0.111489,0.434063,-0.0691396,0.845754,0.393632,-0.189727
01324180,1523964176902,-7.06028,-2.84139,0.54877,-0.0234957,-0.196914,-0.466888,0.744541,0.336884,-0.466757
01324189,1523964176919,-9.37621,-4.07702,-0.179335,0.246176,0.124739,0.0882454,0.802948,-0.160492,-0.433211
01324188,1523964176919,-9.3003,-1.82917,-2.21759,-0.188686,0.696195,-0.0374854,0.872287,-0.316841,0.00286047
01324185,1523964176919,-7.8637,-1.24552,0.22608,0.625451,0.0243584,-0.469654,0.867805,0.306101,-0.325947
01324181,1523964176919,-9.26126,-0.065262,3.3534,0.104146,0.239692,-0.063781,0.846665,0.393415,-0.186007
01324180,1523964176919,-7.47039,-2.88356,0.428524,0.0513181,-0.0902215,-0.568446,0.739911,0.342777,-0.467383
01324189,1523964176935,-10.297,-4.44053,0.305914,0.704792,-0.0144634,0.0333696,0.802141,-0.166075,-0.430836
01324188,1523964176935,-9.12358,-2.41764,-1.94409,-0.0288703,0.671434,-0.0233475,0.870911,-0.315042,0.0116179
01324185,1523964176935,-8.60406,-1.02206,-0.0405424,0.791486,-0.0233257,-0.492333,0.862365,0.310978,-0.329247
01324181,1523964176935,-9.72948,0.12325,3.40234,0.0488377,-0.0294947,-0.0839434,0.845172,0.394017,-0.185605
01324180,1523964176935,-8.2419,-3.00636,0.224549,0.171447,-0.00435368,-0.625844,0.736229,0.348957,-0.470315
01324189,1523964176952,-10.1299,-3.42436,1.25509,1.10737,-0.11618,-0.0273142,0.8019,-0.172545,-0.430081
01324188,1523964176952,-9.74122,-2.0746,-2.0579,0.347289,0.661337,0.0418496,0.87091,-0.316054,0.0207212
01324185,1523964176952,-9.69931,-0.83742,-0.420171,0.85468,-0.0579185,-0.534463,0.858819,0.311975,-0.336179
01324181,1523964176952,-10.061,0.332582,3.7005,0.0273173,-0.133761,-0.082993,0.842909,0.394818,-0.189722
01324180,1523964176952,-9.23569,-3.15606,0.0351749,0.288015,0.0741865,-0.667448,0.729839,0.355451,-0.469279
01324189,1523964176969,-9.68455,-2.03897,2.17174,1.15375,-0.146907,-0.0609523,0.799472,-0.180533,-0.427706
01324188,1523964176969,-9.84965,-1.2866,-1.93425,0.48183,0.665082,0.0940997,0.868864,-0.316179,0.0334107
01324185,1523964176969,-10.8625,-0.78238,-0.805265,0.871699,-0.0688921,-0.547761,0.855811,0.316914,-0.343543
01324181,1523964176969,-10.2261,0.354598,4.05644,0.0805262,-0.183878,-0.0749347,0.840057,0.397967,-0.19162
01324180,1523964176969,-10.3465,-3.24964,-0.11153,0.394304,0.131481,-0.700434,0.725226,0.360186,-0.470604
01324189,1523964176985,-9.54695,-0.521933,2.13433,0.993864,-0.195323,-0.038344,0.800049,-0.187024,-0.42696
01324188,1523964176985,-9.97402,-0.279096,-2.51038,0.477186,0.666169,0.0745668,0.867643,-0.317924,0.0461232
01324185,1523964176985,-11.6492,-0.799326,-0.994638,0.880972,-0.0989093,-0.537198,0.851591,0.317944,-0.348772
01324181,1523964176985,-10.2354,0.361727,4.10454,0.110782,-0.158183,-0.0748064,0.842764,0.399293,-0.194735
01324180,1523964176985,-11.1971,-3.29258,-0.192577,0.449822,0.145271,-0.673432,0.722352,0.362379,-0.464702
01324189,1523964177002,-9.48656,0.174473,1.92574,0.666255,-0.146096,0.0492879,0.796,-0.191818,-0.428023
01324188,1523964177002,-9.89663,0.38107,-2.82742,0.123715,0.665152,0.0438125,0.866547,-0.317799,0.0562552
01324185,1523964177002,-11.8615,-0.805257,-1.02674,0.925731,-0.0459413,-0.479709,0.846966,0.319566,-0.352567
01324181,1523964177002,-10.5126,0.321959,4.22428,0.14995,-0.131651,-0.0806589,0.840606,0.400439,-0.196067
01324180,1523964177002,-11.6101,-3.14734,-0.232065,0.444418,0.166628,-0.687254,0.71908,0.366646,-0.464568
01324189,1523964177019,-10.0964,-0.298621,1.25715,0.244823,-0.0647268,0.131351,0.794655,-0.197247,-0.426444
01324188,1523964177019,-10.118,-0.744391,-3.48692,-0.188591,0.617549,0.0411663,0.865733,-0.318664,0.062547
01324185,1523964177019,-11.9721,-0.722616,-0.928225,0.909125,0.0305694,-0.417225,0.844917,0.319462,-0.358054
01324181,1523964177019,-10.6452,0.247519,4.33112,0.20592,-0.0905897,-0.0657854,0.839032,0.398138,-0.197466
01324180,1523964177019,-11.6616,-3.24359,-0.320105,0.463105,0.167487,-0.63791,0.714736,0.370641,-0.464289
01324189,1523964177035,-10.2822,-0.821162,0.236404,-0.0523437,0.0297974,0.157749,0.794142,-0.199977,-0.428067
01324188,1523964177035,-9.61466,-1.98483,-3.94407,-0.174505,0.519733,0.0456208,0.864672,-0.323693,0.0706032
01324185,1523964177035,-11.9478,-0.744322,-0.80287,0.834881,0.132392,-0.346363,0.84179,0.316571,-0.361679
01324181,1523964177035,-10.3039,0.159455,4.21907,0.25502,-0.0396208,-0.0828149,0.836642,0.398368,-0.201569
01324180,1523964177035,-11.5344,-2.99853,-0.295764,0.422155,0.209198,-0.627295,0.710666,0.376845,-0.470191
01324189,1523964177052,-10.2251,-1.53629,-0.145875,-0.22924,0.187003,0.203943,0.793852,-0.200966,-0.425661
01324188,1523964177052,-9.52816,-2.14785,-4.12617,-0.0921117,0.396475,0.094414,0.863858,-0.324698,0.0767515
01324185,1523964177052,-11.7835,-0.771679,-0.639773,0.721335,0.183386,-0.28877,0.840967,0.315647,-0.365723
01324181,1523964177052,-10.1376,0.122397,4.47201,0.296178,0.0517718,-0.116664,0.837463,0.398607,-0.203179
01324180,1523964177052,-11.1551,-2.79904,-0.247461,0.367821,0.255734,-0.599216,0.709154,0.37948,-0.469305
01324189,1523964177069,-10.2802,-2.34695,-0.293014,-0.333141,0.322782,0.240675,0.792341,-0.202212,-0.423645
01324188,1523964177069,-9.56146,-1.99803,-4.15615,-0.101258,0.267866,0.142492,0.860188,-0.324998,0.0813622
01324185,1523964177069,-11.4841,-0.720469,-0.526947,0.613821,0.202421,-0.253122,0.83988,0.319615,-0.364842
01324181,1523964177069,-10.1625,0.199727,4.48486,0.317803,0.0704016,-0.163118,0.834869,0.401639,-0.203748
01324180,1523964177069,-10.8029,-2.76231,-0.132645,0.316944,0.311157,-0.57812,0.705804,0.380431,-0.472753
01324189,1523964177085,-10.13,-2.72292,-0.120922,-0.292717,0.415622,0.277042,0.795586,-0.203289,-0.420342
01324188,1523964177085,-9.45961,-1.88492,-3.83067,-0.180092,0.170661,0.201075,0.860201,-0.327243,0.0825695
01324185,1523964177085,-11.1924,-0.794504,-0.514408,0.545148,0.182359,-0.214711,0.839606,0.319595,-0.365888
01324181,1523964177085,-10.0939,0.448041,4.43707,0.326805,0.0611741,-0.18396,0.834341,0.401483,-0.20467
01324180,1523964177085,-10.4822,-2.90448,-0.0287849,0.327617,0.401708,-0.549393,0.706277,0.384616,-0.469971
01324189,1523964177102,-10.2283,-2.85252,0.393844,-0.214187,0.495207,0.301173,0.797715,-0.203751,-0.414879
01324188,1523964177102,-9.55605,-1.79215,-3.59732,-0.153385,0.0767571,0.269239,0.85967,-0.32908,0.0815174
01324185,1523964177102,-11.0313,-0.937608,-0.563508,0.514253,0.137446,-0.157441,0.840151,0.317479,-0.365869
01324181,1523964177102,-9.88095,0.615644,4.30481,0.325165,0.0908921,-0.200149,0.833504,0.403923,-0.204978
01324180,1523964177102,-10.4227,-3.03495,0.0484191,0.38271,0.450502,-0.52677,0.705413,0.387946,-0.466104
01324189,1523964177119,-10.0443,-2.65216,0.812636,-0.141697,0.493634,0.32271,0.7996,-0.208527,-0.409582
01324188,1523964177119,-9.70863,-1.16918,-3.29614,-0.142629,0.00112046,0.287906,0.858088,-0.336597,0.080662
01324185,1523964177119,-10.8581,-1.05674,-0.649767,0.548315,0.084843,-0.102748,0.837438,0.31422,-0.366613
01324181,1523964177119,-9.65807,0.768798,4.18496,0.321655,0.119126,-0.200831,0.831357,0.404765,-0.207102
01324180,1523964177119,-10.3673,-3.20831,0.0673434,0.486272,0.469544,-0.497025,0.704338,0.385312,-0.459378
01324189,1523964177135,-9.81903,-1.99364,0.932505,-0.0297656,0.492426,0.319483,0.801463,-0.214009,-0.401612
01324188,1523964177135,-9.67891,-0.953898,-3.06248,-0.162462,-0.0348837,0.31038,0.856087,-0.34228,0.0781744
01324185,1523964177135,-10.5637,-0.99836,-0.624152,0.670384,0.060976,-0.0857873,0.838245,0.311323,-0.370513
01324181,1523964177135,-9.39767,0.941864,3.99253,0.300209,0.108807,-0.180254,0.828759,0.407528,-0.206866
01324180,1523964177135,-10.2161,-3.27338,-0.00404435,0.610928,0.467284,-0.448829,0.704599,0.385594,-0.4587
01324189,1523964177152,-9.79318,-1.50173,0.925981,-0.0122815,0.492258,0.335523,0.801146,-0.215701,-0.395997
01324188,1523964177152,-9.45174,-0.974129,-3.04722,-0.127469,-0.0572618,0.322799,0.854615,-0.345892,0.0779667
01324185,1523964177152,-10.2541,-0.732991,-0.5819,0.776785,0.0936904,-0.0640764,0.837017,0.309991,-0.373767
01324181,1523964177152,-9.03248,1.09686,3.67311,0.253881,0.187123,-0.145065,0.82846,0.409408,-0.206237
01324180,1523964177152,-9.95885,-3.12962,-0.0732496,0.706926,0.472538,-0.430624,0.704052,0.387063,-0.460015
01324189,1523964177169,-9.75196,-1.29863,0.850386,-0.0614512,0.477251,0.363805,0.805074,-0.219956,-0.390986
01324188,1523964177169,-9.3693,-0.90691,-3.04848,-0.11604,-0.10167,0.32417,0.853826,-0.349963,0.0779912
01324185,1523964177169,-9.8891,-0.446357,-0.6029,0.809066,0.121596,-0.0677787,0.837013,0.306409,-0.376611
01324181,1523964177169,-8.7723,1.26025,3.44464,0.200366,0.263849,-0.101221,0.82857,0.410575,-0.205199
01324180,1523964177169,-9.61588,-2.89343,-0.112108,0.736688,0.456442,-0.409468,0.704587,0.387346,-0.460288
01324189,1523964177185,-9.62139,-1.26659,0.84849,-0.14509,0.459161,0.407956,0.806135,-0.223989,-0.38554
01324188,1523964177185,-9.34017,-0.864579,-2.9095,-0.166467,-0.125307,0.341267,0.850595,-0.354443,0.0751899
01324185,1523964177185,-9.45181,-0.167414,-0.6439,0.765422,0.171317,-0.0783564,0.837284,0.303416,-0.378153
01324181,1523964177185,-8.67008,1.53804,3.43997,0.121937,0.297003,-0.071437,0.828949,0.410766,-0.202812
01324180,1523964177185,-9.17906,-2.65224,-0.0630142,0.711084,0.419697,-0.419596,0.705283,0.385008,-0.459804
01324189,1523964177202,-9.54735,-1.26309,0.944744,-0.223231,0.453931,0.411244,0.805038,-0.231996,-0.379832
01324188,1523964177202,-9.33773,-0.848576,-2.78452,-0.216899,-0.136184,0.363812,0.851044,-0.360312,0.0695593
01324185,1523964177202,-9.02688,0.0200958,-0.702843,0.665284,0.189615,-0.114179,0.83769,0.299713,-0.37995
01324181,1523964177202,-8.44096,1.54816,3.28185,0.0379567,0.245807,-0.00961567,0.830817,0.409115,-0.198541
01324180,1523964177202,-8.71932,-2.49771,-0.011756,0.634368,0.396504,-0.415914,0.704612,0.384431,-0.458453
01324189,1523964177219,-9.28746,-1.47908,1.06688,-0.275189,0.440623,0.41638,0.807615,-0.236365,-0.376012
01324188,1523964177219,-9.26796,-0.911781,-2.39944,-0.310931,-0.1243,0.381007,0.848769,-0.365503,0.0660274
01324185,1523964177219,-8.64043,0.21511,-0.716539,0.590063,0.176022,-0.143014,0.838366,0.298841,-0.381253
01324181,1523964177219,-8.3583,1.61934,3.47422,-0.0265443,0.239997,0.0629142,0.830268,0.407893,-0.195849
01324180,1523964177219,-8.39467,-2.38375,0.0742137,0.545696,0.37022,-0.435165,0.703657,0.385312,-0.45734
01324189,1523964177235,-9.33203,-1.58412,1.2888,-0.31872,0.428152,0.403832,0.807856,-0.237361,-0.372139
01324188,1523964177235,-9.21037,-1.02364,-2.29298,-0.254995,-0.118369,0.402706,0.846213,-0.369267,0.0632625
01324185,1523964177235,-8.2978,0.323646,-0.809968,0.506871,0.174617,-0.194018,0.836063,0.296172,-0.380696
01324181,1523964177235,-8.24145,1.59172,3.34025,-0.0873258,0.186828,0.110887,0.831215,0.405925,-0.193556
01324180,1523964177235,-8.19713,-2.33848,0.122312,0.450279,0.340847,-0.475569,0.701364,0.386813,-0.458764
01324189,1523964177252,-9.31775,-1.63149,1.41748,-0.400658,0.359145,0.433893,0.80893,-0.241688,-0.367766
01324188,1523964177252,-9.28669,-0.718496,-2.09782,-0.223521,-0.0804123,0.42721,0.845043,-0.377246,0.0596769
01324185,1523964177252,-8.20131,0.390377,-0.902135,0.413815,0.138192,-0.229423,0.836062,0.296162,-0.381219
01324181,1523964177252,-8.28721,1.47465,3.42914,-0.112488,0.166319,0.150464,0.832126,0.406544,-0.190918
01324180,1523964177252,-8.22268,-2.24238,0.137092,0.335674,0.295367,-0.501199,0.701196,0.388688,-0.456289
01324189,1523964177269,-9.33003,-1.69972,1.37612,-0.473501,0.279624,0.432023,0.809476,-0.244574,-0.366189
01324188,1523964177269,-9.45593,-0.715772,-2.0532,-0.192018,-0.055076,0.460423,0.843181,-0.383589,0.0587638
01324185,1523964177269,-8.4328,0.478405,-0.999892,0.306475,0.121188,-0.269967,0.835785,0.299391,-0.382034
01324181,1523964177269,-8.40053,1.4588,3.37076,-0.114402,0.15171,0.172783,0.832903,0.406048,-0.186925
01324180,1523964177269,-8.40699,-2.19589,0.101711,0.154803,0.246579,-0.547468,0.699923,0.393639,-0.455089
01324189,1523964177285,-9.39626,-1.83285,1.42792,-0.559157,0.195964,0.442569,0.809089,-0.246011,-0.367535
01324188,1523964177285,-9.40246,-0.625402,-1.90042,-0.13966,0.00125692,0.482644,0.837103,-0.388843,0.0548713
01324185,1523964177285,-8.8072,0.446811,-1.23588,0.130086,0.0875156,-0.281378,0.833746,0.300924,-0.383089
01324181,1523964177285,-8.68783,1.28566,3.26115,-0.139385,0.13074,0.186562,0.835341,0.402648,-0.183687
01324180,1523964177285,-8.66717,-2.22143,-0.0556502,-0.00758254,0.2109,-0.542539,0.697287,0.400356,-0.453833
01324189,1523964177302,-9.44944,-2.04188,1.67894,-0.597004,0.071249,0.442691,0.805972,-0.247947,-0.36805
01324188,1523964177302,-9.38733,-0.438574,-1.72895,-0.136128,0.0708912,0.514402,0.834295,-0.396137,0.0559325
01324185,1523964177302,-9.31199,0.310166,-1.38757,-0.0831182,0.077081,-0.291167,0.831984,0.304633,-0.381025
01324181,1523964177302,-8.90256,1.10365,3.1884,-0.103762,0.103235,0.177666,0.836564,0.399688,-0.180711
01324180,1523964177302,-9.00913,-2.29666,-0.170579,-0.152547,0.16789,-0.519083,0.692495,0.406512,-0.449581
01324189,1523964177319,-9.54135,-2.15138,1.97459,-0.588079,-0.0781243,0.428807,0.804511,-0.250368,-0.370463
01324188,1523964177319,-9.37689,-0.217319,-1.65162,-0.134362,0.131972,0.543399,0.832988,-0.404462,0.0566408
01324185,1523964177319,-9.66481,0.0764019,-1.3919,-0.353519,0.0673803,-0.282219,0.832532,0.310789,-0.376376
01324181,1523964177319,-9.00731,0.947225,3.08688,-0.110993,0.0469131,0.192758,0.837121,0.398249,-0.180687
01324180,1523964177319,-9.24487,-2.38105,-0.214431,-0.289105,0.120579,-0.456068,0.690653,0.413495,-0.446574
01324189,1523964177335,-9.5336,-2.11351,1.85773,-0.534405,-0.199585,0.397226,0.800898,-0.251741,-0.376325
01324188,1523964177335,-9.43208,-0.114659,-1.82299,-0.143207,0.207547,0.560975,0.827595,-0.41122,0.0565548
01324185,1523964177335,-9.77631,-0.158875,-1.35308,-0.629736,0.0843815,-0.246331,0.827589,0.316859,-0.372974
01324181,1523964177335,-8.91275,1.0018,2.99226,-0.1545,0.078559,0.187107,0.838755,0.395406,-0.178649
01324180,1523964177335,-9.21512,-2.41885,-0.260269,-0.381923,0.0733663,-0.391066,0.686416,0.419369,-0.445312
01324189,1523964177352,-9.52564,-1.75238,1.56151,-0.454799,-0.290262,0.369221,0.797701,-0.255713,-0.381409
01324188,1523964177352,-9.52142,-0.111783,-2.19053,-0.122311,0.24928,0.595199,0.821673,-0.420385,0.058212
01324185,1523964177352,-9.58384,-0.429601,-1.20567,-0.86462,0.0858424,-0.149168,0.828135,0.325132,-0.368216
01324181,1523964177352,-8.97066,1.14654,3.16058,-0.132462,0.03745,0.208227,0.838344,0.393481,-0.175279
01324180,1523964177352,-8.94394,-2.43495,-0.262543,-0.476588,0.030407,-0.321699,0.68604,0.42705,-0.442041
01324189,1523964177369,-9.65585,-1.19872,1.17534,-0.357878,-0.315485,0.351837,0.792879,-0.257925,-0.388604
01324188,1523964177369,-9.60747,0.123504,-2.69498,-0.1172,0.271064,0.611391,0.817387,-0.430741,0.0628746
01324185,1523964177369,-9.30007,-0.84293,-1.03645,-0.992914,0.0702564,-0.0690397,0.827463,0.336116,-0.36191
01324181,1523964177369,-9.2116,1.26007,3.25104,-0.139774,0.0406911,0.237632,0.839428,0.392896,-0.175145
01324180,1523964177369,-8.65345,-2.46084,-0.230847,-0.566074,0.00350992,-0.26626,0.682959,0.435637,-0.436684
01324189,1523964177385,-9.91303,-0.792049,0.654428,-0.382606,-0.332438,0.398022,0.788871,-0.2603,-0.395273
01324188,1523964177385,-9.79056,0.265066,-3.193,-0.129438,0.228913,0.61967,0.813627,-0.438089,0.0654272
01324185,1523964177385,-9.14666,-1.24588,-0.936961,-0.981614,0.04866,-0.0145115,0.827747,0.34119,-0.354765
01324181,1523964177385,-9.7374,1.20028,3.48791,-0.122295,-0.00357453,0.275259,0.84003,0.388016,-0.175183
01324180,1523964177385,-8.59187,-2.55211,-0.206578,-0.657769,-0.0125463,-0.182591,0.680428,0.443936,-0.433369
01324189,1523964177402,-10.1115,-0.341055,0.191154,-0.471605,-0.296925,0.455432,0.78498,-0.262812,-0.399936
01324188,1523964177402,-9.8289,0.328374,-3.60962,-0.165959,0.192986,0.656196,0.808929,-0.447211,0.0657237
01324185,1523964177402,-9.37437,-1.57194,-0.967534,-0.837394,0.0308678,0.0229201,0.828439,0.342575,-0.348764
01324181,1523964177402,-9.87679,1.08715,3.33946,-0.104758,-0.0753659,0.312551,0.843436,0.383992,-0.173671
01324180,1523964177402,-8.86759,-2.72393,-0.24405,-0.700341,-0.0416369,-0.0933717,0.679194,0.451273,-0.418596
01324189,1523964177419,-10.1612,0.0979076,-0.0358553,-0.57205,-0.261316,0.498564,0.779343,-0.266152,-0.406728
01324188,1523964177419,-9.75639,0.3189,-3.67267,-0.235638,0.12947,0.653264,0.80409,-0.455553,0.0649924
01324185,1523964177419,-9.8575,-1.7376,-1.10044,-0.611664,0.0305191,0.0346902,0.828178,0.344786,-0.343813
01324181,1523964177419,-10.0608,0.905343,3.46251,-0.0978462,-0.085354,0.343541,0.844325,0.37879,-0.175168
01324180,1523964177419,-9.29521,-2.92132,-0.316982,-0.715096,-0.0817572,0.0276231,0.676437,0.455946,-0.41508
01324189,1523964177435,-10.1476,0.211728,-0.0503945,-0.616843,-0.224554,0.534768,0.775604,-0.267527,-0.41366
01324188,1523964177435,-9.8676,0.328081,-3.54674,-0.244248,0.0725202,0.645481,0.798985,-0.464788,0.0647477
01324185,1523964177435,-10.3881,-1.60923,-1.25374,-0.473454,0.0302604,0.0584677,0.827507,0.348252,-0.339659
01324181,1523964177435,-10.1487,0.656813,3.49569,-0.0783093,-0.106478,0.346795,0.846,0.373907,-0.174684
01324180,1523964177435,-9.7467,-3.12324,-0.443344,-0.695109,-0.121318,0.171704,0.678252,0.459075,-0.409634
01324189,1523964177452,-10.0784,0.234669,0.0557143,-0.620432,-0.195178,0.530246,0.771595,-0.271194,-0.419536
01324188,1523964177452,-9.58691,0.403726,-3.47742,-0.174241,0.00213638,0.662926,0.794151,-0.473661,0.0629046
01324185,1523964177452,-10.7542,-1.38553,-1.35198,-0.414251,0.0726197,0.126244,0.828461,0.349707,-0.337321
01324181,1523964177452,-9.76647,0.530454,3.33634,-0.0871353,-0.138575,0.337843,0.846614,0.370252,-0.177674
01324180,1523964177452,-10.1027,-3.26709,-0.476611,-0.657407,-0.180308,0.324544,0.677983,0.461435,-0.415128
01324189,1523964177469,-9.90104,0.164102,0.228122,-0.630853,-0.151926,0.533654,0.767303,-0.274273,-0.4246
01324188,1523964177469,-9.35426,0.557576,-3.53357,-0.139044,-0.0679705,0.70668,0.787697,-0.484436,0.0617715
01324185,1523964177469,-10.6813,-1.27032,-1.24467,-0.491439,0.112094,0.211953,0.828874,0.34947,-0.334966
01324181,1523964177469,-9.22203,0.604846,3.30942,-0.106659,-0.0944415,0.339866,0.848033,0.365758,-0.179191
01324180,1523964177469,-10.0547,-3.25261,-0.422893,-0.621142,-0.234306,0.443952,0.679577,0.461681,-0.412441
01324189,1523964177485,-9.74651,-0.0395138,0.439504,-0.590824,-0.0850139,0.540747,0.764493,-0.276666,-0.428471
01324188,1523964177485,-9.47948,0.708843,-3.37513,-0.170343,-0.112886,0.700637,0.784216,-0.492313,0.0599738
01324185,1523964177485,-10.2394,-1.25356,-0.972599,-0.547869,0.173327,0.288915,0.831058,0.349856,-0.329483
01324181,1523964177485,-8.96185,0.656338,3.44051,-0.0958772,-0.029233,0.328261,0.8498,0.363197,-0.177293
01324180,1523964177485,-9.65119,-3.07517,-0.316469,-0.632092,-0.284861,0.556012,0.681066,0.460786,-0.412887
01324189,1523964177502,-9.73768,-0.336346,0.584709,-0.583667,-0.0159926,0.558415,0.763186,-0.278668,-0.432891
01324188,1523964177502,-9.55157,0.840827,-3.24581,-0.206903,-0.171174,0.683799,0.778572,-0.501761,0.0551392
01324185,1523964177502,-9.66719,-1.32177,-0.583909,-0.551774,0.198762,0.360067,0.833928,0.346323,-0.322395
01324181,1523964177502,-8.76025,0.670864,3.42703,-0.0851752,-0.0169048,0.326557,0.85092,0.358635,-0.175614
01324180,1523964177502,-9.07848,-2.90105,-0.164908,-0.669247,-0.312047,0.632865,0.683096,0.459003,-0.412006
01324189,1523964177519,-9.85776,-0.537864,0.902473,-0.505454,0.0523226,0.560357,0.759272,-0.282317,-0.434482
01324188,1523964177519,-9.48613,0.884228,-3.28041,-0.244262,-0.234259,0.690826,0.773062,-0.510881,0.0495145
01324185,1523964177519,-9.16024,-1.34395,-0.328775,-0.498806,0.205782,0.404925,0.836792,0.345161,-0.316768
01324181,1523964177519,-8.66308,0.587101,3.42443,-0.0566338,-0.0171103,0.314383,0.852209,0.354134,-0.177528
01324180,1523964177519,-8.57913,-2.84846,-0.0171475,-0.725989,-0.296705,0.683505,0.68739,0.457452,-0.408178
01324189,1523964177535,-9.80738,-0.56819,1.02334,-0.258699,0.0601133,0.554054,0.754956,-0.286245,-0.436607
01324188,1523964177535,-9.53665,0.967607,-3.10749,-0.234546,-0.272488,0.691345,0.767963,-0.520471,0.0443946
01324185,1523964177535,-8.83191,-1.30257,-0.231643,-0.45356,0.210961,0.434534,0.84061,0.34034,-0.310587
01324181,1523964177535,-8.5767,0.571171,3.38664,-0.0191808,-0.0404117,0.295941,0.852146,0.347991,-0.176867
01324180,1523964177535,-8.33885,-2.9582,0.127192,-0.768802,-0.26612,0.720291,0.689983,0.451862,-0.403459
01324189,1523964177552,-9.63195,-0.385857,1.00652,-0.0571346,0.106319,0.559938,0.754047,-0.293134,-0.436919
01324188,1523964177552,-9.65956,1.09408,-2.85258,-0.195883,-0.315735,0.722969,0.760285,-0.530257,0.0382162
01324185,1523964177552,-8.82889,-1.13158,-0.170445,-0.415967,0.178653,0.410882,0.842526,0.335632,-0.305969
01324181,1523964177552,-8.67963,0.659936,3.30685,-0.0191511,-0.0705805,0.293048,0.854669,0.343865,-0.176267
01324180,1523964177552,-8.30805,-3.12793,0.232903,-0.715255,-0.238569,0.752423,0.694577,0.448871,-0.402504
01324189,1523964177569,-9.57575,-0.108171,1.16212,-0.00678408,0.193861,0.57237,0.752592,-0.302593,-0.435638
01324188,1523964177569,-9.63396,0.818966,-2.83103,-0.0648641,-0.3583,0.744651,0.756266,-0.538859,0.0334142
01324185,1523964177569,-9.06252,-0.930402,-0.293537,-0.453764,0.122258,0.373063,0.846874,0.336401,-0.30259
01324181,1523964177569,-8.78869,0.726583,3.30004,-0.0282108,-0.11618,0.313387,0.855642,0.342811,-0.177985
01324180,1523964177569,-8.49039,-3.26599,0.302871,-0.623023,-0.217701,0.776896,0.698757,0.444549,-0.396025
01324189,1523964177585,-9.79038,0.291511,1.57036,-0.0893837,0.244896,0.579147,0.752188,-0.308328,-0.432599
01324188,1523964177585,-9.90082,0.579542,-2.58612,-0.000324428,-0.369069,0.722813,0.750079,-0.548455,0.0288466
01324185,1523964177585,-9.27952,-0.803986,-0.440836,-0.49431,0.0731083,0.352208,0.848653,0.3324,-0.297849
01324181,1523964177585,-9.02839,0.777218,3.18403,-0.0370533,-0.112751,0.306602,0.857343,0.337313,-0.179483
01324180,1523964177585,-8.89289,-3.38685,0.32728,-0.513112,-0.201783,0.79095,0.703914,0.438929,-0.394049
01324189,1523964177602,-10.0134,0.769658,2.10063,-0.243442,0.281132,0.569723,0.751382,-0.313193,-0.430753
01324188,1523964177602,-10.0118,0.661639,-2.19613,0.00989351,-0.369909,0.641425,0.745246,-0.556999,0.0231148
01324185,1523964177602,-9.63656,-0.696001,-0.632904,-0.576883,0.0347575,0.315203,0.850973,0.330086,-0.293387
01324181,1523964177602,-9.52415,0.82473,3.18237,-0.0621103,-0.117588,0.329168,0.858483,0.332704,-0.179931
01324180,1523964177602,-9.27996,-3.34679,0.217378,-0.466253,-0.175251,0.79153,0.706917,0.43393,-0.3923
01324189,1523964177619,-10.1686,0.962561,2.67787,-0.346742,0.271879,0.510792,0.748965,-0.321474,-0.429318
01324188,1523964177619,-9.7888,0.85242,-2.00948,-0.14232,-0.320213,0.548026,0.739317,-0.564431,0.0189492
01324185,1523964177619,-10.0903,-0.666847,-0.800613,-0.673837,0.0303173,0.310336,0.853159,0.328075,-0.287881
01324181,1523964177619,-9.6082,0.775261,3.12482,-0.0355368,-0.177464,0.340657,0.857944,0.324897,-0.183619
01324180,1523964177619,-9.7609,-3.36148,0.15943,-0.455773,-0.175171,0.79258,0.712092,0.428332,-0.393977
01324189,1523964177635,-10.2507,0.762126,3.1119,-0.320126,0.171403,0.400926,0.747326,-0.323726,-0.427576
01324188,1523964177635,-9.7876,1.20295,-1.79367,-0.605367,-0.236604,0.391767,0.734743,-0.571075,0.0130634
01324185,1523964177635,-10.4717,-0.741579,-0.866012,-0.781955,0.0191841,0.331024,0.853713,0.328165,-0.283174
01324181,1523964177635,-9.438,0.62221,2.87285,-0.0461896,-0.138398,0.353069,0.858936,0.322549,-0.185575
01324180,1523964177635,-10.0365,-3.3793,0.168726,-0.476271,-0.188664,0.763402,0.715101,0.42334,-0.393445
01324189,1523964177652,-10.3071,0.376493,3.39905,-0.241541,0.0237223,0.269994,0.748427,-0.32333,-0.428925
01324188,1523964177652,-9.66257,1.04088,-1.437,-1.1102,-0.165313,0.23512,0.733418,-0.575005,0.000971184
01324185,1523964177652,-10.5878,-0.894904,-0.815789,-0.86424,0.0327528,0.378681,0.856163,0.327653,-0.280431
01324181,1523964177652,-9.53683,0.562695,3.01826,-0.0692773,-0.099578,0.348341,0.859929,0.318667,-0.185637
01324180,1523964177652,-10.082,-3.22021,0.140153,-0.521921,-0.162961,0.742243,0.721104,0.417019,-0.397988
01324189,1523964177669,-10.4333,0.110987,3.59505,-0.241572,-0.185333,0.105162,0.745898,-0.325446,-0.433734
01324188,1523964177669,-9.57293,0.418383,-1.42483,-1.55158,-0.0718393,0.0561535,0.732626,-0.576919,-0.0138325
01324185,1523964177669,-10.5736,-1.08505,-0.654302,-0.992024,0.0432885,0.431483,0.857535,0.326921,-0.274411
01324181,1523964177669,-9.51412,0.611548,2.9426,-0.0708589,-0.0913221,0.317377,0.861611,0.314326,-0.186628
01324180,1523964177669,-9.9465,-3.24828,0.206578,-0.565145,-0.14492,0.75085,0.724093,0.413033,-0.395813
01324189,1523964177685,-10.3745,-0.0196873,3.58412,-0.460617,-0.357644,-0.0480734,0.744299,-0.322838,-0.439052
01324188,1523964177685,-9.59688,-0.193993,-1.42149,-1.93899,0.0152773,-0.147312,0.73317,-0.575125,-0.0304427
01324185,1523964177685,-10.3615,-1.24758,-0.540388,-1.07043,0.0410862,0.487669,0.861624,0.324083,-0.267857
01324181,1523964177685,-9.47737,0.696951,2.87599,-0.0885319,-0.068649,0.302095,0.862998,0.311295,-0.186845
01324180,1523964177685,-9.7298,-3.21564,0.329717,-0.613363,-0.10935,0.713829,0.728159,0.408149,-0.392183
01324189,1523964177702,-10.0164,-0.0210425,3.2209,-0.752205,-0.493006,-0.155486,0.740545,-0.317602,-0.44861
01324188,1523964177702,-8.87115,-0.763963,-1.67227,-2.28198,0.12097,-0.343074,0.736542,-0.568363,-0.0544612
01324185,1523964177702,-10.0771,-1.37445,-0.429942,-1.07726,0.0433728,0.531824,0.864766,0.320132,-0.260504
01324181,1523964177702,-9.45721,0.65591,2.92038,-0.100941,-0.0936531,0.289851,0.86416,0.305666,-0.18807
01324180,1523964177702,-9.51576,-3.1836,0.505998,-0.686981,-0.0649467,0.667919,0.73382,0.403069,-0.384794
01324189,1523964177719,-9.30504,0.0120617,2.99812,-0.908165,-0.533223,-0.257479,0.736479,-0.307689,-0.460734
01324188,1523964177719,-8.33033,-0.990587,-1.96322,-2.57264,0.237497,-0.526007,0.742354,-0.561294,-0.0735033
01324185,1523964177719,-9.97633,-1.62541,-0.349177,-1.01585,0.0431208,0.566609,0.867366,0.31604,-0.253148
01324181,1523964177719,-9.39664,0.544896,3.07746,-0.102611,-0.154369,0.258301,0.863935,0.302509,-0.188534
01324180,1523964177719,-9.38929,-3.27256,0.613088,-0.731355,-0.0231571,0.671397,0.737307,0.400941,-0.379207
01324189,1523964177735,-8.69351,-0.0247101,3.22734,-0.860741,-0.49252,-0.342801,0.735005,-0.297185,-0.469739
01324188,1523964177735,-8.17572,-1.06003,-2.46196,-2.61378,0.404122,-0.655411,0.747597,-0.550112,-0.0929547
01324185,1523964177735,-9.90934,-1.86653,-0.271921,-0.894815,0.00682193,0.577753,0.868741,0.311349,-0.247613
01324181,1523964177735,-9.3029,0.422198,3.16735,-0.0757774,-0.195635,0.225098,0.863748,0.297735,-0.190826
01324180,1523964177735,-9.33161,-3.44881,0.680355,-0.738467,-0.00183483,0.653862,0.742702,0.397194,-0.375575
01324189,1523964177752,-8.36382,0.200531,3.3446,-0.775144,-0.440073,-0.424413,0.732574,-0.285649,-0.478992
01324188,1523964177752,-8.2371,-0.685113,-2.94861,-2.6234,0.555701,-0.760031,0.755951,-0.536883,-0.110564
01324185,1523964177752,-9.87095,-1.96785,-0.228847,-0.730222,-0.0334973,0.580374,0.873638,0.307332,-0.243667
01324181,1523964177752,-9.09823,0.266851,3.25374,-0.0505968,-0.271012,0.165722,0.863258,0.297213,-0.195331
01324180,1523964177752,-9.30951,-3.65872,0.69392,-0.679031,0.0162344,0.636725,0.745519,0.394933,-0.369981
01324189,1523964177769,-8.18204,0.136819,3.15672,-0.847139,-0.411837,-0.469166,0.730953,-0.272983,-0.488245
01324188,1523964177769,-8.26923,-1.62866,-3.86394,-2.3975,0.821857,-0.785617,0.765117,-0.523592,-0.123597
01324185,1523964177769,-9.88283,-1.93403,-0.185012,-0.575267,-0.0411185,0.584506,0.875682,0.300017,-0.242556
01324181,1523964177769,-8.91482,0.11849,3.38817,-0.0468268,-0.316081,0.120473,0.86303,0.295732,-0.197692
01324180,1523964177769,-9.30163,-3.87311,0.658983,-0.57023,0.06594,0.625399,0.750374,0.391782,-0.36714
01324189,1523964177785,-8.07709,-0.6368,2.70543,-1.0339,-0.303012,-0.512658,0.730946,-0.257478,-0.497093
01324188,1523964177785,-9.14598,-3.37101,-3.1867,-1.64913,1.12267,-0.695861,0.773851,-0.507436,-0.129165
01324185,1523964177785,-9.90174,-1.80148,-0.180712,-0.417655,-0.0326903,0.609793,0.878541,0.292566,-0.241186
01324181,1523964177785,-8.73308,0.0623475,3.46769,-0.0499979,-0.301405,0.0550671,0.860678,0.294485,-0.203759
01324180,1523964177785,-9.35838,-3.95538,0.614473,-0.420273,0.101434,0.631863,0.755777,0.387014,-0.362716
01324189,1523964177802,-8.20753,-2.09332,2.42645,-0.997182,-0.220694,-0.628147,0.729546,-0.239624,-0.504165
01324188,1523964177802,-9.14874,-4.0851,-2.43415,-0.153764,1.3232,-0.552436,0.7837,-0.497636,-0.117891
01324185,1523964177802,-10.0268,-1.65867,-0.201091,-0.270695,-0.0201902,0.592567,0.881545,0.283759,-0.236925
01324181,1523964177802,-8.69538,0.0822461,3.41442,-0.0389605,-0.236913,0.00386355,0.861518,0.293845,-0.206281
01324180,1523964177802,-9.48272,-4.05806,0.598193,-0.236049,0.13729,0.626249,0.76079,0.381385,-0.35871
01324189,1523964177819,-8.29413,-3.39437,1.563,-0.685796,-0.0929547,-0.722385,0.730339,-0.227145,-0.509297
01324188,1523964177819,-8.86151,-2.15951,-2.1025,1.35277,1.41212,-0.451792,0.790315,-0.493404,-0.0956008
01324185,1523964177819,-10.2026,-1.51318,-0.272706,-0.204565,0.010721,0.577024,0.884807,0.278405,-0.236492
01324181,1523964177819,-8.68751,0.1455,3.31424,-0.0386018,-0.159988,-0.0437488,0.857497,0.293993,-0.208636
01324180,1523964177819,-9.75583,-4.11054,0.691914,-0.0520665,0.131058,0.620384,0.765304,0.373897,-0.357844
01324189,1523964177835,-8.50964,-4.01635,1.46255,0.0374589,0.0910639,-0.813544,0.731348,-0.214644,-0.508674
01324188,1523964177835,-8.91352,0.854013,-2.35565,2.07259,1.39184,-0.359573,0.79679,-0.489872,-0.0614901
01324185,1523964177835,-10.2164,-1.20502,-0.401454,-0.173751,0.0278997,0.559869,0.886984,0.270218,-0.236682
01324181,1523964177835,-8.67941,0.257207,3.30249,-0.0473041,-0.0932301,-0.0672913,0.858705,0.295378,-0.210008
01324180,1523964177835,-9.66721,-4.05177,0.712437,0.0162583,0.161108,0.576185,0.770621,0.366245,-0.356318
01324189,1523964177852,-8.68451,-3.9223,1.80618,0.842796,0.253604,-0.875079,0.737835,-0.211631,-0.505243
01324188,1523964177852,-10.5153,3.1152,-3.17229,1.74442,1.35991,-0.351848,0.801103,-0.48834,-0.0274775
01324185,1523964177852,-9.97967,-1.05723,-0.417963,-0.20797,0.0510014,0.542695,0.889439,0.262641,-0.234524
01324181,1523964177852,-8.71881,0.334374,3.30559,-0.0329843,-0.029651,-0.0736804,0.859352,0.298071,-0.210869
01324180,1523964177852,-9.37872,-3.1963,0.719953,-0.271689,0.175191,0.478782,0.77376,0.361098,-0.354574
01324189,1523964177869,-9.07091,-3.08959,1.91623,1.13728,0.396472,-0.909831,0.742235,-0.208255,-0.4975
01324188,1523964177869,-10.2355,4.30515,-3.15158,0.872421,1.32135,-0.322829,0.807569,-0.483278,0.00511154
01324185,1523964177869,-9.8246,-0.807799,-0.422314,-0.237909,0.0738331,0.503421,0.890801,0.257714,-0.233958
01324181,1523964177869,-8.69109,0.388115,3.25885,0.00273821,-0.00877007,-0.0943134,0.856674,0.295567,-0.209192
01324180,1523964177869,-9.34674,-3.87472,0.992063,-0.659981,0.205566,0.328668,0.777374,0.358811,-0.347098
01324189,1523964177885,-9.66767,-2.14416,2.60415,1.29144,0.378655,-0.943818,0.747433,-0.206038,-0.487099
01324188,1523964177885,-9.67758,3.5067,-2.70106,0.117367,1.30467,-0.310373,0.811064,-0.479234,0.02325
01324185,1523964177885,-9.6702,-0.842402,-0.350924,-0.3067,0.0578034,0.418521,0.894338,0.253242,-0.231703
01324181,1523964177885,-8.67259,0.456254,3.27216,0.00727722,0.0175289,-0.107041,0.854761,0.297461,-0.208946
01324180,1523964177885,-9.08556,-4.60843,1.03892,-0.630468,0.23297,0.230343,0.778788,0.360772,-0.339235
01324189,1523964177902,-10.2734,-1.2713,3.31152,1.40513,0.248288,-0.910206,0.753484,-0.205727,-0.479132
01324188,1523964177902,-9.76393,2.38683,-2.15114,-0.027042,1.28177,-0.278851,0.813321,-0.472494,0.0372591
01324185,1523964177902,-9.45815,-0.988085,-0.242038,-0.397172,0.0275485,0.299707,0.893809,0.247945,-0.22838
01324181,1523964177902,-8.55453,0.355839,3.16858,0.0234952,0.0240324,-0.137223,0.855976,0.297855,-0.209765
01324180,1523964177902,-8.78721,-5.2482,1.14708,-0.251623,0.21769,0.181417,0.783324,0.36154,-0.335634
01324189,1523964177919,-10.0843,-0.675842,3.74821,1.28907,0.0786097,-0.904985,0.755751,-0.205906,-0.474071
01324188,1523964177919,-10.1914,1.86469,-1.73395,0.203693,1.25197,-0.211276,0.815739,-0.470158,0.0548996
01324185,1523964177919,-9.15958,-1.2114,-0.179731,-0.44893,-0.0189188,0.180936,0.895988,0.247586,-0.224983
01324181,1523964177919,-8.57522,0.307043,3.20319,0.0263404,0.0482948,-0.164591,0.855,0.299336,-0.20819
01324180,1523964177919,-8.68189,-5.17981,1.18957,0.291269,0.225511,0.151491,0.784676,0.359318,-0.332182
01324189,1523964177935,-10.0217,-0.345967,4.37117,1.14469,-0.0320714,-0.933701,0.758552,-0.202361,-0.470058
01324188,1523964177935,-10.4992,2.32781,-1.59617,0.514445,1.24408,-0.159739,0.815569,-0.467172,0.0751747
01324185,1523964177935,-8.93853,-1.48969,-0.215449,-0.375885,-0.0523169,0.0798221,0.89626,0.247737,-0.224462
01324181,1523964177935,-8.42295,0.362294,3.11134,0.0263515,0.0181253,-0.168346,0.852275,0.300832,-0.206996
01324180,1523964177935,-8.43576,-4.73157,1.07843,0.78197,0.206848,0.124628,0.786355,0.354071,-0.333529
01324189,1523964177952,-10.2323,0.192991,4.61904,0.94518,-0.140378,-0.918138,0.758632,-0.198029,-0.466945
01324188,1523964177952,-10.6635,3.03758,-1.63502,0.740364,1.2185,-0.156751,0.812413,-0.464787,0.0969324
01324185,1523964177952,-8.79419,-1.58454,-0.26918,-0.209801,-0.0791914,0.0159972,0.895718,0.24603,-0.225228
01324181,1523964177952,-8.25892,0.451634,3.03822,-0.00373878,0.0300184,-0.19061,0.853535,0.30852,-0.208233
01324180,1523964177952,-8.20598,-4.16328,1.01128,1.06742,0.217151,0.101978,0.787302,0.343917,-0.337669
01324189,1523964177969,-9.66495,0.918445,4.13512,0.787007,-0.150998,-0.899227,0.760217,-0.191587,-0.465841
01324188,1523964177969,-10.917,3.82921,-1.61135,0.779702,1.1817,-0.147214,0.812643,-0.460809,0.120769
01324185,1523964177969,-8.72193,-1.57061,-0.345208,-0.00477458,-0.1324,-0.000913097,0.895443,0.246997,-0.226283
01324181,1523964177969,-8.44464,0.539164,3.08607,-0.00556744,0.0407963,-0.183578,0.851871,0.311711,-0.207485
01324180,1523964177969,-8.18898,-3.59736,0.932384,1.12953,0.220842,0.0198929,0.788358,0.336235,-0.342708
01324189,1523964177985,-9.99493,1.60218,4.4147,0.732375,-0.228002,-0.944397,0.762157,-0.189382,-0.466053
01324188,1523964177985,-11.069,3.91118,-1.52908,0.729211,1.14675,-0.145315,0.814359,-0.455212,0.140645
01324185,1523964177985,-8.72167,-1.3589,-0.522096,0.209654,-0.164396,-0.00264894,0.896386,0.247236,-0.228512
01324181,1523964177985,-8.5665,0.685701,3.10422,-0.0183001,0.0115025,-0.142407,0.85119,0.312433,-0.207626
01324180,1523964177985,-8.30482,-3.22606,0.846284,1.06414,0.204838,-0.0649128,0.78982,0.334867,-0.336671
01324189,1523964178002,-10.3778,1.75121,4.46951,0.635258,-0.411624,-0.955857,0.760906,-0.180867,-0.468783
01324188,1523964178002,-11.1521,3.66861,-1.27594,0.821813,1.10367,-0.147818,0.811871,-0.450909,0.161706
01324185,1523964178002,-8.79099,-1.01674,-0.699774,0.366866,-0.192524,-0.0247444,0.894886,0.246464,-0.232032
01324181,1523964178002,-8.46854,0.84222,2.99559,-0.0674561,-0.0436664,-0.108296,0.849554,0.313887,-0.207639
01324180,1523964178002,-8.41723,-3.11058,0.758813,0.918293,0.181451,-0.146826,0.789079,0.330246,-0.338511
01324189,1523964178019,-10.3775,1.73901,4.15305,0.534827,-0.588427,-0.952315,0.757634,-0.173027,-0.473371
01324188,1523964178019,-10.9832,3.6091,-1.12751,1.02788,0.996555,-0.151985,0.810729,-0.444568,0.182338
01324185,1523964178019,-8.91325,-0.640525,-0.86583,0.452569,-0.176194,-0.0733988,0.891218,0.243151,-0.23565
01324181,1523964178019,-8.86327,0.987858,3.13276,-0.110391,0.00754373,-0.0662599,0.847899,0.315389,-0.205525
01324180,1523964178019,-8.64791,-3.18693,0.644965,0.807171,0.154088,-0.198678,0.788737,0.326497,-0.341827
01324189,1523964178035,-10.3436,1.32713,4.13695,0.364132,-0.726396,-0.884221,0.753565,-0.163311,-0.481282
01324188,1523964178035,-10.8429,3.61857,-1.17682,1.17821,0.846913,-0.143727,0.805773,-0.436678,0.202441
01324185,1523964178035,-9.15415,-0.432103,-1.0178,0.511099,-0.142207,-0.141667,0.890252,0.244736,-0.241287
01324181,1523964178035,-9.282,1.04112,3.15079,-0.0934642,0.0199114,-0.0721414,0.847614,0.315846,-0.204468
01324180,1523964178035,-9.06252,-3.22841,0.452172,0.737931,0.124006,-0.236168,0.787728,0.324238,-0.349432
01324189,1523964178052,-10.3669,0.837745,4.15561,0.150038,-0.822452,-0.807453,0.747879,-0.155858,-0.489595
01324188,1523964178052,-10.6461,3.20799,-1.18426,1.31026,0.637677,-0.161009,0.80219,-0.430783,0.221054
01324185,1523964178052,-9.5885,-0.400641,-1.16452,0.533593,-0.0940281,-0.231202,0.888473,0.248593,-0.246158
01324181,1523964178052,-9.75299,0.875387,3.19684,-0.127401,-0.0257694,-0.0576381,0.847331,0.317687,-0.205567
01324180,1523964178052,-9.67674,-3.21538,0.364073,0.668841,0.0527156,-0.22993,0.785185,0.32547,-0.353698
01324189,1523964178069,-10.4181,0.123829,3.98431,0.0590606,-0.835229,-0.739307,0.742886,-0.148285,-0.499254
01324188,1523964178069,-10.392,2.62256,-1.04135,1.42137,0.361878,-0.219864,0.802396,-0.422175,0.236419
01324185,1523964178069,-10.1966,-0.423424,-1.25473,0.561574,-0.0599856,-0.316361,0.887517,0.249541,-0.248257
01324181,1523964178069,-10.0962,0.730312,3.56208,-0.1399,-0.0860569,-0.0700795,0.846919,0.317293,-0.204225
01324180,1523964178069,-10.1683,-3.30392,0.199273,0.609294,-0.0105407,-0.228902,0.785094,0.323463,-0.35766
01324189,1523964178085,-10.4917,-0.50053,3.81355,0.0983196,-0.809651,-0.67257,0.737909,-0.143879,-0.508537
01324188,1523964178085,-10.0165,2.16988,-0.982412,1.53861,0.0821108,-0.269855,0.800832,-0.412677,0.249031
01324185,1523964178085,-10.7852,-0.446288,-1.30208,0.54931,-0.0392021,-0.356321,0.88588,0.252876,-0.2509
01324181,1523964178085,-10.2052,0.680418,3.66377,-0.13813,-0.087827,-0.0717897,0.847442,0.318574,-0.204257
01324180,1523964178085,-10.608,-3.31798,0.12723,0.54657,-0.0714685,-0.258642,0.782431,0.322801,-0.360339
01324189,1523964178102,-10.3485,-0.900924,3.65952,0.2226,-0.77811,-0.611823,0.730463,-0.136242,-0.518167
01324188,1523964178102,-9.83784,2.0721,-1.2332,1.65242,-0.254817,-0.306373,0.80075,-0.400706,0.258139
01324185,1523964178102,-11.2534,-0.568533,-1.25652,0.548595,-0.0200714,-0.374197,0.883429,0.254517,-0.253654
01324181,1523964178102,-10.2175,0.568606,3.74312,-0.131742,-0.0883544,-0.101102,0.845005,0.319748,-0.204522
01324180,1523964178102,-11.0156,-3.22114,0.104447,0.447338,-0.10856,-0.260293,0.779609,0.324173,-0.362975
01324189,1523964178119,-10.1808,-1.19303,3.39828,0.357052,-0.777797,-0.570536,0.723707,-0.13035,-0.527552
01324188,1523964178119,-9.90028,2.14375,-1.79651,1.598,-0.617996,-0.31339,0.804198,-0.387017,0.257336
01324185,1523964178119,-11.5672,-0.686885,-1.16908,0.557898,0.0292052,-0.364246,0.880705,0.258697,-0.256432
01324181,1523964178119,-10.1775,0.481702,3.78851,-0.112883,-0.0516672,-0.126701,0.843098,0.32274,-0.206426
01324180,1523964178119,-11.2632,-3.17119,0.12889,0.316952,-0.155941,-0.280723,0.776382,0.32658,-0.367478
01324189,1523964178135,-10.1079,-1.28009,3.37994,0.450538,-0.795922,-0.479581,0.716543,-0.128754,-0.534421
01324188,1523964178135,-10.1496,2.70296,-2.33391,1.24878,-0.96331,-0.308996,0.807122,-0.376442,0.254726
01324185,1523964178135,-11.7748,-0.875637,-0.990826,0.538175,0.0754322,-0.334706,0.879071,0.261771,-0.258026
01324181,1523964178135,-10.0667,0.395747,3.69668,-0.0698746,0.0183776,-0.165898,0.841712,0.325628,-0.206206
01324180,1523964178135,-11.3746,-3.17533,0.168867,0.220524,-0.157512,-0.263737,0.771024,0.327573,-0.371978
01324189,1523964178152,-9.98366,-1.2562,3.27102,0.47029,-0.773659,-0.429829,0.709525,-0.129895,-0.540644
01324188,1523964178152,-10.2012,3.10076,-2.64756,0.679087,-1.29023,-0.269589,0.811156,-0.368662,0.245996
01324185,1523964178152,-11.8278,-0.99793,-0.805318,0.506334,0.120088,-0.300075,0.878522,0.262864,-0.259866
01324181,1523964178152,-10.1092,0.312778,3.67143,-0.0269153,0.0903367,-0.199005,0.841644,0.329678,-0.204428
01324180,1523964178152,-11.3065,-3.24083,0.275515,0.126187,-0.172895,-0.259198,0.769284,0.327021,-0.371558
01324189,1523964178169,-9.84693,-1.15423,3.22295,0.421312,-0.719604,-0.37948,0.703602,-0.130636,-0.547546
01324188,1523964178169,-10.1581,2.96273,-2.93303,0.0432378,-1.61175,-0.204879,0.8155,-0.365729,0.2255
01324185,1523964178169,-11.7457,-1.02721,-0.672658,0.454766,0.120848,-0.272827,0.875262,0.265389,-0.260665
01324181,1523964178169,-10.0947,0.262053,3.60729,0.0107141,0.17469,-0.230283,0.840512,0.333153,-0.203425
01324180,1523964178169,-11.0832,-3.351,0.441437,0.0804642,-0.148404,-0.269064,0.765765,0.33014,-0.373067
01324189,1523964178185,-9.57088,-1.13985,3.05573,0.381295,-0.629405,-0.30432,0.697526,-0.129212,-0.554161
01324188,1523964178185,-10.1507,2.32613,-2.92972,-0.460162,-1.90235,-0.176089,0.819859,-0.364251,0.198712
01324185,1523964178185,-11.6006,-0.96064,-0.609186,0.370247,0.0919159,-0.253872,0.875262,0.267943,-0.259904
01324181,1523964178185,-10.0711,0.226018,3.51395,0.0589642,0.232631,-0.255795,0.840032,0.33639,-0.199764
01324180,1523964178185,-10.8163,-3.47036,0.612569,0.0487578,-0.127446,-0.275361,0.763875,0.33237,-0.37624
01324189,1523964178202,-9.28031,-1.16297,3.03912,0.308752,-0.499177,-0.251555,0.691183,-0.130368,-0.559723
01324188,1523964178202,-9.99441,1.40156,-3.20413,-0.714379,-2.14426,-0.169806,0.827625,-0.363164,0.160398
01324185,1523964178202,-11.3255,-0.904568,-0.609409,0.226489,0.040408,-0.26195,0.873361,0.267929,-0.260683
01324181,1523964178202,-10.0768,0.163015,3.33882,0.108897,0.30689,-0.259614,0.838757,0.338775,-0.196343
01324180,1523964178202,-10.5685,-3.60905,0.764075,0.0370629,-0.0940172,-0.287599,0.760356,0.336079,-0.37909
01324189,1523964178219,-8.84662,-1.15753,2.88167,0.262107,-0.374466,-0.209384,0.68685,-0.130554,-0.562353
01324188,1523964178219,-9.80401,0.563854,-3.1571,-0.683448,-2.3456,-0.17706,0.829949,-0.361209,0.124229
01324185,1523964178219,-11.0483,-0.949674,-0.65478,0.0738911,-0.0392152,-0.271537,0.872273,0.270468,-0.260704
01324181,1523964178219,-10.0706,0.197104,3.27784,0.141033,0.331418,-0.274163,0.837731,0.34134,-0.191066
01324180,1523964178219,-10.3252,-3.7225,0.804497,0.085805,-0.0565852,-0.311727,0.758848,0.339602,-0.381161
01324189,1523964178235,-8.46701,-1.04091,2.71801,0.20693,-0.222009,-0.149515,0.684687,-0.130793,-0.563937
01324188,1523964178235,-9.59457,-0.378287,-3.35956,-0.403191,-2.52877,-0.18771,0.831187,-0.359608,0.0898036
01324185,1523964178235,-10.7714,-1.06704,-0.733366,-0.0321547,-0.0825127,-0.303518,0.869955,0.27734,-0.262855
01324181,1523964178235,-9.8799,0.180108,3.08618,0.187428,0.363025,-0.287014,0.837247,0.34584,-0.188628
01324180,1523964178235,-10.1018,-3.78756,0.813571,0.189521,-0.0264489,-0.310926,0.75545,0.342408,-0.379161
01324189,1523964178252,-8.20831,-1.0434,2.83301,0.124544,-0.0744077,-0.0658334,0.682918,-0.132163,-0.565975
01324188,1523964178252,-9.45187,-1.10116,-4.20124,0.113168,-2.59501,-0.161839,0.832284,-0.357044,0.0535531
01324185,1523964178252,-10.5259,-1.22028,-0.761712,-0.0994749,-0.10133,-0.315281,0.868045,0.282797,-0.265256
01324181,1523964178252,-9.70025,0.143509,2.97211,0.239107,0.389454,-0.293887,0.836625,0.349375,-0.184573
01324180,1523964178252,-9.91774,-3.79475,0.783909,0.280568,-0.0242596,-0.316532,0.753307,0.3426,-0.380613
01324189,1523964178269,-8.04043,-1.216,2.97611,0.0693518,0.0522282,-0.0209717,0.682354,-0.132425,-0.563828
01324188,1523964178269,-9.74678,-1.09935,-4.30484,0.5966,-2.63444,-0.114756,0.832303,-0.355999,0.0189736
01324185,1523964178269,-10.2466,-1.38335,-0.776844,-0.103537,-0.127614,-0.308363,0.865054,0.287296,-0.266074
01324181,1523964178269,-9.54729,0.101769,2.82416,0.262358,0.421073,-0.304927,0.834235,0.35436,-0.180795
01324180,1523964178269,-9.69388,-3.70504,0.767253,0.328194,-0.0360007,-0.334804,0.749954,0.344284,-0.385129
01324189,1523964178285,-7.79665,-1.49371,2.96204,0.0992594,0.148581,0.0144432,0.682214,-0.13529,-0.561707
01324188,1523964178285,-9.72346,-1.38915,-4.94736,1.05213,-2.62656,-0.0124085,0.829749,-0.35639,-0.0151245
01324185,1523964178285,-9.97206,-1.52471,-0.782292,-0.0936416,-0.124993,-0.304196,0.863015,0.291667,-0.26624
01324181,1523964178285,-9.36963,0.0505697,2.73451,0.298047,0.450957,-0.315164,0.833494,0.356471,-0.176442
01324180,1523964178285,-9.43976,-3.70668,0.747973,0.342248,-0.0439615,-0.329553,0.747112,0.34784,-0.388803
01324189,1523964178302,-7.65989,-1.74294,2.93017,0.271501,0.329793,0.0501969,0.684226,-0.136476,-0.557723
01324188,1523964178302,-9.29217,-1.16956,-5.54956,1.39126,-2.50549,0.0461784,0.827863,-0.355958,-0.0421695
01324185,1523964178302,-9.70224,-1.62032,-0.81227,-0.0579578,-0.0996464,-0.2934,0.860431,0.296023,-0.267189
01324181,1523964178302,-9.22917,-0.0254127,2.74411,0.33015,0.450735,-0.328224,0.83558,0.358548,-0.171853
01324180,1523964178302,-9.20065,-3.66736,0.719104,0.363595,-0.0657361,-0.333131,0.744677,0.350217,-0.390613
01324189,1523964178319,-7.83135,-2.19869,3.60348,0.474828,0.435703,0.0453983,0.68623,-0.138662,-0.552274
01324188,1523964178319,-9.40751,-1.0024,-5.94967,1.40938,-2.29733,0.122913,0.821778,-0.357821,-0.0653963
01324185,1523964178319,-9.44207,-1.76876,-0.761222,0.0158795,-0.0985907,-0.295244,0.85717,0.298825,-0.268252
01324181,1523964178319,-9.31415,-0.181653,2.70068,0.337499,0.468668,-0.363391,0.833197,0.362266,-0.167118
01324180,1523964178319,-8.98535,-3.65233,0.677785,0.353242,-0.0789768,-0.330696,0.74017,0.349041,-0.399092
01324189,1523964178335,-8.32988,-2.93172,4.31758,0.722248,0.47033,-0.0532283,0.690969,-0.146379,-0.544623
01324188,1523964178335,-9.23919,-0.71185,-7.60455,1.47457,-1.89233,0.159706,0.813948,-0.36381,-0.0840065
01324185,1523964178335,-9.3073,-1.91401,-0.704838,0.107361,-0.0822584,-0.336299,0.85499,0.302728,-0.270767
01324181,1523964178335,-9.29371,-0.312384,2.65501,0.354495,0.44448,-0.380883,0.830526,0.368117,-0.163222
01324180,1523964178335,-8.91221,-3.68994,0.663791,0.381057,-0.0837412,-0.306843,0.73844,0.349091,-0.402311
01324189,1523964178352,-8.32472,-3.42046,3.79058,0.839991,0.470545,-0.207427,0.694354,-0.153635,-0.538025
01324188,1523964178352,-8.13705,-0.0644623,-6.96923,1.02554,-1.52305,0.120113,0.809077,-0.365372,-0.0986021
01324185,1523964178352,-9.25411,-1.91428,-0.634321,0.23955,-0.0680183,-0.370566,0.852537,0.307759,-0.273293
01324181,1523964178352,-8.89214,-0.307446,2.42565,0.34123,0.359143,-0.398923,0.829376,0.371914,-0.16063
01324180,1523964178352,-8.81172,-3.8002,0.700419,0.42329,-0.125518,-0.271752,0.734163,0.349483,-0.406704
01324189,1523964178369,-7.82361,-2.49416,3.00388,0.753298,0.642044,-0.257909,0.700141,-0.157484,-0.528482
01324188,1523964178369,-7.48982,-0.241658,-6.79458,0.556162,-1.17352,0.0270265,0.808846,-0.370325,-0.111042
01324185,1523964178369,-9.14291,-1.87879,-0.561802,0.324411,-0.033495,-0.360701,0.849266,0.310486,-0.278279
01324181,1523964178369,-8.58394,-0.376556,2.3903,0.357369,0.392459,-0.412546,0.827518,0.377742,-0.157274
01324180,1523964178369,-8.60597,-3.83474,0.772328,0.486297,-0.137086,-0.253907,0.7311,0.347948,-0.407907
01324189,1523964178385,-7.84081,-1.10009,3.43098,0.542877,0.722089,-0.172592,0.70742,-0.161368,-0.518152
01324188,1523964178385,-7.28265,-0.409849,-6.2941,0.175645,-0.792592,-0.0935,0.805314,-0.369101,-0.123323
01324185,1523964178385,-8.94009,-1.88716,-0.434522,0.438924,0.0024482,-0.356851,0.846414,0.312446,-0.279073
01324181,1523964178385,-8.41525,-0.558993,2.44801,0.409099,0.415127,-0.432358,0.825966,0.381538,-0.154944
01324180,1523964178385,-8.433,-3.77319,0.851695,0.516313,-0.15097,-0.257355,0.727652,0.346147,-0.41195
01324189,1523964178402,-7.99595,-0.333841,3.59092,0.290854,0.695513,-0.103177,0.712502,-0.161168,-0.508568
01324188,1523964178402,-7.26024,-0.915443,-6.41483,0.122115,-0.379596,-0.179585,0.803395,-0.365477,-0.13143
01324185,1523964178402,-8.7757,-1.88079,-0.252366,0.532846,0.0140343,-0.340907,0.846132,0.314784,-0.282234
01324181,1523964178402,-8.38207,-0.71387,2.44636,0.446608,0.42181,-0.455681,0.823318,0.386364,-0.152091
01324180,1523964178402,-8.25066,-3.68488,0.921633,0.560218,-0.156913,-0.260654,0.725935,0.34739,-0.420557
01324189,1523964178419,-8.28219,0.125339,3.59634,0.243062,0.735889,-0.0269567,0.715272,-0.161769,-0.498831
01324188,1523964178419,-7.41487,-0.872814,-6.22149,0.211549,-0.000163415,-0.312901,0.80419,-0.36224,-0.132315
01324185,1523964178419,-8.69819,-1.821,-0.16895,0.566157,0.022303,-0.363128,0.841513,0.316151,-0.284586
01324181,1523964178419,-8.39212,-0.762421,2.33613,0.50179,0.436022,-0.455728,0.822397,0.391775,-0.14754
01324180,1523964178419,-8.09175,-3.65482,0.995857,0.595432,-0.150162,-0.286787,0.72196,0.34502,-0.425144
01324189,1523964178435,-8.91524,0.0700147,3.68122,0.227423,0.69667,0.0869089,0.721463,-0.165627,-0.488756
01324188,1523964178435,-7.77536,-0.275507,-6.28185,0.185964,0.393683,-0.393788,0.80525,-0.358426,-0.126967
01324185,1523964178435,-8.66412,-1.7297,-0.147084,0.560895,0.00435369,-0.402137,0.83933,0.318047,-0.288783
01324181,1523964178435,-8.27318,-0.726979,2.25169,0.516107,0.448203,-0.466046,0.819355,0.397001,-0.146287
01324180,1523964178435,-8.01439,-3.66894,1.04729,0.635541,-0.126941,-0.302216,0.71877,0.344673,-0.430515
01324189,1523964178452,-8.97891,-0.546006,3.02838,0.0994473,0.670365,0.127408,0.725913,-0.168304,-0.482402
01324188,1523964178452,-8.87561,0.603854,-2.81093,-0.269092,0.697025,-0.420366,0.808588,-0.350174,-0.117595
01324185,1523964178452,-8.64932,-1.59979,-0.168464,0.555111,-0.0240704,-0.43257,0.835926,0.321642,-0.2926
01324181,1523964178452,-8.33165,-0.688826,2.21919,0.548165,0.477406,-0.467609,0.816016,0.40396,-0.144536
01324180,1523964178452,-7.99549,-3.64486,1.07419,0.676222,-0.124209,-0.344137,0.713181,0.341887,-0.433464
01324189,1523964178469,-9.31795,-1.25697,1.54947,-0.0804859,0.777369,0.0920091,0.73087,-0.170403,-0.472567
01324188,1523964178469,-11.3072,0.329285,0.522004,-0.322973,0.525949,-0.261056,0.810052,-0.346114,-0.111428
01324185,1523964178469,-8.56735,-1.533,-0.289127,0.556092,-0.0629739,-0.44935,0.833332,0.326346,-0.297476
01324181,1523964178469,-8.52991,-0.516578,2.32571,0.58012,0.462526,-0.464362,0.813753,0.409241,-0.140234
01324180,1523964178469,-8.01545,-3.60169,1.07907,0.711286,-0.104166,-0.375409,0.709735,0.340825,-0.439792
01324189,1523964178485,-10.7897,-1.83737,1.86726,-0.220969,0.751611,0.0954344,0.735429,-0.171061,-0.464725
01324188,1523964178485,-10.6818,-2.53497,1.20011,0.282138,0.456252,-0.399998,0.818045,-0.342827,-0.106739
01324185,1523964178485,-8.47111,-1.52409,-0.424363,0.599669,-0.0689347,-0.478296,0.828977,0.329937,-0.301551
01324181,1523964178485,-9.13725,-0.244913,2.51465,0.547923,0.406203,-0.454282,0.811388,0.414171,-0.138982
01324180,1523964178485,-7.99187,-3.52819,1.00236,0.743134,-0.0862294,-0.432213,0.706913,0.342491,-0.442963
01324189,1523964178502,-10.8471,-3.37515,2.91356,0.00594318,0.575055,0.0894617,0.738054,-0.169214,-0.455635
01324188,1523964178502,-10.181,-1.88349,-0.523202,0.902664,0.523395,-0.361306,0.818684,-0.337824,-0.0955145
01324185,1523964178502,-8.54835,-1.55009,-0.415936,0.790218,-0.088466,-0.485168,0.825981,0.332125,-0.305225
01324181,1523964178502,-9.40741,-0.0371806,2.69006,0.515664,0.280896,-0.44143,0.810808,0.417471,-0.139045
01324180,1523964178502,-8.22492,-3.41842,0.862926,0.747191,-0.0922192,-0.478745,0.702103,0.342898,-0.448295
01324189,1523964178519,-9.62573,-4.72121,2.69963,0.282994,0.366252,-0.0400431,0.741016,-0.172289,-0.450204
01324188,1523964178519,-9.91234,-1.16069,-0.933757,0.702173,0.635456,-0.25522,0.82301,-0.335519,-0.0841009
01324185,1523964178519,-8.81367,-1.56046,-0.399619,1.08688,-0.110874,-0.4989,0.822435,0.334253,-0.312036
01324181,1523964178519,-9.10849,0.213886,2.60747,0.383669,0.139927,-0.400965,0.807533,0.420112,-0.138268
01324180,1523964178519,-8.59267,-3.35084,0.683274,0.761911,-0.109525,-0.526147,0.697323,0.340838,-0.453676
01324189,1523964178535,-8.88616,-4.03644,1.88198,0.615111,0.174176,-0.159563,0.744784,-0.175953,-0.44318
01324188,1523964178535,-9.71934,-1.24155,-0.50134,0.74344,0.58618,-0.243063,0.821087,-0.33373,-0.0718323
01324185,1523964178535,-9.07138,-1.47212,-0.336114,1.37378,-0.124195,-0.493974,0.816711,0.334334,-0.322613
01324181,1523964178535,-8.74401,0.368523,2.72035,0.301602,0.0961262,-0.370163,0.804102,0.42489,-0.138066
01324180,1523964178535,-8.88772,-3.31192,0.554929,0.79742,-0.118213,-0.563711,0.692137,0.339371,-0.459986
01324189,1523964178552,-9.01485,-2.12766,2.19515,0.937678,0.0551707,-0.2009,0.743542,-0.179213,-0.439443
01324188,1523964178552,-9.67852,-0.648178,-0.555174,0.862766,0.577799,-0.275982,0.822968,-0.331701,-0.059866
01324185,1523964178552,-9.29482,-1.1914,-0.300319,1.59281,-0.126497,-0.511166,0.811258,0.333843,-0.333577
01324181,1523964178552,-8.8966,0.478092,2.99741,0.271037,0.112959,-0.321623,0.800943,0.430493,-0.139214
01324180,1523964178552,-9.03436,-3.16783,0.462448,0.802112,-0.168954,-0.608804,0.687487,0.338481,-0.46724
01324189,1523964178569,-9.15767,-1.13669,1.96599,0.971558,-0.00222045,-0.250421,0.742601,-0.183788,-0.437995
01324188,1523964178569,-9.62911,-0.415987,-1.38072,0.532941,0.574142,-0.25614,0.827556,-0.328098,-0.0482395
01324185,1523964178569,-9.42879,-0.800523,-0.303457,1.73046,-0.122606,-0.518124,0.808522,0.329972,-0.344257
01324181,1523964178569,-9.13992,0.441128,3.14388,0.279633,0.0908313,-0.278679,0.800375,0.432932,-0.139392
01324180,1523964178569,-9.10878,-3.00379,0.390115,0.818371,-0.173268,-0.650873,0.681349,0.337751,-0.47271
01324189,1523964178585,-9.6291,-0.564864,1.60936,0.684791,-0.0371403,-0.237023,0.744219,-0.185545,-0.435216
01324188,1523964178585,-9.82226,-0.34303,-1.36785,0.236238,0.580509,-0.290877,0.828617,-0.324904,-0.0390209
01324185,1523964178585,-9.58197,-0.433527,-0.227882,1.78984,-0.118179,-0.545406,0.803881,0.327478,-0.356644
01324181,1523964178585,-9.24447,0.26509,3.29148,0.240232,0.00823199,-0.249053,0.798339,0.435774,-0.141691
01324180,1523964178585,-9.2998,-2.81737,0.355438,0.785077,-0.148205,-0.68071,0.674928,0.338482,-0.478822
01324189,1523964178602,-9.97248,-0.243971,1.62261,0.464788,-0.127931,-0.193107,0.742583,-0.187367,-0.433873
01324188,1523964178602,-10.2757,-0.0561992,-1.46077,0.0180346,0.586627,-0.315389,0.830072,-0.319592,-0.0315618
01324185,1523964178602,-9.77364,-0.090292,-0.0679179,1.74418,-0.139673,-0.621724,0.798294,0.325439,-0.367463
01324181,1523964178602,-9.42478,0.0517048,3.51177,0.230994,-0.0137827,-0.198288,0.797257,0.437051,-0.142903
01324180,1523964178602,-9.47597,-2.67228,0.364182,0.736412,-0.138709,-0.724833,0.669575,0.339334,-0.483866
01324189,1523964178619,-10.193,-0.524107,2.1632,0.238323,-0.192686,-0.129723,0.740948,-0.186319,-0.434515
01324188,1523964178619,-9.94653,0.0492077,-1.53649,-0.15478,0.616199,-0.325934,0.831264,-0.315616,-0.0235091
01324185,1523964178619,-10.0235,0.224317,-0.0119301,1.59212,-0.156412,-0.67753,0.79189,0.323095,-0.379453
01324181,1523964178619,-9.64277,-0.0698925,3.68175,0.211234,-0.00613665,-0.168782,0.794828,0.437509,-0.143153
01324180,1523964178619,-9.63198,-2.57985,0.353499,0.702909,-0.0870539,-0.770341,0.662986,0.342382,-0.488577
01324189,1523964178635,-9.71974,-1.04299,2.16699,0.0856816,-0.298247,-0.133676,0.739613,-0.187446,-0.436651
01324188,1523964178635,-9.81837,-0.603652,-1.33904,-0.416416,0.605202,-0.345508,0.831497,-0.310088,-0.0170995
01324185,1523964178635,-10.3265,0.510367,0.0466265,1.37817,-0.20395,-0.700741,0.786303,0.322189,-0.390021
01324181,1523964178635,-9.76572,-0.221569,3.44237,0.145348,-0.0298221,-0.153217,0.793077,0.439897,-0.146377
01324180,1523964178635,-9.94857,-2.42678,0.36575,0.680518,-0.0576076,-0.842257,0.657085,0.344702,-0.494936
01324189,1523964178652,-9.48263,-1.26119,1.71746,-0.124688,-0.411866,-0.151987,0.736119,-0.186229,-0.442225
01324188,1523964178652,-9.85075,-1.55297,-1.42162,-0.409318,0.576674,-0.33247,0.835147,-0.307784,-0.0116089
01324185,1523964178652,-10.5335,0.608029,0.11757,1.12407,-0.23831,-0.678085,0.782748,0.32581,-0.399855
01324181,1523964178652,-9.76194,-0.214373,3.59682,0.0882759,-0.0694087,-0.138725,0.79224,0.442754,-0.147226
01324180,1523964178652,-10.1543,-2.22364,0.331021,0.601609,-0.00409324,-0.900308,0.651323,0.347322,-0.503185
01324189,1523964178669,-9.47313,-1.43191,0.959914,-0.35042,-0.435491,-0.130499,0.733976,-0.182459,-0.44833
01324188,1523964178669,-9.69895,-1.76894,-2.34739,-0.25414,0.524714,-0.314236,0.835517,-0.30253,-0.00562264
01324185,1523964178669,-10.6105,0.574951,0.281347,0.897781,-0.235631,-0.624257,0.77757,0.326775,-0.40848
01324181,1523964178669,-9.71083,-0.0754779,3.59448,0.0116605,-0.0567329,-0.116852,0.791141,0.445179,-0.148329
01324180,1523964178669,-10.3065,-2.03652,0.272557,0.473974,0.040804,-0.974569,0.644587,0.350356,-0.505189
01324189,1523964178685,-9.6405,-1.57996,0.71138,-0.527372,-0.37663,-0.0956336,0.729634,-0.177186,-0.453326
01324188,1523964178685,-9.66692,-1.64457,-2.91432,-0.351661,0.43398,-0.280488,0.836851,-0.299144,-0.000574367
01324185,1523964178685,-10.6537,0.517577,0.434226,0.698339,-0.213523,-0.539974,0.773211,0.330042,-0.414776
01324181,1523964178685,-9.93944,0.17167,3.64141,-0.0526346,0.00336971,-0.068692,0.791117,0.447043,-0.148234
01324180,1523964178685,-10.405,-1.89232,0.22405,0.326752,0.0903867,-1.02433,0.639379,0.359744,-0.506006
01324189,1523964178702,-10.2862,-2.07947,0.398643,-0.65357,-0.297441,-0.0383293,0.728471,-0.171733,-0.463178
01324188,1523964178702,-9.86888,-1.37484,-3.45668,-0.48921,0.299661,-0.244878,0.84061,-0.29208,-0.000179157
01324185,1523964178702,-10.7067,0.479484,0.543646,0.536148,-0.191895,-0.468483,0.767767,0.331898,-0.421054
01324181,1523964178702,-10.1735,0.256232,3.65278,-0.0867508,-0.00541678,-0.0177576,0.791149,0.444466,-0.148181
01324180,1523964178702,-10.4732,-1.83452,0.160863,0.154942,0.137932,-1.06461,0.63282,0.368261,-0.502763
01324189,1523964178719,-10.5225,-2.62211,0.230537,-0.66356,-0.20748,-0.000277524,0.72509,-0.167064,-0.468591
01324188,1523964178719,-9.81645,-1.59612,-3.56337,-0.649326,0.174075,-0.212819,0.840326,-0.290052,0.000221049
01324185,1523964178719,-10.8517,0.381657,0.529023,0.346939,-0.177001,-0.391795,0.763817,0.335184,-0.426305
01324181,1523964178719,-10.4779,0.27416,4.02723,-0.0694574,-0.0323248,0.0509863,0.78979,0.445207,-0.147916
01324180,1523964178719,-10.6274,-1.8598,0.0963795,-0.0315768,0.214699,-1.07841,0.626518,0.378821,-0.502188
01324189,1523964178735,-10.4158,-2.9909,0.415472,-0.540148,-0.094814,0.00790875,0.723298,-0.161265,-0.469998
01324188,1523964178735,-9.88635,-2.19545,-3.33117,-0.646976,0.00569455,-0.168624,0.839638,-0.288523,-0.00102259
01324185,1523964178735,-11.0449,0.334649,0.467413,0.153369,-0.139553,-0.354357,0.759066,0.336154,-0.427344
01324181,1523964178735,-10.7093,0.121019,4.00937,-0.0981769,0.000439358,0.101429,0.789796,0.444497,-0.147635
01324180,1523964178735,-10.8588,-1.9005,0.0358913,-0.180191,0.241695,-1.05099,0.620699,0.390925,-0.494285
01324189,1523964178752,-10.523,-3.17139,0.628425,-0.395518,-0.0081741,0.0402419,0.724401,-0.159147,-0.472671
01324188,1523964178752,-9.85787,-2.33607,-3.23385,-0.363011,-0.122402,-0.116749,0.841525,-0.285766,-0.00451331
01324185,1523964178752,-11.3974,0.286192,0.371387,-0.0836555,-0.172048,-0.304482,0.757156,0.340197,-0.429862
01324181,1523964178752,-10.8255,0.0954861,3.88353,-0.158156,-0.0976663,0.155963,0.791153,0.443762,-0.147634
01324180,1523964178752,-11.0314,-1.99851,-0.0195036,-0.318654,0.268048,-0.990125,0.617317,0.402277,-0.489139
01324189,1523964178769,-10.2114,-3.17652,0.730808,-0.256081,0.0732321,0.077814,0.72495,-0.158877,-0.473211
01324188,1523964178769,-10.0699,-2.13349,-3.12815,-0.155808,-0.244671,-0.0618415,0.842206,-0.285594,-0.00842041
01324185,1523964178769,-11.4297,0.0935698,0.146672,-0.307356,-0.190702,-0.272637,0.754161,0.34509,-0.432254
01324181,1523964178769,-10.5566,0.0405214,3.78488,-0.173414,-0.0812488,0.187121,0.793738,0.44228,-0.148295
01324180,1523964178769,-11.0686,-2.09746,-0.0639139,-0.402089,0.277256,-0.895657,0.61325,0.414212,-0.482347
01324189,1523964178785,-9.86827,-2.77189,0.853161,-0.117222,0.140777,0.0798611,0.725069,-0.158153,-0.471868
01324188,1523964178785,-10.079,-1.95542,-3.07193,-0.0585045,-0.370726,-0.00769544,0.842623,-0.286277,-0.0157479
01324185,1523964178785,-11.2303,-0.0330625,-0.0595268,-0.503107,-0.13044,-0.16484,0.751449,0.349216,-0.430453
01324181,1523964178785,-10.5889,0.00125277,3.86753,-0.21979,-0.0117664,0.217191,0.794975,0.439426,-0.147052
01324180,1523964178785,-10.9129,-2.13603,-0.125445,-0.47786,0.293285,-0.790571,0.611872,0.429051,-0.483652
01324189,1523964178802,-9.94597,-2.68965,0.876436,-0.0826956,0.210348,0.0754191,0.726552,-0.158185,-0.470278
01324188,1523964178802,-9.88971,-1.75428,-2.96934,-0.111334,-0.453165,0.0353106,0.841819,-0.287293,-0.0217329
01324185,1523964178802,-10.9708,-0.347715,-0.0965178,-0.611103,-0.0112111,-0.0634814,0.752266,0.356062,-0.426598
01324181,1523964178802,-10.5368,0.00193269,3.79057,-0.260886,0.041112,0.259138,0.796062,0.436886,-0.144616
01324180,1523964178802,-10.7326,-2.23043,-0.129037,-0.546588,0.259841,-0.622508,0.606322,0.440416,-0.47428
01324189,1523964178819,-9.93261,-2.74373,0.771441,-0.0960255,0.283825,0.0672379,0.728268,-0.15648,-0.465732
01324188,1523964178819,-9.72081,-1.82875,-2.75099,-0.192927,-0.552393,0.0655491,0.840719,-0.284473,-0.0285523
01324185,1523964178819,-10.7691,-0.714866,-0.0140277,-0.704938,0.0647133,0.0398531,0.751459,0.359094,-0.422962
01324181,1523964178819,-10.297,-0.0242653,3.69359,-0.291243,0.0405834,0.283306,0.798248,0.432895,-0.142428
01324180,1523964178819,-10.38,-2.18771,-0.12536,-0.631471,0.23263,-0.506378,0.605366,0.448938,-0.464357
01324189,1523964178835,-9.61956,-2.75313,0.640121,-0.0884917,0.354422,0.0599621,0.731515,-0.156842,-0.463228
01324188,1523964178835,-9.83286,-2.06022,-2.69266,-0.269245,-0.65932,0.111635,0.84048,-0.288547,-0.0379712
01324185,1523964178835,-10.4896,-0.913944,0.0876714,-0.696822,0.113248,0.14323,0.753911,0.362589,-0.417248
01324181,1523964178835,-10.0062,0.0448137,3.52991,-0.319786,0.0603536,0.305895,0.799998,0.43065,-0.139207
01324180,1523964178835,-9.9742,-2.14929,-0.111519,-0.708143,0.222404,-0.361957,0.603338,0.458218,-0.456566
01324189,1523964178852,-9.60692,-2.59851,0.577012,-0.0747387,0.41987,0.0634346,0.734202,-0.157468,-0.458979
01324188,1523964178852,-10.0461,-2.18929,-2.74277,-0.226922,-0.788733,0.161809,0.839944,-0.288468,-0.0487438
01324185,1523964178852,-10.282,-0.867033,0.141385,-0.696014,0.123063,0.242622,0.755009,0.365525,-0.411263
01324181,1523964178852,-9.90528,0.0532793,3.53764,-0.332243,0.0940414,0.312234,0.802408,0.428843,-0.135205
01324180,1523964178852,-9.54737,-2.25114,-0.0499058,-0.758515,0.20872,-0.216555,0.604437,0.464838,-0.450363
01324189,1523964178869,-9.72232,-2.31209,0.0926209,-0.0750316,0.523423,0.0721367,0.74001,-0.159892,-0.45237
01324188,1523964178869,-10.0311,-2.07034,-2.8667,-0.137526,-0.941881,0.201451,0.837271,-0.293848,-0.0636061
01324185,1523964178869,-9.97827,-0.893066,0.0704176,-0.747292,0.165064,0.336744,0.759906,0.365064,-0.405781
01324181,1523964178869,-9.82797,0.0858721,3.36846,-0.321633,0.0960975,0.328569,0.805694,0.423535,-0.133532
01324180,1523964178869,-9.34317,-2.34593,0.00957244,-0.740583,0.16746,-0.0374547,0.605256,0.473218,-0.446149
01324189,1523964178885,-9.8856,-1.99639,-0.339862,-0.116319,0.644758,0.133985,0.744166,-0.159394,-0.445853
01324188,1523964178885,-9.90909,-1.75955,-2.89454,-0.121503,-1.09198,0.212312,0.837021,-0.295683,-0.0771984
01324185,1523964178885,-9.89138,-0.826253,0.00292461,-0.810673,0.183908,0.396204,0.765351,0.365912,-0.398221
01324181,1523964178885,-9.88345,0.0682689,3.32497,-0.265622,0.0466149,0.326252,0.808304,0.418936,-0.132666
01324180,1523964178885,-9.24024,-2.46604,0.067923,-0.689768,0.147216,0.14905,0.607186,0.4775,-0.439599
01324189,1523964178902,-9.83741,-1.65593,-0.20834,-0.15496,0.735003,0.185205,0.749004,-0.159775,-0.438815
01324188,1523964178902,-9.77744,-1.39141,-2.15767,-0.253577,-1.22325,0.222356,0.835817,-0.296749,-0.0943703
01324185,1523964178902,-9.882,-0.860105,-0.0893311,-0.935801,0.190952,0.450725,0.769575,0.366912,-0.390135
01324181,1523964178902,-9.58331,0.110826,3.09424,-0.229145,-0.056167,0.316542,0.810601,0.416526,-0.130112
01324180,1523964178902,-9.16717,-2.52373,0.126325,-0.63482,0.109294,0.300314,0.610416,0.483768,-0.429377
01324189,1523964178919,-9.65646,-1.57862,0.278359,-0.216342,0.763314,0.206241,0.755478,-0.161062,-0.431402
01324188,1523964178919,-9.74649,-0.782752,-1.28022,-0.33343,-1.32553,0.213579,0.830958,-0.299676,-0.114039
01324185,1523964178919,-9.83899,-0.932699,-0.192334,-1.07417,0.162685,0.484219,0.773801,0.367635,-0.381784
01324181,1523964178919,-9.18091,0.101161,2.93278,-0.204206,-0.0757106,0.314467,0.812821,0.411344,-0.129894
01324180,1523964178919,-9.05068,-2.58615,0.223795,-0.548194,0.0989128,0.481851,0.614422,0.483376,-0.424304
01324189,1523964178935,-9.30929,-1.84016,0.720365,-0.220239,0.718467,0.218693,0.76126,-0.162181,-0.422908
01324188,1523964178935,-9.87393,-1.18035,-0.204678,-0.280745,-1.34283,0.215497,0.828815,-0.302225,-0.133449
01324185,1523964178935,-9.64156,-1.03508,-0.223997,-1.17301,0.0939203,0.557016,0.777486,0.36653,-0.373152
01324181,1523964178935,-8.81588,0.0958073,2.89175,-0.164969,-0.097273,0.296826,0.814205,0.408739,-0.130253
01324180,1523964178935,-8.83803,-2.60898,0.336922,-0.493277,0.0734788,0.620872,0.621684,0.480319,-0.420008
01324189,1523964178952,-9.3647,-2.07671,1.4752,-0.110237,0.629322,0.162391,0.766216,-0.164278,-0.412939
01324188,1523964178952,-10.2208,-1.44511,0.60664,-0.00137689,-1.3527,0.220784,0.820963,-0.304508,-0.15331
01324185,1523964178952,-9.24638,-1.19161,-0.19563,-1.20451,0.0316808,0.640709,0.784016,0.368093,-0.36508
01324181,1523964178952,-8.64508,0.156185,2.73229,-0.177193,-0.0855593,0.264161,0.816938,0.405832,-0.130487
01324180,1523964178952,-8.5259,-2.62994,0.383358,-0.473734,0.0255333,0.740148,0.628164,0.47583,-0.416947
01324189,1523964178969,-9.55138,-2.33619,1.85225,0.125819,0.483605,0.104861,0.770812,-0.167683,-0.407261
01324188,1523964178969,-10.078,-1.38276,0.580894,0.28304,-1.32175,0.25672,0.817881,-0.309495,-0.170165
01324185,1523964178969,-8.86557,-1.3528,-0.103514,-1.12749,-0.0141174,0.712274,0.787972,0.365704,-0.357221
01324181,1523964178969,-8.91537,0.242753,2.73373,-0.182446,-0.105343,0.24424,0.818591,0.402808,-0.130175
01324180,1523964178969,-8.2575,-2.62697,0.400497,-0.469301,-0.00127502,0.852458,0.63599,0.470734,-0.413242
01324189,1523964178985,-9.70317,-2.60784,1.28676,0.449313,0.310928,0.0334387,0.774052,-0.168471,-0.403689
01324188,1523964178985,-9.72819,-0.965926,0.0906583,0.412869,-1.29887,0.272066,0.815201,-0.313749,-0.184147
01324185,1523964178985,-8.60066,-1.52296,-0.0645769,-0.984435,-0.0625086,0.765099,0.794501,0.361144,-0.352098
01324181,1523964178985,-9.3238,0.332428,2.87189,-0.198584,-0.252221,0.236216,0.82121,0.398743,-0.131049
01324180,1523964178985,-8.17459,-2.66925,0.381739,-0.476861,-0.0338831,0.947101,0.642372,0.465997,-0.416813
01324189,1523964179002,-9.64692,-2.28815,0.627035,0.60952,0.146816,-0.0172725,0.776214,-0.172538,-0.399462
01324188,1523964179002,-9.68818,-0.625631,-0.324269,0.253339,-1.33736,0.30153,0.810898,-0.318836,-0.201532
01324185,1523964179002,-8.63962,-1.64792,-0.0713293,-0.787017,-0.0835086,0.793942,0.79845,0.356289,-0.347748
01324181,1523964179002,-10.0221,0.41132,3.10258,-0.232663,-0.483793,0.237071,0.820222,0.395771,-0.136562
01324180,1523964179002,-8.26507,-2.74666,0.295839,-0.466813,-0.069759,1.03483,0.651558,0.459571,-0.413425
01324189,1523964179019,-9.83322,-1.85784,-0.00685585,0.549936,0.0368608,-0.0510069,0.776759,-0.175136,-0.397882
01324188,1523964179019,-10.5495,-0.779139,0.0159513,-0.048215,-1.35124,0.324852,0.804416,-0.323305,-0.218851
01324185,1523964179019,-9.07179,-1.75845,-0.129335,-0.589946,-0.0962268,0.774343,0.80308,0.349607,-0.34299
01324181,1523964179019,-10.4984,0.318278,3.18584,-0.277303,-0.742274,0.221313,0.820854,0.393606,-0.143439
01324180,1523964179019,-8.75552,-2.92475,0.154727,-0.467886,-0.0950788,1.16482,0.659158,0.451144,-0.410324
01324189,1523964179035,-10.5706,-1.03488,0.283717,0.571007,-0.0218165,-0.0346993,0.779759,-0.177226,-0.396862
01324188,1523964179035,-11.6656,-0.491607,0.869171,-0.251921,-1.41447,0.334966,0.795744,-0.324885,-0.237849
01324185,1523964179035,-9.84669,-1.88138,-0.286582,-0.341043,-0.0918792,0.752954,0.808109,0.339301,-0.3433
01324181,1523964179035,-9.99378,0.171571,2.97936,-0.308452,-0.947935,0.202279,0.819626,0.392238,-0.154303
01324180,1523964179035,-9.54472,-3.22059,0.0873916,-0.420023,-0.131207,1.31795,0.670518,0.441177,-0.403793
01324189,1523964179052,-11.0504,-0.12964,1.69062,0.511404,-0.0276091,0.0568446,0.78024,-0.18275,-0.396031
01324188,1523964179052,-11.7262,0.245676,2.02294,-0.360062,-1.43839,0.257801,0.787637,-0.329573,-0.259205
01324185,1523964179052,-10.4738,-1.87508,-0.301047,-0.112569,-0.0534936,0.767903,0.813407,0.331121,-0.343108
01324181,1523964179052,-9.48411,0.0925537,3.13869,-0.359068,-1.09736,0.163105,0.819227,0.391647,-0.168384
01324180,1523964179052,-10.1737,-3.59274,0.110626,-0.329933,-0.181258,1.47119,0.680336,0.427936,-0.403392
01324189,1523964179069,-11.1432,0.294884,3.33359,0.205686,-0.113808,0.161742,0.783524,-0.185859,-0.395558
01324188,1523964179069,-10.7351,1.6232,2.78245,-0.11952,-1.36077,0.210831,0.783041,-0.331227,-0.278123
01324185,1523964179069,-10.6421,-1.80886,-0.129529,0.119573,-0.00300829,0.847301,0.817214,0.322518,-0.342907
01324181,1523964179069,-8.88797,0.113926,3.42465,-0.303742,-1.08562,0.128405,0.81665,0.391276,-0.180318
01324180,1523964179069,-10.4868,-3.75265,0.275873,-0.211416,-0.217942,1.57193,0.691105,0.413071,-0.401414
01324189,1523964179085,-10.2437,0.641564,4.71069,-0.287703,-0.243388,0.144181,0.782473,-0.18585,-0.399563
01324188,1523964179085,-9.5034,3.261,2.38977,-0.05004,-1.24712,0.228623,0.777493,-0.333005,-0.294072
01324185,1523964179085,-10.3225,-1.5746,0.189218,0.285671,0.0468042,0.966635,0.824279,0.307967,-0.343837
01324181,1523964179085,-8.49077,0.0628256,3.42093,-0.261831,-1.00433,0.125435,0.815427,0.390732,-0.192796
01324180,1523964179085,-10.1694,-3.6686,0.443781,-0.113353,-0.260905,1.63023,0.700311,0.396378,-0.404454
01324189,1523964179102,-9.54096,0.783158,6.30204,-0.557745,-0.432115,0.170167,0.78335,-0.186334,-0.40547
01324188,1523964179102,-8.92044,4.69636,2.32648,-0.30162,-0.985703,0.268756,0.771127,-0.334567,-0.30811
01324185,1523964179102,-9.7855,-1.22136,0.458615,0.399218,0.0571896,1.05221,0.830802,0.293132,-0.344893
01324181,1523964179102,-8.1929,-0.127725,3.40234,-0.253661,-0.909936,0.115833,0.813135,0.388514,-0.203897
01324180,1523964179102,-9.57703,-3.53582,0.646062,-0.0832531,-0.263957,1.60744,0.711122,0.379355,-0.405766
01324189,1523964179119,-9.60485,0.24644,8.01288,-0.439529,-0.691971,0.215514,0.771746,-0.184219,-0.418444
01324188,1523964179119,-8.3036,4.11568,2.28843,-0.427623,-0.614302,0.337575,0.764622,-0.335931,-0.320111
01324185,1523964179119,-9.27261,-0.723686,0.523743,0.387843,0.0455094,1.0981,0.835428,0.273343,-0.34681
01324181,1523964179119,-7.76851,-0.217344,3.42609,-0.219783,-0.829465,0.117189,0.81013,0.388062,-0.213298
01324180,1523964179119,-9.0788,-3.42858,0.876286,-0.09845,-0.250567,1.54317,0.71987,0.357465,-0.41242
01324189,1523964179135,-10.0956,-0.448459,8.94845,-0.249239,-1.05626,0.188517,0.763433,-0.186365,-0.430955
01324188,1523964179135,-7.66154,0.928574,-0.209779,-0.226828,-0.0524945,0.36836,0.761673,-0.341844,-0.323545
01324185,1523964179135,-8.90989,-0.355215,0.46075,0.255338,0.025619,1.08808,0.842494,0.256808,-0.348244
01324181,1523964179135,-7.49743,-0.262774,3.56394,-0.19299,-0.741164,0.110051,0.806598,0.388427,-0.224972
01324180,1523964179135,-8.61613,-3.35743,1.05521,-0.119996,-0.221371,1.47722,0.727714,0.34195,-0.414335
01324189,1523964179152,-10.4379,-1.86338,9.44681,-0.179907,-1.40896,0.207266,0.761954,-0.186835,-0.446745
01324188,1523964179152,-7.38394,-2.75927,-2.62841,0.496527,0.67448,0.294748,0.758293,-0.345013,-0.320061
01324185,1523964179152,-8.77459,-0.168401,0.302601,0.0191469,-0.0346128,0.998548,0.848063,0.24464,-0.349977
01324181,1523964179152,-7.8867,-0.427748,3.86407,-0.151213,-0.664825,0.117597,0.806791,0.388847,-0.231766
01324180,1523964179152,-8.4929,-3.38115,1.15296,-0.153783,-0.179493,1.39111,0.737377,0.330158,-0.413091
01324189,1523964179169,-9.41601,-3.50279,8.707,-0.0364421,-1.61291,0.0995503,0.750708,-0.188362,-0.466315
01324188,1523964179169,-7.66784,-3.87146,-4.474,1.65531,1.36537,0.437721,0.763651,-0.357017,-0.296346
01324185,1523964179169,-8.94842,-0.0904583,0.100572,-0.240261,-0.123339,0.859966,0.851596,0.233607,-0.351452
01324181,1523964179169,-8.21657,-0.54813,3.89807,-0.075523,-0.638359,0.105615,0.805522,0.388964,-0.240267
01324180,1523964179169,-8.92698,-3.46787,1.10957,-0.164844,-0.159041,1.33323,0.744424,0.313637,-0.414337
01324189,1523964179185,-8.41653,-4.22583,6.82082,0.0771842,-1.54043,0.0498331,0.738358,-0.18856,-0.485192
01324188,1523964179185,-8.04155,-1.01335,-6.13831,2.39733,1.90669,0.56544,0.769574,-0.373945,-0.261218
01324185,1523964179185,-9.40252,-0.169694,-0.116959,-0.471538,-0.228251,0.719821,0.854452,0.225138,-0.351641
01324181,1523964179185,-8.24637,-0.660088,3.90244,-0.0115388,-0.630973,0.117563,0.803476,0.386795,-0.248978
01324180,1523964179185,-9.41251,-3.6706,1.02154,-0.188268,-0.146003,1.29367,0.751178,0.299153,-0.415539
01324189,1523964179202,-7.10375,-4.11028,4.18708,0.00177441,-1.27804,-0.0347141,0.724375,-0.189577,-0.50379
01324188,1523964179202,-8.57034,3.11034,-7.67813,2.11872,2.30513,0.586306,0.782433,-0.393374,-0.212718
01324185,1523964179202,-9.90019,-0.33289,-0.292938,-0.690885,-0.276617,0.609929,0.857037,0.217807,-0.351318
01324181,1523964179202,-8.18806,-0.848692,3.97163,0.0812105,-0.546497,0.088703,0.801985,0.382081,-0.255912
01324180,1523964179202,-9.79168,-3.84735,0.876693,-0.213669,-0.191122,1.2695,0.757787,0.286573,-0.418999
01324189,1523964179219,-6.38365,-3.51143,2.32044,-0.264965,-0.966907,-0.183843,0.716025,-0.185243,-0.516516
01324188,1523964179219,-9.98072,5.67104,-6.23677,0.820827,2.50597,0.585515,0.787372,-0.405549,-0.172832
01324185,1523964179219,-10.258,-0.602789,-0.352487,-0.870577,-0.247246,0.560697,0.858938,0.215263,-0.351561
01324181,1523964179219,-8.39451,-0.812377,4.0469,0.166957,-0.437582,0.0402929,0.801271,0.380486,-0.263718
01324180,1523964179219,-10.0605,-3.97021,0.781552,-0.287966,-0.196622,1.18287,0.763856,0.273115,-0.419764
01324189,1523964179235,-6.30085,-2.52972,1.10692,-0.386627,-0.667237,-0.220393,0.709526,-0.17935,-0.524296
01324188,1523964179235,-10.8257,6.77847,-4.8444,-0.813541,2.57162,0.555406,0.788339,-0.411296,-0.144086
01324185,1523964179235,-10.5535,-1.06317,-0.281724,-0.96048,-0.151614,0.531342,0.85785,0.21481,-0.353123
01324181,1523964179235,-8.55171,-0.809304,3.94923,0.211814,-0.335823,-0.00805949,0.7997,0.381794,-0.270378
01324180,1523964179235,-10.2824,-3.43618,1.17385,-0.552395,-0.22268,1.0757,0.768145,0.262149,-0.419371
01324189,1523964179252,-6.40343,-0.973036,0.39168,-0.241432,-0.361246,-0.00725933,0.704686,-0.177819,-0.531996
01324188,1523964179252,-10.3332,5.3991,-2.64572,-2.13314,2.57682,0.604936,0.791889,-0.416612,-0.122356
01324185,1523964179252,-10.7215,-1.69764,-0.151541,-0.958648,-0.0726663,0.50707,0.86193,0.211624,-0.349967
01324181,1523964179252,-8.61387,-0.640216,3.95525,0.229902,-0.228586,-0.0451163,0.79907,0.381703,-0.274892
01324180,1523964179252,-10.1296,-2.66491,1.46236,-1.50176,-0.234398,0.828881,0.771133,0.258899,-0.418804
01324189,1523964179269,-7.19274,0.520407,1.23717,0.255307,-0.236197,0.303497,0.70499,-0.180427,-0.533628
01324188,1523964179269,-9.6922,3.53727,-1.88538,-2.42563,2.61245,0.684894,0.79435,-0.421176,-0.1038
01324185,1523964179269,-10.7229,-2.29943,-0.0191169,-0.894497,-0.015858,0.440312,0.863836,0.210258,-0.347605
01324181,1523964179269,-8.90425,-0.464141,3.98383,0.227554,-0.0824196,-0.0817136,0.798838,0.381344,-0.27834
01324180,1523964179269,-10.6295,-3.34883,1.66399,-2.99574,-0.281541,0.718824,0.774182,0.269826,-0.410244
01324189,1523964179285,-8.26917,0.874961,2.83397,0.656118,-0.258546,0.536104,0.702742,-0.190164,-0.534617
01324188,1523964179285,-9.7163,2.11245,-2.21644,-1.89776,2.65489,0.924416,0.792015,-0.426159,-0.0848225
01324185,1523964179285,-10.714,-2.7182,0.232298,-0.797984,0.010058,0.310775,0.864523,0.212028,-0.34357
01324181,1523964179285,-9.26077,-0.42951,3.94708,0.214469,0.0391623,-0.108114,0.797766,0.383012,-0.281289
01324180,1523964179285,-10.3949,-8.04902,1.69847,-2.71658,-0.40677,0.700917,0.775597,0.282521,-0.401218
01324189,1523964179302,-8.6386,0.246331,3.81169,0.816517,-0.361679,0.648871,0.698374,-0.205619,-0.538305
01324188,1523964179302,-10.3563,1.60543,-2.47639,-1.10797,2.63871,1.23933,0.78991,-0.43999,-0.0597854
01324185,1523964179302,-10.9161,-2.77441,0.576369,-0.67793,-0.00853766,0.159425,0.866024,0.211524,-0.34043
01324181,1523964179302,-8.89731,-0.577731,3.55135,0.242166,0.109926,-0.103358,0.797512,0.381868,-0.281396
01324180,1523964179302,-10.5447,-8.26858,1.74897,-1.39096,-0.547195,0.600161,0.775243,0.288315,-0.397986
01324189,1523964179319,-7.85665,-0.356878,3.66666,0.809409,-0.346374,0.620122,0.691352,-0.219639,-0.539051
01324188,1523964179319,-10.4733,1.34523,-2.44423,-0.447665,2.54952,1.41278,0.783884,-0.457314,-0.0303356
01324185,1523964179319,-10.705,-2.30864,0.557688,-0.638666,-0.0504143,0.0558393,0.869285,0.211565,-0.338218
01324181,1523964179319,-8.75118,-0.719155,3.56466,0.28504,0.23003,-0.113678,0.798159,0.383451,-0.280637
01324180,1523964179319,-10.0209,-7.1108,1.27707,-0.223649,-0.584632,0.590746,0.776753,0.286413,-0.400075
01324189,1523964179335,-7.41379,-0.281408,3.16847,0.813545,-0.0427908,0.601708,0.687612,-0.232783,-0.538577
01324188,1523964179335,-9.89834,1.22647,-2.31287,0.175546,2.40138,1.44559,0.776656,-0.47809,0.00160874
01324185,1523964179335,-10.1545,-1.95117,0.282956,-0.590567,-0.022793,0.0325199,0.86684,0.216518,-0.337473
01324181,1523964179335,-8.80031,-0.697833,3.48183,0.309329,0.31436,-0.145768,0.800309,0.382877,-0.279318
01324180,1523964179335,-9.51518,-5.65798,0.734102,0.536025,-0.547329,0.54155,0.776114,0.27632,-0.409601
01324189,1523964179352,-7.31876,0.755938,3.15976,0.892758,0.276609,0.619115,0.685481,-0.249113,-0.53346
01324188,1523964179352,-8.99381,1.31562,-2.43625,0.742624,2.22527,1.4105,0.764255,-0.497451,0.036402
01324185,1523964179352,-9.8213,-1.84245,0.320953,-0.385133,0.0178828,0.0651242,0.868743,0.217822,-0.33566
01324181,1523964179352,-8.86233,-0.543088,3.22972,0.305993,0.34921,-0.173043,0.799723,0.384799,-0.276958
01324180,1523964179352,-8.81356,-4.50326,0.522524,0.856203,-0.450924,0.43009,0.77551,0.263911,-0.420391
01324189,1523964179369,-7.25316,2.33979,3.0311,1.04407,0.591893,0.706068,0.68888,-0.265849,-0.522519
01324188,1523964179369,-8.49644,1.82801,-2.18005,1.03208,2.04438,1.29107,0.74941,-0.517259,0.0722761
01324185,1523964179369,-9.56967,-1.68495,0.492966,-0.112252,-0.0159601,0.112606,0.869827,0.216111,-0.336563
01324181,1523964179369,-9.00702,-0.29493,3.25543,0.292812,0.355725,-0.203967,0.801018,0.386431,-0.273548
01324180,1523964179369,-8.45697,-3.70833,0.62463,0.770615,-0.314144,0.237211,0.773856,0.250667,-0.433888
01324189,1523964179385,-7.53442,3.41749,2.81397,0.959759,0.83638,0.827973,0.692819,-0.283745,-0.510388
01324188,1523964179385,-8.47101,2.86832,-2.00197,0.940293,1.82263,1.14018,0.737791,-0.530956,0.10418
01324185,1523964179385,-9.25078,-1.38373,0.311222,0.0983937,-0.0285442,0.105575,0.870101,0.214426,-0.336156
01324181,1523964179385,-9.03781,0.0152869,3.20824,0.2536,0.304448,-0.200869,0.802488,0.386995,-0.273043
01324180,1523964179385,-8.52887,-3.50471,0.924741,0.529679,-0.21321,0.05184,0.773689,0.244314,-0.439152
01324189,1523964179402,-7.75545,3.86046,1.96157,0.551922,1.03317,0.92577,0.69712,-0.297034,-0.496216
01324188,1523964179402,-8.49885,3.19418,-2.0384,0.372419,1.50613,0.98235,0.729553,-0.541624,0.129357
01324185,1523964179402,-9.12537,-1.26429,0.127499,0.201771,-0.0189239,0.0169228,0.87268,0.213297,-0.336153
01324181,1523964179402,-8.98377,0.195578,3.06264,0.200997,0.322543,-0.173862,0.802857,0.386791,-0.269053
01324180,1523964179402,-8.67655,-3.79477,1.25524,0.363858,-0.141117,-0.0823722,0.772746,0.244622,-0.439268
01324189,1523964179419,-8.14396,3.90292,1.41257,-0.0160045,1.21527,0.997335,0.700194,-0.308998,-0.482689
01324188,1523964179419,-8.38772,3.16752,-2.07754,-0.327218,1.23432,0.826799,0.717525,-0.553202,0.144282
01324185,1523964179419,-9.29372,-0.998526,-0.0111839,0.201091,-0.0202494,-0.117407,0.871049,0.21299,-0.337453
01324181,1523964179419,-9.03641,0.194936,3.08647,0.190033,0.270242,-0.132895,0.801867,0.389136,-0.26723
01324180,1523964179419,-8.94836,-4.16713,1.46806,0.352316,-0.109316,-0.187751,0.771412,0.244803,-0.441408
01324189,1523964179435,-8.47569,3.66682,1.14927,-0.512464,1.32673,1.06216,0.70394,-0.317674,-0.470349
01324188,1523964179435,-8.96855,1.69457,-1.46281,-1.05077,0.913389,0.71473,0.710262,-0.565402,0.149
01324185,1523964179435,-9.4426,-0.756841,-0.0242806,0.137963,-0.0520201,-0.271888,0.869958,0.214937,-0.338907
01324181,1523964179435,-9.09952,0.242713,3.08515,0.127704,0.309391,-0.11597,0.803471,0.388308,-0.264835
01324180,1523964179435,-9.1227,-4.18915,1.54818,0.427125,-0.112249,-0.29818,0.770202,0.243349,-0.445138
01324189,1523964179452,-9.70602,2.93139,1.34135,-0.986805,1.42867,1.07662,0.713555,-0.327946,-0.458222
01324188,1523964179452,-9.63826,-0.325335,-1.20341,-1.17263,0.587458,0.594339,0.701102,-0.576932,0.143272
01324185,1523964179452,-9.57719,-0.582655,-0.0324421,0.0510542,-0.0595956,-0.407789,0.868858,0.22022,-0.343009
01324181,1523964179452,-9.1894,0.178515,3.15342,0.0955121,0.297468,-0.0900817,0.803125,0.391546,-0.261043
01324180,1523964179452,-9.24306,-3.85698,1.50532,0.410571,-0.112252,-0.38609,0.765395,0.24376,-0.451009
01324189,1523964179469,-10.9887,1.62862,1.51583,-1.43243,1.45771,1.01137,0.718939,-0.329204,-0.450796
01324188,1523964179469,-10.1892,-1.5664,-0.663219,-0.872122,0.270638,0.519407,0.696003,-0.586323,0.137087
01324185,1523964179469,-9.6829,-0.58901,0.195376,0.00940373,-0.0123554,-0.47606,0.866953,0.225439,-0.343053
01324181,1523964179469,-9.00659,0.0788768,3.03575,0.0172225,0.301017,-0.0812174,0.805377,0.392715,-0.258564
01324180,1523964179469,-9.33079,-3.39786,1.36439,0.268011,-0.0909737,-0.507152,0.763489,0.247294,-0.453885
01324189,1523964179485,-11.4437,0.544283,1.90227,-1.71328,1.47102,0.918111,0.723918,-0.329304,-0.444427
01324188,1523964179485,-10.3537,-2.89977,-0.231092,-0.305091,-0.0331806,0.373046,0.693736,-0.592936,0.135893
01324185,1523964179485,-9.84936,-0.739469,0.403013,-0.00323254,0.0612036,-0.525805,0.86559,0.23448,-0.342482
01324181,1523964179485,-8.81855,-0.173622,3.01281,-0.0208847,0.343124,-0.0945384,0.806008,0.392943,-0.254319
01324180,1523964179485,-9.41195,-3.06907,1.22764,0.00964833,-0.0436279,-0.638468,0.762237,0.25271,-0.45795
01324189,1523964179502,-11.3108,-0.280158,2.36078,-1.82159,1.42893,0.852072,0.730362,-0.326126,-0.43671
01324188,1523964179502,-10.9165,-3.36768,0.783499,0.27213,-0.359166,0.123751,0.694569,-0.595491,0.134105
01324185,1523964179502,-9.97754,-0.931194,0.505101,-0.00704305,0.107798,-0.534572,0.864367,0.242137,-0.340459
01324181,1523964179502,-8.69327,-0.324846,2.84263,-0.0873134,0.379469,-0.130227,0.808506,0.394021,-0.249314
01324180,1523964179502,-9.43183,-3.01579,1.18907,-0.267059,0.0117488,-0.783113,0.75941,0.264659,-0.457668
01324189,1523964179519,-11.4301,-1.19122,2.41883,-1.64496,1.43568,0.788718,0.737348,-0.322385,-0.428994
01324188,1523964179519,-11.5185,-3.87187,2.15012,0.798375,-0.696594,-0.205662,0.69716,-0.59358,0.133045
01324185,1523964179519,-9.99209,-1.0201,0.596415,-0.0271731,0.128045,-0.553385,0.863278,0.249784,-0.338959
01324181,1523964179519,-8.86834,-0.380265,2.81118,-0.172396,0.467092,-0.168794,0.808816,0.395344,-0.241099
01324180,1523964179519,-9.38387,-3.34843,1.19496,-0.409507,0.0917916,-0.911901,0.75471,0.275471,-0.45576
01324189,1523964179535,-11.7827,-2.06209,2.78232,-1.31491,1.38917,0.745573,0.744057,-0.320788,-0.419418
01324188,1523964179535,-11.9689,-2.66445,2.82134,1.40314,-1.04036,-0.511637,0.702287,-0.587399,0.129998
01324185,1523964179535,-9.92689,-1.06135,0.695956,-0.0062757,0.136594,-0.558579,0.860834,0.257154,-0.337191
01324181,1523964179535,-9.14131,-0.393274,2.90387,-0.213122,0.494789,-0.201105,0.810038,0.399367,-0.233217
01324180,1523964179535,-9.44682,-3.72636,1.25269,-0.3376,0.155328,-1.00954,0.750352,0.289146,-0.44839
01324189,1523964179552,-12.0143,-2.7641,4.21052,-0.907968,1.18487,0.692307,0.749037,-0.32376,-0.411465
01324188,1523964179552,-10.9502,-2.14982,-2.39193,2.05167,-1.05525,-0.669113,0.712271,-0.576956,0.136863
01324185,1523964179552,-9.89093,-1.16747,0.739183,0.045185,0.123457,-0.589175,0.859611,0.266091,-0.334657
01324181,1523964179552,-9.34979,-0.395584,2.71421,-0.250295,0.459656,-0.233994,0.810305,0.405098,-0.226424
01324180,1523964179552,-9.5362,-3.95548,1.36174,-0.11719,0.215209,-1.07282,0.745327,0.304459,-0.445845
01324189,1523964179569,-11.2711,-3.49868,6.20322,-0.446396,0.822614,0.534504,0.75334,-0.32729,-0.403509
01324188,1523964179569,-11.5974,0.737469,-2.55507,1.14712,-0.886027,-0.782487,0.72102,-0.564355,0.141721
01324185,1523964179569,-9.92012,-1.24916,0.731567,0.111008,0.110248,-0.612967,0.85689,0.273842,-0.335115
01324181,1523964179569,-9.25578,-0.554654,2.78548,-0.25384,0.474675,-0.233856,0.811393,0.40912,-0.218672
01324180,1523964179569,-9.58601,-3.8847,1.46315,0.150844,0.250737,-1.13591,0.742239,0.317599,-0.449863
01324189,1523964179585,-10.8224,-3.21901,6.7034,0.182461,0.518753,0.274114,0.756831,-0.330801,-0.396079
01324188,1523964179585,-12.2536,2.44324,-3.05637,-0.348308,-0.764914,-1.00217,0.733051,-0.55347,0.132276
01324185,1523964179585,-9.95409,-1.34041,0.763076,0.160619,0.0807676,-0.60517,0.855528,0.28091,-0.334394
01324181,1523964179585,-9.59525,-0.568518,2.96228,-0.32329,0.334632,-0.250274,0.812503,0.41212,-0.211831
01324180,1523964179585,-9.44743,-3.74268,1.42661,0.348827,0.282439,-1.19421,0.738593,0.329841,-0.447535
01324189,1523964179602,-9.82512,-2.10477,4.29587,0.512829,0.403902,0.0157692,0.759223,-0.333992,-0.387964
01324188,1523964179602,-10.4523,1.93636,-1.49913,-1.44672,-0.671776,-1.15,0.746177,-0.542755,0.11364
01324185,1523964179602,-9.9977,-1.38832,0.731467,0.22589,0.0141184,-0.600552,0.854029,0.287681,-0.334454
01324181,1523964179602,-9.6989,-0.477625,3.05164,-0.378435,0.318542,-0.257117,0.812932,0.416257,-0.205804
01324180,1523964179602,-9.5623,-3.54327,1.61994,0.464666,0.322921,-1.27048,0.733361,0.339931,-0.444687
01324189,1523964179619,-9.79529,-0.700281,2.95515,0.414381,0.535738,-0.116339,0.762161,-0.337771,-0.379592
01324188,1523964179619,-10.5641,0.418569,-1.62166,-1.88638,-0.541012,-1.1126,0.756418,-0.526522,0.0903984
01324185,1523964179619,-10.0365,-1.3882,0.609382,0.340132,-0.0539276,-0.601934,0.848186,0.293005,-0.336448
01324181,1523964179619,-9.60202,-0.389091,2.99261,-0.45151,0.21956,-0.247434,0.811175,0.420494,-0.196565
01324180,1523964179619,-9.80072,-3.25623,1.60469,0.47878,0.35112,-1.31667,0.72647,0.353231,-0.439856
01324189,1523964179635,-9.92478,0.160993,2.25084,-0.00814132,0.491564,-0.227837,0.76671,-0.33584,-0.372265
01324188,1523964179635,-10.8193,-0.633335,-1.39594,-1.56697,-0.427483,-1.04014,0.76574,-0.515414,0.0679255
01324185,1523964179635,-10.0438,-1.31124,0.456041,0.444841,-0.0652618,-0.579864,0.844371,0.298843,-0.34107
01324181,1523964179635,-9.25826,-0.316968,2.83887,-0.485464,0.211173,-0.216467,0.809191,0.425471,-0.192924
01324180,1523964179635,-9.7384,-3.32094,1.3995,0.431673,0.368526,-1.35995,0.721483,0.365498,-0.437779
01324189,1523964179652,-9.91323,0.707965,0.94487,-0.553047,0.504769,-0.254592,0.771131,-0.331757,-0.367195
01324188,1523964179652,-10.3304,-0.444784,-1.02844,-0.897199,-0.328995,-1.03176,0.77507,-0.506362,0.0519292
01324185,1523964179652,-9.93512,-1.16757,0.338296,0.499976,-0.0920267,-0.564471,0.843409,0.301733,-0.344888
01324181,1523964179652,-9.2053,-0.306864,3.11432,-0.48733,0.245023,-0.204111,0.809888,0.429885,-0.187172
01324180,1523964179652,-9.73737,-3.38326,1.35809,0.403306,0.363146,-1.40238,0.717167,0.376868,-0.433295
01324189,1523964179669,-10.0684,0.403094,0.46941,-0.973368,0.539361,-0.224054,0.775833,-0.324098,-0.36518
01324188,1523964179669,-10.31,0.511867,-1.30201,-0.284751,-0.235783,-0.923025,0.784242,-0.494836,0.0453914
01324185,1523964179669,-9.84313,-1.00929,0.274497,0.510395,-0.101804,-0.566144,0.840139,0.307021,-0.348721
01324181,1523964179669,-9.32238,-0.35193,3.12893,-0.465176,0.268388,-0.186706,0.809772,0.434044,-0.180475
01324180,1523964179669,-9.68328,-3.43535,1.32207,0.408128,0.334332,-1.40698,0.708831,0.389201,-0.432384
01324189,1523964179685,-9.9459,-0.485062,0.842731,-1.18625,0.494089,-0.249567,0.780803,-0.314577,-0.363822
01324188,1523964179685,-10.1391,1.55608,-2.46076,0.11155,-0.183583,-0.740956,0.790292,-0.484149,0.0423451
01324185,1523964179685,-9.75623,-0.911213,0.16786,0.500443,-0.122191,-0.591537,0.835642,0.313119,-0.354521
01324181,1523964179685,-9.27048,-0.331844,3.05159,-0.464353,0.244685,-0.176588,0.808842,0.437811,-0.172565
01324180,1523964179685,-9.62892,-3.48186,1.21359,0.460688,0.305882,-1.3761,0.701684,0.402963,-0.431192
01324189,1523964179702,-9.69388,-0.636871,1.11848,-1.28264,0.45449,-0.256966,0.786732,-0.30049,-0.365786
01324188,1523964179702,-9.52665,1.0658,-3.01701,0.176137,-0.161981,-0.690599,0.797437,-0.475473,0.0444164
01324185,1523964179702,-9.73703,-0.832031,0.00122913,0.43549,-0.158894,-0.627805,0.83332,0.318822,-0.358754
01324181,1523964179702,-9.09729,-0.373432,3.01003,-0.46442,0.230722,-0.164681,0.809854,0.439754,-0.168227
01324180,1523964179702,-9.49875,-3.40671,1.09926,0.529085,0.275844,-1.35039,0.695901,0.416728,-0.434482
01324189,1523964179719,-9.4873,-0.223611,1.17963,-1.03014,0.453605,-0.218847,0.790219,-0.291656,-0.365622
01324188,1523964179719,-9.07222,1.01391,-3.42439,0.11812,-0.198944,-0.78691,0.803339,-0.463254,0.0429508
01324185,1523964179719,-9.65508,-0.813332,-0.055852,0.334934,-0.186558,-0.674309,0.827198,0.326076,-0.36312
01324181,1523964179719,-9.13789,-0.439577,3.20424,-0.452021,0.23882,-0.159458,0.809215,0.442492,-0.161362
01324180,1523964179719,-9.40354,-3.23996,0.958513,0.52019,0.210803,-1.2533,0.686672,0.426189,-0.435914
01324189,1523964179736,-9.48425,-0.343952,0.668145,-0.686975,0.46041,-0.160855,0.792477,-0.287094,-0.362532
01324188,1523964179736,-9.39051,1.27293,-3.05605,-0.281182,-0.237908,-0.79013,0.808036,-0.453138,0.0370547
01324185,1523964179736,-9.6315,-0.938769,-0.152627,0.226293,-0.202152,-0.665587,0.82203,0.330811,-0.366418
01324181,1523964179736,-9.34019,-0.565737,3.24883,-0.402202,0.254842,-0.159411,0.808548,0.447521,-0.154544
01324180,1523964179736,-9.19874,-3.33335,0.885076,0.53926,0.174544,-1.1902,0.680566,0.433871,-0.440538
01324189,1523964179752,-9.9917,-1.3936,-0.0423047,-0.582843,0.514585,-0.171168,0.796893,-0.280854,-0.358115
01324188,1523964179752,-10.4303,1.15959,-2.81831,-0.568456,-0.250681,-0.721607,0.81324,-0.444747,0.0295186
01324185,1523964179752,-9.6298,-1.12186,-0.252724,0.171086,-0.188572,-0.682619,0.818619,0.339044,-0.371196
01324181,1523964179752,-9.55074,-0.597182,3.05488,-0.382523,0.240428,-0.175922,0.807511,0.45053,-0.148612
01324180,1523964179752,-9.27951,-3.03352,0.748172,0.456957,0.122961,-1.12066,0.672957,0.443611,-0.444829
01324189,1523964179769,-10.4339,-2.2397,-0.173947,-0.442083,0.561454,-0.23999,0.801163,-0.274894,-0.352627
01324188,1523964179769,-10.1946,-0.494636,-2.22515,-0.477329,-0.239332,-0.671218,0.818366,-0.438276,0.0233903
01324185,1523964179769,-9.86466,-1.36127,-0.366379,0.111862,-0.152688,-0.67167,0.812771,0.347454,-0.374135
01324181,1523964179769,-9.71942,-0.543398,3.08175,-0.362103,0.205094,-0.177119,0.807545,0.455069,-0.144052
01324180,1523964179769,-9.33557,-3.14407,0.638258,0.371403,0.0665539,-0.98798,0.665373,0.450139,-0.446209
01324189,1523964179786,-10.3772,-2.14495,0.438807,-0.029757,0.516603,-0.290057,0.805732,-0.271825,-0.348102
01324188,1523964179786,-9.69356,-0.980035,-2.03454,0.0791404,-0.225633,-0.676909,0.824409,-0.426821,0.0194495
01324185,1523964179786,-10.0657,-1.60085,-0.428102,0.085977,-0.148852,-0.662262,0.809497,0.357546,-0.377622
01324181,1523964179786,-9.84023,-0.47449,3.10623,-0.347001,0.196295,-0.177221,0.808784,0.459469,-0.138571
01324180,1523964179786,-9.47852,-3.30002,0.616671,0.334757,-0.0133556,-0.81207,0.661565,0.454121,-0.445532
01324189,1523964179802,-9.98936,-2.11639,0.471964,0.426915,0.449562,-0.334676,0.810816,-0.268612,-0.340637
01324188,1523964179802,-9.71756,-0.949511,-2.25122,0.506656,-0.203317,-0.617985,0.82748,-0.418268,0.0194074
01324185,1523964179802,-10.1821,-1.81201,-0.440358,0.111942,-0.14091,-0.633396,0.8046,0.364832,-0.380292
01324181,1523964179802,-10.0226,-0.437893,3.18405,-0.29731,0.209134,-0.158264,0.807496,0.461883,-0.133821
01324180,1523964179802,-9.40515,-3.33215,0.53987,0.336072,-0.0996779,-0.65884,0.654543,0.458463,-0.446965
01324189,1523964179819,-9.76591,-1.94051,-0.0786565,0.653931,0.373638,-0.383579,0.815208,-0.2648,-0.332356
01324188,1523964179819,-9.76506,-0.708372,-2.22897,0.686582,-0.195739,-0.554734,0.831086,-0.408402,0.0191712
01324185,1523964179819,-10.2138,-1.92742,-0.476634,0.199012,-0.11914,-0.574091,0.80025,0.370163,-0.381899
01324181,1523964179819,-9.86947,-0.50873,3.01975,-0.272393,0.191465,-0.156805,0.806903,0.462015,-0.128231
01324180,1523964179819,-9.37609,-3.30188,0.448479,0.28993,-0.184736,-0.489173,0.648206,0.464282,-0.454733
01324189,1523964179836,-9.70079,-1.44085,-0.046809,0.644346,0.2874,-0.390576,0.818399,-0.26384,-0.324887
01324188,1523964179836,-9.52511,0.126014,-2.37318,0.56267,-0.182526,-0.548344,0.834969,-0.399673,0.0212864
01324185,1523964179836,-10.1512,-1.95188,-0.469359,0.295143,-0.0788813,-0.508133,0.797523,0.375882,-0.385346
01324181,1523964179836,-9.58678,-0.553778,2.86062,-0.219055,0.191692,-0.144974,0.806141,0.465841,-0.124048
01324180,1523964179836,-9.31253,-3.33941,0.415057,0.250657,-0.246657,-0.336908,0.644181,0.465827,-0.458429
01324189,1523964179852,-9.56008,-1.20186,0.0733382,0.520087,0.204071,-0.39975,0.821474,-0.26217,-0.319954
01324188,1523964179852,-9.4607,-0.119708,-2.43884,0.193836,-0.16602,-0.517036,0.838881,-0.395345,0.0208344
01324185,1523964179852,-9.93373,-1.90017,-0.367586,0.369986,-0.050771,-0.445512,0.793713,0.378352,-0.389019
01324181,1523964179852,-9.55061,-0.635967,3.01699,-0.183459,0.223554,-0.146532,0.806882,0.468349,-0.120251
01324180,1523964179852,-9.10045,-3.27398,0.398152,0.21061,-0.311116,-0.189948,0.640719,0.466216,-0.464726
01324189,1523964179869,-9.53889,-1.08892,0.24854,0.412568,0.141343,-0.392889,0.825347,-0.259793,-0.313419
01324188,1523964179869,-9.3967,-0.450384,-2.07535,0.0361117,-0.141253,-0.500127,0.842344,-0.38432,0.0208074
01324185,1523964179869,-9.65327,-1.78618,-0.186654,0.430723,-0.0238871,-0.342911,0.790036,0.381084,-0.393742
01324181,1523964179869,-9.51139,-0.756743,2.93744,-0.124658,0.216282,-0.16057,0.80536,0.469016,-0.116924
01324180,1523964179869,-8.80613,-3.21755,0.411003,0.168632,-0.352548,-0.0560471,0.637277,0.464274,-0.469447
01324189,1523964179886,-9.49057,-0.867301,0.671865,0.310407,0.105361,-0.373624,0.827352,-0.255808,-0.311938
01324188,1523964179886,-9.41644,-0.552322,-1.96838,-0.0222764,-0.109289,-0.482476,0.843936,-0.378202,0.0203619
01324185,1523964179886,-9.42583,-1.61413,-0.0671358,0.467037,-0.0237393,-0.295381,0.788533,0.382136,-0.397803
01324181,1523964179886,-9.44128,-0.639415,2.88251,-0.129935,0.187702,-0.174624,0.804067,0.472832,-0.113533
01324180,1523964179886,-8.57972,-3.13746,0.394318,0.170358,-0.381293,0.0659323,0.634374,0.462619,-0.475388
01324189,1523964179902,-9.61945,-0.733305,0.528085,0.155573,0.0750305,-0.38295,0.829729,-0.250378,-0.307503
01324188,1523964179902,-9.57742,-0.95182,-1.99238,0.0205455,-0.0540549,-0.439107,0.848929,-0.372595,0.0171462
01324185,1523964179902,-9.3626,-1.45077,-0.0399797,0.4565,-0.0353377,-0.233229,0.788124,0.381836,-0.398714
01324181,1523964179902,-9.45642,-0.54744,2.92895,-0.0988743,0.120535,-0.175312,0.803861,0.475917,-0.110137
01324180,1523964179902,-8.40622,-3.08219,0.381815,0.169582,-0.400804,0.164229,0.633579,0.462941,-0.478209
01324189,1523964179919,-9.82584,-0.786614,0.638173,-0.0511089,0.0582618,-0.376462,0.831465,-0.245527,-0.306949
01324188,1523964179919,-9.60013,-0.550689,-2.10655,0.078098,-0.0390141,-0.424402,0.851334,-0.366257,0.0179173
01324185,1523964179919,-9.23691,-1.34563,-0.0585737,0.384442,-0.053573,-0.19054,0.787028,0.382608,-0.402642
01324181,1523964179919,-9.28533,-0.535554,2.73662,-0.0269065,0.0996728,-0.158532,0.802751,0.477674,-0.109098
01324180,1523964179919,-8.40409,-3.05795,0.374718,0.16234,-0.393964,0.259185,0.631772,0.458348,-0.48152
01324189,1523964179936,-9.86382,-0.873882,0.653144,-0.253877,0.00690986,-0.344165,0.832789,-0.240088,-0.306385
01324188,1523964179936,-9.57934,-0.158994,-2.27391,-0.0467619,-0.0213877,-0.434805,0.854558,-0.36045,0.017297
01324185,1523964179936,-9.15727,-1.2884,-0.120805,0.32697,-0.0528622,-0.176892,0.785253,0.381951,-0.40747
01324181,1523964179936,-9.21672,-0.515469,2.9009,0.0405539,0.0433708,-0.148048,0.802451,0.480111,-0.109146
01324180,1523964179936,-8.40713,-3.01461,0.382177,0.18422,-0.395576,0.343721,0.631066,0.45274,-0.488113
01324189,1523964179952,-9.75179,-1.06272,0.612058,-0.330735,-0.0647989,-0.323874,0.833751,-0.23495,-0.310372
01324188,1523964179952,-9.48305,-0.261753,-2.11008,-0.234237,0.0308792,-0.413372,0.855893,-0.356622,0.0160374
01324185,1523964179952,-9.02438,-1.1713,-0.171373,0.262536,-0.0798374,-0.12055,0.782398,0.380197,-0.410713
01324181,1523964179952,-9.06644,-0.44089,2.87869,0.09726,-0.0268089,-0.120441,0.801885,0.483239,-0.110535
01324180,1523964179952,-8.28153,-2.98865,0.34971,0.172872,-0.393624,0.419247,0.633289,0.449702,-0.49632
01324189,1523964179969,-9.6173,-1.29862,0.429346,-0.236563,-0.121059,-0.312818,0.835521,-0.229255,-0.313829
01324188,1523964179969,-9.28594,-0.567296,-1.96445,-0.298719,0.0492655,-0.403839,0.858575,-0.350775,0.0147526
01324185,1523964179969,-8.90353,-1.03007,-0.250791,0.176763,-0.118105,-0.0692121,0.78212,0.380434,-0.413069
01324181,1523964179969,-9.05053,-0.338837,2.91789,0.15041,-0.0118813,-0.0825724,0.800803,0.484376,-0.111612
01324180,1523964179969,-8.12764,-2.91429,0.337119,0.146075,-0.382158,0.454308,0.632743,0.441913,-0.502689
01324189,1523964179986,-9.66156,-1.69768,0.543467,-0.112119,-0.155127,-0.315876,0.835493,-0.223069,-0.314716
01324188,1523964179986,-9.3014,-0.834732,-1.98597,-0.246434,0.1094,-0.387769,0.859619,-0.344053,0.0140822
01324185,1523964179986,-8.80939,-0.963294,-0.311315,0.0968918,-0.131641,-0.00442457,0.781707,0.380669,-0.415555
01324181,1523964179986,-9.15192,-0.286681,2.9404,0.173357,-0.0352304,-0.0569712,0.80148,0.48533,-0.113368
01324180,1523964179986,-8.11845,-2.86057,0.289166,0.108285,-0.341013,0.494809,0.634289,0.435346,-0.501221
01324189,1523964180002,-9.64298,-2.10165,0.31099,0.018578,-0.206565,-0.304682,0.835491,-0.219336,-0.316829
01324188,1523964180002,-9.56355,-1.12582,-1.94278,-0.117179,0.12325,-0.346052,0.862167,-0.338911,0.0154503
01324185,1523964180002,-8.89385,-0.905086,-0.422337,0.0253769,-0.155066,0.0502515,0.782381,0.379785,-0.417511
01324181,1523964180002,-9.28671,-0.230094,2.99641,0.194462,-0.0654881,-0.0227966,0.80152,0.484407,-0.116275
01324180,1523964180002,-8.25367,-2.85666,0.225029,0.0904561,-0.354246,0.541229,0.636115,0.430259,-0.505406
01324189,1523964180019,-9.79388,-2.64952,0.355779,0.16807,-0.245211,-0.320953,0.835234,-0.215031,-0.321077
01324188,1523964180019,-9.60332,-1.42287,-1.85314,0.0966624,0.168163,-0.297188,0.863211,-0.332316,0.0174675
01324185,1523964180019,-9.05324,-0.894568,-0.536941,-0.057633,-0.143381,0.0826211,0.781292,0.37976,-0.418815
01324181,1523964180019,-9.17797,-0.155947,2.9015,0.201467,-0.0846118,-0.00406,0.802075,0.484919,-0.118685
01324180,1523964180019,-8.53806,-2.90246,0.130159,0.0563928,-0.330601,0.582552,0.638081,0.424147,-0.508398
01324189,1523964180036,-9.64434,-2.91535,0.362625,0.383266,-0.281191,-0.355728,0.835504,-0.211592,-0.322927
01324188,1523964180036,-9.40145,-1.77211,-2.01519,0.320796,0.23808,-0.262097,0.864537,-0.327553,0.0211185
01324185,1523964180036,-9.27061,-0.941448,-0.621782,-0.142863,-0.131799,0.103952,0.78251,0.378883,-0.420381
01324181,1523964180036,-8.95434,-0.0367781,2.81612,0.181702,-0.0511909,0.0375934,0.800798,0.48255,-0.123011
01324180,1523964180036,-8.77844,-2.98893,0.0499972,0.0318754,-0.363042,0.624401,0.638643,0.414761,-0.51806
01324189,1523964180052,-9.43654,-3.02525,0.446853,0.629969,-0.316616,-0.37353,0.834149,-0.209838,-0.324772
01324188,1523964180052,-9.1686,-1.54297,-1.80249,0.464015,0.274228,-0.216445,0.86479,-0.325187,0.0265197
01324185,1523964180052,-9.37184,-0.902311,-0.639689,-0.248263,-0.109223,0.147318,0.782098,0.379694,-0.422219
01324181,1523964180052,-8.7935,0.086522,2.7037,0.18338,-0.00206989,0.0655387,0.801624,0.481665,-0.123666
01324180,1523964180052,-8.89411,-3.0117,0.0197403,-0.019292,-0.374778,0.676765,0.639941,0.408812,-0.52212
01324189,1523964180069,-9.29788,-2.80685,0.41607,0.872432,-0.415949,-0.447192,0.834318,-0.210002,-0.327989
01324188,1523964180069,-8.99898,-1.46172,-2.13426,0.511958,0.328691,-0.17655,0.866541,-0.323623,0.03293
01324185,1523964180069,-9.26064,-0.840371,-0.606264,-0.33474,-0.0728057,0.181173,0.782507,0.37985,-0.421437
01324181,1523964180069,-8.70339,0.116775,2.61434,0.177973,0.0833163,0.0938502,0.80203,0.482211,-0.124613
01324180,1523964180069,-8.84651,-2.95321,0.0205262,-0.0915841,-0.376054,0.727292,0.643407,0.402555,-0.529734
01324189,1523964180086,-9.03599,-2.76667,0.453591,1.01092,-0.486568,-0.498176,0.834324,-0.207565,-0.330112
01324188,1523964180086,-8.71338,-1.37781,-2.21666,0.50763,0.364454,-0.147824,0.866386,-0.321541,0.0414183
01324185,1523964180086,-9.0143,-0.779232,-0.527663,-0.411621,-0.0364858,0.213286,0.784955,0.379189,-0.419084
01324181,1523964180086,-8.6586,0.14667,2.30735,0.158376,0.140271,0.116797,0.805831,0.480425,-0.12528
01324180,1523964180086,-8.65933,-2.85986,0.0760379,-0.178888,-0.408435,0.75111,0.644564,0.397336,-0.534047
01324189,1523964180102,-9.1569,-2.20786,0.712322,1.05192,-0.575055,-0.556491,0.832991,-0.20611,-0.334102
01324188,1523964180102,-8.74177,-1.19505,-2.13146,0.495449,0.408465,-0.12531,0.867717,-0.317941,0.0480962
01324185,1523964180102,-8.70056,-0.81476,-0.383014,-0.487827,0.0083772,0.219817,0.785777,0.379823,-0.41543
01324181,1523964180102,-8.81892,0.193183,2.4455,0.115574,0.16888,0.134457,0.806662,0.477582,-0.123766
01324180,1523964180102,-8.36123,-2.7436,0.142426,-0.311747,-0.403261,0.729169,0.646767,0.393242,-0.535514
01324189,1523964180119,-9.32592,-0.934714,0.637576,1.03647,-0.676777,-0.59543,0.830421,-0.200884,-0.339119
01324188,1523964180119,-9.13306,-1.13242,-2.6103,0.673207,0.45007,-0.112186,0.866882,-0.31612,0.0592722
01324185,1523964180119,-8.53172,-0.950456,-0.180177,-0.515763,0.0300123,0.243486,0.788911,0.378935,-0.4102
01324181,1523964180119,-9.21916,0.171389,2.53996,0.0585664,0.0883524,0.131459,0.807475,0.476032,-0.122147
01324180,1523964180119,-8.15945,-2.6623,0.212515,-0.465659,-0.382941,0.691388,0.648447,0.385936,-0.53217
01324189,1523964180136,-9.74668,0.186943,0.843754,0.904116,-0.695913,-0.538019,0.827362,-0.201127,-0.346583
01324188,1523964180136,-9.40394,0.136737,-3.28873,0.542127,0.42377,-0.128488,0.866041,-0.313046,0.0686399
01324185,1523964180136,-8.60407,-1.07984,0.0135089,-0.487288,0.0172297,0.229947,0.790002,0.379549,-0.407593
01324181,1523964180136,-9.60332,-0.0202103,2.83822,0.0173849,-0.0856341,0.14141,0.810745,0.472982,-0.121984
01324180,1523964180136,-8.22776,-2.6296,0.24103,-0.610473,-0.332932,0.662713,0.651155,0.384297,-0.533054
01324189,1523964180152,-10.3816,0.786827,0.752535,0.607966,-0.749555,-0.457949,0.826463,-0.199983,-0.352991
01324188,1523964180152,-9.60155,0.30673,-3.35852,0.151117,0.457245,-0.170655,0.866979,-0.31176,0.075043
01324185,1523964180152,-9.00943,-1.20242,0.119473,-0.44883,0.0140741,0.223212,0.791769,0.380566,-0.406039
01324181,1523964180152,-9.55937,-0.150618,2.73715,0.0277538,-0.297427,0.165401,0.810257,0.471067,-0.124732
01324180,1523964180152,-8.52606,-2.76871,0.280858,-0.69779,-0.260698,0.629293,0.651405,0.384564,-0.529942
01324189,1523964180169,-10.4804,1.31758,0.51675,0.215896,-0.798926,-0.398748,0.822719,-0.195613,-0.362822
01324188,1523964180169,-9.45717,0.102695,-3.56717,-0.17533,0.406147,-0.24068,0.865192,-0.309107,0.0812964
01324185,1523964180169,-9.43388,-1.24544,0.21573,-0.405766,0.00232287,0.242044,0.794762,0.380635,-0.402388
01324181,1523964180169,-9.19601,-0.223911,2.68292,-0.00258795,-0.384051,0.173283,0.811149,0.469196,-0.131086
01324180,1523964180169,-8.81368,-2.98252,0.320379,-0.712468,-0.199014,0.610302,0.653139,0.38452,-0.527805
01324189,1523964180186,-10.2026,0.950091,0.46787,-0.18943,-0.824008,-0.309487,0.818853,-0.191248,-0.374257
01324188,1523964180186,-9.32763,-0.188812,-3.67143,-0.412683,0.376157,-0.278003,0.867477,-0.305441,0.0831146
01324185,1523964180186,-9.70867,-1.22681,0.283109,-0.389122,0.00622502,0.300742,0.796397,0.37813,-0.400538
01324181,1523964180186,-8.98307,-0.097714,2.74707,-0.0187402,-0.337565,0.202975,0.81365,0.466207,-0.135172
01324180,1523964180186,-9.0113,-3.08023,0.438757,-0.664029,-0.133381,0.57944,0.65699,0.386463,-0.524306
01324189,1523964180202,-9.88719,0.280689,0.213241,-0.438421,-0.807598,-0.22334,0.812005,-0.185376,-0.388057
01324188,1523964180202,-9.16011,-0.66683,-3.67321,-0.520744,0.305339,-0.29364,0.86827,-0.3024,0.0863948
01324185,1523964180202,-9.77583,-1.106,0.296874,-0.41751,0.0116513,0.376441,0.799121,0.377363,-0.396354
01324181,1523964180202,-9.11478,0.135972,2.85525,-0.0580189,-0.245004,0.235801,0.814267,0.463797,-0.140182
01324180,1523964180202,-9.06955,-3.10126,0.537165,-0.625781,-0.0725852,0.525608,0.660199,0.387569,-0.524737
01324189,1523964180219,-9.867,-0.82968,0.117802,-0.651068,-0.779413,-0.156574,0.808684,-0.180738,-0.399631
01324188,1523964180219,-9.20109,-1.35701,-4.26347,-0.478889,0.191719,-0.314047,0.871232,-0.298227,0.0864842
01324185,1523964180219,-9.7128,-0.990822,0.292991,-0.410686,0.0317403,0.45283,0.801305,0.373624,-0.392662
01324181,1523964180219,-9.71784,0.332398,3.14226,-0.0958572,-0.224114,0.308635,0.814741,0.460433,-0.143043
01324180,1523964180219,-9.04528,-3.12565,0.588022,-0.596276,-0.00276635,0.457699,0.662317,0.388379,-0.52083
01324189,1523964180236,-10.2398,-1.83153,-0.136963,-0.736308,-0.640275,-0.0921823,0.804652,-0.172048,-0.410629
01324188,1523964180236,-9.61716,-1.43414,-4.39429,-0.493418,0.0672215,-0.29256,0.869987,-0.294546,0.0861913
01324185,1523964180236,-9.82343,-0.855334,0.257512,-0.382215,0.0236195,0.461377,0.805521,0.370582,-0.389377
01324181,1523964180236,-10.0903,0.415233,3.26387,-0.153163,-0.279771,0.359273,0.816694,0.456082,-0.144302
01324180,1523964180236,-9.26729,-3.17435,0.609756,-0.601848,0.0713411,0.389648,0.666714,0.387673,-0.512931
01324189,1523964180252,-10.7347,-3.06521,-0.229786,-0.745424,-0.512279,-0.0612467,0.80092,-0.167972,-0.421533
01324188,1523964180252,-9.65359,-2.14639,-4.23834,-0.505995,-0.0297455,-0.235284,0.869972,-0.291789,0.083399
01324185,1523964180252,-10.1779,-0.670355,0.02572,-0.386154,0.03061,0.452908,0.809865,0.368047,-0.389105
01324181,1523964180252,-10.239,0.457074,3.34906,-0.21409,-0.351187,0.42094,0.821381,0.450772,-0.148363
01324180,1523964180252,-9.70864,-3.26865,0.590428,-0.574354,0.129044,0.360411,0.670702,0.389912,-0.510781
01324189,1523964180269,-10.7517,-4.04847,-0.163713,-0.533191,-0.421235,-0.0535812,0.799864,-0.162938,-0.428176
01324188,1523964180269,-9.6754,-2.81394,-3.92888,-0.25955,-0.133903,-0.194017,0.872683,-0.290487,0.0795381
01324185,1523964180269,-10.7881,-0.464562,-0.24872,-0.461861,0.00447098,0.41247,0.81205,0.365315,-0.384377
01324181,1523964180269,-10.1864,0.646746,3.5776,-0.271388,-0.355526,0.476215,0.823361,0.444969,-0.150523
01324180,1523964180269,-10.3129,-3.46827,0.532677,-0.522811,0.16517,0.319757,0.674962,0.389794,-0.503679
01324189,1523964180286,-10.3289,-4.43363,-0.0736485,-0.224728,-0.383192,-0.121992,0.796759,-0.157703,-0.434258
01324188,1523964180286,-9.65168,-2.9261,-3.76199,0.00622784,-0.203049,-0.0902894,0.873753,-0.287401,0.0755399
01324185,1523964180286,-11.3646,-0.249423,-0.604766,-0.630213,-0.0252317,0.365345,0.816402,0.36284,-0.380967
01324181,1523964180286,-9.91505,0.844061,3.55623,-0.313296,-0.265722,0.508064,0.825904,0.437437,-0.152786
01324180,1523964180286,-10.9059,-3.60006,0.465741,-0.492333,0.183101,0.308747,0.67814,0.392335,-0.501241
01324189,1523964180302,-9.78957,-3.70234,0.192562,0.122901,-0.299777,-0.16196,0.795575,-0.1564,-0.439322
01324188,1523964180302,-9.27772,-2.49784,-4.1731,0.276985,-0.327406,-0.0295719,0.874287,-0.285488,0.0718793
01324185,1523964180302,-11.8014,-0.116951,-0.89073,-0.853345,-0.0172722,0.331618,0.818857,0.363513,-0.375226
01324181,1523964180302,-10.1297,1.00175,3.43592,-0.354937,-0.0507505,0.514404,0.830008,0.431399,-0.15124
01324180,1523964180302,-11.3797,-3.61,0.422391,-0.462198,0.158794,0.305355,0.682397,0.393097,-0.495744
01324189,1523964180319,-9.8054,-2.60768,0.750371,0.309261,-0.214475,-0.172159,0.794097,-0.156372,-0.441447
01324188,1523964180319,-9.37478,-1.24157,-4.12839,0.291234,-0.412656,0.00670611,0.874417,-0.284251,0.0703378
01324185,1523964180319,-11.9515,-0.226892,-1.02148,-1.04848,0.0335332,0.292423,0.819683,0.364601,-0.370007
01324181,1523964180319,-10.8289,1.05163,3.52709,-0.39762,0.0626768,0.523452,0.833565,0.425804,-0.149431
01324180,1523964180319,-11.6803,-3.5552,0.385921,-0.50487,0.135688,0.315554,0.685569,0.396662,-0.494502
01324189,1523964180336,-10.13,-1.80316,0.937305,0.298989,-0.157256,-0.140261,0.793432,-0.156075,-0.443312
01324188,1523964180336,-9.67402,-1.08196,-4.03846,0.137982,-0.489591,0.026003,0.875235,-0.283897,0.0625328
01324185,1523964180336,-11.9641,-0.412218,-1.03359,-1.22959,0.0931974,0.271836,0.823773,0.367173,-0.360889
01324181,1523964180336,-11.0829,0.786615,3.51364,-0.427141,0.0641347,0.554683,0.837815,0.416403,-0.144492
01324180,1523964180336,-11.7302,-3.43489,0.36676,-0.619026,0.101124,0.314631,0.688487,0.397157,-0.488855
01324189,1523964180352,-10.1208,-1.37684,0.918708,0.16028,-0.0521754,-0.0911761,0.794131,-0.157108,-0.444533
01324188,1523964180352,-9.53332,-1.60506,-3.78212,0.134726,-0.560136,0.0270104,0.875531,-0.286955,0.056138
01324185,1523964180352,-11.8319,-0.684983,-0.893285,-1.33436,0.166367,0.266356,0.825964,0.371166,-0.351255
01324181,1523964180352,-10.9824,0.48207,3.566,-0.43422,0.0702338,0.551323,0.843503,0.412227,-0.141937
01324180,1523964180352,-11.4946,-3.33338,0.388953,-0.779741,0.0804139,0.311683,0.693003,0.39967,-0.485626
01324189,1523964180369,-9.98322,-1.39596,0.87764,-0.000767198,0.00995312,-0.0385515,0.794945,-0.158994,-0.443084
01324188,1523964180369,-9.51665,-1.66403,-3.6325,0.239699,-0.634394,0.0552365,0.87774,-0.291752,0.0488016
01324185,1523964180369,-11.6348,-1.0688,-0.638156,-1.39286,0.191636,0.273025,0.828701,0.377032,-0.339548
01324181,1523964180369,-10.6707,0.289101,3.73591,-0.411753,0.0570412,0.507988,0.846234,0.405432,-0.136637
01324180,1523964180369,-11.1081,-3.30268,0.426731,-0.911059,0.0888118,0.303799,0.696776,0.405642,-0.476231
01324189,1523964180386,-9.63601,-1.84139,0.739899,-0.144945,0.0804188,-0.0267909,0.796834,-0.155876,-0.443081
01324188,1523964180386,-9.52678,-1.77193,-3.36672,0.233136,-0.697838,0.104055,0.878295,-0.29245,0.0386429
01324185,1523964180386,-11.4135,-1.448,-0.435057,-1.36663,0.168808,0.307118,0.831982,0.38035,-0.328342
01324181,1523964180386,-10.2705,0.158008,3.69269,-0.363406,0.0312723,0.454086,0.850329,0.399278,-0.133891
01324180,1523964180386,-10.7399,-3.35678,0.473532,-0.988073,0.084877,0.308463,0.699913,0.409312,-0.468225
01324189,1523964180402,-9.46076,-2.32026,0.755588,-0.160564,0.158234,-0.0216852,0.797639,-0.154743,-0.442546
01324188,1523964180402,-9.45479,-1.90853,-3.17833,0.250913,-0.769017,0.135269,0.878152,-0.290272,0.0296164
01324185,1523964180402,-11.1487,-1.77209,-0.219833,-1.29263,0.178184,0.347744,0.83648,0.381508,-0.319342
01324181,1523964180402,-9.90949,0.0386369,3.58136,-0.341587,0.0316019,0.378955,0.85332,0.395698,-0.131986
01324180,1523964180402,-10.4048,-3.48923,0.587253,-1.00116,0.129942,0.327929,0.703983,0.415313,-0.464513
01324189,1523964180419,-9.15916,-2.44959,0.784804,-0.17658,0.232539,-0.0388138,0.799787,-0.153061,-0.440281
01324188,1523964180419,-9.42076,-1.83128,-2.86162,0.198138,-0.819036,0.190999,0.877633,-0.293026,0.0201511
01324185,1523964180419,-10.8162,-2.05805,0.0115123,-1.15136,0.185261,0.398501,0.840306,0.381723,-0.308108
01324181,1523964180419,-9.54877,-0.0249736,3.51486,-0.319031,0.0306173,0.327938,0.855387,0.390282,-0.1295
01324180,1523964180419,-10.0641,-3.67456,0.686236,-0.942243,0.17933,0.319734,0.706977,0.420152,-0.457428
01324189,1523964180436,-9.06266,-2.27433,0.834879,-0.152643,0.297851,-0.053979,0.802887,-0.15083,-0.43829
01324188,1523964180436,-9.37222,-1.7718,-2.77109,0.148629,-0.839997,0.223181,0.87902,-0.296121,0.00794497
01324185,1523964180436,-10.4303,-2.12294,0.141239,-0.923993,0.174805,0.449259,0.843179,0.380487,-0.298949
01324181,1523964180436,-9.27934,-0.00726937,3.56213,-0.298305,0.0297399,0.281252,0.857979,0.387114,-0.128663
01324180,1523964180436,-9.67075,-3.83812,0.839025,-0.789704,0.218157,0.329633,0.711866,0.423064,-0.449328
01324189,1523964180452,-9.19849,-2.1216,1.22431,-0.15788,0.327337,-0.0540218,0.805842,-0.151174,-0.433774
01324188,1523964180452,-9.38532,-1.35881,-2.51482,0.0738684,-0.881449,0.247862,0.876608,-0.299993,-0.00493604
01324185,1523964180452,-10.0293,-1.98809,0.246431,-0.709898,0.141387,0.479762,0.848359,0.376129,-0.290683
01324181,1523964180452,-9.03982,0.0780314,3.58617,-0.271403,0.023712,0.242258,0.860128,0.38432,-0.124106
01324180,1523964180452,-9.23012,-3.90164,0.944487,-0.587768,0.257934,0.302062,0.71664,0.423056,-0.437905
01324189,1523964180469,-9.16219,-1.89159,1.48962,-0.191599,0.338091,-0.0399458,0.80976,-0.148821,-0.431926
01324188,1523964180469,-9.36476,-0.976571,-2.01307,-0.0515949,-0.884298,0.246956,0.876907,-0.302754,-0.0176466
01324185,1523964180469,-9.59436,-1.73316,0.268865,-0.488616,0.0952335,0.474609,0.852309,0.372276,-0.285558
01324181,1523964180469,-8.74339,0.139837,3.49753,-0.232052,0.0230808,0.208429,0.860947,0.382614,-0.123015
01324180,1523964180469,-8.88992,-3.88962,1.10014,-0.407465,0.283663,0.27166,0.720103,0.422962,-0.432413
01324189,1523964180486,-9.11866,-1.90823,1.81266,-0.212255,0.304682,-0.0364025,0.811747,-0.145113,-0.428438
01324188,1523964180486,-9.38454,-1.06197,-1.50916,-0.100329,-0.874637,0.243181,0.876405,-0.308011,-0.0296949
01324185,1523964180486,-9.17627,-1.38432,0.177014,-0.32184,0.0580402,0.430341,0.857337,0.37007,-0.282807
01324181,1523964180486,-8.49311,0.181751,3.3317,-0.203419,0.0297183,0.185915,0.861233,0.380072,-0.121236
01324180,1523964180486,-8.40721,-3.37296,1.40497,-0.345653,0.278325,0.237746,0.724523,0.422873,-0.430587
01324189,1523964180502,-9.13596,-2.01414,1.91003,-0.190638,0.28633,-0.0505049,0.814564,-0.142007,-0.425768
01324188,1523964180502,-9.26925,-1.26331,-1.39512,-0.00533739,-0.840803,0.231834,0.87628,-0.308311,-0.0418419
01324185,1523964180502,-8.83087,-1.12175,0.0382075,-0.238963,0.0266437,0.357231,0.860876,0.365046,-0.279892
01324181,1523964180502,-8.43032,0.235991,3.18133,-0.210543,0.0155966,0.189239,0.86435,0.378179,-0.120697
01324180,1523964180502,-8.51584,-3.82544,1.6141,-0.486485,0.282201,0.145364,0.72849,0.424645,-0.423172
01324189,1523964180519,-9.24234,-2.17496,1.85283,-0.101345,0.202601,-0.0207091,0.816979,-0.14234,-0.421781
01324188,1523964180519,-9.33602,-0.993902,-1.26709,0.126222,-0.801125,0.211908,0.87537,-0.313397,-0.0542786
01324185,1523964180519,-8.67163,-0.978445,-0.144783,-0.257221,0.00831535,0.262931,0.861963,0.362219,-0.28013
01324181,1523964180519,-8.46002,0.274491,3.14176,-0.205136,-0.0351591,0.169822,0.863963,0.375225,-0.118503
01324180,1523964180519,-8.53207,-4.19112,1.47659,-0.45382,0.234242,0.0959161,0.732207,0.425413,-0.416991
01324189,1523964180536,-9.43789,-2.34916,1.98925,0.00328806,0.116999,-0.0157149,0.816557,-0.143183,-0.419909
01324188,1523964180536,-9.47286,-0.716971,-1.14339,0.175055,-0.763189,0.221477,0.873222,-0.316029,-0.0657374
01324185,1523964180536,-8.67386,-0.838888,-0.257737,-0.248791,-0.0225649,0.175522,0.861967,0.35898,-0.279837
01324181,1523964180536,-8.38429,0.299723,3.04999,-0.18213,-0.0905829,0.184759,0.864026,0.371745,-0.120426
01324180,1523964180536,-8.4484,-4.19684,1.1946,-0.226309,0.217079,0.0356748,0.733257,0.425365,-0.412139
01324189,1523964180552,-9.47038,-2.48467,2.02836,0.0928599,0.0237922,0.030967,0.819035,-0.146132,-0.420764
01324188,1523964180552,-9.46543,-0.648704,-0.908222,0.166279,-0.705757,0.220273,0.871628,-0.320857,-0.0741062
01324185,1523964180552,-8.67131,-0.718615,-0.363417,-0.266184,-0.0794942,0.101063,0.862512,0.359136,-0.279056
01324181,1523964180552,-8.27989,0.378625,3.01051,-0.16267,-0.106178,0.201764,0.866867,0.371401,-0.121246
01324180,1523964180552,-8.21194,-3.65915,0.830082,0.00292625,0.181897,0.00267135,0.734574,0.426931,-0.41091
01324189,1523964180569,-9.51715,-2.58607,2.09941,0.209267,-0.0646023,0.0102104,0.820262,-0.149179,-0.419062
01324188,1523964180569,-9.62102,-0.873879,-0.690779,0.0913096,-0.67158,0.228966,0.871927,-0.324282,-0.0820066
01324185,1523964180569,-8.51236,-0.722124,-0.484226,-0.27611,-0.137747,0.0758993,0.863464,0.360861,-0.277375
01324181,1523964180569,-8.43553,0.461764,2.93064,-0.141398,-0.0952287,0.217333,0.868088,0.370808,-0.12138
01324180,1523964180569,-7.97504,-3.3587,0.529519,0.204906,0.166146,-0.0444933,0.736493,0.423558,-0.410871
01324189,1523964180586,-9.5163,-2.65987,1.95805,0.291052,-0.194962,-0.00348879,0.819474,-0.14946,-0.421867
01324188,1523964180586,-9.71845,-1.06712,-0.589596,0.114061,-0.624432,0.259721,0.870061,-0.328909,-0.0914376
01324185,1523964180586,-8.39698,-0.84085,-0.517061,-0.190836,-0.158625,0.0946259,0.865361,0.360558,-0.278425
01324181,1523964180586,-8.79591,0.522927,3.02859,-0.1335,-0.183588,0.216626,0.870851,0.366165,-0.122375
01324180,1523964180586,-7.70213,-2.90476,0.365495,0.374894,0.170838,-0.0697088,0.738094,0.424107,-0.410342
01324189,1523964180602,-9.58233,-2.93501,2.12878,0.292898,-0.294224,-0.019271,0.818974,-0.151479,-0.425224
01324188,1523964180602,-9.89157,-0.788176,-0.388622,0.163,-0.582388,0.29057,0.868727,-0.331687,-0.100086
01324185,1523964180602,-8.39273,-1.03351,-0.529819,0.0109974,-0.196399,0.123563,0.864681,0.358843,-0.279584
01324181,1523964180602,-9.44412,0.53459,3.12565,-0.16204,-0.311086,0.203707,0.870653,0.362809,-0.125362
01324180,1523964180602,-7.99163,-2.55428,0.229248,0.34365,0.165952,-0.0891302,0.73865,0.422501,-0.410383
01324189,1523964180619,-9.76785,-3.01636,2.66444,0.364171,-0.433857,-0.0507117,0.815233,-0.157445,-0.429112
01324188,1523964180619,-9.91001,-0.501751,0.0421108,0.126443,-0.491138,0.323165,0.863192,-0.336506,-0.107191
01324185,1523964180619,-8.78425,-1.21418,-0.666489,0.212963,-0.17165,0.154739,0.864809,0.356227,-0.283614
01324181,1523964180619,-9.88916,0.376477,3.13066,-0.147129,-0.480612,0.212663,0.869672,0.359682,-0.131404
01324180,1523964180619,-8.59395,-2.69526,0.106583,0.240128,0.17426,-0.0808346,0.739981,0.423348,-0.41025
01324189,1523964180636,-9.92909,-2.77177,3.34657,0.460039,-0.641906,-0.0712875,0.812317,-0.158845,-0.436587
01324188,1523964180636,-9.81316,-0.434425,0.365635,0.105382,-0.387568,0.31974,0.860909,-0.33997,-0.11331
01324185,1523964180636,-9.48454,-1.38333,-0.838586,0.392198,-0.132118,0.148494,0.866153,0.35499,-0.289231
01324181,1523964180636,-9.50571,0.359294,2.98854,-0.106049,-0.622949,0.168106,0.870984,0.35777,-0.139358
01324180,1523964180636,-9.23937,-2.86811,-0.0166784,0.178469,0.151827,-0.0179809,0.741211,0.422175,-0.411914
01324189,1523964180652,-9.51748,-2.13309,3.61449,0.561097,-0.877815,-0.0848072,0.806677,-0.159454,-0.444561
01324188,1523964180652,-9.774,-0.306416,0.31363,0.117323,-0.287749,0.30676,0.860811,-0.345481,-0.117023
01324185,1523964180652,-10.0347,-1.39443,-0.921681,0.539381,-0.0879338,0.134564,0.86791,0.348975,-0.293889
01324181,1523964180652,-8.82134,0.445196,2.77876,-0.150408,-0.630445,0.155931,0.871591,0.357606,-0.146409
01324180,1523964180652,-9.62413,-3.02673,-0.0551424,0.148408,0.106174,0.0694708,0.742218,0.42399,-0.402968
01324189,1523964180669,-9.06909,-1.30303,4.16466,0.587787,-0.985112,-0.0526221,0.802324,-0.162856,-0.457124
01324188,1523964180669,-10.0817,0.175322,0.200956,0.101176,-0.179365,0.264412,0.858392,-0.349436,-0.118857
01324185,1523964180669,-10.0582,-1.24495,-0.854271,0.61463,-0.00818978,0.166289,0.868854,0.344809,-0.297776
01324181,1523964180669,-8.43991,0.614771,2.67169,-0.112804,-0.517677,0.134262,0.870621,0.355565,-0.155134
01324180,1523964180669,-9.52106,-3.13906,-0.0475024,0.129082,0.0555272,0.142791,0.745636,0.418852,-0.403392
01324189,1523964180686,-9.06636,-0.325435,4.61481,0.376196,-1.02942,-0.0159401,0.796052,-0.165913,-0.468592
01324188,1523964180686,-10.2149,0.783461,0.196478,-0.10684,-0.0619362,0.221758,0.856506,-0.351636,-0.120993
01324185,1523964180686,-9.57001,-1.03111,-0.654144,0.645517,0.0644313,0.230311,0.869531,0.338688,-0.300597
01324181,1523964180686,-8.26138,0.621878,2.4964,-0.0289408,-0.404792,0.114239,0.869593,0.355606,-0.160444
01324180,1523964180686,-9.06767,-3.05717,0.017796,0.0758499,0.0195216,0.177286,0.744732,0.415672,-0.402901
01324189,1523964180702,-9.31872,0.224064,4.99234,0.000969139,-1.08581,-0.0046072,0.782575,-0.166493,-0.48317
01324188,1523964180702,-10.0603,0.724352,-0.0544775,-0.335768,-0.0014795,0.167783,0.855442,-0.355026,-0.122944
01324185,1523964180702,-9.06029,-0.904057,-0.429781,0.648438,0.123259,0.297851,0.873057,0.331866,-0.303159
01324181,1523964180702,-8.3261,0.533853,2.39866,-0.00377395,-0.355872,0.0801318,0.86889,0.352595,-0.167555
01324180,1523964180702,-8.59675,-2.83992,0.0864259,-0.0159476,0.0156782,0.174868,0.747344,0.413641,-0.410688
01324189,1523964180719,-8.75499,0.511449,4.57072,-0.395431,-1.1285,-0.00597392,0.773738,-0.164615,-0.500193
01324188,1523964180719,-9.7399,0.396651,-0.256158,-0.487853,0.0166867,0.110361,0.855169,-0.354844,-0.123603
01324185,1523964180719,-8.77781,-0.886444,-0.31103,0.582482,0.154068,0.318074,0.874827,0.32367,-0.303871
01324181,1523964180719,-8.87779,0.357386,2.53858,-0.00529441,-0.402813,0.0230043,0.869075,0.352478,-0.172741
01324180,1523964180719,-8.2707,-2.64865,0.168,-0.113656,0.0555721,0.176262,0.748154,0.412749,-0.409501
01324189,1523964180736,-8.00161,0.350469,4.33746,-0.776572,-1.02293,-0.0218093,0.76785,-0.159346,-0.514276
01324188,1523964180736,-9.59378,0.00214737,-0.467905,-0.615455,0.0189012,0.0608736,0.855037,-0.354899,-0.128592
01324185,1523964180736,-8.81672,-1.00658,-0.298424,0.481224,0.128369,0.294548,0.877544,0.317594,-0.304344
01324181,1523964180736,-9.28335,0.206713,2.91561,-0.0213564,-0.569514,-0.00584642,0.86832,0.353478,-0.179803
01324180,1523964180736,-8.1204,-2.68095,0.193459,-0.173537,0.112372,0.21668,0.749783,0.410534,-0.408082
01324189,1523964180752,-7.98744,-1.0667,4.36065,-1.07713,-0.890319,-0.0159411,0.760571,-0.151155,-0.527249
01324188,1523964180752,-9.859,-0.487653,-0.627449,-0.748056,-0.0459156,0.0317973,0.853672,-0.353194,-0.13332
01324185,1523964180752,-9.11883,-1.18773,-0.346713,0.370008,0.0619484,0.24414,0.878901,0.312619,-0.306263
01324181,1523964180752,-9.40078,0.0548316,3.00471,-0.007144,-0.720207,-0.0278356,0.865833,0.354041,-0.1883
01324180,1523964180752,-8.31003,-2.97288,0.194838,-0.133108,0.17254,0.283263,0.753009,0.409011,-0.405591
01324189,1523964180769,-8.25718,-2.54504,4.15431,-1.11229,-0.808828,-0.0534584,0.75125,-0.141762,-0.540993
01324188,1523964180769,-9.79584,-1.07641,-0.598534,-0.749856,-0.0220408,0.0232245,0.854217,-0.352962,-0.138433
01324185,1523964180769,-9.59244,-1.36312,-0.535729,0.342587,-0.0189183,0.239695,0.879716,0.307795,-0.307658
01324181,1523964180769,-9.59571,0.0814226,3.2686,-0.0142579,-0.749596,-0.0418092,0.863233,0.354697,-0.199192
01324180,1523964180769,-8.80864,-3.30931,0.180871,-0.00306218,0.217524,0.338058,0.757324,0.406015,-0.402739
01324189,1523964180786,-8.48849,-3.69029,4.07233,-0.832957,-0.753052,-0.100545,0.744363,-0.128694,-0.55527
01324188,1523964180786,-9.32345,-1.46551,-0.372468,-0.580789,0.0716419,0.0157537,0.854213,-0.351951,-0.141335
01324185,1523964180786,-10.2036,-1.51123,-0.777372,0.379604,-0.0490758,0.260397,0.882424,0.302072,-0.311798
01324181,1523964180786,-9.59651,0.246278,3.40309,0.00726047,-0.756413,-0.0781552,0.860128,0.353612,-0.211372
01324180,1523964180786,-9.57462,-3.54986,0.162404,0.143135,0.234534,0.393721,0.762474,0.400536,-0.399815
01324189,1523964180802,-8.74295,-4.63789,4.48527,-0.522926,-0.66478,-0.18756,0.738422,-0.1211,-0.565318
01324188,1523964180802,-9.58023,-1.60056,-0.232065,-0.305339,0.152872,0.00698733,0.855287,-0.349965,-0.14055
01324185,1523964180802,-10.8774,-1.6397,-1.03837,0.452709,-0.00871557,0.321443,0.88324,0.292994,-0.314329
01324181,1523964180802,-9.48387,0.456265,3.39255,0.00400276,-0.642128,-0.113408,0.857108,0.354864,-0.221474
01324180,1523964180802,-10.3895,-3.76976,0.19191,0.243894,0.21186,0.496309,0.768976,0.394163,-0.397063
01324189,1523964180819,-8.63638,-4.61046,4.8318,-0.19303,-0.638875,-0.214061,0.733561,-0.117118,-0.572193
01324188,1523964180819,-9.83567,-1.3681,-0.239401,-0.0419306,0.194082,0.0313213,0.854343,-0.351125,-0.140342
01324185,1523964180819,-11.3696,-1.64875,-1.12397,0.552529,0.0658296,0.390702,0.885276,0.289309,-0.315216
01324181,1523964180819,-9.54,0.620679,3.26829,0.0237852,-0.415718,-0.113239,0.854861,0.356881,-0.228808
01324180,1523964180819,-10.9549,-4.01334,0.226139,0.331298,0.166048,0.568697,0.772296,0.385097,-0.395401
01324189,1523964180836,-8.15749,-3.93555,4.74342,0.0622327,-0.527702,-0.201076,0.728706,-0.114144,-0.579076
01324188,1523964180836,-9.69991,-1.28707,-0.522767,0.0834454,0.233326,0.0175859,0.855287,-0.350458,-0.136268
01324185,1523964180836,-11.6032,-1.53171,-1.10546,0.594827,0.160062,0.432624,0.887721,0.280525,-0.317102
01324181,1523964180836,-9.75632,0.698097,3.37168,0.0327912,-0.258243,-0.112718,0.853531,0.358807,-0.233223
01324180,1523964180836,-11.1939,-4.24844,0.278102,0.41277,0.0989357,0.651378,0.776727,0.374878,-0.398646
01324189,1523964180852,-7.9328,-2.76698,4.71359,0.188618,-0.339164,-0.18507,0.72439,-0.113191,-0.584107
01324188,1523964180852,-9.58989,-1.62458,-0.587948,0.111184,0.255678,-0.0102719,0.8557,-0.351843,-0.131778
01324185,1523964180852,-11.6505,-1.30736,-0.960162,0.536206,0.245047,0.420243,0.891259,0.270658,-0.316626
01324181,1523964180852,-9.81915,0.724042,3.37078,0.0541563,-0.123465,-0.0952282,0.85206,0.360192,-0.236295
01324180,1523964180852,-10.9618,-3.16503,0.815616,0.267406,0.0373011,0.676615,0.781711,0.362314,-0.399512
01324189,1523964180869,-8.09902,-1.60633,5.11805,0.310507,-0.195258,-0.132488,0.722797,-0.115754,-0.586787
01324188,1523964180869,-9.47841,-1.59444,-1.16908,0.293673,0.333393,-0.0913397,0.857615,-0.35486,-0.124174
01324185,1523964180869,-11.5195,-1.16354,-0.77314,0.324712,0.277901,0.330936,0.894253,0.26164,-0.316026
01324181,1523964180869,-9.9822,0.663919,3.33225,0.0648914,0.0351412,-0.080049,0.850015,0.362222,-0.236449
01324180,1523964180869,-10.7733,-3.11453,1.73615,-0.588811,0.010177,0.590098,0.785407,0.355859,-0.398885
01324189,1523964180886,-8.19565,-1.17648,4.98909,0.397586,-0.0787146,-0.0924223,0.721178,-0.117154,-0.587583
01324188,1523964180886,-9.76288,-0.676095,-0.973039,0.457632,0.327506,-0.100978,0.856658,-0.35456,-0.117809
01324185,1523964180886,-11.2779,-1.17927,-0.530978,0.0451461,0.262476,0.192665,0.898608,0.257769,-0.311817
01324181,1523964180886,-10.0827,0.585141,3.27515,0.0791499,0.12292,-0.0689565,0.851219,0.362781,-0.236341
01324180,1523964180886,-10.9884,-4.66008,2.46996,-1.3304,-0.0857952,0.503521,0.787375,0.356357,-0.391061
01324189,1523964180902,-8.18998,-1.49961,4.56958,0.295359,0.0811777,-0.043313,0.723217,-0.118641,-0.586146
01324188,1523964180902,-9.68069,0.00531458,-0.878784,0.492692,0.300123,-0.0744986,0.85853,-0.350684,-0.110986
01324185,1523964180902,-11.1957,-1.36724,-0.1589,-0.271472,0.183503,0.0106565,0.898889,0.258839,-0.307512
01324181,1523964180902,-9.94791,0.601467,3.06318,0.0757194,0.202406,-0.0717426,0.850396,0.36241,-0.234196
01324180,1523964180902,-11.0387,-6.12847,2.93511,-1.52936,-0.196713,0.434319,0.792102,0.361151,-0.381568
01324189,1523964180919,-8.10051,-1.94315,4.19719,0.0645729,0.226855,0.00537802,0.722118,-0.120904,-0.583875
01324188,1523964180919,-9.26847,0.328608,-1.12559,0.426482,0.277684,-0.0503615,0.859894,-0.35232,-0.104636
01324185,1523964180919,-11.2128,-1.5716,0.0526008,-0.588449,0.0562152,-0.159113,0.898485,0.261562,-0.305313
01324181,1523964180919,-9.85456,0.563827,2.97273,0.0899253,0.264628,-0.0540302,0.85119,0.362153,-0.232337
01324180,1523964180919,-10.6689,-6.56604,2.7188,-1.34328,-0.311243,0.36593,0.792147,0.36649,-0.376458
01324189,1523964180936,-7.59579,-2.35163,3.7456,-0.0362093,0.362405,0.0286773,0.724815,-0.120961,-0.58096
01324188,1523964180936,-9.17031,0.733574,-1.16132,0.306416,0.231161,0.00141111,0.860698,-0.351145,-0.098912
01324185,1523964180936,-11.0111,-1.79693,-0.12356,-0.824156,-0.0716889,-0.320509,0.896586,0.269237,-0.302372
01324181,1523964180936,-9.75972,0.516592,2.77138,0.0916917,0.342806,-0.0326928,0.853574,0.363049,-0.229189
01324180,1523964180936,-10.4078,-6.48319,2.01607,-0.846196,-0.392045,0.299897,0.790789,0.367966,-0.376679
01324189,1523964180952,-7.13453,-2.52682,3.40475,0.0189024,0.499848,0.0773792,0.730751,-0.122524,-0.574078
01324188,1523964180952,-8.73618,0.449391,-1.09233,0.168953,0.198173,0.0568243,0.859746,-0.351388,-0.0964894
01324185,1523964180952,-10.6865,-2.01583,-0.329316,-0.897851,-0.156245,-0.397344,0.892244,0.281449,-0.29829
01324181,1523964180952,-9.49632,0.466473,2.60015,0.0972232,0.37152,-0.0549336,0.854554,0.366038,-0.222878
01324180,1523964180952,-9.93009,-5.93106,1.23587,-0.284283,-0.465253,0.21857,0.788139,0.366583,-0.380184
01324189,1523964180969,-6.66806,-2.40781,2.88441,0.199088,0.596255,0.122127,0.735058,-0.125912,-0.566657
01324188,1523964180969,-8.21371,0.535734,-0.955202,0.338754,0.139178,0.158306,0.859754,-0.353216,-0.091752
01324185,1523964180969,-10.3105,-2.03273,-0.451999,-0.82749,-0.196964,-0.356421,0.889796,0.290918,-0.297457
01324181,1523964180969,-9.14513,0.397896,2.53609,0.107148,0.412776,-0.0684788,0.854763,0.366451,-0.217037
01324180,1523964180969,-9.38916,-5.44218,0.571941,0.339792,-0.459829,0.115299,0.78768,0.364036,-0.389694
01324189,1523964180986,-6.4183,-1.94377,2.60425,0.370943,0.770485,0.146309,0.740995,-0.13049,-0.558058
01324188,1523964180986,-8.03305,-0.36329,-1.44903,0.0400095,0.00567106,0.216812,0.859641,-0.357165,-0.088359
01324185,1523964180986,-9.84702,-1.84787,-0.507713,-0.638189,-0.225418,-0.208575,0.889248,0.297562,-0.296735
01324181,1523964180986,-8.82094,0.270676,2.5889,0.126001,0.442371,-0.0924813,0.855114,0.367261,-0.212536
01324180,1523964180986,-8.86818,-4.61515,0.0981942,0.942164,-0.392957,0.00185915,0.784979,0.358632,-0.40031
01324189,1523964181002,-7.17272,-1.63239,3.16648,0.529879,0.988363,0.170572,0.747724,-0.135506,-0.546526
01324188,1523964181002,-9.34574,0.344357,-1.26953,0.215763,-0.0147321,0.307841,0.857485,-0.359829,-0.0898465
01324185,1523964181002,-9.37369,-1.65337,-0.491155,-0.481784,-0.224378,-0.0489772,0.887344,0.302918,-0.297041
01324181,1523964181002,-8.70436,0.165316,2.57718,0.161809,0.48604,-0.123263,0.855586,0.368242,-0.20671
01324180,1523964181002,-8.33721,-3.38585,-0.0493839,1.18556,-0.337844,-0.0751543,0.781642,0.350633,-0.411781
01324189,1523964181019,-8.47985,-1.63482,3.56106,0.542284,1.13185,0.143949,0.758523,-0.143348,-0.531582
01324188,1523964181019,-8.69476,-1.53584,-1.69074,0.0813476,-0.00455122,0.300117,0.855073,-0.365067,-0.0892008
01324185,1523964181019,-8.98282,-1.59803,-0.508457,-0.355961,-0.225387,0.0537078,0.885986,0.302908,-0.29756
01324181,1523964181019,-8.56931,0.147485,2.60012,0.185138,0.499593,-0.156004,0.856601,0.368649,-0.200611
01324180,1523964181019,-8.1683,-2.68044,0.0914849,0.9419,-0.256708,-0.144564,0.778794,0.345805,-0.421166
01324189,1523964181036,-10.08,-1.18355,4.49663,0.540692,1.15828,0.153094,0.766574,-0.150388,-0.514592
01324188,1523964181036,-9.8453,-4.04153,0.0304001,0.153835,-0.0206416,-0.0112139,0.852365,-0.366628,-0.0891298
01324185,1523964181036,-8.65549,-1.77833,-0.603113,-0.249705,-0.232772,0.0289063,0.884085,0.298063,-0.300123
01324181,1523964181036,-8.71541,0.123695,2.87737,0.176205,0.490726,-0.159457,0.856008,0.368225,-0.194213
01324180,1523964181036,-8.15199,-2.90749,0.35142,0.533692,-0.187041,-0.201225,0.773368,0.342166,-0.427515
01324189,1523964181052,-11.5429,-0.388269,5.35306,0.656471,0.955625,0.196789,0.773293,-0.159274,-0.499743
01324188,1523964181052,-11.4099,-0.803167,-0.203369,0.916299,0.0269226,-0.303183,0.8548,-0.365398,-0.0851749
01324185,1523964181052,-8.51156,-1.94551,-0.767697,-0.153141,-0.207617,-0.0972562,0.883535,0.300139,-0.302234
01324181,1523964181052,-9.33599,0.108715,3.31804,0.174298,0.427134,-0.163286,0.85645,0.371497,-0.188434
01324180,1523964181052,-8.26139,-3.48804,0.571933,0.262311,-0.170288,-0.217009,0.771661,0.340476,-0.43104
01324189,1523964181069,-10.8002,-0.304723,4.49012,0.491907,0.882782,0.178448,0.780309,-0.16574,-0.488762
01324188,1523964181069,-10.7852,4.77506,-1.74612,0.165814,0.100936,-0.226141,0.85683,-0.364547,-0.0823168
01324185,1523964181069,-8.72375,-1.83115,-0.905372,-0.0450993,-0.178583,-0.260803,0.880943,0.304578,-0.306192
01324181,1523964181069,-9.19801,0.212254,3.30487,0.236313,0.345515,-0.13321,0.856793,0.373996,-0.185298
01324180,1523964181069,-8.7056,-3.99278,0.78476,0.135029,-0.180719,-0.247803,0.769253,0.343179,-0.439064
01324189,1523964181086,-9.87574,-0.726495,4.58226,0.0497057,0.921706,0.187384,0.786477,-0.168293,-0.47707
01324188,1523964181086,-10.2779,4.66016,-1.78754,-1.42865,0.224122,-0.201981,0.858834,-0.358688,-0.0866922
01324185,1523964181086,-8.99817,-1.55027,-1.03724,0.0702965,-0.153059,-0.41582,0.877407,0.307917,-0.308698
01324181,1523964181086,-8.8151,0.289627,3.23097,0.24512,0.343137,-0.115265,0.857572,0.373775,-0.181844
01324180,1523964181086,-8.95493,-4.1797,0.83447,0.088533,-0.235264,-0.246711,0.766029,0.345293,-0.443301
01324189,1523964181102,-9.64544,-0.40823,4.56737,-0.322578,0.872138,0.285687,0.793166,-0.168265,-0.464561
01324188,1523964181102,-10.0732,1.10697,-0.981981,-1.73565,0.272968,-0.256515,0.860429,-0.352317,-0.0925128
01324185,1523964181102,-9.03629,-1.37669,-1.0471,0.157053,-0.0876112,-0.482666,0.8755,0.313822,-0.309795
01324181,1523964181102,-8.33535,0.382624,3.25158,0.303795,0.387596,-0.102269,0.859443,0.373088,-0.179322
01324180,1523964181102,-8.79469,-4.16651,0.676593,0.0109894,-0.308714,-0.267968,0.761306,0.348585,-0.44587
01324189,1523964181119,-9.2348,0.246006,3.43575,-0.435302,0.747244,0.434698,0.796654,-0.172205,-0.456598
01324188,1523964181119,-9.56135,-2.39253,-0.0830379,-0.98481,0.305679,-0.35174,0.860916,-0.343189,-0.0945082
01324185,1523964181119,-8.76589,-1.43114,-0.832464,0.264934,-0.0149292,-0.510525,0.871959,0.321674,-0.312344
01324181,1523964181119,-7.94178,0.489321,3.07334,0.323439,0.444174,-0.100231,0.858571,0.375607,-0.176041
01324180,1523964181119,-8.40478,-3.94742,0.478586,-0.117629,-0.323507,-0.338371,0.75587,0.354487,-0.445942
01324189,1523964181136,-9.13979,-0.62019,2.92597,-0.459554,0.732036,0.551906,0.799311,-0.176117,-0.447287
01324188,1523964181136,-9.2361,-2.70285,-0.0129681,0.107182,0.335449,-0.338577,0.862794,-0.339921,-0.0902838
01324185,1523964181136,-8.36719,-1.38759,-0.522418,0.432428,0.0395381,-0.541765,0.867334,0.328114,-0.315007
01324181,1523964181136,-7.53076,0.440861,3.00928,0.351891,0.516976,-0.0825502,0.858768,0.376604,-0.16968
01324180,1523964181136,-7.92898,-3.62055,0.228837,-0.227242,-0.30626,-0.428642,0.75274,0.359203,-0.448506
01324189,1523964181152,-9.29823,-2.56298,1.83815,-0.688637,0.54957,0.530195,0.801168,-0.178867,-0.440368
01324188,1523964181152,-9.18575,-2.14132,0.000797834,0.774724,0.385691,-0.237002,0.86576,-0.337037,-0.08448
01324185,1523964181152,-7.99982,-1.29334,-0.272213,0.586279,0.0783904,-0.562679,0.864338,0.331012,-0.318426
01324181,1523964181152,-7.24244,0.444277,3.0014,0.327184,0.539344,-0.111655,0.858715,0.37631,-0.163555
01324180,1523964181152,-7.4699,-3.5118,0.0405661,-0.254938,-0.258818,-0.525267,0.747001,0.367129,-0.446505
01324189,1523964181169,-8.63769,-3.98158,1.33312,-0.646214,0.38302,0.413256,0.803314,-0.179625,-0.436515
01324188,1523964181169,-9.3439,-1.77881,-0.383906,0.76775,0.435206,-0.186089,0.866564,-0.336381,-0.0739366
01324185,1523964181169,-7.69287,-1.13866,-0.172905,0.718741,0.108596,-0.589454,0.860806,0.335376,-0.318979
01324181,1523964181169,-7.35986,0.540006,2.91187,0.284516,0.528593,-0.116767,0.859984,0.378416,-0.15816
01324180,1523964181169,-7.21706,-3.55069,-0.111859,-0.132295,-0.201315,-0.615585,0.739266,0.375114,-0.448259
01324189,1523964181186,-8.19883,-4.86581,0.808375,-0.203708,0.272667,0.214074,0.803837,-0.181781,-0.432923
01324188,1523964181186,-9.11821,-1.57625,-0.854384,0.341691,0.529393,-0.213601,0.868164,-0.332818,-0.0634907
01324185,1523964181186,-7.64401,-0.919863,-0.177246,0.84782,0.121234,-0.612655,0.858622,0.339679,-0.322676
01324181,1523964181186,-8.04186,0.760117,2.76322,0.186763,0.492779,-0.139033,0.859664,0.377703,-0.151758
01324180,1523964181186,-7.36821,-3.60438,-0.224806,0.10368,-0.12625,-0.685636,0.733707,0.380738,-0.449958
01324189,1523964181202,-8.79392,-5.38512,1.63884,0.295167,0.157034,0.05262,0.804925,-0.182095,-0.432537
01324188,1523964181202,-9.06612,-1.1941,-0.704235,-0.0909771,0.59746,-0.206084,0.869487,-0.328548,-0.052458
01324185,1523964181202,-7.97669,-0.718144,-0.38588,0.940584,0.105748,-0.661914,0.852912,0.34413,-0.326101
01324181,1523964181202,-8.74835,0.875353,2.9352,0.125936,0.27736,-0.123303,0.860446,0.377473,-0.148703
01324180,1523964181202,-7.89286,-3.56527,-0.398895,0.396028,-0.0781303,-0.753654,0.728381,0.390585,-0.45482
01324189,1523964181219,-9.11908,-5.12134,2.38433,0.674716,-0.0842684,-0.0708595,0.803014,-0.185201,-0.430263
01324188,1523964181219,-9.65335,-1.77326,-0.323785,-0.153327,0.687021,-0.0905479,0.871784,-0.327316,-0.0454013
01324185,1523964181219,-8.66671,-0.564867,-0.707316,1.02164,0.100637,-0.73836,0.848688,0.34996,-0.331114
01324181,1523964181219,-9.58514,0.911541,2.94847,0.0333563,0.0983774,-0.143316,0.859045,0.379561,-0.145806
01324180,1523964181219,-8.58549,-3.44603,-0.574185,0.616065,-0.00609176,-0.802563,0.720953,0.396108,-0.458387
01324189,1523964181236,-9.23602,-3.50558,2.71124,0.915379,-0.274108,-0.143433,0.801537,-0.188905,-0.430142
01324188,1523964181236,-9.96064,-2.49762,-0.0163989,0.272601,0.777479,-0.00347657,0.870279,-0.32664,-0.0375232
01324185,1523964181236,-9.61751,-0.551974,-0.977321,1.09864,0.0900962,-0.828314,0.843926,0.353967,-0.335584
01324181,1523964181236,-10.2011,0.89421,3.36507,0.0366453,-0.0649613,-0.137686,0.856848,0.382049,-0.144771
01324180,1523964181236,-9.50521,-3.38356,-0.655327,0.771522,0.0624109,-0.862418,0.713574,0.397125,-0.460962
01324189,1523964181252,-9.0567,-1.67025,1.84636,0.958077,-0.309264,-0.155732,0.7983,-0.194577,-0.430016
01324188,1523964181252,-9.4188,-2.51027,-1.26231,0.928127,0.841801,0.0239385,0.870006,-0.328312,-0.0205081
01324185,1523964181252,-10.5345,-0.577736,-1.16103,1.07966,0.100018,-0.901291,0.838208,0.360493,-0.341121
01324181,1523964181252,-10.2304,0.874517,3.28798,0.0465014,-0.101502,-0.15354,0.855489,0.385293,-0.147883
01324180,1523964181252,-10.4309,-3.24909,-0.702297,0.829331,0.0700157,-0.875824,0.70738,0.401038,-0.465931
01324189,1523964181269,-8.79267,-0.773967,1.06804,0.660099,-0.252764,-0.109822,0.795883,-0.198837,-0.430959
01324188,1523964181269,-8.83542,-1.70488,-2.27531,1.20688,0.839432,0.0126202,0.869448,-0.328152,-0.00202704
01324185,1523964181269,-11.222,-0.568712,-1.23845,0.968209,0.118471,-0.916442,0.831678,0.367594,-0.346139
01324181,1523964181269,-10.1271,0.781016,3.41602,0.0544607,-0.104939,-0.148436,0.855079,0.386701,-0.149238
01324180,1523964181269,-10.936,-3.11527,-0.677491,0.809581,0.115832,-0.888669,0.702254,0.404778,-0.469297
01324189,1523964181286,-8.96565,-0.766861,0.834563,0.275435,-0.156341,-0.0659499,0.793893,-0.203978,-0.433254
01324188,1523964181286,-9.19416,-2.00641,-2.76073,1.0864,0.777912,-0.0119271,0.870273,-0.33196,0.0165926
01324185,1523964181286,-11.4318,-0.610651,-1.13683,0.805435,0.159325,-0.858647,0.827315,0.375812,-0.351697
01324181,1523964181286,-9.9977,0.518004,3.53297,0.0971433,-0.107521,-0.14687,0.853324,0.389515,-0.152604
01324180,1523964181286,-10.9724,-2.94235,-0.633392,0.72337,0.143451,-0.882816,0.695751,0.412476,-0.475267
01324189,1523964181302,-9.71334,-1.89379,0.896722,0.011681,-0.0644685,-0.0401932,0.79405,-0.205141,-0.434738
01324188,1523964181302,-10.3078,-1.14252,-3.31339,1.04304,0.721975,0.0648587,0.868628,-0.331371,0.0325535
01324185,1523964181302,-11.2727,-0.784787,-0.908921,0.597437,0.241668,-0.75012,0.822156,0.381325,-0.35121
01324181,1523964181302,-10.2065,0.199838,3.89998,0.163825,-0.0480135,-0.1413,0.851429,0.390672,-0.153273
01324180,1523964181302,-10.8111,-2.72639,-0.558125,0.582703,0.208281,-0.90785,0.690093,0.415052,-0.476755
01324189,1523964181319,-10.749,-2.66108,0.633051,-0.0251542,0.0155111,-0.0598071,0.791967,-0.198177,-0.434926
01324188,1523964181319,-10.7586,-0.146868,-4.09384,0.687493,0.685762,0.176996,0.865623,-0.330303,0.0450572
01324185,1523964181319,-11.1088,-1.04553,-0.573564,0.476966,0.310717,-0.65181,0.818083,0.387691,-0.350342
01324181,1523964181319,-10.5319,-0.0273077,4.01576,0.230696,-0.00585771,-0.165172,0.851288,0.391939,-0.154362
01324180,1523964181319,-10.6538,-2.58305,-0.468795,0.410186,0.275932,-0.904951,0.686166,0.420528,-0.482808
01324189,1523964181336,-10.9893,-1.87996,0.268558,0.125978,0.0519508,-0.0406799,0.790853,-0.198996,-0.43184
01324188,1523964181336,-10.0664,0.0352545,-4.29823,0.25853,0.610769,0.189271,0.864009,-0.334197,0.0570982
01324185,1523964181336,-11.2255,-1.52616,-0.369512,0.422668,0.348982,-0.570317,0.81483,0.392682,-0.347632
01324181,1523964181336,-10.3906,-0.14192,3.80876,0.293364,0.0160835,-0.223816,0.849689,0.392338,-0.156747
01324180,1523964181336,-10.7608,-2.58305,-0.358662,0.291202,0.394611,-0.901331,0.68006,0.426002,-0.482203
01324189,1523964181352,-10.5873,-1.30582,0.346611,0.170171,0.0963823,0.0268243,0.791673,-0.201029,-0.430929
01324188,1523964181352,-9.97663,-0.512601,-3.92334,-0.0979005,0.513644,0.183138,0.86171,-0.336681,0.0642493
01324185,1523964181352,-11.4674,-1.7534,-0.385936,0.461919,0.334979,-0.519186,0.814827,0.396926,-0.347019
01324181,1523964181352,-10.2439,0.000574787,3.75383,0.292691,0.0526255,-0.254581,0.84642,0.396357,-0.158393
01324180,1523964181352,-10.8844,-2.78598,-0.252224,0.221275,0.490153,-0.872115,0.677792,0.433551,-0.475797
01324189,1523964181369,-10.0306,-0.83947,0.19327,0.0852679,0.160173,0.0662861,0.792225,-0.203056,-0.430415
01324188,1523964181369,-9.61724,-1.40066,-3.65818,-0.139491,0.444335,0.190136,0.861871,-0.341261,0.0685428
01324185,1523964181369,-11.5788,-1.88037,-0.442946,0.536283,0.318821,-0.388167,0.811296,0.399882,-0.347428
01324181,1523964181369,-10.2075,0.297058,3.6711,0.320364,0.112635,-0.262814,0.844343,0.400824,-0.158465
01324180,1523964181369,-10.8285,-3.01816,-0.149028,0.242418,0.583405,-0.844145,0.675006,0.438629,-0.467271
01324189,1523964181386,-10.0254,-0.946252,0.168597,-0.0478646,0.28853,0.134899,0.794102,-0.203952,-0.426695
01324188,1523964181386,-9.29428,-1.69016,-3.80728,0.123339,0.320317,0.210988,0.859838,-0.342656,0.0741415
01324185,1523964181386,-11.4487,-1.87884,-0.516471,0.641385,0.304372,-0.236838,0.810482,0.400167,-0.347297
01324181,1523964181386,-10.3338,0.659405,3.76478,0.342699,0.170789,-0.277906,0.843115,0.402822,-0.159558
01324180,1523964181386,-10.7145,-3.24427,-0.0984021,0.319983,0.642564,-0.809913,0.672074,0.446345,-0.46261
01324189,1523964181402,-10.1803,-1.59578,0.227809,-0.121656,0.370575,0.20206,0.79449,-0.204813,-0.424028
01324188,1523964181402,-9.46622,-1.103,-3.89549,0.277134,0.223333,0.245448,0.857682,-0.345902,0.0788172
01324185,1523964181402,-11.1979,-1.8732,-0.541825,0.79952,0.288203,-0.119602,0.810752,0.400582,-0.347694
01324181,1523964181402,-10.5189,0.943606,3.63257,0.321331,0.181495,-0.272563,0.84295,0.404145,-0.15812
01324180,1523964181402,-10.6112,-3.35866,-0.124608,0.437911,0.712033,-0.799941,0.670067,0.452409,-0.451371
01324189,1523964181419,-10.2282,-1.89939,0.46635,-0.0103419,0.433346,0.207663,0.795538,-0.20769,-0.418038
01324188,1523964181419,-9.74493,-0.615284,-3.84239,0.225123,0.119268,0.273098,0.855793,-0.348374,0.0824598
01324185,1523964181419,-11.0094,-1.66742,-0.658771,0.918495,0.257839,-0.0515481,0.810757,0.394648,-0.34816
01324181,1523964181419,-10.4289,1.1631,3.53234,0.31143,0.142834,-0.257402,0.840633,0.406739,-0.158815
01324180,1523964181419,-10.6388,-3.46529,-0.115796,0.587022,0.754857,-0.723112,0.670152,0.454998,-0.447669
01324189,1523964181436,-10.2085,-1.92342,0.480599,0.125567,0.485489,0.238225,0.798496,-0.212198,-0.411279
01324188,1523964181436,-9.58103,-0.744379,-3.74142,0.104966,0.0235098,0.268597,0.853644,-0.352289,0.0827807
01324185,1523964181436,-10.8204,-1.29789,-0.75316,0.98653,0.21879,-0.0208052,0.810206,0.392024,-0.352581
01324181,1523964181436,-10.0673,1.32281,3.3384,0.275611,0.136496,-0.210911,0.83896,0.410923,-0.158486
01324180,1523964181436,-10.4215,-3.43359,-0.132834,0.751272,0.745884,-0.683495,0.66729,0.45735,-0.444334
01324189,1523964181452,-10.0443,-1.70771,0.707435,0.226711,0.542306,0.270411,0.799953,-0.216234,-0.404499
01324188,1523964181452,-9.58857,-0.806303,-3.50014,0.028424,-0.0207933,0.28086,0.852313,-0.356642,0.0827944
01324185,1523964181452,-10.4146,-1.01882,-0.860753,1.01097,0.194161,-0.00205899,0.81223,0.38512,-0.359454
01324181,1523964181452,-9.75644,1.22947,3.30353,0.239895,0.13867,-0.183264,0.836131,0.4111,-0.158727
01324180,1523964181452,-10.0074,-3.27888,-0.149694,0.866718,0.722708,-0.644299,0.667057,0.456073,-0.448413
01324189,1523964181469,-9.91449,-1.53133,0.881148,0.24103,0.548234,0.300631,0.803864,-0.222346,-0.396693
01324188,1523964181469,-9.63039,-0.968819,-2.99055,-0.0112839,-0.073258,0.318061,0.850712,-0.361243,0.0819873
01324185,1523964181469,-9.94119,-0.754564,-0.922558,0.95883,0.203522,-0.00557269,0.813442,0.379375,-0.364766
01324181,1523964181469,-9.32214,1.2589,3.26228,0.172113,0.137373,-0.148696,0.835823,0.413973,-0.158517
01324180,1523964181469,-9.69533,-3.10158,-0.133589,0.914961,0.692424,-0.612583,0.667578,0.457075,-0.44759
01324189,1523964181486,-9.67483,-1.65548,0.984334,0.149438,0.55955,0.335798,0.805458,-0.228396,-0.388726
01324188,1523964181486,-9.42311,-1.13012,-2.78855,0.0116168,-0.104036,0.340924,0.850326,-0.364574,0.0816487
01324185,1523964181486,-9.52318,-0.50675,-0.906606,0.859341,0.21315,-0.0260328,0.813581,0.374854,-0.365115
01324181,1523964181486,-8.92805,1.22964,3.21223,0.123948,0.143055,-0.121007,0.836454,0.416146,-0.156973
01324180,1523964181486,-9.33012,-2.93369,-0.0807634,0.919424,0.667315,-0.585518,0.667048,0.457534,-0.450007
01324189,1523964181502,-9.51433,-1.63743,1.0355,0.0750051,0.558595,0.356843,0.806366,-0.232272,-0.381671
01324188,1523964181502,-9.31902,-1.083,-2.6839,0.0135534,-0.128922,0.367227,0.849267,-0.368875,0.0804493
01324185,1523964181502,-9.14871,-0.306812,-0.883446,0.728214,0.245975,-0.046596,0.815481,0.371161,-0.366394
01324181,1523964181502,-8.59678,1.24328,3.18511,0.0614161,0.150916,-0.0708333,0.834267,0.416525,-0.154166
01324180,1523964181502,-8.93094,-2.78009,-0.00834977,0.859722,0.607089,-0.567908,0.66811,0.457795,-0.448259
01324189,1523964181519,-9.34947,-1.41053,1.14552,-0.0514077,0.554753,0.391931,0.808357,-0.236461,-0.373693
01324188,1523964181519,-9.30122,-0.828534,-2.53232,0.0310957,-0.126237,0.3833,0.845908,-0.37454,0.0781151
01324185,1523964181519,-8.81051,-0.159591,-0.831499,0.577941,0.247307,-0.0626752,0.814123,0.367313,-0.368445
01324181,1523964181519,-8.38476,1.18758,3.16339,0.00968643,0.169925,-0.0412449,0.834217,0.419143,-0.152358
01324180,1523964181519,-8.56088,-2.62205,0.0686378,0.776889,0.57127,-0.547627,0.666787,0.45637,-0.448809
01324189,1523964181536,-9.36332,-1.19382,1.28742,-0.19018,0.54934,0.412801,0.809968,-0.242376,-0.367599
01324188,1523964181536,-9.39711,-0.585793,-2.36772,-0.0141417,-0.1077,0.409721,0.842695,-0.381604,0.0744785
01324185,1523964181536,-8.53035,-0.0505522,-0.80094,0.409011,0.215095,-0.103168,0.81467,0.365499,-0.367383
01324181,1523964181536,-8.2712,1.21331,3.00664,-0.0154094,0.205149,0.00220278,0.834375,0.416308,-0.15097
01324180,1523964181536,-8.30686,-2.4752,0.161349,0.639381,0.507322,-0.533141,0.664239,0.455387,-0.446628
01324189,1523964181552,-9.4217,-1.18691,1.27371,-0.337549,0.533654,0.437224,0.811312,-0.247713,-0.362435
01324188,1523964181552,-9.36307,-0.521811,-2.22417,-0.0908764,-0.0872493,0.413846,0.840163,-0.389047,0.0724269
01324185,1523964181552,-8.36646,-0.0612498,-0.85152,0.256736,0.18113,-0.125781,0.813586,0.363802,-0.367624
01324181,1523964181552,-8.45213,1.28394,3.0307,-0.0566317,0.213166,0.054156,0.835556,0.415806,-0.146982
01324180,1523964181552,-8.1242,-2.3961,0.190152,0.503737,0.441863,-0.529204,0.664082,0.457423,-0.446855
01324189,1523964181569,-9.47403,-1.41029,1.24233,-0.467699,0.469418,0.438697,0.812516,-0.250604,-0.358455
01324188,1523964181569,-9.35382,-0.63335,-2.139,-0.0943093,-0.0434329,0.439973,0.838435,-0.395334,0.0734027
01324185,1523964181569,-8.39089,-0.0997137,-0.951987,0.0867075,0.182504,-0.15281,0.814125,0.365343,-0.368164
01324181,1523964181569,-8.74779,1.31922,3.07643,-0.104003,0.189004,0.086921,0.836598,0.416291,-0.143812
01324180,1523964181569,-8.12534,-2.31414,0.200259,0.3359,0.411018,-0.507604,0.663115,0.457406,-0.441297
01324189,1523964181586,-9.44393,-1.83751,1.12646,-0.52818,0.394078,0.44574,0.813595,-0.254502,-0.354883
01324188,1523964181586,-9.35387,-0.65204,-2.22547,-0.0767817,-0.0106971,0.479396,0.836571,-0.401018,0.0709138
01324185,1523964181586,-8.60344,-0.12258,-1.07368,-0.0804762,0.136994,-0.194808,0.813046,0.366527,-0.365294
01324181,1523964181586,-8.99265,1.27995,3.05629,-0.112402,0.128209,0.145097,0.836465,0.414342,-0.141376
01324180,1523964181586,-8.31846,-2.33545,0.174088,0.180717,0.336012,-0.465994,0.661705,0.46206,-0.438614
01324189,1523964181602,-9.42432,-2.26523,0.954762,-0.505006,0.307528,0.467301,0.811954,-0.255461,-0.353667
01324188,1523964181602,-9.39405,-0.387465,-2.10963,-0.0610562,0.0402884,0.503058,0.834032,-0.407734,0.0720077
01324185,1523964181602,-8.95365,-0.20719,-1.19612,-0.257858,0.129029,-0.189379,0.812779,0.369968,-0.362449
01324181,1523964181602,-9.23728,1.1825,2.98415,-0.101264,0.0968428,0.215538,0.837813,0.412097,-0.138417
01324180,1523964181602,-8.58309,-2.43478,0.141956,0.0110382,0.27533,-0.398005,0.660691,0.466698,-0.434719
01324189,1523964181619,-9.48435,-2.47429,0.899188,-0.396742,0.201128,0.482091,0.811159,-0.259183,-0.353688
01324188,1523964181619,-9.47626,-0.387434,-2.07049,-0.106309,0.0731084,0.538497,0.828101,-0.415031,0.0712208
01324185,1523964181619,-9.31372,-0.359158,-1.3223,-0.443638,0.129153,-0.175484,0.811431,0.374441,-0.357255
01324181,1523964181619,-9.45762,1.09743,2.95539,-0.120235,0.112878,0.269242,0.838791,0.407278,-0.135534
01324180,1523964181619,-8.89638,-2.508,0.0974079,-0.163553,0.202688,-0.345938,0.658069,0.47284,-0.434693
01324189,1523964181636,-9.60686,-2.33346,0.69691,-0.23543,0.0975538,0.447306,0.808997,-0.263441,-0.352893
01324188,1523964181636,-9.47209,-0.584211,-2.20832,-0.0678545,0.112642,0.581685,0.824766,-0.424756,0.0714624
01324185,1523964181636,-9.63776,-0.583563,-1.42744,-0.641261,0.133895,-0.151407,0.811305,0.380768,-0.351037
01324181,1523964181636,-9.72435,0.880798,2.92885,-0.133874,0.081954,0.317377,0.840016,0.404314,-0.132825
01324180,1523964181636,-9.16652,-2.54179,0.0244953,-0.333027,0.112715,-0.258794,0.65611,0.47852,-0.432116
01324189,1523964181652,-9.72248,-1.87187,0.609692,-0.120791,0.0204083,0.438964,0.806822,-0.265539,-0.352082
01324188,1523964181652,-9.40116,-0.361958,-2.30715,-0.00324807,0.142178,0.617857,0.820059,-0.432428,0.0719845
01324185,1523964181652,-9.90885,-0.88769,-1.46608,-0.818842,0.131546,-0.112009,0.810498,0.387067,-0.346255
01324181,1523964181652,-9.72992,0.86141,2.82293,-0.140158,0.096374,0.333038,0.842342,0.400863,-0.131979
01324180,1523964181652,-9.33889,-2.63927,-0.0816488,-0.521861,0.0206894,-0.160396,0.654556,0.482722,-0.426465
01324189,1523964181669,-9.75845,-1.22178,0.417055,-0.0634311,-0.0578883,0.441076,0.8047,-0.272401,-0.353719
01324188,1523964181669,-9.57416,-0.0891433,-2.61391,0.00729698,0.157165,0.66497,0.816164,-0.439994,0.0761419
01324185,1523964181669,-10.0592,-1.1925,-1.4274,-0.947615,0.110338,-0.0623662,0.810108,0.391039,-0.337789
01324181,1523964181669,-9.60139,0.765891,2.81592,-0.137631,0.0702348,0.355193,0.844639,0.397758,-0.12848
01324180,1523964181669,-9.35657,-2.74513,-0.135574,-0.669495,-0.0349759,-0.033387,0.6526,0.488258,-0.424161
01324189,1523964181686,-9.90435,-0.605378,0.313624,-0.0861075,-0.0921582,0.442859,0.80121,-0.278938,-0.35507
01324188,1523964181686,-9.77166,0.096902,-2.91248,-0.0563661,0.147422,0.682983,0.811742,-0.449713,0.076667
01324185,1523964181686,-9.96822,-1.53001,-1.28709,-1.02591,0.109199,0.0151044,0.809315,0.396456,-0.327505
01324181,1523964181686,-9.63122,0.746028,2.93927,-0.115477,0.102409,0.370927,0.847547,0.390726,-0.1273
01324180,1523964181686,-9.19006,-2.88779,-0.156484,-0.778332,-0.117003,0.102424,0.652774,0.493439,-0.417434
01324189,1523964181702,-10.0556,-0.113261,0.122352,-0.210776,-0.102878,0.486904,0.79937,-0.284377,-0.358573
01324188,1523964181702,-9.86794,0.191,-3.21822,-0.100885,0.119546,0.682359,0.80502,-0.461044,0.0781983
01324185,1523964181702,-9.81904,-1.78599,-1.09916,-1.03824,0.102154,0.0933758,0.812039,0.403645,-0.320389
01324181,1523964181702,-9.69914,0.788902,2.93077,-0.0941622,0.0679556,0.370572,0.849222,0.385704,-0.12668
01324180,1523964181702,-9.02452,-2.97795,-0.121527,-0.820978,-0.152639,0.209101,0.653123,0.496312,-0.41346
01324189,1523964181719,-10.0142,0.418105,-0.154838,-0.347845,-0.0773634,0.511133,0.796783,-0.289721,-0.360679
01324188,1523964181719,-9.63534,0.325993,-3.33678,-0.158373,0.0653786,0.683174,0.801,-0.469663,0.0769004
01324185,1523964181719,-9.64578,-2.00366,-0.985444,-0.965744,0.111136,0.1808,0.811378,0.407189,-0.31218
01324181,1523964181719,-9.77502,0.724905,2.95566,-0.0764258,0.0672684,0.379156,0.851706,0.379281,-0.124178
01324180,1523964181719,-8.8734,-3.06807,-0.106045,-0.847152,-0.194802,0.338697,0.653735,0.499174,-0.408543
01324189,1523964181736,-9.92064,0.868932,-0.184388,-0.477868,-0.034555,0.550574,0.791401,-0.294491,-0.364537
01324188,1523964181736,-9.69222,0.642184,-3.35364,-0.208836,0.00758157,0.689256,0.795617,-0.477551,0.0760696
01324185,1523964181736,-9.64605,-2.13362,-0.933142,-0.853642,0.0913534,0.249692,0.813839,0.406056,-0.304983
01324181,1523964181736,-9.6971,0.614259,2.91481,-0.0444443,-0.0442769,0.371184,0.852021,0.375557,-0.123971
01324180,1523964181736,-8.86759,-3.1454,-0.0919117,-0.825918,-0.236502,0.454565,0.655448,0.498811,-0.401409
01324189,1523964181752,-9.94835,1.07379,-0.000927841,-0.590492,-0.00569063,0.581244,0.788469,-0.30076,-0.367231
01324188,1523964181752,-9.6484,0.744278,-3.14794,-0.25408,-0.0356373,0.682278,0.789838,-0.487235,0.0732446
01324185,1523964181752,-9.68465,-2.14781,-0.919212,-0.743782,0.0767801,0.308354,0.815207,0.406713,-0.300154
01324181,1523964181752,-9.58862,0.440815,2.97196,-0.0569519,-0.0778225,0.376099,0.853431,0.371781,-0.125502
01324180,1523964181752,-8.91919,-3.25676,-0.119613,-0.79569,-0.25323,0.595286,0.658398,0.498165,-0.399302
01324189,1523964181769,-9.90098,0.915597,0.190272,-0.706497,0.0283737,0.612771,0.786885,-0.305766,-0.369394
01324188,1523964181769,-9.47462,0.675147,-3.00668,-0.198187,-0.0724226,0.672547,0.786635,-0.496152,0.071783
01324185,1523964181769,-9.76174,-2.12325,-0.906458,-0.646355,0.0746289,0.364407,0.81916,0.405716,-0.293224
01324181,1523964181769,-9.44343,0.347931,2.95052,-0.0550513,-0.103029,0.353439,0.856198,0.366016,-0.125411
01324180,1523964181769,-9.01916,-3.38858,-0.0923103,-0.717287,-0.262546,0.724062,0.662153,0.497066,-0.396404
01324189,1523964181786,-9.84689,0.476423,0.388005,-0.772366,0.065337,0.620475,0.781538,-0.309981,-0.377131
01324188,1523964181786,-9.47901,0.811425,-2.83701,-0.142217,-0.108379,0.681378,0.779908,-0.506098,0.068684
01324185,1523964181786,-9.80486,-2.02666,-0.8959,-0.607235,0.055177,0.395112,0.821217,0.400349,-0.286116
01324181,1523964181786,-9.17514,0.363297,2.87466,-0.0548778,-0.13373,0.322073,0.858146,0.362649,-0.127489
01324180,1523964181786,-9.15777,-3.51575,-0.0919452,-0.635138,-0.289365,0.852748,0.667845,0.491143,-0.393631
01324189,1523964181802,-9.71652,0.0576816,0.677129,-0.810871,0.0588832,0.649662,0.77938,-0.310939,-0.37872
01324188,1523964181802,-9.43505,0.9454,-2.70862,-0.124702,-0.110502,0.68944,0.774808,-0.515634,0.0655901
01324185,1523964181802,-9.69366,-1.97914,-0.833211,-0.538198,0.0671574,0.42555,0.822996,0.396349,-0.281374
01324181,1523964181802,-8.97344,0.414167,2.92086,-0.0654736,-0.15355,0.304641,0.85928,0.358614,-0.127948
01324180,1523964181802,-9.20599,-3.5657,0.0136524,-0.546806,-0.303541,0.96222,0.671917,0.486268,-0.391355
01324189,1523964181819,-9.75487,-0.264068,1.06639,-0.720416,0.071811,0.644627,0.777125,-0.31421,-0.38287
01324188,1523964181819,-9.57524,0.957647,-2.66191,-0.149114,-0.135966,0.677466,0.769284,-0.522578,0.0633377
01324185,1523964181819,-9.45672,-1.86493,-0.708652,-0.475306,0.0897868,0.456747,0.826806,0.395722,-0.277195
01324181,1523964181819,-8.89473,0.419789,3.11687,-0.0370446,-0.157043,0.304502,0.859383,0.351844,-0.12967
01324180,1523964181819,-9.0374,-3.51561,0.0300748,-0.484415,-0.327957,1.05385,0.677675,0.479541,-0.399958
01324189,1523964181836,-9.66257,-0.450517,1.33717,-0.516624,0.0644747,0.604443,0.772821,-0.318716,-0.385667
01324188,1523964181836,-9.73546,0.779388,-2.60128,-0.198055,-0.146508,0.645135,0.764463,-0.533055,0.0584294
01324185,1523964181836,-9.27271,-1.71186,-0.572521,-0.427414,0.0966909,0.487222,0.830616,0.390839,-0.274283
01324181,1523964181836,-8.94919,0.482292,3.03322,-0.00844075,-0.143236,0.28385,0.860516,0.349479,-0.132292
01324180,1523964181836,-8.88119,-3.46633,0.109211,-0.418978,-0.351607,1.10682,0.685296,0.470258,-0.399175
01324189,1523964181852,-9.58624,-0.496809,1.56958,-0.38911,0.0716808,0.523109,0.771501,-0.324586,-0.386368
01324188,1523964181852,-9.68386,0.344277,-2.47019,-0.260941,-0.150117,0.611054,0.75799,-0.540236,0.0553655
01324185,1523964181852,-9.20463,-1.57257,-0.499223,-0.379924,0.0911665,0.508448,0.834972,0.387261,-0.269554
01324181,1523964181852,-9.08893,0.432201,2.93185,-0.00485045,-0.182294,0.27492,0.861667,0.345402,-0.134613
01324180,1523964181852,-8.8538,-3.37021,0.182513,-0.402671,-0.343228,1.1281,0.689432,0.461338,-0.400226
01324189,1523964181869,-10.0179,-0.226604,1.65463,-0.361769,0.0679303,0.432667,0.767723,-0.328665,-0.387428
01324188,1523964181869,-9.82074,-0.0412651,-2.08538,-0.390424,-0.154432,0.489742,0.753839,-0.54922,0.0494641
01324185,1523964181869,-9.31526,-1.43226,-0.534752,-0.317019,0.0922336,0.499889,0.838377,0.380831,-0.266364
01324181,1523964181869,-9.1376,0.446218,2.8878,-0.0172395,-0.230386,0.257314,0.861481,0.341183,-0.137715
01324180,1523964181869,-9.00181,-3.36555,0.263267,-0.394692,-0.344859,1.1229,0.696815,0.448269,-0.396675
01324189,1523964181886,-10.5345,0.00556225,1.87718,-0.379765,0.0439518,0.326137,0.76638,-0.329357,-0.389025
01324188,1523964181886,-10.0119,0.601452,-1.82981,-0.641984,-0.131274,0.40326,0.751566,-0.554321,0.0440518
01324185,1523964181886,-9.5948,-1.28614,-0.621343,-0.329224,0.0721068,0.503493,0.841241,0.375828,-0.262401
01324181,1523964181886,-9.34902,0.482488,2.94613,-0.0386002,-0.235709,0.255662,0.861298,0.337513,-0.141892
01324180,1523964181886,-9.2731,-3.35468,0.304182,-0.384735,-0.304461,1.12155,0.702049,0.437444,-0.397916
01324189,1523964181902,-10.6579,0.186338,2.13018,-0.364012,-0.0167439,0.201945,0.76531,-0.329051,-0.391152
01324188,1523964181902,-9.73145,0.603281,-1.89458,-0.924945,-0.119281,0.325387,0.748747,-0.558484,0.0343923
01324185,1523964181902,-9.9779,-1.09842,-0.68937,-0.394427,0.0489015,0.502094,0.844102,0.369386,-0.259863
01324181,1523964181902,-9.48999,0.58759,2.92148,-0.0261309,-0.232195,0.252227,0.861904,0.334849,-0.145433
01324180,1523964181902,-9.60896,-3.39516,0.334517,-0.399617,-0.28651,1.09879,0.70963,0.430617,-0.395189
01324189,1523964181919,-10.4504,0.376438,2.15914,-0.332567,-0.0915165,0.0822072,0.765079,-0.328636,-0.395697
01324188,1523964181919,-9.61477,0.774764,-1.99813,-1.16121,-0.0907573,0.168332,0.745512,-0.561217,0.0224015
01324185,1523964181919,-10.2069,-1.00075,-0.758216,-0.48745,0.030453,0.507467,0.846287,0.364096,-0.256157
01324181,1523964181919,-9.61051,0.61043,2.91544,-0.0546388,-0.244497,0.25741,0.862224,0.331392,-0.146162
01324180,1523964181919,-9.90658,-3.39394,0.346119,-0.403146,-0.270353,1.08049,0.715632,0.421795,-0.393832
01324189,1523964181936,-10.1747,0.761564,2.30194,-0.403364,-0.172102,-0.0147764,0.763193,-0.327449,-0.398611
01324188,1523964181936,-9.68655,0.973488,-2.10526,-1.41473,-0.0847407,0.0427435,0.745532,-0.562772,0.00896128
01324185,1523964181936,-10.4818,-0.982169,-0.736934,-0.612253,0.00344677,0.509539,0.848197,0.35949,-0.253502
01324181,1523964181936,-9.62379,0.539893,2.94327,-0.0518894,-0.253622,0.24182,0.862025,0.328593,-0.149826
01324180,1523964181936,-10.0476,-3.34261,0.357108,-0.479087,-0.250428,1.03535,0.721382,0.412113,-0.393705
01324189,1523964181952,-10.0205,1.11673,2.39782,-0.5224,-0.271977,-0.0843208,0.75967,-0.320477,-0.404673
01324188,1523964181952,-9.80254,0.972981,-2.31854,-1.74473,-0.125818,-0.0343213,0.746643,-0.564566,-0.00908998
01324185,1523964181952,-10.4408,-1.07382,-0.630983,-0.687,-0.0097439,0.529258,0.851468,0.356053,-0.248771
01324181,1523964181952,-9.55856,0.523671,2.95608,-0.0491384,-0.239702,0.229851,0.863863,0.325312,-0.154564
01324180,1523964181952,-10.0097,-3.3165,0.442213,-0.550028,-0.211229,0.989462,0.726621,0.40159,-0.396833
01324189,1523964181969,-9.8277,1.19701,2.02999,-0.722845,-0.334787,-0.125787,0.758358,-0.316736,-0.412125
01324188,1523964181969,-9.64788,0.986548,-1.92278,-2.13745,-0.0962217,-0.103928,0.746643,-0.562175,-0.0288869
01324185,1523964181969,-10.284,-1.14209,-0.501118,-0.733246,-0.0160642,0.557381,0.855283,0.350218,-0.244019
01324181,1523964181969,-9.51003,0.509664,2.98563,-0.0651084,-0.223904,0.224857,0.863936,0.320973,-0.156469
01324180,1523964181969,-9.83556,-3.32197,0.468052,-0.614448,-0.178414,0.913638,0.732877,0.394217,-0.395991
01324189,1523964181986,-9.59066,0.929958,1.57339,-0.878439,-0.319483,-0.172464,0.757493,-0.309922,-0.421092
01324188,1523964181986,-9.10754,0.700472,-1.28906,-2.32954,-0.0649915,-0.180931,0.750441,-0.558912,-0.0500246
01324185,1523964181986,-10.1924,-1.27255,-0.367818,-0.741185,-0.047521,0.576282,0.859776,0.345511,-0.239279
01324181,1523964181986,-9.50347,0.567962,2.99422,-0.0758464,-0.246785,0.23158,0.864415,0.316766,-0.158647
01324180,1523964181986,-9.66886,-3.33042,0.539722,-0.654676,-0.12814,0.845123,0.737876,0.39034,-0.393573
01324189,1523964182002,-9.44722,0.568583,1.45109,-0.891397,-0.234012,-0.218891,0.756414,-0.301,-0.427704
01324188,1523964182002,-8.84911,0.640663,-1.14613,-2.3396,0.017492,-0.263249,0.752316,-0.552076,-0.0719926
01324185,1523964182002,-10.1108,-1.40789,-0.357789,-0.751699,-0.068555,0.576413,0.862777,0.340804,-0.234535
01324181,1523964182002,-9.30046,0.507254,3.03049,-0.0898961,-0.271355,0.196892,0.864471,0.31469,-0.161796
01324180,1523964182002,-9.55177,-3.42132,0.591121,-0.661519,-0.0702749,0.754005,0.742492,0.384287,-0.389976
01324189,1523964182019,-9.49905,0.381083,1.97232,-0.851779,-0.204174,-0.250778,0.755879,-0.291805,-0.434319
01324188,1523964182019,-8.76779,1.03868,-1.56191,-2.35854,0.0868904,-0.344034,0.753777,-0.544424,-0.0925566
01324185,1523964182019,-10.0675,-1.46349,-0.308119,-0.689828,-0.0937483,0.583301,0.864417,0.334079,-0.232121
01324181,1523964182019,-9.02889,0.376966,3.10718,-0.0737071,-0.299433,0.162069,0.863601,0.31259,-0.166664
01324180,1523964182019,-9.49986,-3.50273,0.586347,-0.610885,-0.00909906,0.684391,0.746533,0.380847,-0.384966
01324189,1523964182036,-9.46732,0.448791,2.85557,-0.893223,-0.279595,-0.256101,0.755086,-0.280027,-0.444125
01324188,1523964182036,-8.70419,1.23247,-1.7254,-2.42719,0.170743,-0.437391,0.758766,-0.535902,-0.114323
01324185,1523964182036,-9.99991,-1.49035,-0.264633,-0.619309,-0.122373,0.607205,0.867952,0.32845,-0.231293
01324181,1523964182036,-8.7996,0.163696,3.17794,-0.0753201,-0.312398,0.132626,0.861119,0.308831,-0.169884
01324180,1523964182036,-9.42566,-3.6275,0.596053,-0.552465,0.0519183,0.6236,0.748987,0.376286,-0.381848
01324189,1523964182052,-9.42453,0.664287,3.7317,-0.978286,-0.368392,-0.272211,0.752264,-0.270786,-0.453793
01324188,1523964182052,-8.45203,1.39006,-2.33045,-2.30934,0.254422,-0.536518,0.764145,-0.525022,-0.133656
01324185,1523964182052,-9.91301,-1.47162,-0.256414,-0.546141,-0.124785,0.611372,0.870401,0.322828,-0.230201
01324181,1523964182052,-8.61499,-0.0281683,3.12725,-0.0821255,-0.288531,0.0871488,0.861306,0.308711,-0.175203
01324180,1523964182052,-9.40508,-3.714,0.581278,-0.455564,0.10944,0.570083,0.754911,0.372964,-0.377945
01324189,1523964182069,-9.18242,0.864627,3.81128,-0.974774,-0.425451,-0.276583,0.752285,-0.262042,-0.461356
01324188,1523964182069,-8.39609,0.724464,-3.38856,-2.19338,0.445628,-0.597304,0.768567,-0.513836,-0.146758
01324185,1523964182069,-9.84555,-1.50093,-0.254148,-0.510916,-0.102208,0.612025,0.87326,0.315371,-0.229092
01324181,1523964182069,-8.70603,-0.0827945,3.34023,-0.081754,-0.243686,0.0237869,0.860913,0.309803,-0.177882
01324180,1523964182069,-9.3367,-3.76644,0.593742,-0.343414,0.151493,0.503364,0.75953,0.36927,-0.380656
01324189,1523964182086,-8.89808,0.165658,2.89985,-0.933323,-0.416598,-0.292512,0.74919,-0.250353,-0.472475
01324188,1523964182086,-9.23954,-1.18774,-2.92182,-1.77829,0.686692,-0.544985,0.775008,-0.500104,-0.155818
01324185,1523964182086,-9.84081,-1.51062,-0.280941,-0.462927,-0.0870999,0.582959,0.877067,0.309899,-0.227483
01324181,1523964182086,-8.88532,0.0169963,3.32268,-0.0566449,-0.21149,-0.00787223,0.85958,0.310204,-0.180004
01324180,1523964182086,-9.38537,-3.74777,0.60062,-0.241018,0.184272,0.461179,0.762764,0.365695,-0.374826
01324189,1523964182102,-8.90517,-1.34572,1.74748,-0.730338,-0.243736,-0.362337,0.748642,-0.238998,-0.479073
01324188,1523964182102,-9.23698,-3.11706,-2.17273,-0.652843,0.893292,-0.436731,0.783639,-0.490443,-0.153569
01324185,1523964182102,-9.90381,-1.55846,-0.362676,-0.385394,-0.072365,0.545374,0.878705,0.302584,-0.226371
01324181,1523964182102,-9.00531,0.107863,3.20908,-0.0546528,-0.166898,-0.0359175,0.859344,0.310549,-0.183999
01324180,1523964182102,-9.53576,-3.73062,0.637916,-0.159907,0.229927,0.428643,0.766834,0.360081,-0.370401
01324189,1523964182119,-8.78071,-2.84373,0.987483,-0.416713,-0.138545,-0.491212,0.746986,-0.228609,-0.483256
01324188,1523964182119,-8.78764,-2.52192,-2.00355,0.821377,1.00466,-0.336877,0.790114,-0.484875,-0.137937
01324185,1523964182119,-10.0294,-1.50484,-0.503435,-0.314929,-0.0610813,0.507832,0.881697,0.29412,-0.226299
01324181,1523964182119,-9.02525,0.127076,3.16029,-0.035869,-0.128167,-0.0468445,0.857715,0.311156,-0.183462
01324180,1523964182119,-9.61906,-3.66435,0.671303,-0.0966263,0.260359,0.365113,0.772202,0.356452,-0.361898
01324189,1523964182136,-8.40245,-3.94308,0.867192,0.19441,-0.0209445,-0.66358,0.747767,-0.221148,-0.484143
01324188,1523964182136,-8.96004,-0.0455932,-2.26533,1.61354,1.03105,-0.235687,0.794445,-0.485252,-0.112947
01324185,1523964182136,-9.98088,-1.37519,-0.577209,-0.279377,-0.0528986,0.477111,0.883335,0.28823,-0.224417
01324181,1523964182136,-8.95763,0.0163678,3.04692,0.0149623,-0.0663761,-0.0550953,0.856089,0.313423,-0.185621
01324180,1523964182136,-9.52942,-3.68785,0.710719,-0.087506,0.270066,0.318619,0.773964,0.354086,-0.359808
01324189,1523964182152,-8.37463,-3.83071,0.662577,0.696445,0.0979306,-0.782958,0.750182,-0.218609,-0.481874
01324188,1523964182152,-9.10713,2.04689,-2.82224,1.49866,0.965809,-0.155846,0.797564,-0.487152,-0.0892502
01324185,1523964182152,-9.83584,-1.21724,-0.64085,-0.289618,-0.0473951,0.485557,0.885237,0.285268,-0.224394
01324181,1523964182152,-8.87491,-0.0699859,3.03703,0.0578984,-0.0404757,-0.0912188,0.855942,0.314009,-0.185099
01324180,1523964182152,-9.45279,-4.02149,1.30419,-0.192603,0.226501,0.231393,0.777622,0.350529,-0.35831
01324189,1523964182169,-8.35341,-3.07524,0.284338,0.996593,0.231046,-0.842633,0.754196,-0.214373,-0.477066
01324188,1523964182169,-9.21942,3.0697,-3.1772,0.930107,0.902239,-0.130385,0.800946,-0.487311,-0.0685473
01324185,1523964182169,-9.74694,-1.38146,-0.57988,-0.301752,-0.0282773,0.448011,0.887414,0.279348,-0.224083
01324181,1523964182169,-8.68328,-0.0337366,3.01583,0.0972081,-0.033895,-0.118921,0.854874,0.314559,-0.186829
01324180,1523964182169,-9.26756,-4.1604,1.40674,-0.236681,0.220899,0.10616,0.779742,0.351195,-0.354542
01324189,1523964182186,-8.63601,-2.18659,0.0594802,1.15997,0.361498,-0.803197,0.757641,-0.212406,-0.468253
01324188,1523964182186,-9.02178,2.90695,-3.10988,0.335577,0.879735,-0.0797917,0.803504,-0.485483,-0.0525616
01324185,1523964182186,-9.50844,-1.58505,-0.427855,-0.335625,-0.0742664,0.396416,0.890681,0.273745,-0.221947
01324181,1523964182186,-8.65688,0.0344362,3.10163,0.109999,0.00932622,-0.173763,0.854867,0.315131,-0.186841
01324180,1523964182186,-8.81509,-4.32335,1.33776,-0.139089,0.245665,0.111205,0.781882,0.34997,-0.350271
01324189,1523964182202,-8.9801,-1.51088,0.51415,1.23779,0.368655,-0.763794,0.765168,-0.211692,-0.458292
01324188,1523964182202,-8.75589,2.23638,-2.86521,0.236618,0.884296,0.00814261,0.805524,-0.484449,-0.0381014
01324185,1523964182202,-9.22448,-1.94059,-0.242245,-0.301621,-0.117087,0.286887,0.889602,0.268116,-0.221235
01324181,1523964182202,-8.60103,0.0156594,3.13616,0.113736,-0.0231866,-0.210269,0.852402,0.319425,-0.1885
01324180,1523964182202,-8.61362,-4.34921,1.26708,0.0712615,0.234438,0.0974595,0.78322,0.348026,-0.34465
01324189,1523964182219,-9.17459,-1.00105,1.35805,1.23799,0.318753,-0.76188,0.769433,-0.210465,-0.44936
01324188,1523964182219,-9.04703,1.28848,-2.66662,0.610293,0.953888,0.108799,0.807007,-0.484551,-0.02101
01324185,1523964182219,-9.01702,-2.05968,-0.0509378,-0.169829,-0.162755,0.162824,0.890687,0.266405,-0.222138
01324181,1523964182219,-8.48376,0.0413232,3.1171,0.096064,-0.0661639,-0.236475,0.850516,0.320147,-0.189427
01324180,1523964182219,-8.44696,-4.28312,1.13614,0.292969,0.279214,0.0921212,0.783759,0.347136,-0.343053
01324189,1523964182236,-9.36219,-0.920184,2.49048,1.18603,0.292725,-0.769062,0.774684,-0.210573,-0.442994
01324188,1523964182236,-9.26653,0.753793,-2.63599,1.24907,1.03748,0.220273,0.806196,-0.487257,-0.00351378
01324185,1523964182236,-8.75364,-1.92651,-0.0246848,0.0142091,-0.1792,0.108179,0.890604,0.266444,-0.224614
01324181,1523964182236,-8.37611,0.0426394,3.06463,0.0676086,-0.088384,-0.239191,0.848203,0.32315,-0.191061
01324180,1523964182236,-8.19116,-4.20186,1.03999,0.543259,0.276533,0.0971646,0.786884,0.343152,-0.341421
01324189,1523964182252,-9.67267,-1.07423,3.39785,1.11886,0.22537,-0.81351,0.778142,-0.208612,-0.43552
01324188,1523964182252,-9.39949,1.42077,-2.78059,1.97844,1.09607,0.316139,0.804297,-0.491254,0.0263144
01324185,1523964182252,-8.56276,-1.70152,-0.185606,0.228603,-0.188677,0.0654352,0.890596,0.264674,-0.228651
01324181,1523964182252,-8.51471,0.118483,3.25066,0.030055,-0.0887767,-0.212327,0.847474,0.328013,-0.19182
01324180,1523964182252,-8.14726,-4.17563,0.890716,0.802834,0.274974,0.04956,0.787757,0.337624,-0.341815
01324189,1523964182269,-9.7124,-0.778306,3.46,1.16442,0.243864,-0.840929,0.781043,-0.205196,-0.42776
01324188,1523964182269,-9.85801,2.99975,-2.83466,2.20886,1.12037,0.381585,0.802259,-0.494933,0.0587251
01324185,1523964182269,-8.49948,-1.38907,-0.351669,0.442185,-0.16623,0.0446256,0.889233,0.262346,-0.232416
01324181,1523964182269,-8.54331,0.142359,3.30798,0.0155191,-0.103809,-0.164138,0.84586,0.32928,-0.193825
01324180,1523964182269,-8.18284,-3.98594,0.717395,1.00307,0.266361,-0.00544418,0.789981,0.332084,-0.344122
01324189,1523964182286,-10.121,-0.0902061,3.98383,1.1501,0.226877,-0.86841,0.784649,-0.202815,-0.421891
01324188,1523964182286,-10.2918,4.73774,-2.88555,1.89472,1.16327,0.381558,0.796124,-0.495408,0.0927354
01324185,1523964182286,-8.54703,-1.02297,-0.532951,0.589637,-0.129302,7.10424e-06,0.88786,0.259383,-0.239837
01324181,1523964182286,-8.36304,0.319187,3.28884,0.0028082,-0.08884,-0.117491,0.843953,0.331439,-0.194515
01324180,1523964182286,-8.32208,-3.6579,0.587326,1.15779,0.261135,-0.0624135,0.790324,0.327163,-0.347472
01324189,1523964182302,-10.5171,1.05877,4.56698,1.08789,0.0516252,-0.858448,0.787573,-0.198836,-0.416805
01324188,1523964182302,-10.439,5.49424,-2.71799,1.20531,1.20219,0.30465,0.793401,-0.49752,0.119997
01324185,1523964182302,-8.7151,-0.665701,-0.665307,0.695084,-0.0905867,-0.0802689,0.886226,0.257908,-0.243218
01324181,1523964182302,-8.33592,0.445677,3.27451,0.00256479,-0.0188983,-0.0651911,0.8437,0.331127,-0.195836
01324180,1523964182302,-8.57665,-3.40905,0.513701,1.19728,0.236207,-0.120243,0.789877,0.321097,-0.350967
01324189,1523964182319,-10.8315,1.77251,4.91176,0.865145,-0.142626,-0.777928,0.789567,-0.19384,-0.41478
01324188,1523964182319,-10.6964,5.21134,-2.46794,0.444022,1.26966,0.144384,0.78931,-0.497402,0.140676
01324185,1523964182319,-8.86628,-0.315747,-0.778901,0.743419,-0.0546336,-0.139207,0.886084,0.25701,-0.245955
01324181,1523964182319,-8.58041,0.520281,3.4454,0.0467955,0.0359714,-0.0217061,0.843131,0.332316,-0.194259
01324180,1523964182319,-8.73366,-3.21691,0.431049,1.17588,0.186586,-0.182183,0.789264,0.316761,-0.352262
01324189,1523964182336,-11.0716,1.56132,5.29703,0.558638,-0.391238,-0.68515,0.789566,-0.190682,-0.41663
01324188,1523964182336,-11.0598,4.33576,-2.22854,-0.0450208,1.31101,-0.00191198,0.78495,-0.497362,0.156906
01324185,1523964182336,-9.04205,-0.143792,-0.872626,0.723145,-0.0198125,-0.199753,0.884445,0.25834,-0.250147
01324181,1523964182336,-8.75522,0.566836,3.32264,0.0146079,0.0480529,0.0112907,0.840969,0.332638,-0.193977
01324180,1523964182336,-8.9188,-3.09273,0.352584,1.15051,0.155859,-0.225565,0.789729,0.312706,-0.355055
01324189,1523964182352,-11.0637,0.807163,5.51905,0.328451,-0.664923,-0.615212,0.78716,-0.186336,-0.424066
01324188,1523964182352,-11.3741,3.67906,-1.93856,-0.219914,1.36991,-0.103386,0.782763,-0.49713,0.174468
01324185,1523964182352,-9.24492,-0.147469,-1.00706,0.654883,0.0118144,-0.272974,0.883351,0.259124,-0.253421
01324181,1523964182352,-9.04849,0.742919,3.30048,-0.0281388,0.0933954,0.0248011,0.84326,0.332326,-0.193728
01324180,1523964182352,-9.20085,-2.97003,0.307,1.09088,0.0867806,-0.286114,0.787234,0.310609,-0.36101
01324189,1523964182369,-10.8867,0.81639,5.36549,0.218423,-0.858834,-0.558395,0.777433,-0.181815,-0.435165
01324188,1523964182369,-11.5014,3.20323,-2.0993,-0.0973338,1.36946,-0.187517,0.778392,-0.495098,0.188667
01324185,1523964182369,-9.59229,-0.0683853,-1.14344,0.594302,0.0276498,-0.330763,0.881851,0.262472,-0.25541
01324181,1523964182369,-9.38011,0.945197,3.32347,-0.0860916,0.0751146,0.0412631,0.843529,0.330794,-0.191571
01324180,1523964182369,-9.57515,-2.83926,0.308897,0.966255,0.0251259,-0.335571,0.784632,0.307369,-0.369692
01324189,1523964182386,-10.8345,0.664785,4.55136,0.253316,-0.953397,-0.554568,0.772024,-0.173367,-0.444409
01324188,1523964182386,-11.4635,2.99228,-2.29743,0.100451,1.33009,-0.239684,0.774681,-0.49015,0.205735
01324185,1523964182386,-9.91569,-0.0857058,-1.22162,0.53016,0.0417322,-0.390242,0.880351,0.265106,-0.257784
01324181,1523964182386,-9.65599,1.04146,3.25465,-0.142163,0.0609969,0.044824,0.842843,0.33097,-0.190504
01324180,1523964182386,-9.8717,-2.7366,0.316234,0.806423,-0.0388566,-0.363312,0.781966,0.307292,-0.37317
01324189,1523964182402,-11.1756,0.33644,4.27095,0.265587,-1.04412,-0.563176,0.767329,-0.168687,-0.454761
01324188,1523964182402,-11.3435,2.71759,-2.38732,0.29587,1.22526,-0.271331,0.771242,-0.485618,0.225335
01324185,1523964182402,-10.2297,-0.19457,-1.29198,0.485412,0.0690393,-0.429417,0.877364,0.268207,-0.257935
01324181,1523964182402,-10.1017,1.01184,3.35862,-0.150223,0.055831,0.0483692,0.844015,0.332438,-0.188153
01324180,1523964182402,-10.1986,-2.6964,0.260092,0.546891,-0.0948958,-0.410978,0.779312,0.307376,-0.379349
01324189,1523964182419,-11.2088,-0.246849,4.06316,0.132365,-1.08414,-0.53333,0.758012,-0.162455,-0.467057
01324188,1523964182419,-10.8477,2.15346,-1.96733,0.608597,1.0485,-0.271046,0.767383,-0.478809,0.243196
01324185,1523964182419,-10.6162,-0.394415,-1.29521,0.452192,0.0942643,-0.487283,0.87437,0.274378,-0.259815
01324181,1523964182419,-10.4762,1.07039,3.48069,-0.181437,-0.00961123,0.046266,0.843336,0.331904,-0.186804
01324180,1523964182419,-10.6268,-2.66695,0.19565,0.288841,-0.158635,-0.423503,0.775554,0.309503,-0.38412
01324189,1523964182436,-11.186,-0.573523,3.49247,-0.0208286,-1.09638,-0.48763,0.748729,-0.158824,-0.481249
01324188,1523964182436,-10.2704,1.35691,-1.4544,0.971863,0.786174,-0.327979,0.765691,-0.471138,0.260544
01324185,1523964182436,-11.1065,-0.632125,-1.28634,0.446774,0.12725,-0.5333,0.871926,0.278625,-0.259063
01324181,1523964182436,-10.4547,1.0755,3.48073,-0.182414,-0.0660921,0.0526687,0.84224,0.332516,-0.185742
01324180,1523964182436,-11.0604,-2.7775,0.123137,0.0356975,-0.192388,-0.444611,0.771737,0.315388,-0.386109
01324189,1523964182452,-10.7387,-1.09128,3.04149,-0.288093,-1.00231,-0.506556,0.740098,-0.151464,-0.494749
01324188,1523964182452,-9.91435,0.895467,-1.1642,1.41121,0.454549,-0.351562,0.761275,-0.461835,0.275198
01324185,1523964182452,-11.5337,-0.797903,-1.17414,0.421636,0.156342,-0.546969,0.871102,0.284228,-0.261076
01324181,1523964182452,-10.3149,0.858803,3.48094,-0.144002,-0.0452602,0.0303079,0.842391,0.331643,-0.186257
01324180,1523964182452,-11.3192,-2.96153,0.117182,-0.162755,-0.212461,-0.440719,0.766296,0.321286,-0.38537
01324189,1523964182469,-10.5722,-1.28676,2.74399,-0.266791,-0.924861,-0.46224,0.733905,-0.143012,-0.507464
01324188,1523964182469,-9.78827,1.00955,-0.992946,1.72593,0.0412162,-0.3796,0.76118,-0.448571,0.290855
01324185,1523964182469,-11.7605,-0.931191,-1.03204,0.400886,0.160957,-0.54012,0.867298,0.292132,-0.260878
01324181,1523964182469,-10.1576,0.627705,3.54434,-0.135107,-0.00800012,0.037487,0.843869,0.330936,-0.184928
01324180,1523964182469,-11.3413,-3.11371,0.10163,-0.31004,-0.253194,-0.447244,0.762192,0.328919,-0.387726
01324189,1523964182486,-10.3592,-1.73092,2.53282,-0.123986,-0.865969,-0.43881,0.726464,-0.13868,-0.515378
01324188,1523964182486,-9.49736,1.2218,-1.15598,1.90195,-0.380273,-0.392719,0.765286,-0.433094,0.301342
01324185,1523964182486,-11.6736,-1.02306,-0.850409,0.366211,0.171472,-0.48914,0.864853,0.296081,-0.260908
01324181,1523964182486,-10.1229,0.555318,3.56044,-0.109983,0.0463182,0.00857288,0.842392,0.330527,-0.184904
01324180,1523964182486,-11.0935,-3.21287,0.166343,-0.383778,-0.23054,-0.456423,0.757025,0.336438,-0.391961
01324189,1523964182502,-10.1966,-2.23684,2.50482,0.037584,-0.826268,-0.447252,0.718062,-0.132739,-0.523536
01324188,1523964182502,-9.55784,1.85207,-1.60885,1.79722,-0.849555,-0.384448,0.769808,-0.417744,0.301977
01324185,1523964182502,-11.4853,-1.07224,-0.697822,0.318831,0.158262,-0.446522,0.862411,0.300058,-0.2595
01324181,1523964182502,-10.033,0.629206,3.5113,-0.109716,0.117299,-0.0253212,0.843598,0.330247,-0.183847
01324180,1523964182502,-10.8173,-3.27816,0.255689,-0.392773,-0.200515,-0.472172,0.753708,0.343742,-0.390143
01324189,1523964182519,-10.0869,-2.19336,2.38608,0.258555,-0.785491,-0.434295,0.710871,-0.128816,-0.532172
01324188,1523964182519,-9.6379,2.40816,-2.13309,1.31774,-1.33518,-0.315197,0.775566,-0.403906,0.29711
01324185,1523964182519,-11.3116,-1.10698,-0.636962,0.280088,0.1379,-0.407266,0.860782,0.304022,-0.258748
01324181,1523964182519,-10.0004,0.636956,3.4051,-0.0855257,0.193972,-0.0402585,0.843542,0.331905,-0.180157
01324180,1523964182519,-10.6747,-3.31146,0.368075,-0.358774,-0.175537,-0.490285,0.746914,0.350828,-0.389901
01324189,1523964182536,-10.089,-1.72904,2.27525,0.406803,-0.730868,-0.3806,0.705352,-0.128846,-0.538802
01324188,1523964182536,-9.60825,2.57094,-2.32733,0.610541,-1.76735,-0.265478,0.781908,-0.394977,0.278587
01324185,1523964182536,-11.2249,-1.13402,-0.654955,0.217882,0.0903231,-0.381397,0.856708,0.310513,-0.258666
01324181,1523964182536,-10.1012,0.604245,3.38093,-0.0684416,0.253735,-0.0621759,0.843486,0.333843,-0.176739
01324180,1523964182536,-10.5317,-3.35154,0.436923,-0.306065,-0.111881,-0.509768,0.743013,0.362207,-0.388128
01324189,1523964182552,-9.71093,-1.14778,2.04212,0.459631,-0.659798,-0.307785,0.698759,-0.130866,-0.545838
01324188,1523964182552,-9.46883,2.32648,-2.61499,-0.0690406,-2.20215,-0.281061,0.791406,-0.390102,0.252088
01324185,1523964182552,-11.167,-1.09112,-0.740369,0.11937,0.0245563,-0.36047,0.85426,0.314299,-0.259871
01324181,1523964182552,-10.0942,0.645758,3.15317,-0.0629904,0.297812,-0.0687162,0.843441,0.334223,-0.172491
01324180,1523964182552,-10.4338,-3.43725,0.432575,-0.233034,-0.0783329,-0.509114,0.738912,0.369843,-0.391025
01324189,1523964182569,-9.15908,-0.477264,1.9721,0.453268,-0.521666,-0.231773,0.692676,-0.131733,-0.549925
01324188,1523964182569,-9.41729,1.84134,-2.91904,-0.639052,-2.55978,-0.336649,0.797937,-0.388117,0.219919
01324185,1523964182569,-11.066,-1.1135,-0.836667,0.0192702,-0.0208986,-0.336277,0.853439,0.3178,-0.26121
01324181,1523964182569,-10.0617,0.609886,2.98984,-0.0362392,0.327862,-0.0702709,0.843618,0.33735,-0.166972
01324180,1523964182569,-10.3786,-3.57878,0.408168,-0.119393,-0.0204121,-0.492212,0.735343,0.375847,-0.389364
01324189,1523964182586,-8.56934,-0.0475354,2.07132,0.364726,-0.399904,-0.138239,0.688361,-0.133506,-0.553236
01324188,1523964182586,-9.40679,1.37326,-3.22773,-1.02793,-2.8432,-0.422051,0.806659,-0.387318,0.17498
01324185,1523964182586,-10.9022,-1.16995,-0.891624,-0.0902107,-0.0769669,-0.325626,0.851263,0.322867,-0.261775
01324181,1523964182586,-9.98492,0.557489,2.9044,0.00839556,0.352277,-0.0909018,0.84356,0.338178,-0.161935
01324180,1523964182586,-10.2767,-3.60173,0.409037,0.0122694,0.00612204,-0.480672,0.731772,0.382142,-0.387833
01324189,1523964182602,-7.97043,0.133951,2.02619,0.341942,-0.256431,-0.0640706,0.686491,-0.136202,-0.555378
01324188,1523964182602,-9.40335,0.283016,-3.5211,-1.18856,-3.07091,-0.547745,0.81318,-0.381563,0.124718
01324185,1523964182602,-10.6034,-1.28496,-0.874116,-0.179731,-0.112827,-0.301549,0.849632,0.326957,-0.261808
01324181,1523964182602,-9.72471,0.415102,2.7808,0.0370121,0.335918,-0.113595,0.844452,0.339673,-0.158518
01324180,1523964182602,-10.0652,-3.49794,0.416505,0.129303,0.00785005,-0.458843,0.729313,0.386255,-0.388796
01324189,1523964182619,-7.67158,0.134395,1.92189,0.309797,-0.0972399,0.0243108,0.683529,-0.140589,-0.556182
01324188,1523964182619,-9.46515,-0.799459,-3.85734,-0.848879,-3.19348,-0.697193,0.822957,-0.374434,0.0688407
01324185,1523964182619,-10.2467,-1.41233,-0.815287,-0.241463,-0.125934,-0.265755,0.846507,0.331607,-0.262104
01324181,1523964182619,-9.44881,0.224321,2.72584,0.0745531,0.352266,-0.137753,0.842215,0.341419,-0.152147
01324180,1523964182619,-9.68512,-3.33902,0.421089,0.157023,0.00735937,-0.430584,0.723378,0.389269,-0.389731
01324189,1523964182636,-7.66622,-0.168986,2.15962,0.163263,0.0356495,0.121307,0.682723,-0.144161,-0.55513
01324188,1523964182636,-9.66252,-2.02759,-5.37044,-0.0677719,-3.26154,-0.721773,0.828508,-0.36585,0.0207897
01324185,1523964182636,-9.84669,-1.57849,-0.757912,-0.272839,-0.148036,-0.219739,0.842972,0.335517,-0.264223
01324181,1523964182636,-9.20265,0.035831,2.59081,0.130041,0.368221,-0.180989,0.842858,0.344011,-0.146888
01324180,1523964182636,-9.25111,-3.23754,0.437968,0.142869,0.00516688,-0.413179,0.721182,0.39396,-0.391092
01324189,1523964182652,-7.73403,-0.708337,2.92853,0.0186133,0.104721,0.206016,0.68244,-0.14544,-0.553263
01324188,1523964182652,-9.97499,-2.9082,-5.82449,0.666513,-3.14439,-0.66503,0.82617,-0.357008,-0.0174424
01324185,1523964182652,-9.46837,-1.7373,-0.714241,-0.27689,-0.152971,-0.19257,0.840932,0.341159,-0.26427
01324181,1523964182652,-8.98718,0.00189062,2.70876,0.139127,0.383519,-0.213686,0.84184,0.346698,-0.142546
01324180,1523964182652,-8.83597,-3.18743,0.497885,0.123256,0.0115275,-0.386965,0.716449,0.398269,-0.393911
01324189,1523964182669,-7.73601,-1.59109,3.74431,-0.0265742,0.189874,0.191513,0.682727,-0.148325,-0.553021
01324188,1523964182669,-10.4365,-2.25024,-6.92908,1.5106,-2.86206,-0.502237,0.825195,-0.349328,-0.0501037
01324185,1523964182669,-9.11427,-1.9441,-0.647203,-0.269131,-0.156386,-0.177323,0.839298,0.344942,-0.265609
01324181,1523964182669,-9.14758,-0.102055,2.89326,0.151702,0.345842,-0.245889,0.841642,0.351155,-0.141839
01324180,1523964182669,-8.52105,-3.23486,0.539369,0.0999593,0.024754,-0.353695,0.716148,0.400296,-0.392108
01324189,1523964182686,-7.82726,-2.62367,4.35175,0.0138115,0.280907,0.0849039,0.68462,-0.150664,-0.550117
01324188,1523964182686,-9.72986,-0.748732,-7.55708,1.81233,-2.48993,-0.294233,0.823827,-0.344897,-0.075551
01324185,1523964182686,-8.98918,-2.11094,-0.570772,-0.170804,-0.145054,-0.182631,0.837672,0.347652,-0.26406
01324181,1523964182686,-8.96722,-0.136283,2.85643,0.155439,0.28852,-0.283502,0.839816,0.354131,-0.137893
01324180,1523964182686,-8.4701,-3.4473,0.596705,0.104693,0.0255345,-0.306249,0.71318,0.402392,-0.39405
01324189,1523964182702,-8.27112,-3.73986,4.99352,0.119231,0.353121,-0.0977897,0.685948,-0.152117,-0.545726
01324188,1523964182702,-9.40351,1.10713,-9.70871,1.70806,-1.89101,-0.183916,0.821661,-0.34376,-0.0958036
01324185,1523964182702,-8.99415,-2.18552,-0.540675,-0.0210635,-0.13961,-0.198137,0.833594,0.348152,-0.267452
01324181,1523964182702,-8.64975,-0.151937,2.85635,0.139586,0.273782,-0.311238,0.838934,0.356535,-0.13328
01324180,1523964182702,-8.54236,-3.67083,0.652777,0.160552,-0.00161044,-0.255135,0.710199,0.40506,-0.394494
01324189,1523964182719,-7.98499,-4.24686,4.45737,0.130021,0.411267,-0.307592,0.688071,-0.150423,-0.541051
01324188,1523964182719,-7.72507,2.69211,-8.98051,0.496577,-1.28031,-0.158756,0.817858,-0.342165,-0.109673
01324185,1523964182719,-8.98438,-2.15186,-0.522029,0.137364,-0.109596,-0.215516,0.831826,0.349531,-0.269159
01324181,1523964182719,-8.26287,-0.161899,2.83245,0.14865,0.266137,-0.33901,0.836424,0.362047,-0.131641
01324180,1523964182719,-8.51834,-3.85446,0.695507,0.268919,-0.0483819,-0.177463,0.707799,0.404238,-0.395557
01324189,1523964182735,-7.57306,-3.35341,3.85449,-0.107555,0.485126,-0.353047,0.694935,-0.14597,-0.535339
01324188,1523964182735,-6.74877,1.31582,-7.8301,-0.585836,-0.741399,-0.214941,0.812436,-0.342188,-0.125779
01324185,1523964182735,-8.91156,-2.03428,-0.460843,0.300979,-0.0565385,-0.214355,0.829649,0.351471,-0.271001
01324181,1523964182735,-8.00565,-0.229143,2.74603,0.176456,0.331087,-0.364451,0.835007,0.364033,-0.126881
01324180,1523964182735,-8.45944,-3.92896,0.729509,0.398455,-0.0839556,-0.129451,0.706225,0.402396,-0.39841
01324189,1523964182752,-7.96006,-1.98612,4.15811,-0.317333,0.459889,-0.298558,0.698127,-0.141424,-0.530252
01324188,1523964182752,-6.46434,-0.27187,-7.81791,-0.710143,-0.22433,-0.302066,0.812958,-0.337695,-0.134669
01324185,1523964182752,-8.77587,-1.85689,-0.398112,0.383107,0.0051147,-0.22593,0.829366,0.353229,-0.274941
01324181,1523964182752,-7.92809,-0.349456,2.65465,0.222132,0.410901,-0.401835,0.832197,0.370451,-0.123263
01324180,1523964182752,-8.30072,-3.88191,0.794156,0.496523,-0.118704,-0.0851413,0.70426,0.400723,-0.403959
01324189,1523964182769,-8.18803,-0.521837,3.77558,-0.251124,0.342015,-0.152391,0.701055,-0.135727,-0.52676
01324188,1523964182769,-6.38564,-1.22891,-7.5403,-0.223588,0.27052,-0.33221,0.813457,-0.330685,-0.135045
01324185,1523964182769,-8.59185,-1.66775,-0.310879,0.425715,0.0528731,-0.256094,0.826653,0.354642,-0.274814
01324181,1523964182769,-7.88481,-0.421649,2.55971,0.280933,0.455953,-0.407669,0.831139,0.37601,-0.118581
01324180,1523964182769,-8.16568,-3.70765,0.902774,0.581022,-0.150905,-0.0830617,0.701908,0.39731,-0.408726
01324189,1523964182785,-7.79291,0.345781,3.02234,0.0016686,0.342138,0.0599317,0.703885,-0.132935,-0.522304
01324188,1523964182785,-6.81717,-1.49404,-6.62965,0.143119,0.667566,-0.322759,0.81776,-0.324594,-0.126631
01324185,1523964182785,-8.40787,-1.49064,-0.225948,0.372933,0.0635824,-0.295269,0.825013,0.357955,-0.278633
01324181,1523964182785,-7.74242,-0.37134,2.43408,0.333505,0.495673,-0.413569,0.828617,0.380993,-0.114936
01324180,1523964182785,-7.9196,-3.52265,1.03187,0.600647,-0.164663,-0.0953518,0.699321,0.39232,-0.41609
01324189,1523964182802,-7.48827,0.0638041,1.52011,0.188595,0.489395,0.166821,0.706844,-0.136438,-0.516207
01324188,1523964182802,-7.83245,0.172613,-3.03659,0.399535,0.76803,-0.292724,0.820038,-0.321118,-0.114582
01324185,1523964182802,-8.23364,-1.33276,-0.164666,0.291939,0.0498853,-0.335956,0.82257,0.359935,-0.278383
01324181,1523964182802,-7.91986,-0.358932,2.49549,0.380696,0.519508,-0.421227,0.826353,0.384886,-0.108611
01324180,1523964182802,-7.62166,-3.40427,1.12727,0.573436,-0.184051,-0.141413,0.696155,0.3895,-0.420428
01324189,1523964182819,-8.28857,-1.16161,-0.42284,0.127288,0.71785,0.178769,0.707612,-0.139879,-0.509013
01324188,1523964182819,-10.0175,0.50494,-0.425844,0.565253,0.546101,-0.149258,0.824773,-0.319004,-0.105479
01324185,1523964182819,-8.08888,-1.30238,-0.185734,0.237586,-0.00453255,-0.371299,0.820798,0.363559,-0.280635
01324181,1523964182819,-8.50558,-0.298061,2.65721,0.386826,0.470123,-0.420671,0.825576,0.389442,-0.103779
01324180,1523964182819,-7.4532,-3.34453,1.14375,0.524698,-0.173823,-0.180355,0.694288,0.3894,-0.422431
01324189,1523964182835,-10.6671,-2.38867,0.720088,-0.0826485,0.798361,0.119766,0.713542,-0.142156,-0.501065
01324188,1523964182835,-11.8123,-2.4112,0.324555,0.742655,0.49527,-0.156756,0.826528,-0.318521,-0.0946887
01324185,1523964182835,-8.24873,-1.43876,-0.327924,0.244268,-0.0508986,-0.420297,0.81672,0.368034,-0.282757
01324181,1523964182835,-9.48242,-0.309726,2.79367,0.312761,0.382117,-0.401988,0.821438,0.39514,-0.101196
01324180,1523964182835,-7.74339,-3.33287,1.0878,0.495101,-0.155544,-0.220787,0.69031,0.38791,-0.428352
01324189,1523964182852,-12.5494,-3.68663,3.65657,0.303531,0.482614,0.0225621,0.718663,-0.145421,-0.493384
01324188,1523964182852,-11.5359,-2.32369,-1.31488,1.21401,0.522161,-0.15229,0.827195,-0.317952,-0.0822621
01324185,1523964182852,-8.74635,-1.59472,-0.489421,0.331586,-0.0699679,-0.476287,0.813996,0.372492,-0.285668
01324181,1523964182852,-9.78091,-0.184561,2.65895,0.234263,0.217837,-0.387589,0.818929,0.400232,-0.0991483
01324180,1523964182852,-8.45766,-3.41703,0.94744,0.479793,-0.170776,-0.245466,0.686861,0.38699,-0.43427
01324189,1523964182869,-10.9458,-4.44321,3.32873,0.761292,0.235573,-0.10546,0.720939,-0.150915,-0.485956
01324188,1523964182869,-10.0043,0.0255494,-1.88721,0.847417,0.526663,-0.164319,0.825013,-0.31808,-0.0694392
01324185,1523964182869,-9.48919,-1.53718,-0.547988,0.501465,-0.072745,-0.493302,0.807196,0.37661,-0.2917
01324181,1523964182869,-9.32969,0.158104,2.53694,0.0969448,0.138887,-0.338862,0.817763,0.406288,-0.097933
01324180,1523964182869,-9.30718,-3.5322,0.849089,0.483888,-0.212695,-0.24733,0.68238,0.383341,-0.441714
01324189,1523964182885,-9.64162,-3.12774,2.2996,0.951678,0.189857,-0.192086,0.722148,-0.155818,-0.481188
01324188,1523964182885,-9.80263,1.03063,-1.24331,0.202122,0.501732,-0.184062,0.825801,-0.314908,-0.0596815
01324185,1523964182885,-10.0773,-1.42754,-0.506953,0.667162,-0.0593632,-0.484938,0.803656,0.3819,-0.295401
01324181,1523964182885,-9.27877,0.347698,2.8355,0.0894653,0.198412,-0.277157,0.81636,0.409772,-0.0966615
01324180,1523964182885,-9.8478,-3.59058,0.746815,0.488192,-0.26864,-0.250225,0.680257,0.383703,-0.44749
01324189,1523964182902,-9.19617,-0.951929,2.06437,0.853691,0.0931651,-0.210119,0.723087,-0.158276,-0.478139
01324188,1523964182902,-9.78853,-0.435345,-1.25419,-0.27325,0.508277,-0.200468,0.831351,-0.312453,-0.0550151
01324185,1523964182902,-10.1927,-1.37131,-0.361863,0.812573,-0.0252931,-0.458079,0.800656,0.38377,-0.300902
01324181,1523964182902,-9.39699,0.275642,3.20079,0.15315,0.282873,-0.212803,0.81387,0.412596,-0.0935034
01324180,1523964182902,-9.82542,-3.4402,0.704355,0.474576,-0.313061,-0.309493,0.675056,0.383688,-0.45377
01324189,1523964182919,-8.60498,0.225207,1.08462,0.610434,-0.011583,-0.184227,0.72159,-0.161681,-0.47614
01324188,1523964182919,-9.64085,-1.75499,-1.57548,-0.0353091,0.482963,-0.238877,0.831874,-0.309813,-0.0493306
01324185,1523964182919,-9.98654,-1.18212,-0.0669097,0.979328,-0.01247,-0.424378,0.797387,0.384517,-0.30613
01324181,1523964182919,-9.14636,0.0773995,3.00575,0.224209,0.23372,-0.194536,0.813562,0.414216,-0.0916726
01324180,1523964182919,-9.63459,-3.06149,0.715549,0.434083,-0.312912,-0.367721,0.669448,0.383823,-0.459635
01324189,1523964182935,-9.21106,0.266561,1.73646,0.324469,0.0150024,-0.130026,0.722386,-0.163127,-0.473082
01324188,1523964182935,-9.4431,-1.19352,-1.2837,0.255977,0.491451,-0.254485,0.833079,-0.308032,-0.0411477
01324185,1523964182935,-9.64019,-0.914285,0.284318,1.06703,-0.0342719,-0.40741,0.794111,0.385773,-0.314239
01324181,1523964182935,-8.8697,-0.132827,3.00672,0.21346,0.226866,-0.179091,0.811999,0.41887,-0.0893601
01324180,1523964182935,-9.11879,-2.75659,0.763347,0.369901,-0.291401,-0.448898,0.662236,0.383552,-0.465755
01324189,1523964182952,-9.76062,-0.816485,1.1142,0.0832946,-0.0877381,-0.125202,0.724314,-0.164911,-0.474189
01324188,1523964182952,-9.40735,-1.37378,-1.73478,0.385228,0.45094,-0.206236,0.832915,-0.304236,-0.0349779
01324185,1523964182952,-9.25283,-0.632278,0.619086,1.06455,-0.0588302,-0.401389,0.790565,0.384486,-0.322584
01324181,1523964182952,-9.2163,-0.197884,3.37766,0.133228,0.204151,-0.163417,0.810543,0.416469,-0.0887629
01324180,1523964182952,-8.55989,-2.60093,0.817996,0.328999,-0.235361,-0.543799,0.656608,0.385135,-0.471049
01324189,1523964182969,-9.52253,-1.37163,1.25533,-0.0810948,-0.136169,-0.15413,0.721728,-0.163121,-0.475484
01324188,1523964182969,-9.47837,-0.997971,-2.3441,0.283879,0.40137,-0.226957,0.834117,-0.301899,-0.0262211
01324185,1523964182969,-9.14084,-0.420889,0.84505,1.01915,-0.126525,-0.431552,0.786609,0.385024,-0.331339
01324181,1523964182969,-9.70791,-0.109274,3.61431,-0.00926459,0.0589973,-0.165829,0.810477,0.420095,-0.0867106
01324180,1523964182969,-8.49824,-2.51844,0.848054,0.294896,-0.161616,-0.643713,0.650928,0.390337,-0.474647
01324189,1523964182985,-9.65989,-1.97677,1.7087,-0.182701,-0.18338,-0.173888,0.720239,-0.159929,-0.478387
01324188,1523964182985,-9.98248,-0.650847,-2.06415,-0.0875739,0.374789,-0.23165,0.835863,-0.299387,-0.0213686
01324185,1523964182985,-9.61802,-0.239807,0.781119,0.995646,-0.252834,-0.484193,0.784013,0.384591,-0.339303
01324181,1523964182985,-9.95983,-0.0783614,3.70388,-0.0611489,-0.115751,-0.146432,0.809623,0.424383,-0.087589
01324180,1523964182985,-9.07514,-2.42852,0.835664,0.28059,-0.0649414,-0.743197,0.645251,0.3951,-0.477714
01324189,1523964183002,-9.98808,-2.48918,1.73677,-0.157846,-0.256036,-0.158496,0.715891,-0.155801,-0.482054
01324188,1523964183002,-9.92658,-1.24193,-2.04478,-0.248773,0.342271,-0.217152,0.837733,-0.294601,-0.0183969
01324185,1523964183002,-10.3122,0.0725012,0.564987,0.938577,-0.339214,-0.539558,0.776391,0.385519,-0.34988
01324181,1523964183002,-9.94899,-0.0201764,3.91052,-0.152315,-0.228082,-0.0945454,0.80775,0.424935,-0.0897083
01324180,1523964183002,-9.91838,-2.4886,0.786015,0.255827,-0.00418088,-0.800777,0.639859,0.398259,-0.480276
01324189,1523964183019,-9.79903,-2.80439,1.6066,-0.113974,-0.285871,-0.137893,0.716181,-0.154382,-0.484724
01324188,1523964183019,-9.80209,-1.61363,-2.40337,-0.232096,0.302601,-0.190887,0.837169,-0.291842,-0.0148477
01324185,1523964183019,-11.0306,0.295949,0.42845,0.828208,-0.408972,-0.567749,0.769449,0.387882,-0.359164
01324181,1523964183019,-9.91794,0.120768,4.07707,-0.205959,-0.198987,-0.0484627,0.807611,0.426058,-0.090794
01324180,1523964183019,-10.703,-2.56662,0.671583,0.249014,0.0215296,-0.85499,0.63304,0.407374,-0.479722
01324189,1523964183035,-9.80318,-2.80889,1.6529,-0.0668327,-0.260433,-0.120012,0.714579,-0.152491,-0.489243
01324188,1523964183035,-9.92358,-1.78204,-2.39368,-0.182908,0.242685,-0.139889,0.837976,-0.29035,-0.0158426
01324185,1523964183035,-11.4016,0.541335,0.318062,0.665755,-0.412446,-0.540255,0.76304,0.392166,-0.371216
01324181,1523964183035,-10.156,0.176125,4.14452,-0.234636,-0.0848401,0.00266361,0.806431,0.424334,-0.0918094
01324180,1523964183035,-11.2571,-2.47916,0.458801,0.217784,0.023967,-0.888431,0.62651,0.415629,-0.481624
01324189,1523964183052,-10.1041,-2.65048,1.01279,-0.118345,-0.22012,-0.0562447,0.712694,-0.151735,-0.492027
01324188,1523964183052,-10.0581,-2.25973,-2.97791,-0.0221708,0.149091,-0.0884819,0.839871,-0.289611,-0.0136637
01324185,1523964183052,-11.6517,0.783685,0.343261,0.481151,-0.346846,-0.497048,0.757595,0.394284,-0.378542
01324181,1523964183052,-10.367,0.0524193,4.02721,-0.243725,-0.0451161,0.046199,0.806402,0.425234,-0.0899664
01324180,1523964183052,-11.6247,-2.23997,0.258342,0.111094,0.0293347,-0.907389,0.620133,0.422725,-0.484363
01324189,1523964183069,-10.1451,-2.43088,0.617179,-0.148886,-0.130922,-0.0405218,0.710121,-0.14866,-0.495454
01324188,1523964183069,-9.97256,-2.02219,-3.20214,0.0810966,0.0313895,-0.0448074,0.839049,-0.2887,-0.0110356
01324185,1523964183069,-11.7436,0.644665,0.402007,0.232113,-0.266414,-0.441987,0.752554,0.399935,-0.38551
01324181,1523964183069,-10.4393,-0.0259724,3.9075,-0.240351,0.0105369,0.0906543,0.808011,0.424534,-0.0882401
01324180,1523964183069,-11.6303,-1.9613,0.151058,-0.0435043,0.0367816,-0.866925,0.613776,0.427489,-0.485526
01324189,1523964183085,-10.6515,-2.48661,0.583312,-0.220787,-0.0342048,-0.00886158,0.709708,-0.147499,-0.495708
01324188,1523964183085,-9.95184,-1.64533,-3.31642,0.0466151,-0.0997049,-0.000467682,0.839728,-0.288502,-0.0123795
01324185,1523964183085,-11.5374,0.291751,0.287622,-0.113495,-0.176165,-0.384391,0.748477,0.402999,-0.387619
01324181,1523964183085,-10.5058,-0.167391,3.80835,-0.26174,0.115366,0.118383,0.80989,0.422854,-0.0852995
01324180,1523964183085,-11.3593,-1.77435,0.123311,-0.201573,0.0423887,-0.825701,0.60748,0.437609,-0.48469
01324189,1523964183102,-10.5569,-2.81194,0.449671,-0.264198,0.0352728,0.00150874,0.709695,-0.143761,-0.496749
01324188,1523964183102,-9.90076,-2.22068,-3.1287,-0.0051263,-0.209597,0.0687981,0.840543,-0.288282,-0.0142628
01324185,1523964183102,-11.3262,0.0783568,0.0696788,-0.451156,-0.133313,-0.304391,0.746033,0.410081,-0.386109
01324181,1523964183102,-10.5923,-0.255655,3.68632,-0.29563,0.163577,0.145659,0.809632,0.419774,-0.0823073
01324180,1523964183102,-11.0275,-1.6331,0.146662,-0.369041,0.0754901,-0.759753,0.602246,0.447404,-0.481036
01324189,1523964183119,-10.1177,-2.80342,0.676731,-0.196816,0.0931602,-0.0215543,0.711983,-0.13907,-0.496738
01324188,1523964183119,-9.8774,-2.42984,-2.88151,0.100001,-0.337966,0.100861,0.838101,-0.288367,-0.0177416
01324185,1523964183119,-11.0931,-0.226476,0.0579833,-0.690947,-0.115442,-0.158859,0.743324,0.415219,-0.383011
01324181,1523964183119,-10.7716,-0.40811,3.58425,-0.360644,0.165613,0.164047,0.811467,0.419448,-0.0764694
01324180,1523964183119,-10.6471,-1.50821,0.172814,-0.546968,0.106831,-0.695657,0.597757,0.460791,-0.473534
01324189,1523964183135,-9.71735,-2.81703,0.884852,-0.174739,0.13252,-0.0553885,0.711695,-0.138624,-0.495392
01324188,1523964183135,-9.79306,-1.80986,-2.62307,0.151938,-0.431197,0.156824,0.838268,-0.292821,-0.0223353
01324185,1523964183135,-10.7688,-0.700404,0.0586809,-0.840862,-0.109376,-0.0507878,0.742782,0.421902,-0.380197
01324181,1523964183135,-10.7288,-0.252259,3.4946,-0.38647,0.121345,0.163715,0.811722,0.417809,-0.0727149
01324180,1523964183135,-10.2793,-1.52097,0.190836,-0.744316,0.116182,-0.587911,0.59573,0.471395,-0.4691
01324189,1523964183152,-9.59756,-2.59223,1.05883,-0.0425494,0.178635,-0.0408396,0.713045,-0.13851,-0.494202
01324188,1523964183152,-9.85522,-1.59447,-2.35741,0.175915,-0.513517,0.202971,0.837062,-0.294912,-0.0270335
01324185,1523964183152,-10.5285,-1.06781,0.124964,-0.888684,-0.125421,0.0598803,0.741299,0.425239,-0.375385
01324181,1523964183152,-10.4788,-0.258999,3.48425,-0.358006,0.0637211,0.156167,0.814419,0.41582,-0.0703083
01324180,1523964183152,-10.0387,-1.78132,0.194172,-0.85995,0.135598,-0.442687,0.591785,0.480805,-0.453572
01324189,1523964183169,-9.63977,-2.34984,1.09412,-0.0184258,0.2086,-0.0470282,0.716293,-0.138872,-0.491832
01324188,1523964183169,-10.0632,-1.60414,-2.24259,0.22502,-0.614596,0.211015,0.837089,-0.298338,-0.0347957
01324185,1523964183169,-10.2687,-1.36307,0.235769,-0.831439,-0.102064,0.159969,0.744562,0.427861,-0.370975
01324181,1523964183169,-10.2822,-0.280867,3.40141,-0.39187,-0.0363075,0.15536,0.813753,0.412891,-0.067182
01324180,1523964183169,-9.7738,-2.03845,0.149425,-0.877277,0.127134,-0.28737,0.589483,0.490375,-0.445233
01324189,1523964183185,-9.78476,-2.00038,0.936492,0.0126584,0.237634,-0.0478454,0.719003,-0.13707,-0.491447
01324188,1523964183185,-10.0674,-1.45222,-2.59048,0.274013,-0.712606,0.225319,0.836021,-0.300229,-0.0437958
01324185,1523964183185,-10.0423,-1.57142,0.361671,-0.695662,-0.0408466,0.246126,0.745385,0.430202,-0.366554
01324181,1523964183185,-10.113,-0.288648,3.49682,-0.381317,-0.117553,0.161477,0.815523,0.410878,-0.0664936
01324180,1523964183185,-9.55294,-2.25748,0.104458,-0.850591,0.0886982,-0.115262,0.589339,0.498889,-0.436676
01324189,1523964183202,-9.76515,-1.52629,0.825356,0.0144572,0.291141,-0.0248507,0.722108,-0.136851,-0.488669
01324188,1523964183202,-9.79615,-1.29616,-2.29078,0.129529,-0.808993,0.23127,0.833882,-0.304498,-0.0545487
01324185,1523964183202,-9.87842,-1.61098,0.350209,-0.574239,-0.00594801,0.327377,0.749064,0.430618,-0.359508
01324181,1523964183202,-9.67185,-0.293032,3.37174,-0.324472,-0.14912,0.176424,0.816875,0.409737,-0.0654202
01324180,1523964183202,-9.29266,-2.38043,0.149828,-0.769845,0.0842066,0.0337035,0.592075,0.505366,-0.435775
01324189,1523964183219,-9.67947,-1.10636,0.569484,-0.0809702,0.340455,0.00669635,0.724785,-0.135462,-0.484672
01324188,1523964183219,-9.68812,-1.49099,-2.06845,0.100252,-0.918053,0.252903,0.830922,-0.3079,-0.0648327
01324185,1523964183219,-9.62237,-1.47293,0.342681,-0.498764,-0.0111373,0.405509,0.752603,0.428441,-0.355314
01324181,1523964183219,-9.35835,-0.289418,3.48476,-0.310349,-0.194943,0.186248,0.818925,0.407973,-0.0662026
01324180,1523964183219,-8.99031,-2.39678,0.205861,-0.64191,0.0689238,0.204887,0.59374,0.509362,-0.429364
01324189,1523964183235,-9.71573,-1.30452,0.654752,-0.197215,0.362418,0.0204916,0.727607,-0.13523,-0.480819
01324188,1523964183235,-9.84509,-1.42441,-1.85124,0.102177,-0.990785,0.248548,0.830539,-0.310415,-0.0763064
01324185,1523964183235,-9.31055,-1.25815,0.37565,-0.437758,-0.00393545,0.475059,0.755191,0.423698,-0.35253
01324181,1523964183235,-8.988,-0.323834,3.45881,-0.282035,-0.284898,0.200803,0.820313,0.405775,-0.0676338
01324180,1523964183235,-8.69052,-2.41845,0.305344,-0.496445,0.0717279,0.350813,0.5981,0.510819,-0.419122
01324189,1523964183252,-9.63442,-2.05581,0.588453,-0.297673,0.392808,0.0378601,0.732209,-0.134476,-0.478322
01324188,1523964183252,-10.0873,-1.54064,-1.65095,0.102596,-1.09181,0.286348,0.826772,-0.314638,-0.0905401
01324185,1523964183252,-8.98197,-1.0267,0.320381,-0.39304,-0.0248489,0.534599,0.760081,0.42091,-0.350689
01324181,1523964183252,-8.6626,-0.285932,3.35149,-0.246434,-0.290225,0.200555,0.820068,0.405027,-0.0692111
01324180,1523964183252,-8.41511,-2.42093,0.390194,-0.333883,0.0520949,0.482633,0.602381,0.510579,-0.415944
01324189,1523964183269,-9.64325,-2.34448,0.855648,-0.388105,0.407583,0.0277656,0.736247,-0.132548,-0.47447
01324188,1523964183269,-9.99071,-1.52996,-1.15604,0.119516,-1.14523,0.310665,0.824642,-0.319735,-0.105388
01324185,1523964183269,-8.73805,-0.852543,0.220799,-0.404507,-0.0328815,0.595839,0.764702,0.415585,-0.348823
01324181,1523964183269,-8.5794,-0.173181,3.14942,-0.257925,-0.258481,0.198244,0.822262,0.403241,-0.0709252
01324180,1523964183269,-8.23659,-2.38506,0.392134,-0.187171,0.0412969,0.610051,0.608582,0.507117,-0.413535
01324189,1523964183285,-9.57476,-2.36327,0.893514,-0.296382,0.353051,-0.010041,0.741079,-0.12618,-0.470994
01324188,1523964183285,-9.89354,-1.36901,-0.773206,0.180064,-1.19239,0.350392,0.819519,-0.324118,-0.121906
01324185,1523964183285,-8.63663,-0.740107,0.118245,-0.443748,-0.0735799,0.625034,0.769593,0.410113,-0.347217
01324181,1523964183285,-8.60129,-0.00820561,2.83458,-0.276622,-0.266315,0.207699,0.823153,0.399566,-0.0747136
01324180,1523964183285,-8.22717,-2.36066,0.377858,-0.0672876,0.0274116,0.712696,0.615144,0.498018,-0.416248
01324189,1523964183302,-9.50809,-2.00157,0.63779,-0.141496,0.230469,-0.0670634,0.744849,-0.124391,-0.467541
01324188,1523964183302,-9.76538,-0.68901,-0.847759,0.134836,-1.23355,0.369986,0.815619,-0.328578,-0.137231
01324185,1523964183302,-8.67072,-0.752075,-0.0354605,-0.480311,-0.0872202,0.633675,0.773407,0.403277,-0.34324
01324181,1523964183302,-9.24704,0.258155,3.02096,-0.385301,-0.422993,0.199924,0.824959,0.397192,-0.0773422
01324180,1523964183302,-8.30993,-2.30313,0.324195,-0.0218174,0.00785291,0.823652,0.624465,0.493068,-0.41689
01324189,1523964183319,-9.43648,-1.84404,0.298748,0.0397819,0.12835,-0.100935,0.745789,-0.122974,-0.467005
01324188,1523964183319,-9.71105,-0.370794,-0.867916,-0.0133435,-1.29122,0.368338,0.811713,-0.332002,-0.152896
01324185,1523964183319,-8.97534,-0.899595,-0.185896,-0.487286,-0.0810155,0.633714,0.778836,0.40089,-0.342582
01324181,1523964183319,-9.92989,0.252322,3.24371,-0.463844,-0.656413,0.200049,0.825294,0.395925,-0.0826377
01324180,1523964183319,-8.70651,-2.28269,0.233428,-0.0680713,-0.0152501,0.921756,0.628814,0.486579,-0.412622
01324189,1523964183335,-9.38813,-1.55212,0.420415,0.227357,0.0676876,-0.117974,0.749067,-0.124931,-0.466791
01324188,1523964183335,-10.0232,0.230076,-0.772262,-0.16849,-1.35292,0.362992,0.806471,-0.338785,-0.171045
01324185,1523964183335,-9.6179,-1.14613,-0.325699,-0.439533,-0.0445282,0.636977,0.784544,0.395585,-0.339673
01324181,1523964183335,-9.88426,0.192486,2.90705,-0.513715,-0.799802,0.198956,0.825647,0.393785,-0.0885799
01324180,1523964183335,-9.41761,-2.4447,0.153089,-0.146078,-0.0452217,1.05129,0.639132,0.476675,-0.413107
01324189,1523964183352,-9.42946,-0.636858,0.978183,0.337442,0.0131671,-0.078407,0.751247,-0.125419,-0.466552
01324188,1523964183352,-10.1082,0.799609,-0.798425,-0.367286,-1.42148,0.351999,0.801079,-0.343176,-0.19039
01324185,1523964183352,-10.2454,-1.27224,-0.326656,-0.38311,0.00281548,0.678425,0.786997,0.38928,-0.337397
01324181,1523964183352,-9.51164,0.107423,2.5464,-0.514489,-0.837277,0.186479,0.825723,0.394166,-0.0972311
01324180,1523964183352,-10.0425,-2.76639,0.203226,-0.196481,-0.104009,1.17721,0.648618,0.468521,-0.412464
01324189,1523964183369,-9.60619,0.445964,1.96192,0.240515,-0.0770351,0.00143119,0.750733,-0.127861,-0.468172
01324188,1523964183369,-10.1888,1.30744,0.0735977,-0.60102,-1.43638,0.295324,0.794061,-0.347546,-0.215778
01324185,1523964183369,-10.414,-1.3288,-0.139303,-0.336884,0.0437432,0.769147,0.794743,0.380448,-0.334461
01324181,1523964183369,-9.25169,-0.0107105,2.42717,-0.485009,-0.818081,0.17357,0.825722,0.391081,-0.107272
01324180,1523964183369,-10.1588,-2.98913,0.365214,-0.219772,-0.149366,1.29013,0.65766,0.454452,-0.416395
01324189,1523964183385,-9.60034,1.16449,3.35096,-0.0691165,-0.159744,0.146263,0.748865,-0.128118,-0.472036
01324188,1523964183385,-10.3562,1.1845,0.506799,-0.787008,-1.43787,0.21701,0.788106,-0.348571,-0.238275
01324185,1523964183385,-10.134,-1.42661,0.116618,-0.303419,0.0923905,0.909912,0.801678,0.37036,-0.330856
01324181,1523964183385,-8.9838,-0.22596,2.51028,-0.465242,-0.83202,0.138007,0.825415,0.390031,-0.116155
01324180,1523964183385,-9.86386,-3.04807,0.561121,-0.243969,-0.206676,1.34136,0.668809,0.442209,-0.416534
01324189,1523964183402,-9.31168,1.28225,4.60286,-0.495179,-0.150772,0.238066,0.753362,-0.127233,-0.47275
01324188,1523964183402,-10.4637,1.59723,1.1994,-1.03416,-1.36447,0.133778,0.784838,-0.343956,-0.266922
01324185,1523964183402,-9.74805,-1.63096,0.441889,-0.336786,0.128944,1.00999,0.808883,0.361251,-0.327654
01324181,1523964183402,-8.73468,-0.472976,2.59872,-0.442835,-0.840533,0.108525,0.825678,0.385286,-0.123372
01324180,1523964183402,-9.39019,-3.11807,0.86022,-0.27951,-0.188299,1.37279,0.677414,0.43208,-0.422949
01324189,1523964183419,-9.34936,0.568786,5.70437,-0.842134,-0.0960418,0.265264,0.752699,-0.124785,-0.476204
01324188,1523964183419,-10.7531,1.85157,1.88042,-1.28369,-1.26667,0.116268,0.777761,-0.339082,-0.290383
01324185,1523964183419,-9.54587,-1.94741,0.688832,-0.404659,0.137167,1.0644,0.818128,0.349205,-0.323122
01324181,1523964183419,-8.83915,-0.668617,2.98337,-0.43124,-0.876225,0.0875477,0.823599,0.38542,-0.131596
01324180,1523964183419,-9.06339,-3.22306,1.10936,-0.311932,-0.130968,1.38695,0.688304,0.418823,-0.422563
01324189,1523964183435,-9.8976,-0.840604,6.70483,-1.09552,-0.196754,0.236309,0.752714,-0.120343,-0.480453
01324188,1523964183435,-9.7491,1.37498,1.92504,-1.3522,-1.07758,0.0817536,0.772587,-0.334753,-0.312285
01324185,1523964183435,-9.65276,-2.35826,0.901449,-0.443668,0.0352071,1.05492,0.825335,0.339119,-0.319387
01324181,1523964183435,-8.85313,-1.00125,3.09592,-0.358127,-0.91571,0.0508163,0.823005,0.38761,-0.14307
01324180,1523964183435,-9.09463,-3.34485,1.40808,-0.349742,-0.063124,1.40123,0.697579,0.405885,-0.422148
01324189,1523964183452,-10.0864,-2.67099,7.58689,-1.35314,-0.455596,0.123167,0.744991,-0.111836,-0.489937
01324188,1523964183452,-8.13023,0.981156,0.137514,-0.907571,-0.642126,0.142958,0.767127,-0.329148,-0.323995
01324185,1523964183452,-9.9188,-2.6551,0.964419,-0.436263,-0.141818,0.982119,0.830638,0.325021,-0.319008
01324181,1523964183452,-8.48794,-1.33662,3.14091,-0.264508,-0.926938,0.014169,0.821326,0.390387,-0.154546
01324180,1523964183452,-9.27072,-3.6811,1.73804,-0.374442,-0.0204904,1.45056,0.707346,0.393764,-0.414421
01324189,1523964183469,-10.3103,-4.13702,9.21518,-1.39028,-0.797807,-0.0272712,0.739189,-0.101377,-0.502106
01324188,1523964183469,-6.81337,-1.47314,-2.69027,-0.310482,0.122668,0.164604,0.767948,-0.329724,-0.327545
01324185,1523964183469,-9.99657,-2.75589,0.808644,-0.383959,-0.311936,0.932144,0.835251,0.315515,-0.321809
01324181,1523964183469,-8.61374,-1.53033,3.81277,-0.206391,-0.915671,-0.0548083,0.818591,0.391324,-0.165705
01324180,1523964183469,-9.34143,-4.26123,1.96135,-0.349705,0.0250295,1.45267,0.718756,0.380625,-0.411066
01324189,1523964183485,-10.4385,-5.9247,9.95039,-1.01064,-1.15902,-0.0785747,0.739244,-0.0906405,-0.51434
01324188,1523964183485,-6.8795,-2.45559,-3.54,0.386908,0.976409,0.115056,0.767816,-0.33148,-0.318085
01324185,1523964183485,-10.125,-2.77461,0.530448,-0.274045,-0.373073,0.912033,0.840004,0.305899,-0.32304
01324181,1523964183485,-8.95743,-1.4934,4.11898,-0.1145,-0.776422,-0.0917326,0.816116,0.392279,-0.175937
01324180,1523964183485,-9.64256,-4.61221,2.174,-0.290198,0.00708039,1.48103,0.731411,0.365742,-0.41101
01324189,1523964183502,-9.32154,-7.48956,8.78336,-0.421744,-1.32265,-0.0800613,0.726975,-0.0836351,-0.531684
01324188,1523964183502,-8.17626,-2.71165,-3.47943,1.47367,1.71666,0.0525437,0.776522,-0.336362,-0.291949
01324185,1523964183502,-10.4606,-2.70295,0.255338,-0.104029,-0.357634,0.858243,0.843802,0.294536,-0.327128
01324181,1523964183502,-8.88291,-1.30307,3.86465,-0.0351334,-0.68466,-0.10675,0.813518,0.391401,-0.184933
01324180,1523964183502,-10.3765,-5.14911,2.3669,-0.338395,-0.0402392,1.46988,0.741801,0.348858,-0.409338
01324189,1523964183519,-8.35132,-7.7584,6.7478,-0.0122559,-1.21349,-0.0879888,0.717029,-0.0822928,-0.546421
01324188,1523964183519,-9.97974,1.30244,-4.18526,2.26461,2.18635,0.117593,0.787164,-0.348124,-0.2536
01324185,1523964183519,-10.5231,-2.49089,0.0277553,-0.00943547,-0.290286,0.810092,0.846922,0.283178,-0.330952
01324181,1523964183519,-8.78007,-1.10288,3.82283,0.0520414,-0.606541,-0.0960579,0.811956,0.393662,-0.19374
01324180,1523964183519,-10.979,-5.36751,2.49033,-0.418991,-0.172677,1.32786,0.749465,0.335946,-0.408628
01324189,1523964183535,-7.7889,-6.77266,4.86742,0.118118,-1.1531,-0.0922538,0.702751,-0.0837199,-0.562068
01324188,1523964183535,-10.9894,4.87897,-4.80185,1.73911,2.50831,0.227906,0.800796,-0.361239,-0.206208
01324185,1523964183535,-10.4549,-2.1784,-0.0705821,0.0291849,-0.21479,0.729603,0.848143,0.271675,-0.33503
01324181,1523964183535,-8.70652,-0.958945,3.91231,0.0804812,-0.434444,-0.0688334,0.807593,0.393534,-0.202334
01324180,1523964183535,-10.3498,-5.14845,2.33333,-0.608732,-0.38042,1.33743,0.753963,0.319036,-0.409439
01324189,1523964183552,-7.36042,-5.49746,2.89725,0.128525,-1.00001,-0.137942,0.694535,-0.0824024,-0.572542
01324188,1523964183552,-11.2954,6.52907,-4.76149,0.258135,2.70927,0.322549,0.808145,-0.367857,-0.167495
01324185,1523964183552,-10.3669,-1.83938,0.0167942,-0.0181536,-0.159973,0.614466,0.852754,0.261583,-0.339003
01324181,1523964183552,-8.86567,-0.919582,3.91054,0.109051,-0.291068,-0.0659224,0.807721,0.397162,-0.206533
01324180,1523964183552,-10.1368,-4.81774,1.88285,-0.91084,-0.426856,1.15764,0.760252,0.309642,-0.410396
01324189,1523964183569,-6.88413,-3.00405,1.75197,0.459982,-0.791325,-0.0804979,0.686058,-0.0848154,-0.581836
01324188,1523964183569,-11.3716,6.2355,-4.11086,-0.910013,2.84554,0.469155,0.812493,-0.371864,-0.133568
01324185,1523964183569,-10.2072,-1.57805,-0.111622,-0.108208,-0.118041,0.48754,0.85465,0.258866,-0.340944
01324181,1523964183569,-9.17397,-0.838347,3.95048,0.139371,-0.186637,-0.0667694,0.80721,0.398635,-0.211478
01324180,1523964183569,-10.0106,-5.88678,1.75737,-1.36974,-0.490652,0.930695,0.764123,0.309253,-0.405322
01324189,1523964183585,-6.83947,-0.625869,2.19752,1.00872,-0.622423,0.0658115,0.679195,-0.0914225,-0.586362
01324188,1523964183585,-11.0532,5.3831,-3.75184,-1.46742,2.84828,0.618553,0.816856,-0.377837,-0.104346
01324185,1523964183585,-10.1731,-1.4242,-0.143783,-0.251262,-0.100558,0.334494,0.857099,0.25409,-0.33986
01324181,1523964183585,-9.39017,-0.838488,3.96359,0.180219,-0.0941162,-0.0419096,0.807795,0.397131,-0.214378
01324180,1523964183585,-10.4177,-7.54981,1.50741,-0.519767,-0.64921,1.03662,0.766083,0.304017,-0.409378
01324189,1523964183602,-7.05263,0.941685,3.21947,1.38453,-0.510232,0.242811,0.674974,-0.106595,-0.591255
01324188,1523964183602,-10.4473,4.49013,-3.25752,-1.83441,2.82294,0.81324,0.818511,-0.385206,-0.0754476
01324185,1523964183602,-10.4956,-1.24874,-0.0298738,-0.429911,-0.140626,0.21255,0.858183,0.252382,-0.340632
01324181,1523964183602,-9.59816,-1.1563,3.91522,0.27818,-0.0144613,-0.0466136,0.806997,0.397954,-0.216514
01324180,1523964183602,-9.96,-5.84637,1.18287,0.471951,-0.695805,1.01475,0.766038,0.288684,-0.417663
01324189,1523964183619,-7.33665,1.70781,4.35012,1.45144,-0.416353,0.435714,0.671149,-0.124355,-0.593227
01324188,1523964183619,-10.3627,4.54153,-2.3682,-1.88005,2.76189,1.06184,0.818015,-0.395744,-0.0496854
01324185,1523964183619,-10.592,-1.15433,-0.128626,-0.602362,-0.159153,0.131235,0.858052,0.253125,-0.338677
01324181,1523964183619,-9.44228,-1.41637,3.78596,0.317468,0.024219,-0.0593419,0.807826,0.397478,-0.218108
01324180,1523964183619,-10.2009,-4.17504,0.836833,0.761305,-0.677281,0.943331,0.765777,0.272536,-0.434616
01324189,1523964183635,-7.01775,1.99804,4.41902,1.15053,-0.213706,0.57997,0.666639,-0.144105,-0.5936
01324188,1523964183635,-10.4451,3.84412,-1.89435,-1.6478,2.63104,1.42751,0.811328,-0.415131,-0.0257474
01324185,1523964183635,-10.3758,-1.39652,-0.208183,-0.69449,-0.11789,0.114021,0.858049,0.255233,-0.33909
01324181,1523964183635,-9.06363,-1.47724,3.58669,0.396057,0.106747,-0.0925822,0.805947,0.397627,-0.219022
01324180,1523964183635,-9.75511,-3.30768,0.807279,0.538832,-0.581196,0.833697,0.766292,0.256926,-0.446972
01324189,1523964183652,-6.41196,2.09002,3.47054,0.733558,0.0873811,0.65784,0.663459,-0.160859,-0.592491
01324188,1523964183652,-9.81596,2.69161,-1.53744,-1.15096,2.4476,1.64408,0.803828,-0.435187,0.000315325
01324185,1523964183652,-10.2552,-1.61847,0.118924,-0.676498,-0.0771091,0.161341,0.858186,0.255389,-0.338307
01324181,1523964183652,-8.76802,-1.3669,3.47538,0.458636,0.205154,-0.128218,0.807158,0.39928,-0.221197
01324180,1523964183652,-9.32996,-3.35121,1.06013,0.100407,-0.494781,0.634495,0.765942,0.243761,-0.45291
01324189,1523964183669,-6.58493,2.48083,2.73656,0.588275,0.448076,0.784635,0.667036,-0.174176,-0.587952
01324188,1523964183669,-9.46577,1.96267,-0.91747,-0.443572,2.24958,1.72116,0.791873,-0.459651,0.0256188
01324185,1523964183669,-9.96096,-1.83673,0.409445,-0.653701,-0.0651154,0.238568,0.86009,0.254859,-0.336478
01324181,1523964183669,-8.75066,-1.25263,3.42983,0.535343,0.275524,-0.153729,0.808393,0.397683,-0.221442
01324180,1523964183669,-9.00122,-3.62589,1.37844,-0.194588,-0.412589,0.45196,0.766285,0.239136,-0.457065
01324189,1523964183685,-7.71911,2.24979,2.93082,0.617949,0.65199,0.940945,0.670029,-0.18918,-0.578331
01324188,1523964183685,-9.47575,1.8626,-1.08495,0.331093,2.02128,1.66908,0.779356,-0.481716,0.0559314
01324185,1523964183685,-9.56101,-2.03179,0.467121,-0.638356,-0.0746339,0.266592,0.861722,0.256878,-0.334149
01324181,1523964183685,-8.72079,-1.08715,3.25055,0.601322,0.33546,-0.168102,0.80716,0.39872,-0.220653
01324180,1523964183685,-8.6983,-3.75037,1.61757,-0.39514,-0.322943,0.2666,0.766063,0.236841,-0.460894
01324189,1523964183702,-8.55473,1.63533,3.50181,0.577576,0.621801,1.07164,0.673055,-0.205062,-0.571529
01324188,1523964183702,-8.95078,2.61943,-1.32213,0.631171,1.76719,1.58609,0.762357,-0.503548,0.0829455
01324185,1523964183702,-9.2625,-2.27436,0.524775,-0.565332,-0.0741637,0.205214,0.861455,0.254642,-0.33308
01324181,1523964183702,-8.70526,-0.883078,3.13082,0.612052,0.34418,-0.174986,0.808925,0.398665,-0.222
01324180,1523964183702,-8.45952,-3.95254,1.82664,-0.468269,-0.250601,0.137307,0.763609,0.24096,-0.462939
01324189,1523964183719,-8.52485,1.23717,3.38358,0.477451,0.664407,1.18228,0.676601,-0.222812,-0.560999
01324188,1523964183719,-8.5433,2.97154,-1.54991,0.444299,1.50687,1.43333,0.748338,-0.523495,0.105997
01324185,1523964183719,-9.07444,-2.30922,0.541346,-0.407682,-0.118887,0.110035,0.86173,0.255805,-0.331261
01324181,1523964183719,-8.72064,-0.766851,3.18404,0.640488,0.324755,-0.176116,0.80917,0.398995,-0.219882
01324180,1523964183719,-8.43358,-4.13732,1.98056,-0.462968,-0.167762,0.0253385,0.762761,0.244751,-0.463391
01324189,1523964183735,-8.24722,1.38349,3.0487,0.33783,0.809185,1.29521,0.675827,-0.242047,-0.553645
01324188,1523964183735,-8.52284,3.25385,-1.93768,0.0655918,1.22306,1.29044,0.736195,-0.538978,0.126474
01324185,1523964183735,-8.97732,-2.09313,0.551951,-0.18408,-0.15366,0.0164355,0.862406,0.255505,-0.332176
01324181,1523964183735,-8.7139,-0.650403,3.28811,0.635067,0.301892,-0.169416,0.809179,0.398834,-0.220677
01324180,1523964183735,-8.47591,-4.23457,1.99895,-0.416588,-0.144319,-0.0867488,0.762237,0.245806,-0.468365
01324189,1523964183752,-8.19196,1.87172,2.56221,0.140753,0.976092,1.35285,0.679363,-0.257782,-0.543367
01324188,1523964183752,-8.67897,2.8414,-2.18301,-0.626747,0.897714,1.19539,0.722573,-0.555871,0.137178
01324185,1523964183752,-9.06103,-1.80133,0.491874,-0.00476431,-0.187205,-0.0838877,0.860768,0.256277,-0.336101
01324181,1523964183752,-8.56694,-0.396239,3.15377,0.638796,0.324411,-0.193435,0.809438,0.400107,-0.221238
01324180,1523964183752,-8.50854,-4.27195,1.84374,-0.40343,-0.104576,-0.227931,0.761656,0.250033,-0.469624
01324189,1523964183769,-8.32456,2.18798,1.57187,-0.0906567,1.19501,1.33213,0.683156,-0.273372,-0.531618
01324188,1523964183769,-8.8203,1.20483,-1.84939,-1.188,0.571953,1.11366,0.711274,-0.573327,0.134205
01324185,1523964183769,-9.13506,-1.4663,0.379984,0.145657,-0.177751,-0.141084,0.86022,0.25737,-0.337941
01324181,1523964183769,-8.5367,-0.405698,3.28939,0.620871,0.320326,-0.174456,0.809973,0.400245,-0.221113
01324180,1523964183769,-8.64786,-4.26143,1.60559,-0.367323,-0.0697067,-0.382153,0.75888,0.257479,-0.468893
01324189,1523964183785,-8.97207,2.17837,1.01205,-0.433372,1.40566,1.23297,0.693586,-0.286536,-0.517515
01324188,1523964183785,-9.04407,-0.468079,-1.10086,-1.21196,0.246876,1.01258,0.699436,-0.590331,0.121833
01324185,1523964183785,-9.17762,-1.14343,0.349369,0.241193,-0.117656,-0.207056,0.858578,0.260388,-0.342411
01324181,1523964183785,-8.37995,-0.3746,3.13041,0.569389,0.351896,-0.182682,0.809431,0.400262,-0.220709
01324180,1523964183785,-8.80857,-4.26524,1.32847,-0.328049,-0.0228246,-0.522204,0.75725,0.26851,-0.464185
01324189,1523964183802,-9.78119,1.69368,1.12778,-0.776796,1.50939,1.10918,0.701803,-0.293021,-0.504004
01324188,1523964183802,-9.2128,-1.71354,-1.52143,-0.723531,-0.0451977,0.902995,0.690276,-0.601747,0.113686
01324185,1523964183802,-9.24221,-0.991295,0.399097,0.268385,-0.0225306,-0.268917,0.857492,0.261657,-0.34242
01324181,1523964183802,-8.2319,-0.401848,2.99181,0.53215,0.433995,-0.185335,0.811831,0.400978,-0.219154
01324180,1523964183802,-8.98379,-4.30901,1.16217,-0.197628,-0.00248039,-0.635497,0.755929,0.277671,-0.463306
01324189,1523964183819,-10.1519,0.489235,1.60028,-1.06194,1.46403,1.00712,0.706453,-0.293371,-0.491608
01324188,1523964183819,-9.59075,-3.23392,-0.780308,-0.249018,-0.292102,0.745975,0.684906,-0.611595,0.111115
01324185,1523964183819,-9.28281,-0.873033,0.433588,0.246315,0.0902817,-0.371663,0.855859,0.264743,-0.343359
01324181,1523964183819,-8.22162,-0.484182,2.9524,0.487902,0.485567,-0.214045,0.812208,0.400757,-0.215962
01324180,1523964183819,-9.0265,-4.33499,1.06011,-0.00816925,0.0207005,-0.706223,0.750727,0.285295,-0.460778
01324189,1523964183835,-10.3529,-0.836026,2.0237,-1.05954,1.4537,0.961012,0.71511,-0.298736,-0.482109
01324188,1523964183835,-10.0792,-4.57027,-0.0929348,0.647221,-0.489222,0.523331,0.678981,-0.619512,0.107998
01324185,1523964183835,-9.3307,-0.776388,0.475892,0.153895,0.172941,-0.474137,0.855581,0.271512,-0.343424
01324181,1523964183835,-8.34232,-0.466176,2.9223,0.420469,0.540833,-0.234009,0.812027,0.402255,-0.213066
01324180,1523964183835,-9.00388,-4.22636,1.08509,0.191876,0.0592732,-0.801371,0.746999,0.294068,-0.460547
01324189,1523964183852,-10.8483,-1.8131,2.51567,-0.802092,1.45284,0.88825,0.72236,-0.301744,-0.469362
01324188,1523964183852,-10.1542,-5.20018,0.380244,1.68603,-0.687467,0.211419,0.678987,-0.621333,0.115701
01324185,1523964183852,-9.28999,-0.940285,0.563185,0.0997399,0.218317,-0.567924,0.854898,0.27815,-0.342963
01324181,1523964183852,-8.48198,-0.511426,2.83533,0.37276,0.564622,-0.283602,0.813686,0.406335,-0.208781
01324180,1523964183852,-8.94507,-3.96131,1.1983,0.319908,0.110542,-0.888065,0.743834,0.301096,-0.461441
01324189,1523964183869,-11.3775,-2.62496,3.08156,-0.337522,1.36872,0.82345,0.72991,-0.308793,-0.456919
01324188,1523964183869,-10.7988,-5.54183,1.65905,2.55047,-0.923301,-0.149997,0.677859,-0.616163,0.12709
01324185,1523964183869,-9.30266,-1.26269,0.724758,0.0884503,0.267796,-0.648162,0.851241,0.285285,-0.338703
01324181,1523964183869,-8.79269,-0.602494,2.90029,0.306953,0.564498,-0.288475,0.813607,0.408183,-0.202969
01324180,1523964183869,-9.02566,-3.77548,1.34354,0.355314,0.150034,-0.972777,0.738507,0.309911,-0.46362
01324189,1523964183885,-11.7552,-3.0873,4.56365,0.217854,1.25252,0.653268,0.736874,-0.316954,-0.439657
01324188,1523964183885,-11.5052,-3.25679,-2.03104,3.86008,-0.914594,-0.380029,0.687411,-0.604217,0.151708
01324185,1523964183885,-9.44554,-1.57946,0.894273,0.192615,0.293702,-0.682425,0.849479,0.292968,-0.33524
01324181,1523964183885,-9.24889,-0.62489,2.92195,0.223431,0.537521,-0.310735,0.813777,0.411744,-0.197194
01324180,1523964183885,-9.16238,-3.74017,1.50675,0.348732,0.190314,-1.06129,0.734782,0.318687,-0.46393
01324189,1523964183902,-11.6387,-2.98293,6.96943,0.875995,0.910727,0.396694,0.744006,-0.326428,-0.424818
01324188,1523964183902,-12.058,1.63854,-2.87253,3.23812,-0.83085,-0.473863,0.693965,-0.591008,0.178465
01324185,1523964183902,-9.72349,-1.85692,1.00851,0.382599,0.332103,-0.704926,0.849212,0.299535,-0.331118
01324181,1523964183902,-9.54383,-0.543406,2.85088,0.105203,0.461787,-0.335085,0.81396,0.415413,-0.193018
01324180,1523964183902,-9.41956,-3.72507,1.62033,0.382326,0.227027,-1.13812,0.730774,0.32907,-0.465285
01324189,1523964183919,-11.009,-1.97347,7.74122,1.40114,0.541526,0.175131,0.746909,-0.337078,-0.408601
01324188,1523964183919,-12.288,4.85801,-3.87221,0.987993,-0.770141,-0.740056,0.702842,-0.577792,0.18565
01324185,1523964183919,-10.0614,-1.97037,1.03142,0.615329,0.317392,-0.713516,0.847574,0.309256,-0.331729
01324181,1523964183919,-9.60579,-0.427858,3.06079,0.0206607,0.395187,-0.345731,0.81304,0.419573,-0.186713
01324180,1523964183919,-9.6677,-3.84016,1.72846,0.449057,0.263637,-1.20423,0.726089,0.339311,-0.465011
01324189,1523964183935,-10.3,-0.235553,5.61214,1.31719,0.369907,-0.00626163,0.749861,-0.348042,-0.397207
01324188,1523964183935,-10.7934,3.77671,-2.42048,-1.23566,-0.67136,-1.11327,0.714756,-0.569303,0.168242
01324185,1523964183935,-10.3363,-1.93014,1.01851,0.845583,0.270187,-0.71681,0.845128,0.312344,-0.332536
01324181,1523964183935,-10.019,-0.350361,3.18707,-0.0525157,0.34793,-0.31823,0.812125,0.424277,-0.18175
01324180,1523964183935,-9.9171,-3.83872,1.77195,0.550634,0.310916,-1.27002,0.720606,0.34928,-0.465542
01324189,1523964183952,-10.4673,1.40401,3.46685,0.830923,0.374571,-0.0949869,0.751679,-0.355222,-0.383628
01324188,1523964183952,-10.537,1.12677,-2.20109,-2.37983,-0.526096,-1.25567,0.728958,-0.556775,0.144723
01324185,1523964183952,-10.553,-1.71699,0.933391,1.08794,0.214048,-0.723477,0.840638,0.317207,-0.336491
01324181,1523964183952,-10.0945,-0.307543,3.13747,-0.122077,0.277493,-0.297057,0.812278,0.429544,-0.176543
01324180,1523964183952,-10.2012,-3.76008,1.78169,0.655176,0.355283,-1.36391,0.712933,0.361592,-0.463018
01324189,1523964183969,-10.4799,2.1114,2.23708,-0.0627538,0.299015,-0.15206,0.753813,-0.354968,-0.379098
01324188,1523964183969,-11.126,-1.30476,-1.73644,-2.42415,-0.386298,-1.20313,0.741278,-0.546725,0.115683
01324185,1523964183969,-10.6343,-1.41562,0.827014,1.25718,0.114583,-0.731518,0.837777,0.32194,-0.339796
01324181,1523964183969,-9.82187,-0.415891,3.10265,-0.159635,0.130878,-0.281888,0.810155,0.435088,-0.173179
01324180,1523964183969,-10.3596,-3.6701,1.77097,0.74647,0.395776,-1.44212,0.706622,0.372726,-0.46162
01324189,1523964183985,-9.76864,1.82128,0.711663,-1.08412,0.241831,-0.215058,0.757867,-0.346877,-0.380687
01324188,1523964183985,-10.7282,-2.26681,-1.60086,-1.57265,-0.277889,-1.11106,0.751161,-0.538873,0.0939472
01324185,1523964183985,-10.5756,-1.08137,0.772534,1.35919,0.0513236,-0.708283,0.834234,0.322951,-0.345941
01324181,1523964183985,-9.51148,-0.553022,3.20869,-0.195398,0.161528,-0.245368,0.810778,0.437141,-0.17057
01324180,1523964183985,-10.3173,-3.55544,1.70434,0.842599,0.408384,-1.52756,0.701432,0.37948,-0.45938
01324189,1523964184002,-9.57121,0.62743,-0.228838,-1.83911,0.387568,-0.240996,0.761362,-0.332879,-0.384498
01324188,1523964184002,-10.289,-1.15303,-1.80692,-0.581517,-0.205916,-0.979555,0.760603,-0.526778,0.0813782
01324185,1523964184002,-10.4396,-0.764383,0.787715,1.34586,0.016446,-0.68852,0.832182,0.324806,-0.352229
01324181,1523964184002,-9.38631,-0.546712,3.23594,-0.197222,0.191802,-0.233064,0.807978,0.442286,-0.16626
01324180,1523964184002,-10.2153,-3.37219,1.60967,0.888489,0.428253,-1.5904,0.695681,0.389455,-0.460042
01324189,1523964184019,-9.89828,-0.730244,-0.158974,-2.12264,0.54768,-0.254602,0.764584,-0.317726,-0.388967
01324188,1523964184019,-9.67445,0.254247,-2.70529,0.114684,-0.209408,-0.866797,0.767876,-0.516619,0.0797667
01324185,1523964184019,-10.2124,-0.525123,0.683326,1.24236,-0.0290988,-0.679664,0.827955,0.326908,-0.360344
01324181,1523964184019,-9.25587,-0.584002,3.25439,-0.199117,0.192162,-0.212397,0.808318,0.44479,-0.162859
01324180,1523964184019,-10.0842,-3.18096,1.47665,0.937842,0.440886,-1.64097,0.686429,0.401391,-0.462777
01324189,1523964184035,-9.80245,-1.29027,0.359139,-1.9467,0.590808,-0.239882,0.773254,-0.298985,-0.395612
01324188,1523964184035,-9.39606,1.61204,-3.93992,0.275079,-0.2237,-0.803888,0.776351,-0.50375,0.0820834
01324185,1523964184035,-10.13,-0.289829,0.522091,1.04579,-0.0807722,-0.667232,0.820878,0.328136,-0.370009
01324181,1523964184035,-9.07885,-0.581838,3.16855,-0.200884,0.194805,-0.21069,0.807566,0.448315,-0.159335
01324180,1523964184035,-9.92047,-3.09376,1.40139,0.92596,0.4362,-1.67099,0.6769,0.414059,-0.465628
01324189,1523964184052,-9.38264,-1.42664,0.352477,-1.40348,0.643856,-0.171605,0.777815,-0.286439,-0.3961
01324188,1523964184052,-9.07694,2.25517,-4.36218,-0.0023242,-0.283201,-0.811715,0.784846,-0.493442,0.0799268
01324185,1523964184052,-9.91857,-0.35405,0.190992,0.80993,-0.138765,-0.710867,0.81814,0.332912,-0.378416
01324181,1523964184052,-9.09086,-0.58198,3.16847,-0.184966,0.249226,-0.186133,0.80787,0.452987,-0.155048
01324180,1523964184052,-9.89722,-2.96876,1.24762,0.883966,0.459733,-1.62535,0.668754,0.422481,-0.466556
01324189,1523964184069,-9.12591,-1.5109,-0.0215778,-0.756613,0.704395,-0.140285,0.781416,-0.281758,-0.391017
01324188,1523964184069,-8.72659,2.21405,-4.18164,-0.438321,-0.359511,-0.838494,0.78969,-0.484924,0.0706957
01324185,1523964184069,-9.78914,-0.51394,0.000264435,0.587747,-0.161591,-0.744518,0.812971,0.337485,-0.382759
01324181,1523964184069,-9.08442,-0.64,3.01023,-0.170667,0.304093,-0.183976,0.808475,0.454941,-0.150441
01324180,1523964184069,-9.68287,-3.20608,1.09857,0.888335,0.413025,-1.56773,0.662362,0.433387,-0.475439
01324189,1523964184085,-9.55708,-1.79125,-0.312691,-0.2039,0.709073,-0.142802,0.787301,-0.276117,-0.383273
01324188,1523964184085,-9.26089,2.29521,-3.08321,-0.629602,-0.410879,-0.792673,0.797657,-0.476105,0.0600965
01324185,1523964184085,-9.73229,-0.772066,-0.159655,0.393338,-0.151326,-0.78775,0.809425,0.345857,-0.387536
01324181,1523964184085,-9.31334,-0.574798,3.0365,-0.186606,0.30029,-0.199422,0.806766,0.458651,-0.145581
01324180,1523964184085,-9.70798,-2.92047,0.998382,0.802825,0.352054,-1.51236,0.652605,0.44228,-0.477416
01324189,1523964184102,-10.7205,-2.39914,0.0393302,0.3377,0.698503,-0.210918,0.793583,-0.275074,-0.371554
01324188,1523964184102,-10.5277,-0.346621,-2.18299,-0.430681,-0.430923,-0.660667,0.804254,-0.465562,0.0505658
01324185,1523964184102,-9.80597,-1.14492,-0.293396,0.246998,-0.133301,-0.798735,0.803442,0.352704,-0.390982
01324181,1523964184102,-9.95153,-0.441669,3.08299,-0.188332,0.28682,-0.216627,0.806281,0.460233,-0.139094
01324180,1523964184102,-9.46442,-2.95855,0.758863,0.658333,0.332762,-1.40446,0.645391,0.450824,-0.477138
01324189,1523964184119,-11.429,-2.66692,0.827945,0.850757,0.624226,-0.291657,0.799283,-0.27568,-0.360329
01324188,1523964184119,-10.7624,-2.38685,-1.65726,0.437247,-0.424255,-0.679417,0.808539,-0.455208,0.0459041
01324185,1523964184119,-9.98112,-1.55811,-0.456348,0.220544,-0.0776275,-0.804118,0.798542,0.362653,-0.394461
01324181,1523964184119,-10.3296,-0.256836,2.99975,-0.207981,0.244514,-0.210827,0.806772,0.462001,-0.136477
01324180,1523964184119,-9.67363,-2.99306,0.592283,0.469703,0.236797,-1.23925,0.638154,0.460519,-0.47508
01324189,1523964184135,-11.1078,-2.64508,1.27102,1.21908,0.48559,-0.394168,0.803403,-0.277746,-0.348612
01324188,1523964184135,-10.8594,-1.78729,-1.83522,1.19249,-0.36469,-0.650618,0.814185,-0.445927,0.0480317
01324185,1523964184135,-10.3873,-1.81093,-0.601351,0.26477,-0.0357888,-0.800937,0.79283,0.370205,-0.397915
01324181,1523964184135,-10.7129,-0.164329,3.00519,-0.201063,0.191073,-0.187955,0.805331,0.465711,-0.131487
01324180,1523964184135,-9.92828,-3.25525,0.448178,0.355673,0.151518,-1.02606,0.631368,0.467319,-0.475655
01324189,1523964184152,-9.75208,-2.01044,0.82853,1.37744,0.435081,-0.493324,0.807401,-0.281969,-0.336911
01324188,1523964184152,-10.0804,0.323301,-2.71238,1.35823,-0.359947,-0.571487,0.819564,-0.437767,0.0523836
01324185,1523964184152,-10.7207,-1.97984,-0.643574,0.303564,-0.0217101,-0.760171,0.787799,0.379343,-0.399556
01324181,1523964184152,-10.4885,-0.0789405,2.70553,-0.183421,0.14378,-0.160911,0.803779,0.468951,-0.128347
01324180,1523964184152,-10.0331,-3.35245,0.391032,0.288492,0.0491977,-0.830274,0.624542,0.47628,-0.473482
01324189,1523964184169,-8.84326,-1.00151,0.466702,1.26116,0.434254,-0.518781,0.813273,-0.281346,-0.324926
01324188,1523964184169,-9.29807,1.38658,-2.77144,0.746064,-0.344664,-0.532054,0.82507,-0.427877,0.054012
01324185,1523964184169,-10.6726,-2.01625,-0.630703,0.360063,0.0173517,-0.675449,0.783718,0.383795,-0.402855
01324181,1523964184169,-9.93035,-0.195985,2.60025,-0.158639,0.142461,-0.132686,0.804801,0.470871,-0.125074
01324180,1523964184169,-9.73199,-3.42571,0.347649,0.270671,-0.0595244,-0.658043,0.619538,0.480886,-0.476561
01324189,1523964184185,-9.12149,-0.0887856,0.219929,0.951079,0.425466,-0.486004,0.819942,-0.279155,-0.311866
01324188,1523964184185,-9.14136,0.612515,-2.49611,0.159931,-0.337757,-0.560724,0.828828,-0.420454,0.0529472
01324185,1523964184185,-10.156,-1.95674,-0.502994,0.402236,0.0146824,-0.55483,0.779369,0.389979,-0.404077
01324181,1523964184185,-9.62936,-0.418067,2.61609,-0.133733,0.161123,-0.126618,0.804756,0.472919,-0.123122
01324180,1523964184185,-9.25587,-3.2225,0.379999,0.23859,-0.12565,-0.515466,0.612666,0.484362,-0.47923
01324189,1523964184202,-9.78206,0.479917,0.182573,0.510734,0.326721,-0.408993,0.824213,-0.275349,-0.305192
01324188,1523964184202,-9.47254,-0.0564867,-2.50911,-0.0947863,-0.30366,-0.55858,0.83421,-0.411769,0.0492455
01324185,1523964184202,-9.56674,-1.89753,-0.201269,0.482911,0.0419319,-0.398743,0.778681,0.393739,-0.406595
01324181,1523964184202,-9.48049,-0.607956,2.60137,-0.108685,0.177577,-0.145533,0.803768,0.474565,-0.120487
01324180,1523964184202,-8.64969,-2.97921,0.418673,0.229313,-0.174509,-0.399896,0.610155,0.484159,-0.486364
01324189,1523964184219,-9.6724,0.831731,-0.12007,0.0369763,0.241878,-0.357146,0.826605,-0.270647,-0.301969
01324188,1523964184219,-9.57034,-0.3515,-2.33481,-0.162677,-0.292877,-0.535038,0.836612,-0.404463,0.0449557
01324185,1523964184219,-8.96537,-1.78068,0.0338333,0.551296,0.0354529,-0.281551,0.775551,0.394221,-0.410905
01324181,1523964184219,-9.46226,-0.617557,2.73691,-0.0775364,0.106554,-0.163488,0.80208,0.478088,-0.117618
01324180,1523964184219,-8.06694,-2.79418,0.461632,0.209788,-0.181374,-0.282348,0.606931,0.486568,-0.491407
01324189,1523964184235,-9.61596,0.653784,0.0198302,-0.310304,0.25329,-0.335238,0.828596,-0.266799,-0.299016
01324188,1523964184235,-9.5698,-0.197393,-2.30492,-0.0605846,-0.274465,-0.516442,0.839697,-0.3973,0.037279
01324185,1523964184235,-8.57638,-1.6337,0.158825,0.605521,0.0235922,-0.186374,0.774725,0.394839,-0.415486
01324181,1523964184235,-9.33779,-0.565148,2.75119,-0.0412416,0.0219961,-0.147136,0.801893,0.481406,-0.116621
01324180,1523964184235,-7.61872,-2.66835,0.47395,0.202225,-0.160797,-0.175065,0.602578,0.483793,-0.499783
01324189,1523964184252,-9.77193,0.13275,0.395792,-0.500852,0.223461,-0.309126,0.831538,-0.259961,-0.297657
01324188,1523964184252,-9.47341,0.381762,-2.42404,-0.105078,-0.267405,-0.504281,0.844288,-0.392541,0.033611
01324185,1523964184252,-8.4051,-1.6059,0.131796,0.596284,-0.00709194,-0.0952069,0.774036,0.392624,-0.420693
01324181,1523964184252,-9.26482,-0.54982,2.86245,0.0369485,-0.0557327,-0.148078,0.801331,0.482857,-0.116114
01324180,1523964184252,-7.42588,-2.61284,0.461637,0.186771,-0.138434,-0.0695388,0.60073,0.482539,-0.503026
01324189,1523964184269,-9.59741,-0.568641,0.766336,-0.610788,0.202272,-0.239287,0.836,-0.254322,-0.297797
01324188,1523964184269,-9.2725,0.466642,-2.2531,-0.318846,-0.236674,-0.521311,0.84668,-0.383489,0.0294306
01324185,1523964184269,-8.45115,-1.56244,-0.0462317,0.55639,-0.05724,-0.0412528,0.775115,0.389028,-0.424324
01324181,1523964184269,-9.07796,-0.533018,2.81986,0.0973252,-0.149312,-0.142236,0.801333,0.485494,-0.119892
01324180,1523964184269,-7.41468,-2.6988,0.383934,0.216493,-0.107473,0.0539226,0.601036,0.480518,-0.505775
01324189,1523964184285,-9.61283,-1.72849,0.866043,-0.651277,0.154458,-0.183342,0.836655,-0.248587,-0.298696
01324188,1523964184285,-9.49303,-0.321924,-1.77253,-0.511467,-0.160329,-0.493484,0.849618,-0.37506,0.0258783
01324185,1523964184285,-8.60544,-1.41718,-0.220673,0.516063,-0.0669714,0.00310977,0.773348,0.382325,-0.428177
01324181,1523964184285,-9.06924,-0.38743,2.91855,0.163048,-0.164942,-0.132257,0.798681,0.485294,-0.124115
01324180,1523964184285,-7.61574,-2.83566,0.31838,0.242883,-0.0815935,0.168571,0.602169,0.474681,-0.503746
01324189,1523964184302,-9.6962,-2.94463,0.932564,-0.564171,0.103501,-0.200692,0.8369,-0.241404,-0.300249
01324188,1523964184302,-9.61309,-1.40963,-1.32373,-0.439843,-0.0983538,-0.478144,0.852838,-0.36816,0.0206095
01324185,1523964184302,-8.77931,-1.33685,-0.45184,0.433764,-0.105312,0.0528106,0.77429,0.378996,-0.432594
01324181,1523964184302,-9.1684,-0.179922,2.8753,0.188718,-0.174269,-0.113458,0.798177,0.486753,-0.129724
01324180,1523964184302,-7.86494,-2.97751,0.213659,0.290031,-0.0614818,0.313211,0.604917,0.470293,-0.506308
01324189,1523964184319,-9.64386,-3.82727,0.815275,-0.309524,0.00144166,-0.292048,0.839456,-0.236864,-0.29984
01324188,1523964184319,-9.41938,-1.99002,-1.18039,-0.202461,-0.0122868,-0.418888,0.856073,-0.363687,0.0173448
01324185,1523964184319,-9.05429,-1.2005,-0.659844,0.314681,-0.108446,0.0657781,0.77347,0.374265,-0.4366
01324181,1523964184319,-9.39028,-0.0903865,2.91564,0.228429,-0.170559,-0.0617923,0.796434,0.487869,-0.132123
01324180,1523964184319,-8.18302,-3.03823,0.123212,0.302926,-0.0850762,0.445934,0.607232,0.467054,-0.505325
01324189,1523964184335,-9.69042,-4.00902,0.53076,0.0441144,-0.0999093,-0.37418,0.839583,-0.233131,-0.301151
01324188,1523964184335,-9.38265,-1.85555,-1.11933,0.0820175,0.0496376,-0.35962,0.858752,-0.357574,0.0166158
01324185,1523964184335,-9.30053,-1.13416,-0.870786,0.205906,-0.078749,0.112537,0.773469,0.371274,-0.438141
01324181,1523964184335,-9.48176,-0.0866078,2.90532,0.238875,-0.173349,-0.0230413,0.796744,0.488052,-0.136651
01324180,1523964184335,-8.50894,-3.05061,0.0184534,0.274228,-0.14313,0.5852,0.609749,0.459771,-0.508483
01324189,1523964184352,-9.67993,-3.60273,0.429337,0.403113,-0.257399,-0.447322,0.841218,-0.228583,-0.304078
01324188,1523964184352,-9.35676,-1.39128,-1.32349,0.253039,0.116259,-0.295775,0.859544,-0.354211,0.0192424
01324185,1523964184352,-9.40221,-1.17217,-1.0092,0.0996033,-0.035224,0.134511,0.774954,0.369511,-0.44179
01324181,1523964184352,-9.35315,-0.0147053,2.87578,0.248397,-0.165406,0.0243613,0.7984,0.488215,-0.141192
01324180,1523964184352,-8.72891,-3.02802,-0.0802454,0.206764,-0.188324,0.731329,0.613918,0.449565,-0.512941
01324189,1523964184369,-9.70037,-2.90097,0.329083,0.666739,-0.329254,-0.485402,0.840955,-0.227146,-0.305938
01324188,1523964184369,-9.31196,-1.06545,-1.74073,0.296554,0.176256,-0.261185,0.860619,-0.353003,0.0241564
01324185,1523964184369,-9.3516,-1.19655,-0.994129,-0.00179041,0.0118964,0.168329,0.776446,0.367949,-0.442304
01324181,1523964184369,-9.23306,0.0327675,2.92877,0.220611,-0.147064,0.0624983,0.797646,0.487685,-0.146226
01324180,1523964184369,-8.80656,-2.99965,-0.10985,0.132552,-0.244829,0.870272,0.618912,0.439075,-0.520933
01324189,1523964184385,-9.73504,-2.14914,0.438492,0.753141,-0.425047,-0.463612,0.84108,-0.222265,-0.307775
01324188,1523964184385,-9.34707,-0.782127,-2.246,0.167276,0.206207,-0.258207,0.863581,-0.349146,0.0278649
01324185,1523964184385,-9.20901,-1.17807,-0.874252,-0.0798897,0.057133,0.212316,0.779569,0.36585,-0.441378
01324181,1523964184385,-9.13709,0.0751148,2.96721,0.238221,-0.151815,0.0916775,0.798368,0.486036,-0.149124
01324180,1523964184385,-8.75472,-2.90763,-0.0798361,0.0298914,-0.303369,0.972963,0.623876,0.429136,-0.52391
01324189,1523964184402,-9.49603,-1.43906,0.025215,0.710927,-0.452289,-0.422895,0.840815,-0.219822,-0.310028
01324188,1523964184402,-9.27203,-0.823068,-2.26068,0.0732502,0.244835,-0.238961,0.865104,-0.342102,0.0312086
01324185,1523964184402,-8.99639,-1.14555,-0.730827,-0.111313,0.0957786,0.257979,0.78107,0.362649,-0.439129
01324181,1523964184402,-9.10809,0.0778678,2.98667,0.248714,-0.155667,0.12177,0.799529,0.483607,-0.15467
01324180,1523964184402,-8.63966,-2.83402,-0.0638072,-0.0711767,-0.345988,1.06872,0.628933,0.421208,-0.523738
01324189,1523964184419,-9.34061,-1.0832,0.208703,0.593318,-0.440658,-0.376255,0.838924,-0.216049,-0.313992
01324188,1523964184419,-9.15713,-1.1398,-2.19613,0.0418976,0.256413,-0.230172,0.865215,-0.338488,0.0349368
01324185,1523964184419,-8.80784,-1.10806,-0.574291,-0.13481,0.131023,0.324071,0.78325,0.360882,-0.435589
01324181,1523964184419,-8.9759,0.0358075,2.93036,0.264455,-0.169832,0.168974,0.800013,0.48147,-0.160347
01324180,1523964184419,-8.5293,-2.77757,-0.0285834,-0.15553,-0.361382,1.12082,0.634039,0.410982,-0.527669
01324189,1523964184435,-9.30932,-1.07455,0.366466,0.518827,-0.432942,-0.359642,0.838159,-0.216916,-0.318809
01324188,1523964184435,-9.08722,-1.21532,-2.47035,0.138601,0.284203,-0.225649,0.866553,-0.335825,0.0398028
01324185,1523964184435,-8.72525,-1.00731,-0.418722,-0.159707,0.188375,0.39855,0.786513,0.355255,-0.434761
01324181,1523964184435,-8.77121,-0.0538989,2.85128,0.298206,-0.197976,0.1772,0.800757,0.478241,-0.163479
01324180,1523964184435,-8.46272,-2.71721,0.0449046,-0.239994,-0.364409,1.16774,0.637391,0.401218,-0.530889
01324189,1523964184452,-9.3061,-0.653474,0.605956,0.461413,-0.479798,-0.366857,0.837927,-0.213917,-0.324807
01324188,1523964184452,-9.04978,-0.874294,-2.29324,0.270391,0.290704,-0.210523,0.866252,-0.331838,0.0450417
01324185,1523964184452,-8.79238,-0.970629,-0.263363,-0.235661,0.221515,0.471574,0.790595,0.350529,-0.431067
01324181,1523964184452,-8.66668,-0.113353,2.89656,0.321234,-0.195872,0.194364,0.802482,0.473801,-0.168988
01324180,1523964184452,-8.3815,-2.67876,0.152252,-0.305378,-0.319105,1.16763,0.645229,0.386732,-0.534405
01324189,1523964184469,-9.4054,-0.172479,0.817928,0.466373,-0.523847,-0.386288,0.83579,-0.211729,-0.330521
01324188,1523964184469,-9.06215,-0.289523,-2.46931,0.285881,0.328098,-0.225955,0.867042,-0.328634,0.0510263
01324185,1523964184469,-8.86444,-0.943588,-0.146517,-0.333468,0.2089,0.527908,0.796578,0.347235,-0.426217
01324181,1523964184469,-8.73904,-0.174981,3.04217,0.337186,-0.236509,0.193988,0.803401,0.469366,-0.174756
01324180,1523964184469,-8.34396,-2.62125,0.235108,-0.370259,-0.29622,1.14981,0.650549,0.379381,-0.534496
01324189,1523964184485,-9.96215,-0.00932508,0.914348,0.400507,-0.57307,-0.379203,0.835112,-0.207695,-0.333292
01324188,1523964184485,-9.63459,-0.144947,-2.49985,0.198537,0.329323,-0.24964,0.867023,-0.326087,0.0557673
01324185,1523964184485,-8.98468,-0.880152,-0.0522457,-0.423673,0.171479,0.577598,0.802563,0.343823,-0.420188
01324181,1523964184485,-8.8777,-0.213036,3.071,0.370962,-0.26831,0.191921,0.805529,0.465477,-0.180946
01324180,1523964184485,-8.45065,-2.63306,0.321009,-0.443058,-0.209376,1.13239,0.655195,0.374246,-0.538994
01324189,1523964184502,-10.3015,0.0569531,0.593464,0.276025,-0.607925,-0.33152,0.832999,-0.204802,-0.341812
01324188,1523964184502,-10.0604,0.384692,-3.19925,0.0846838,0.33047,-0.307119,0.868073,-0.320783,0.060398
01324185,1523964184502,-9.23527,-0.840003,0.0187289,-0.49966,0.112597,0.610431,0.806919,0.337694,-0.416089
01324181,1523964184502,-8.96005,-0.235765,2.9743,0.330052,-0.278973,0.191981,0.805365,0.461209,-0.186306
01324180,1523964184502,-8.6914,-2.7577,0.426733,-0.485052,-0.122092,1.09847,0.661704,0.366556,-0.534376
01324189,1523964184519,-10.2366,-0.192629,-0.0555696,0.144295,-0.653235,-0.307018,0.829775,-0.201583,-0.348443
01324188,1523964184519,-9.62702,-0.135624,-3.50114,-0.270318,0.315427,-0.306086,0.867772,-0.316568,0.0638995
01324185,1523964184519,-9.58275,-0.890814,0.0147161,-0.578102,0.0696195,0.646589,0.811003,0.334396,-0.411494
01324181,1523964184519,-9.1747,-0.102316,2.82064,0.344283,-0.24164,0.200052,0.807078,0.457768,-0.19197
01324180,1523964184519,-9.1,-2.98544,0.508501,-0.483051,-0.0584768,1.07347,0.667949,0.359465,-0.532041
01324189,1523964184535,-10.0563,-0.862319,-0.274082,0.0282253,-0.683153,-0.293166,0.825512,-0.198361,-0.360149
01324188,1523964184535,-9.20647,-1.51658,-3.47023,-0.302407,0.247467,-0.308715,0.86979,-0.313834,0.0670097
01324185,1523964184535,-9.93041,-0.975371,-0.0326168,-0.667218,0.0498193,0.699621,0.815768,0.327154,-0.406601
01324181,1523964184535,-9.42852,0.205223,2.82279,0.265866,-0.243093,0.220141,0.807983,0.455032,-0.19857
01324180,1523964184535,-9.45171,-3.11569,0.564774,-0.467984,0.00868261,1.04947,0.673358,0.354709,-0.529241
01324189,1523964184552,-9.81772,-1.7041,-0.226135,-0.00925934,-0.648225,-0.250746,0.823274,-0.196045,-0.369609
01324188,1523964184552,-9.00421,-1.75718,-3.65253,-0.112894,0.135684,-0.291789,0.872067,-0.30896,0.0679599
01324185,1523964184552,-10.2057,-1.05797,-0.0830676,-0.723957,0.0559042,0.728623,0.81958,0.321436,-0.403159
01324181,1523964184552,-9.4559,0.563862,2.94615,0.21403,-0.293921,0.247412,0.809155,0.452162,-0.204639
01324180,1523964184552,-9.65894,-3.18102,0.576893,-0.43405,0.0588611,1.00171,0.681204,0.348755,-0.527718
01324189,1523964184569,-9.6623,-2.63617,0.397291,-0.0186782,-0.561764,-0.253613,0.821281,-0.191999,-0.377184
01324188,1523964184569,-9.33271,-1.64767,-3.27553,-0.118538,0.0907334,-0.228657,0.873142,-0.307082,0.0679293
01324185,1523964184569,-10.131,-1.08011,-0.0860379,-0.707897,0.0734258,0.73358,0.824482,0.317605,-0.396861
01324181,1523964184569,-9.64866,0.803972,3.21562,0.128303,-0.284226,0.29606,0.808969,0.449194,-0.209494
01324180,1523964184569,-9.72081,-3.25904,0.580694,-0.423274,0.117183,0.980205,0.688138,0.340202,-0.525692
01324189,1523964184585,-9.7682,-2.92778,0.65134,0.09286,-0.538758,-0.299454,0.819953,-0.187103,-0.383689
01324188,1523964184585,-9.56226,-2.26609,-2.98656,-0.0553199,0.0514474,-0.172033,0.874618,-0.304206,0.0682256
01324185,1523964184585,-10.1668,-0.988331,-0.0175112,-0.610022,0.0846688,0.719798,0.830735,0.312035,-0.393036
01324181,1523964184585,-9.7525,0.957889,3.36898,0.0266004,-0.357974,0.330232,0.811643,0.443476,-0.213923
01324180,1523964184585,-9.88253,-3.31987,0.675456,-0.43336,0.144899,0.906509,0.69515,0.33526,-0.520891
01324189,1523964184602,-9.72772,-2.92422,0.77244,0.205198,-0.536531,-0.346176,0.817285,-0.184477,-0.391
01324188,1523964184602,-9.31281,-2.13068,-2.82608,0.0478722,0.0505821,-0.119089,0.87418,-0.299641,0.070538
01324185,1523964184602,-10.1401,-0.940349,-0.0239986,-0.46465,0.0690474,0.706124,0.834958,0.304932,-0.388273
01324181,1523964184602,-9.58489,0.998492,3.60836,-0.0715504,-0.428189,0.366093,0.813904,0.43917,-0.219441
01324180,1523964184602,-9.92374,-3.32553,0.708859,-0.452129,0.165551,0.834453,0.702968,0.330156,-0.515835
01324189,1523964184619,-9.63278,-2.67446,0.74726,0.241656,-0.557654,-0.347813,0.813789,-0.182542,-0.396835
01324188,1523964184619,-9.39244,-2.11593,-3.17215,0.105535,0.0127336,-0.0907962,0.874174,-0.298763,0.0704583
01324185,1523964184619,-10.1514,-0.641744,-0.045999,-0.286758,0.0723119,0.673586,0.83931,0.300334,-0.385236
01324181,1523964184619,-9.35847,1.04475,3.72002,-0.176632,-0.449291,0.381699,0.814455,0.431878,-0.225145
01324180,1523964184619,-9.97097,-3.42296,0.739282,-0.435763,0.18478,0.752038,0.708779,0.324948,-0.511562
01324189,1523964184635,-9.511,-1.86196,0.479606,0.191344,-0.507092,-0.314352,0.81044,-0.180616,-0.403742
01324188,1523964184635,-9.2635,-1.92525,-3.61769,0.143951,-0.0435918,-0.0769714,0.875531,-0.298242,0.0681833
01324185,1523964184635,-10.2424,-0.371558,-0.0934105,-0.18426,0.0851523,0.646192,0.843659,0.29273,-0.384523
01324181,1523964184635,-9.34649,1.07377,4.00934,-0.262217,-0.454233,0.406061,0.814145,0.427776,-0.229577
01324180,1523964184635,-10.0879,-3.37638,0.769816,-0.42811,0.198649,0.673978,0.714303,0.320754,-0.506183
01324189,1523964184652,-9.70845,-1.44883,0.74158,0.0475512,-0.431218,-0.265186,0.81034,-0.176614,-0.410001
01324188,1523964184652,-9.40335,-1.14367,-3.59482,0.0883441,-0.093966,-0.0460896,0.87458,-0.298245,0.0685992
01324185,1523964184652,-10.4491,-0.0862144,-0.150581,-0.197574,0.10404,0.584893,0.847876,0.285866,-0.381986
01324181,1523964184652,-9.32054,1.04967,4.17901,-0.322861,-0.434362,0.432283,0.817309,0.426332,-0.234632
01324180,1523964184652,-10.2382,-3.34428,0.76369,-0.397789,0.217869,0.596102,0.720236,0.315088,-0.498406
01324189,1523964184669,-9.89399,-1.50124,0.953586,-0.0735809,-0.357317,-0.219491,0.808336,-0.173137,-0.416108
01324188,1523964184669,-9.41425,-1.47296,-3.392,0.00485274,-0.143744,-0.0295005,0.876206,-0.297697,0.0687479
01324185,1523964184669,-10.7571,0.185353,-0.164453,-0.26233,0.135631,0.513387,0.852228,0.279282,-0.379583
01324181,1523964184669,-9.33201,0.962036,4.37382,-0.383497,-0.4154,0.45679,0.819522,0.422557,-0.23564
01324180,1523964184669,-10.4974,-3.15202,0.786385,-0.391386,0.218299,0.489875,0.725331,0.313371,-0.493512
01324189,1523964184685,-9.85533,-1.52545,0.935906,-0.196008,-0.266259,-0.196979,0.806732,-0.170527,-0.420888
01324188,1523964184685,-9.46845,-1.75266,-3.36256,0.0817566,-0.209702,-0.0279282,0.877015,-0.296395,0.0655853
01324185,1523964184685,-10.9979,0.350517,-0.228632,-0.390526,0.134341,0.438747,0.856041,0.274712,-0.375106
01324181,1523964184685,-9.29701,0.87024,4.39512,-0.429855,-0.353929,0.485055,0.822063,0.416139,-0.239389
01324180,1523964184685,-10.6861,-3.15701,0.820768,-0.412133,0.245722,0.430195,0.730969,0.311212,-0.488905
01324189,1523964184702,-9.83193,-1.63497,1.16653,-0.323313,-0.222569,-0.163726,0.806158,-0.162174,-0.422957
01324188,1523964184702,-9.63685,-1.51607,-3.31526,0.202368,-0.253038,0.00955889,0.876476,-0.296437,0.0604692
01324185,1523964184702,-11.1474,0.45007,-0.330018,-0.563469,0.136359,0.386229,0.859854,0.270429,-0.370369
01324181,1523964184702,-9.22678,0.759336,4.55709,-0.469098,-0.293388,0.509837,0.821915,0.40808,-0.241346
01324180,1523964184702,-10.8034,-3.08898,0.878002,-0.477796,0.257889,0.33584,0.733916,0.311448,-0.488538
01324189,1523964184719,-9.79564,-1.935,1.19934,-0.387176,-0.162302,-0.128517,0.804285,-0.159272,-0.428267
01324188,1523964184719,-9.68445,-1.30387,-3.29275,0.243526,-0.295657,0.0288291,0.87539,-0.296343,0.0588718
01324185,1523964184719,-11.2391,0.486671,-0.423523,-0.761689,0.119975,0.318536,0.861499,0.269708,-0.363829
01324181,1523964184719,-9.19304,0.691871,4.47649,-0.499185,-0.185686,0.503108,0.82519,0.403493,-0.239556
01324180,1523964184719,-10.8895,-3.17963,0.908083,-0.523405,0.268211,0.249465,0.738706,0.312489,-0.482773
01324189,1523964184735,-9.81986,-2.20742,1.07979,-0.376745,-0.0778163,-0.117972,0.804006,-0.154956,-0.430238
01324188,1523964184735,-9.60192,-1.22807,-3.48902,0.235805,-0.372636,0.0367945,0.876612,-0.295895,0.0551117
01324185,1523964184735,-11.2685,0.327935,-0.435189,-0.920032,0.121947,0.276186,0.864902,0.271647,-0.358235
01324181,1523964184735,-9.33538,0.651251,4.62125,-0.527524,-0.12054,0.48743,0.828449,0.400468,-0.23833
01324180,1523964184735,-10.9119,-3.15163,0.97569,-0.577755,0.28028,0.161303,0.742836,0.314736,-0.482383
01324189,1523964184752,-9.94926,-2.35308,1.11304,-0.260879,-0.015074,-0.0919082,0.804291,-0.154109,-0.431974
01324188,1523964184752,-9.60619,-1.05785,-3.34613,0.204613,-0.430784,0.0500953,0.877716,-0.298176,0.0505085
01324185,1523964184752,-11.2403,0.101422,-0.448628,-1.0601,0.110689,0.249196,0.866266,0.275398,-0.35383
01324181,1523964184752,-9.36426,0.636372,4.5972,-0.532681,-0.0377431,0.470073,0.832659,0.396162,-0.236157
01324180,1523964184752,-10.8126,-3.17487,1.0007,-0.645036,0.280103,0.0694171,0.744373,0.318004,-0.475308
01324189,1523964184769,-9.89389,-2.40785,0.89788,-0.121025,0.0438605,-0.0853432,0.806994,-0.149865,-0.432507
01324188,1523964184769,-9.7229,-1.2476,-3.38923,0.180347,-0.492191,0.0598648,0.880443,-0.299132,0.0450247
01324185,1523964184769,-11.1519,-0.178441,-0.468946,-1.14783,0.0900243,0.211991,0.868047,0.277243,-0.345876
01324181,1523964184769,-9.40302,0.69895,4.64889,-0.536171,0.0116664,0.46362,0.836603,0.390183,-0.232084
01324180,1523964184769,-10.7252,-3.19799,1.00143,-0.695213,0.286443,0.00582055,0.748156,0.324429,-0.468879
01324189,1523964184785,-9.93388,-2.42329,0.805952,-0.00114328,0.118582,-0.0761897,0.808605,-0.148174,-0.431173
01324188,1523964184785,-9.73796,-1.40428,-3.38769,0.19463,-0.585994,0.0916818,0.879354,-0.297621,0.0350271
01324185,1523964184785,-11.0752,-0.376351,-0.47019,-1.19907,0.0548215,0.165485,0.872533,0.283151,-0.339278
01324181,1523964184785,-9.45663,0.727462,4.60936,-0.518408,0.0517028,0.475125,0.838373,0.386779,-0.229506
01324180,1523964184785,-10.6221,-3.29284,0.953576,-0.705228,0.289182,-0.0452604,0.75161,0.332995,-0.455371
01324189,1523964184802,-9.93315,-2.28453,0.582337,0.0459989,0.200971,-0.0424294,0.810206,-0.147338,-0.42824
01324188,1523964184802,-9.76785,-1.6433,-3.32753,0.234943,-0.655839,0.0991583,0.878692,-0.299455,0.0277792
01324185,1523964184802,-10.9336,-0.579502,-0.493577,-1.15945,0.0295878,0.145165,0.872004,0.287799,-0.332259
01324181,1523964184802,-9.4498,0.717882,4.55645,-0.489851,0.0913729,0.466757,0.841346,0.382547,-0.224795
01324180,1523964184802,-10.5135,-3.43601,0.915179,-0.697718,0.283911,-0.0875084,0.753639,0.340177,-0.448901
01324189,1523964184819,-9.7624,-2.01836,0.446518,0.0634047,0.292255,-0.0194796,0.812093,-0.148095,-0.425724
01324188,1523964184819,-9.52603,-1.60515,-3.04578,0.247453,-0.693281,0.132495,0.879259,-0.302296,0.0197791
01324185,1523964184819,-10.8086,-0.710327,-0.526699,-1.12935,0.0324723,0.108519,0.871878,0.289715,-0.327961
01324181,1523964184819,-9.36489,0.578256,4.45341,-0.470103,0.128133,0.446321,0.844079,0.376165,-0.220302
01324180,1523964184819,-10.4349,-3.51198,0.881693,-0.620912,0.262974,-0.122371,0.754986,0.346768,-0.438647
01324189,1523964184835,-9.53326,-1.83667,0.626046,0.0443294,0.35804,-0.00549478,0.814228,-0.150282,-0.419876
01324188,1523964184835,-9.44279,-1.28926,-2.74607,0.240756,-0.733117,0.162101,0.880901,-0.303385,0.0113361
01324185,1523964184835,-10.7027,-0.792865,-0.54494,-1.04162,0.0243401,0.082939,0.873786,0.29405,-0.322517
01324181,1523964184835,-9.34313,0.457329,4.30614,-0.432488,0.155822,0.411971,0.847455,0.372765,-0.216543
01324180,1523964184835,-10.3584,-3.43316,0.834306,-0.554519,0.233841,-0.150429,0.756853,0.353447,-0.432389
01324189,1523964184852,-9.31924,-1.70155,0.744839,0.00112861,0.375746,0.0156091,0.819908,-0.150842,-0.415394
01324188,1523964184852,-9.4419,-1.02538,-2.55113,0.12583,-0.771736,0.180351,0.878886,-0.305411,-0.000622899
01324185,1523964184852,-10.5171,-0.808509,-0.591547,-0.993703,0.00443052,0.0727677,0.874881,0.297539,-0.317062
01324181,1523964184852,-9.13549,0.484144,4.1862,-0.416348,0.160782,0.394667,0.851377,0.368504,-0.212507
01324180,1523964184852,-10.1082,-3.32119,0.796278,-0.548684,0.209777,-0.173447,0.758657,0.357447,-0.427198
01324189,1523964184869,-9.27342,-1.57613,0.953775,-0.0977703,0.40098,0.0312153,0.822309,-0.150736,-0.410334
01324188,1523964184869,-9.67843,-0.891508,-2.2593,-0.0606147,-0.804164,0.194607,0.879077,-0.313125,-0.0102708
01324185,1523964184869,-10.2084,-0.769566,-0.663396,-0.965293,-0.00452955,0.0795287,0.875975,0.298742,-0.313154
01324181,1523964184869,-8.95396,0.413684,3.97137,-0.392971,0.190253,0.363779,0.855249,0.366443,-0.206122
01324180,1523964184869,-9.7415,-3.22713,0.754454,-0.542767,0.167857,-0.180796,0.75833,0.361797,-0.425754
01324189,1523964184885,-9.32765,-1.42834,1.28841,-0.276624,0.377011,0.0377815,0.824738,-0.151219,-0.407688
01324188,1523964184885,-9.76265,-0.758387,-1.93977,-0.243656,-0.815127,0.196753,0.877473,-0.315689,-0.0233466
01324185,1523964184885,-9.78674,-0.943104,-0.626283,-0.880531,-0.0105178,0.0861871,0.875986,0.302378,-0.307434
01324181,1523964184885,-9.01177,0.408165,3.95178,-0.3767,0.171714,0.316176,0.857274,0.363485,-0.202624
01324180,1523964184885,-9.39141,-3.16723,0.729198,-0.554847,0.164536,-0.193267,0.759555,0.369287,-0.420214
01324189,1523964184902,-9.21936,-1.6347,1.48345,-0.40458,0.328325,0.0703006,0.829582,-0.147873,-0.403701
01324188,1523964184902,-9.58145,-0.761679,-1.56091,-0.456409,-0.811694,0.186507,0.87788,-0.314065,-0.0363202
01324185,1523964184902,-9.42052,-1.15716,-0.51844,-0.762847,0.0288406,0.080625,0.878843,0.306569,-0.302122
01324181,1523964184902,-8.91118,0.426349,3.93759,-0.339165,0.0878237,0.273068,0.860393,0.358947,-0.198706
01324180,1523964184902,-9.07178,-3.17264,0.681535,-0.572854,0.135484,-0.19102,0.7591,0.373941,-0.42079
01324189,1523964184919,-9.30074,-2.00275,1.55682,-0.491292,0.282646,0.069228,0.830352,-0.143996,-0.40127
01324188,1523964184919,-9.50018,-1.00012,-1.29466,-0.520885,-0.803174,0.186176,0.877906,-0.316561,-0.0514334
01324185,1523964184919,-9.20832,-1.24507,-0.417433,-0.611071,0.00596338,0.0516429,0.879662,0.308593,-0.299529
01324181,1523964184919,-8.63992,0.485532,3.72567,-0.303409,0.0714031,0.246876,0.861631,0.355953,-0.197327
01324180,1523964184919,-8.79372,-3.13723,0.609521,-0.547377,0.109683,-0.167357,0.758996,0.380881,-0.416323
01324189,1523964184935,-9.24508,-2.19219,1.47034,-0.505089,0.225792,0.0657245,0.83251,-0.143899,-0.399152
01324188,1523964184935,-9.44772,-1.18504,-1.08161,-0.447565,-0.805453,0.183123,0.87685,-0.319678,-0.0653592
01324185,1523964184935,-8.99593,-1.21266,-0.395316,-0.43917,-0.00809713,0.0412901,0.88021,0.311196,-0.296156
01324181,1523964184935,-8.38179,0.522636,3.62035,-0.276646,0.0304115,0.23085,0.863909,0.354003,-0.193454
01324180,1523964184935,-8.50186,-3.21474,0.500769,-0.467567,0.0851456,-0.153042,0.758104,0.386384,-0.411873
01324189,1523964184952,-9.39877,-2.18591,1.73312,-0.436883,0.137131,0.0768129,0.833865,-0.142352,-0.399423
01324188,1523964184952,-9.52994,-1.17214,-0.811548,-0.337586,-0.80952,0.183813,0.874017,-0.320976,-0.080092
01324185,1523964184952,-8.70643,-1.15673,-0.447107,-0.280759,-0.0271553,0.0445743,0.878716,0.312033,-0.296682
01324181,1523964184952,-8.0767,0.582203,3.42796,-0.235544,-0.00732826,0.199276,0.864507,0.348576,-0.192416
01324180,1523964184952,-8.20633,-3.23016,0.460066,-0.351221,0.07106,-0.129617,0.75749,0.389833,-0.404494
01324189,1523964184969,-9.35356,-2.14594,1.86154,-0.327053,0.0738667,0.087953,0.835074,-0.139506,-0.399414
01324188,1523964184969,-9.36018,-1.00121,-0.516005,-0.17705,-0.80125,0.182363,0.871882,-0.325554,-0.0935567
01324185,1523964184969,-8.39752,-1.05276,-0.505076,-0.136583,-0.0337737,0.0443876,0.88102,0.312299,-0.297477
01324181,1523964184969,-7.72705,0.666419,3.40444,-0.192878,-0.0462326,0.199567,0.866019,0.345985,-0.192112
01324180,1523964184969,-7.97153,-3.06831,0.482582,-0.238422,0.0278825,-0.142406,0.757967,0.393874,-0.402257
01324189,1523964184985,-9.33863,-2.30832,2.15301,-0.205049,0.00186466,0.0920533,0.836168,-0.139824,-0.399697
01324188,1523964184985,-9.15648,-0.801579,-0.204141,-0.0794476,-0.732022,0.175844,0.8719,-0.327083,-0.104432
01324185,1523964184985,-8.10294,-0.924607,-0.533563,-0.0117624,-0.0516608,0.0442969,0.882106,0.31217,-0.296826
01324181,1523964184985,-7.87542,0.761548,3.59969,-0.185779,-0.0622228,0.192538,0.867202,0.347566,-0.191094
01324180,1523964184985,-7.67388,-2.89089,0.471961,-0.171797,0.0121013,-0.13069,0.757383,0.397802,-0.40217
01324189,1523964185002,-9.1493,-2.5429,2.41248,-0.0393069,-0.0757911,0.114047,0.835097,-0.140092,-0.401427
01324188,1523964185002,-9.29162,-0.702432,0.173849,-0.0690211,-0.682715,0.165808,0.870563,-0.329134,-0.116132
01324185,1523964185002,-7.88574,-0.853764,-0.572707,0.14209,-0.0594731,0.0237171,0.88102,0.310881,-0.297856
01324181,1523964185002,-8.15019,0.884389,3.68252,-0.160964,-0.138209,0.190994,0.866584,0.344388,-0.192749
01324180,1523964185002,-7.50064,-2.81133,0.445087,-0.133202,0.012412,-0.139254,0.758138,0.400524,-0.398611
01324189,1523964185019,-9.12486,-2.86802,2.95413,0.14663,-0.158832,0.0828476,0.834854,-0.14297,-0.402652
01324188,1523964185019,-9.52141,-0.717769,0.421252,-0.0341983,-0.609658,0.16858,0.870042,-0.331653,-0.124368
01324185,1523964185019,-7.91473,-0.84399,-0.612814,0.314871,-0.0984334,-0.00683389,0.881013,0.310262,-0.300727
01324181,1523964185019,-8.41505,1.04125,3.84204,-0.164767,-0.279402,0.203622,0.868385,0.343416,-0.196737
01324180,1523964185019,-7.57768,-2.81141,0.366995,-0.0928375,-0.0087825,-0.122426,0.756229,0.402875,-0.39786
01324189,1523964185035,-9.49802,-3.26907,3.60627,0.330806,-0.291824,0.0393764,0.831629,-0.145777,-0.405448
01324188,1523964185035,-9.74604,-0.597054,1.21368,-0.0586723,-0.463763,0.17262,0.865978,-0.332564,-0.13138
01324185,1523964185035,-8.2114,-0.837334,-0.619594,0.510016,-0.104299,-0.0494688,0.880466,0.308518,-0.303455
01324181,1523964185035,-9.16327,1.08073,4.07558,-0.143593,-0.371105,0.208116,0.867078,0.342231,-0.199358
01324180,1523964185035,-7.91478,-2.88654,0.247281,-0.0174872,-0.0424443,-0.0878417,0.755953,0.405226,-0.402
01324189,1523964185052,-9.77288,-3.50868,4.0918,0.41389,-0.539519,-0.0362272,0.828166,-0.148452,-0.411856
01324188,1523964185052,-9.55834,-0.821461,1.4862,-0.0885606,-0.280057,0.181544,0.863148,-0.335266,-0.137982
01324185,1523964185052,-8.87479,-0.785168,-0.747018,0.733674,-0.105101,-0.0835823,0.879097,0.307287,-0.3088
01324181,1523964185052,-9.54447,0.911346,3.95322,-0.11158,-0.484446,0.195079,0.867439,0.339238,-0.205016
01324180,1523964185052,-8.72166,-2.90373,0.0628765,0.0490262,-0.0636061,-0.0627761,0.753009,0.405583,-0.404383
01324189,1523964185069,-9.60158,-3.3317,4.62512,0.432297,-0.817666,-0.074766,0.827446,-0.150921,-0.4203
01324188,1523964185069,-9.52507,-0.962974,1.70863,-0.0950339,-0.0761956,0.173123,0.86399,-0.339427,-0.139735
01324185,1523964185069,-9.82529,-0.721637,-0.932634,0.886323,-0.0596019,-0.133159,0.87759,0.30433,-0.315959
01324181,1523964185069,-8.96858,0.651445,3.75903,-0.127418,-0.616192,0.155947,0.867259,0.337508,-0.212158
01324180,1523964185069,-9.69294,-2.91771,-0.152118,0.0960979,-0.0905631,-0.0132203,0.754622,0.405116,-0.403875
01324189,1523964185085,-9.08818,-2.71687,4.88658,0.351954,-1.01716,-0.0658813,0.820342,-0.151939,-0.431472
01324188,1523964185085,-9.84322,-0.696241,1.66056,-0.0876785,0.126507,0.156757,0.863724,-0.340294,-0.139786
01324185,1523964185085,-10.6113,-0.538668,-1.03432,0.947866,0.0137065,-0.133525,0.878122,0.303962,-0.320404
01324181,1523964185085,-8.1037,0.530832,3.55435,-0.141316,-0.539193,0.121977,0.865229,0.334192,-0.220976
01324180,1523964185085,-10.2774,-2.93748,-0.302945,0.121357,-0.146368,0.0693146,0.753694,0.405441,-0.406964
01324189,1523964185102,-9.09785,-2.20365,5.44778,0.073961,-1.13505,-0.0754742,0.815443,-0.151019,-0.446401
01324188,1523964185102,-10.3817,0.160021,1.55591,-0.126598,0.344617,0.144618,0.864134,-0.340971,-0.137947
01324185,1523964185102,-10.726,-0.292211,-0.864521,0.873089,0.0889959,-0.0726728,0.878386,0.300215,-0.324554
01324181,1523964185102,-7.51687,0.576718,3.39784,-0.147915,-0.404266,0.0609558,0.863679,0.332672,-0.225981
01324180,1523964185102,-10.1284,-2.83853,-0.363786,0.118798,-0.176832,0.102483,0.754657,0.404275,-0.40903
01324189,1523964185119,-9.38989,-1.64511,5.76508,-0.13311,-1.32964,-0.11662,0.801048,-0.149151,-0.465765
01324188,1523964185119,-10.1964,0.518937,0.812385,-0.251256,0.5279,0.0909326,0.862367,-0.341561,-0.130955
01324185,1523964185119,-10.1123,-0.180089,-0.460053,0.73533,0.149574,0.0358091,0.878118,0.293849,-0.325538
01324181,1523964185119,-7.27735,0.662019,3.42189,-0.177782,-0.290261,0.0137025,0.864649,0.333709,-0.230267
01324180,1523964185119,-9.48792,-2.65844,-0.245367,0.0800681,-0.186556,0.138995,0.753665,0.399681,-0.414245
01324189,1523964185135,-9.60963,-1.235,5.65741,-0.30866,-1.53842,-0.139883,0.788167,-0.146469,-0.487282
01324188,1523964185135,-9.921,0.379139,-0.384571,-0.363721,0.625134,0.0196064,0.863185,-0.342821,-0.123094
01324185,1523964185135,-9.28174,-0.170434,-0.0492541,0.586147,0.188944,0.123983,0.878392,0.289745,-0.326284
01324181,1523964185135,-7.52766,0.751182,3.50552,-0.152489,-0.213463,-0.0459932,0.863853,0.335917,-0.23456
01324180,1523964185135,-8.65491,-2.43359,-0.0353984,0.0394513,-0.146211,0.123943,0.752078,0.39856,-0.416137
01324189,1523964185152,-8.77406,-0.940188,5.11,-0.621635,-1.62005,-0.146283,0.778384,-0.142417,-0.506147
01324188,1523964185152,-9.95149,-0.092857,-1.15016,-0.606606,0.634768,-0.027064,0.863991,-0.342272,-0.116468
01324185,1523964185152,-8.60613,-0.241836,0.189459,0.507754,0.20246,0.161253,0.881514,0.284508,-0.327159
01324181,1523964185152,-8.1964,0.612253,3.51839,-0.0916966,-0.146016,-0.0910996,0.862085,0.337092,-0.2343
01324180,1523964185152,-8.0727,-2.25477,0.138033,-0.0292911,-0.0890359,0.0965688,0.753864,0.39696,-0.420792
01324189,1523964185169,-8.14392,-1.39596,4.43247,-0.950318,-1.39432,-0.241217,0.766812,-0.132281,-0.526816
01324188,1523964185169,-10.5291,-0.74069,-1.30343,-0.728867,0.623402,-0.0617201,0.864787,-0.339681,-0.112947
01324185,1523964185169,-8.49782,-0.329177,0.200279,0.426064,0.190942,0.163096,0.885314,0.281976,-0.326755
01324181,1523964185169,-8.91751,0.438732,3.53884,-0.0167991,-0.225357,-0.137507,0.860738,0.339056,-0.236986
01324180,1523964185169,-8.03977,-2.22663,0.254519,-0.114647,0.0223542,0.0757093,0.75334,0.395513,-0.419867
01324189,1523964185185,-8.43346,-1.82007,4.00779,-1.02969,-1.20203,-0.402475,0.754828,-0.119703,-0.54434
01324188,1523964185185,-9.86829,-1.17059,-1.2036,-0.634661,0.669726,-0.0498355,0.86559,-0.338583,-0.105612
01324185,1523964185185,-9.10878,-0.417097,-0.049269,0.275203,0.127044,0.151903,0.884916,0.277212,-0.325139
01324181,1523964185185,-9.24456,0.269878,3.55205,0.0526525,-0.324781,-0.166069,0.859171,0.339522,-0.24283
01324180,1523964185185,-8.49149,-2.47386,0.304339,-0.15088,0.100919,0.0857416,0.755731,0.396472,-0.417584
01324189,1523964185202,-8.73367,-2.16566,3.36404,-0.7949,-1.12866,-0.499501,0.744829,-0.103979,-0.56231
01324188,1523964185202,-8.95584,-1.54892,-1.02439,-0.442637,0.655451,-0.0396822,0.868267,-0.333129,-0.0985669
01324185,1523964185202,-10.1038,-0.541353,-0.519787,0.0322347,0.0409545,0.125733,0.887495,0.274813,-0.325124
01324181,1523964185202,-9.53177,0.208215,3.5997,0.11154,-0.358979,-0.20526,0.856194,0.344318,-0.247951
01324180,1523964185202,-9.20106,-2.95522,0.29235,-0.124248,0.172298,0.117221,0.757451,0.396264,-0.412071
01324189,1523964185219,-8.34531,-2.5641,2.40794,-0.408196,-1.02575,-0.41852,0.734829,-0.0928478,-0.577505
01324188,1523964185219,-9.17954,-1.91179,-1.08192,-0.345235,0.614831,-0.120906,0.868252,-0.331764,-0.0903966
01324185,1523964185219,-11.0367,-0.877878,-0.995634,-0.270457,-0.058449,0.120116,0.888581,0.274395,-0.324862
01324181,1523964185219,-9.87589,0.209032,3.55884,0.164285,-0.318922,-0.245506,0.854095,0.345054,-0.254859
01324180,1523964185219,-9.9833,-3.43273,0.291757,-0.0205464,0.220637,0.175417,0.761884,0.394426,-0.409063
01324189,1523964185235,-8.34046,-2.75373,2.32466,-0.00646529,-0.831183,-0.254061,0.726987,-0.0879339,-0.58648
01324188,1523964185235,-9.62595,-2.35141,-1.07927,-0.455639,0.513831,-0.285669,0.869857,-0.328162,-0.0869574
01324185,1523964185235,-11.6416,-1.30785,-1.37295,-0.513303,-0.161518,0.155206,0.887221,0.275927,-0.325919
01324181,1523964185235,-10.0826,0.390979,3.5492,0.19376,-0.262529,-0.260595,0.850175,0.348614,-0.258216
01324180,1523964185235,-10.7478,-3.78925,0.284752,0.0972703,0.233219,0.271282,0.762014,0.393682,-0.406376
01324189,1523964185252,-8.83291,-3.36424,3.5136,0.202393,-0.668878,-0.116724,0.719835,-0.0884972,-0.593098
01324188,1523964185252,-9.73635,-2.12205,-1.06364,-0.438692,0.460284,-0.42246,0.872804,-0.322308,-0.0823161
01324185,1523964185252,-11.8992,-1.84093,-1.56025,-0.610844,-0.163559,0.213226,0.887902,0.274813,-0.325126
01324181,1523964185252,-10.3357,0.710582,3.64289,0.167333,-0.133982,-0.292123,0.850426,0.351849,-0.26068
01324180,1523964185252,-11.1995,-4.01661,0.28151,0.18762,0.19988,0.378042,0.76705,0.387056,-0.405231
01324189,1523964185269,-8.63533,-3.57504,4.01883,0.278127,-0.605673,-0.0490939,0.714199,-0.0902576,-0.600813
01324188,1523964185269,-9.62242,-1.37174,-1.18685,-0.29527,0.355162,-0.367766,0.8752,-0.314953,-0.0783824
01324185,1523964185269,-11.9341,-2.28851,-1.52504,-0.542907,-0.126232,0.314983,0.888995,0.273312,-0.322499
01324181,1523964185269,-10.6408,0.947099,3.71368,0.161018,-0.0326518,-0.267041,0.847724,0.354685,-0.263636
01324180,1523964185269,-11.3722,-4.11986,0.264755,0.229669,0.128096,0.469249,0.771161,0.380317,-0.406508
01324189,1523964185285,-7.96745,-3.21051,3.79785,0.287461,-0.388496,-0.0815877,0.706366,-0.0942477,-0.605307
01324188,1523964185285,-9.51233,-1.68117,-1.12955,-0.244894,0.217796,-0.283941,0.877891,-0.311333,-0.0757641
01324185,1523964185285,-11.8911,-2.50056,-1.41794,-0.335783,-0.0359552,0.383056,0.89008,0.27033,-0.32352
01324181,1523964185285,-10.7441,1.14481,3.72855,0.128042,0.0632638,-0.243692,0.846862,0.358991,-0.263717
01324180,1523964185285,-11.4383,-4.23136,0.234495,0.217331,0.0468747,0.583757,0.775517,0.374868,-0.406141
01324189,1523964185302,-7.57821,-2.25796,3.3269,0.286222,-0.0779313,-0.0947026,0.707098,-0.0973067,-0.608687
01324188,1523964185302,-9.43478,-1.61949,-1.02483,-0.0245008,0.0518179,-0.225835,0.880035,-0.306742,-0.0749646
01324185,1523964185302,-11.8087,-2.3999,-1.36912,-0.104094,0.0537221,0.411972,0.892533,0.26502,-0.320862
01324181,1523964185302,-10.5661,1.25858,3.6454,0.119029,0.13104,-0.210382,0.844147,0.361021,-0.264263
01324180,1523964185302,-11.4171,-4.39844,0.306291,0.176159,-0.0308465,0.691041,0.779948,0.363624,-0.407243
01324189,1523964185319,-7.6307,-1.90542,3.20196,0.211019,0.278505,-0.0618545,0.707052,-0.0961342,-0.604661
01324188,1523964185319,-9.38447,-1.08332,-1.17929,0.25079,-0.0813449,-0.143998,0.877305,-0.304686,-0.0742627
01324185,1523964185319,-11.6436,-2.03973,-1.32166,0.020855,0.12658,0.415576,0.894171,0.260127,-0.318597
01324181,1523964185319,-10.243,1.22617,3.45489,0.129572,0.234419,-0.163918,0.843829,0.362944,-0.26164
01324180,1523964185319,-11.2664,-4.50703,0.471513,0.14785,-0.119144,0.757876,0.784239,0.352079,-0.406186
01324189,1523964185335,-8.01278,-2.47055,3.33295,0.12631,0.491908,-0.00737023,0.712185,-0.0982567,-0.598845
01324188,1523964185335,-9.22815,-0.666705,-1.53565,0.383785,-0.182529,-0.0663011,0.877034,-0.304637,-0.0751994
01324185,1523964185335,-11.4055,-1.50661,-1.22572,-0.0141036,0.200234,0.343641,0.895811,0.251982,-0.316693
01324181,1523964185335,-9.9215,1.12338,3.25606,0.118953,0.333639,-0.149304,0.845418,0.363261,-0.25927
01324180,1523964185335,-11.0097,-4.60278,0.681345,0.123973,-0.194756,0.803709,0.786941,0.34103,-0.410638
01324189,1523964185352,-8.16122,-2.95141,3.57746,0.033386,0.577627,0.0597186,0.717314,-0.100378,-0.592761
01324188,1523964185352,-9.33369,-0.434635,-1.56581,0.375544,-0.247854,0.018751,0.877317,-0.306304,-0.077059
01324185,1523964185352,-11.0423,-1.06097,-1.1488,-0.199332,0.211756,0.254385,0.899073,0.249478,-0.314849
01324181,1523964185352,-9.68021,0.925007,3.08994,0.0834301,0.431057,-0.135456,0.844229,0.367008,-0.252422
01324180,1523964185352,-10.6177,-4.69238,0.9167,0.0943802,-0.265128,0.804677,0.789898,0.330844,-0.414536
01324189,1523964185369,-7.91728,-3.1877,3.59269,0.00633492,0.650442,0.119863,0.722667,-0.10205,-0.581857
01324188,1523964185369,-9.21358,-0.642945,-1.49266,0.45288,-0.272967,0.134967,0.874206,-0.308262,-0.0776816
01324185,1523964185369,-10.5783,-0.813339,-1.02077,-0.470674,0.197283,0.1254,0.900984,0.248721,-0.31014
01324181,1523964185369,-9.49007,0.767282,2.90822,0.0976659,0.48082,-0.120448,0.846042,0.367844,-0.24581
01324180,1523964185369,-10.1285,-4.63586,1.13931,0.0839674,-0.304959,0.772586,0.791717,0.315904,-0.420811
01324189,1523964185385,-7.38187,-3.10403,3.46797,0.110444,0.801148,0.13404,0.729134,-0.10448,-0.572979
01324188,1523964185385,-8.93166,-0.895679,-1.3578,0.678304,-0.305579,0.201692,0.872999,-0.310492,-0.079423
01324185,1523964185385,-10.0954,-0.792064,-0.799028,-0.697228,0.161389,0.0135117,0.901541,0.249688,-0.303873
01324181,1523964185385,-9.16124,0.654881,2.70962,0.0746765,0.51768,-0.129608,0.847347,0.367782,-0.241302
01324180,1523964185385,-9.60718,-4.4289,1.32438,0.0572342,-0.33883,0.703541,0.793196,0.306331,-0.425756
01324189,1523964185402,-7.11515,-2.75505,3.64002,0.370963,0.955511,0.147011,0.736286,-0.107074,-0.564379
01324188,1523964185402,-8.57737,-2.63998,-2.44214,0.774057,-0.318108,0.208529,0.871939,-0.31452,-0.0802007
01324185,1523964185402,-9.58387,-0.896149,-0.557807,-0.877269,0.104074,-0.0812855,0.9025,0.255869,-0.29779
01324181,1523964185402,-8.95842,0.540871,2.65514,0.0730214,0.531498,-0.145035,0.848745,0.369065,-0.234163
01324180,1523964185402,-9.00346,-4.22306,1.47883,0.00713666,-0.352442,0.581721,0.795145,0.299022,-0.422417
01324189,1523964185419,-7.38456,-2.77172,4.43269,0.667951,1.04752,0.131906,0.744907,-0.11443,-0.549941
01324188,1523964185419,-8.17277,-1.8314,-3.82199,1.36096,-0.0930981,0.187632,0.870591,-0.316754,-0.0756077
01324185,1523964185419,-9.14044,-1.178,-0.338532,-0.921567,0.0529415,-0.130329,0.900607,0.260744,-0.293645
01324181,1523964185419,-8.87947,0.425302,2.71582,0.0935199,0.510097,-0.155634,0.848757,0.372959,-0.2264
01324180,1523964185419,-8.28315,-3.38002,1.77327,-0.182929,-0.348572,0.436413,0.793343,0.294731,-0.427478
01324189,1523964185435,-8.39459,-3.13406,5.11401,0.923003,1.02788,0.0796983,0.753805,-0.123517,-0.534852
01324188,1523964185435,-9.53287,0.553928,-2.84872,1.24943,0.162811,0.286738,0.868459,-0.324101,-0.0674172
01324185,1523964185435,-8.85662,-1.52157,-0.242815,-0.89862,-0.0170548,-0.150373,0.900884,0.266183,-0.289514
01324181,1523964185435,-8.69552,0.313461,2.70224,0.115759,0.460466,-0.16134,0.849362,0.374078,-0.220713
01324180,1523964185435,-7.92824,-3.20869,1.94686,-0.74154,-0.305514,0.237974,0.79363,0.293719,-0.42899
01324189,1523964185452,-9.07626,-2.53368,4.80443,1.01435,0.945836,0.0278579,0.761622,-0.134876,-0.519232
01324188,1523964185452,-9.32239,1.3692,-1.61114,0.577573,0.199774,0.163942,0.868761,-0.329618,-0.0618377
01324185,1523964185452,-8.74197,-1.95081,-0.192355,-0.833077,-0.0719501,-0.202839,0.898576,0.2754,-0.286979
01324181,1523964185452,-8.47912,0.129196,2.71923,0.133681,0.435237,-0.185781,0.849148,0.37732,-0.216656
01324180,1523964185452,-8.26036,-4.10717,2.07886,-1.1111,-0.259824,0.0300904,0.789032,0.298614,-0.433151
01324189,1523964185469,-9.01253,-0.28624,4.33417,1.00847,0.951075,0.0908614,0.769862,-0.144531,-0.506148
01324188,1523964185469,-8.88532,1.9295,-1.2779,0.0396004,0.138949,-0.0456901,0.868084,-0.33029,-0.0597153
01324185,1523964185469,-8.83897,-2.14762,-0.174046,-0.714889,-0.144313,-0.27647,0.895726,0.282633,-0.284947
01324181,1523964185469,-8.43721,0.0130658,2.92941,0.160346,0.433484,-0.187599,0.848933,0.378617,-0.2099
01324180,1523964185469,-8.30505,-5.00765,1.80279,-1.01347,-0.260207,-0.106653,0.786628,0.308222,-0.4313
01324189,1523964185485,-9.09559,1.48612,4.22524,0.810474,0.979178,0.201194,0.774955,-0.152948,-0.492348
01324188,1523964185485,-9.38942,1.56852,-1.45841,-0.338551,0.174132,-0.134685,0.870242,-0.328101,-0.0574494
01324185,1523964185485,-8.97873,-2.0457,-0.254034,-0.613946,-0.230481,-0.339785,0.894372,0.287338,-0.282372
01324181,1523964185485,-8.38155,-0.00569728,2.94462,0.22081,0.431849,-0.18437,0.850622,0.380127,-0.205296
01324180,1523964185485,-8.38928,-5.43395,1.38392,-0.499127,-0.281268,-0.224955,0.785732,0.314457,-0.427917
01324189,1523964185502,-9.59891,1.8001,4.0632,0.30028,0.830995,0.245162,0.783047,-0.158718,-0.480436
01324188,1523964185502,-11.1873,0.478325,-0.803968,-0.823569,0.253313,-0.164814,0.870908,-0.326083,-0.0571967
01324185,1523964185502,-8.93038,-1.84879,-0.488635,-0.452729,-0.272622,-0.351612,0.890559,0.29546,-0.285446
01324181,1523964185502,-8.41715,-0.139656,3.06771,0.265316,0.438871,-0.19132,0.849208,0.382244,-0.20107
01324180,1523964185502,-8.39869,-4.93701,0.946689,0.103989,-0.290388,-0.307236,0.781003,0.318327,-0.430204
01324189,1523964185519,-10.1181,0.5066,3.77344,-0.170996,0.7635,0.261589,0.785673,-0.160891,-0.468969
01324188,1523964185519,-11.0675,-1.12148,-0.347577,-0.446005,0.366045,-0.175978,0.871425,-0.321838,-0.0577459
01324185,1523964185519,-8.74234,-1.74902,-0.682116,-0.213124,-0.278294,-0.341677,0.885936,0.300484,-0.288356
01324181,1523964185519,-8.69194,-0.29593,3.28629,0.295627,0.41026,-0.213984,0.848599,0.384359,-0.196455
01324180,1523964185519,-8.2601,-4.31097,0.564781,0.481706,-0.285075,-0.364468,0.776587,0.319745,-0.435924
01324189,1523964185535,-10.5957,-1.21528,3.82767,-0.435481,0.768118,0.272357,0.791891,-0.165336,-0.461309
01324188,1523964185535,-9.83373,-0.91754,-0.508258,0.0734945,0.488282,-0.185062,0.8714,-0.318418,-0.0529502
01324185,1523964185535,-8.65588,-1.86034,-0.713789,0.0719005,-0.243822,-0.320968,0.883212,0.303517,-0.292038
01324181,1523964185535,-8.71117,-0.267075,3.32426,0.350813,0.360524,-0.230104,0.846794,0.38673,-0.193959
01324180,1523964185535,-8.28619,-3.73209,0.352603,0.59119,-0.238436,-0.43539,0.769898,0.322096,-0.445242
01324189,1523964185552,-10.294,-1.95723,3.59742,-0.662918,0.575279,0.25058,0.796864,-0.164859,-0.454668
01324188,1523964185552,-9.52183,-0.291225,-1.28408,0.0539868,0.549453,-0.177406,0.873015,-0.316935,-0.044793
01324185,1523964185552,-8.64614,-1.8315,-0.704797,0.394314,-0.204723,-0.329231,0.880483,0.307658,-0.296777
01324181,1523964185552,-8.38331,-0.102921,3.13725,0.34556,0.351408,-0.240614,0.846591,0.389113,-0.189885
01324180,1523964185552,-8.39667,-3.59284,0.301535,0.5301,-0.202255,-0.50052,0.766962,0.322757,-0.449917
01324189,1523964185569,-9.0362,-1.61072,2.62023,-0.625696,0.415701,0.296054,0.79816,-0.161846,-0.449705
01324188,1523964185569,-9.28515,-0.368528,-1.3887,-0.0700646,0.564772,-0.211678,0.874216,-0.314787,-0.0351068
01324185,1523964185569,-8.51524,-1.63003,-0.663946,0.641208,-0.154469,-0.353672,0.877347,0.312646,-0.301522
01324181,1523964185569,-7.85775,0.0392833,2.98333,0.340205,0.360334,-0.230327,0.846683,0.391016,-0.187931
01324180,1523964185569,-8.31583,-3.69155,0.367038,0.488561,-0.201556,-0.544778,0.759752,0.325871,-0.464079
01324189,1523964185585,-8.26311,-1.63598,1.46449,-0.606593,0.361655,0.303162,0.796628,-0.160641,-0.447
01324188,1523964185585,-8.93449,-1.03125,-1.62609,-0.241205,0.58302,-0.239122,0.875949,-0.310272,-0.0294561
01324185,1523964185585,-8.18658,-1.43701,-0.624194,0.78186,-0.0892337,-0.394293,0.874616,0.314775,-0.308203
01324181,1523964185585,-7.43076,0.0831771,2.95141,0.333046,0.395913,-0.214594,0.845831,0.392518,-0.185294
01324180,1523964185585,-8.01759,-3.76349,0.425143,0.508697,-0.225072,-0.595011,0.754759,0.329606,-0.467175
01324189,1523964185602,-8.61382,-2.55052,0.596209,-0.641665,0.336054,0.274728,0.797952,-0.158647,-0.444321
01324188,1523964185602,-8.66469,-1.30025,-1.5728,-0.321361,0.592237,-0.22182,0.876323,-0.305835,-0.0216374
01324185,1523964185602,-7.7663,-1.29267,-0.529631,0.900081,-0.0267269,-0.465507,0.870266,0.316117,-0.311863
01324181,1523964185602,-7.60185,0.0761376,3.1509,0.346385,0.42602,-0.216053,0.846314,0.393195,-0.180261
01324180,1523964185602,-7.62452,-3.677,0.443957,0.56515,-0.220469,-0.641283,0.749674,0.331037,-0.47302
01324189,1523964185619,-8.83926,-3.47197,0.013246,-0.440352,0.217349,0.225917,0.800108,-0.157544,-0.442596
01324188,1523964185619,-8.79451,-2.46535,-1.78022,-0.213051,0.603926,-0.174908,0.876022,-0.301716,-0.0161207
01324185,1523964185619,-7.50077,-1.31586,-0.385472,1.04924,0.0264608,-0.554519,0.865229,0.317676,-0.318924
01324181,1523964185619,-8.34008,0.0526949,3.33982,0.36143,0.376594,-0.219787,0.844642,0.394594,-0.176284
01324180,1523964185619,-7.43357,-3.4716,0.408279,0.610835,-0.19835,-0.686547,0.742661,0.334209,-0.473124
01324189,1523964185635,-9.40744,-4.14042,0.964654,0.00498717,0.105072,0.206427,0.801191,-0.160439,-0.440088
01324188,1523964185635,-9.62628,-2.49398,-1.73016,0.146505,0.588939,-0.132027,0.877645,-0.301762,-0.00644239
01324185,1523964185635,-7.59441,-1.23813,-0.275502,1.26601,0.058479,-0.665503,0.861953,0.323482,-0.325115
01324181,1523964185635,-9.0177,0.105259,3.43108,0.330899,0.178824,-0.207449,0.84324,0.398215,-0.175281
01324180,1523964185635,-7.62007,-3.23861,0.311063,0.636997,-0.164131,-0.723845,0.735684,0.336836,-0.479188
01324189,1523964185652,-10.3858,-4.60066,2.11504,0.439727,-0.0820956,0.164021,0.797816,-0.164959,-0.440487
01324188,1523964185652,-10.7655,-1.95316,-1.57697,0.356289,0.635458,-0.00725268,0.876679,-0.300451,0.00321865
01324185,1523964185652,-8.22391,-1.21256,-0.297343,1.46235,0.05515,-0.801632,0.858951,0.323917,-0.33191
01324181,1523964185652,-9.4249,0.139101,3.62585,0.247115,-0.0371881,-0.219297,0.843334,0.401643,-0.17562
01324180,1523964185652,-8.18031,-3.09687,0.209697,0.617781,-0.131586,-0.771931,0.729872,0.340566,-0.479163
01324189,1523964185669,-10.1229,-3.83094,1.8768,0.827193,-0.265871,0.0803075,0.796095,-0.171397,-0.441589
01324188,1523964185669,-10.0862,-1.32441,-1.8551,0.382413,0.689093,0.0281172,0.87546,-0.302454,0.0152355
01324185,1523964185669,-9.23443,-1.06437,-0.464275,1.63582,0.0259975,-0.896666,0.852421,0.3266,-0.339237
01324181,1523964185669,-9.98292,0.374889,3.89791,0.171292,-0.14136,-0.211224,0.840915,0.404442,-0.180041
01324180,1523964185669,-9.08695,-3.09917,0.104157,0.615855,-0.0759401,-0.831132,0.722884,0.344063,-0.485074
01324189,1523964185685,-9.27925,-2.3348,1.57553,0.967481,-0.278031,0.0130933,0.793141,-0.178374,-0.441745
01324188,1523964185685,-9.02633,-1.07238,-2.25312,0.214691,0.7055,-0.00101383,0.874758,-0.300041,0.0261749
01324185,1523964185685,-10.298,-0.89663,-0.677663,1.77897,0.00184595,-0.961071,0.845479,0.330672,-0.347623
01324181,1523964185685,-10.0368,0.648192,4.15314,0.157813,-0.217365,-0.210132,0.839031,0.406411,-0.182854
01324180,1523964185685,-10.087,-3.16511,-0.0219788,0.635119,-0.0324442,-0.892037,0.71667,0.34898,-0.488128
01324189,1523964185702,-9.13995,-1.25093,1.29852,0.732573,-0.234218,0.0263953,0.79047,-0.18522,-0.442974
01324188,1523964185702,-8.78661,-1.68679,-2.7909,0.0976714,0.695155,-0.0107146,0.876949,-0.30406,0.0364059
01324185,1523964185702,-11.3398,-0.712141,-0.858187,1.84131,-0.0349935,-0.962377,0.841104,0.333385,-0.360713
01324181,1523964185702,-10.2293,0.776801,4.30401,0.12205,-0.247047,-0.189554,0.835549,0.409471,-0.189131
01324180,1523964185702,-10.9306,-3.33743,-0.188258,0.711868,-0.00365771,-0.908786,0.710091,0.352477,-0.495397
01324189,1523964185719,-9.23046,-0.975987,0.837718,0.384025,-0.175364,0.0951905,0.788416,-0.189732,-0.444257
01324188,1523964185719,-9.75035,-2.12384,-2.8853,0.233047,0.654194,0.0197232,0.875032,-0.30296,0.0478173
01324185,1523964185719,-12.0819,-0.358501,-0.963506,1.91219,0.0068697,-0.928547,0.832939,0.335874,-0.370779
01324181,1523964185719,-10.6397,0.781385,4.62973,0.137733,-0.217708,-0.140114,0.83313,0.410048,-0.190447
01324180,1523964185719,-11.6718,-3.20938,-0.337388,0.778428,0.031062,-0.960672,0.704003,0.357676,-0.497502
01324189,1523964185735,-9.8805,-0.879564,0.818552,0.149113,-0.0795517,0.0952362,0.784761,-0.192517,-0.444773
01324188,1523964185735,-10.07,-2.34605,-3.70385,0.438211,0.602125,0.0948686,0.872303,-0.302036,0.0570719
01324185,1523964185735,-12.5442,-0.0931649,-0.944017,1.83383,0.0927197,-0.869382,0.828168,0.336119,-0.380181
01324181,1523964185735,-10.6284,0.645658,4.62757,0.160602,-0.220374,-0.0945153,0.832481,0.412224,-0.19607
01324180,1523964185735,-12.3189,-2.9118,-0.433912,0.806179,0.090224,-1.01525,0.696877,0.36323,-0.507425
01324189,1523964185752,-10.4983,-0.993004,0.593939,-0.140737,0.0927509,0.0940603,0.783388,-0.193623,-0.442892
01324188,1523964185752,-9.66492,-1.33954,-4.41887,0.403404,0.482781,0.111946,0.869864,-0.30388,0.0661497
01324185,1523964185752,-12.7989,0.180624,-0.800056,1.63162,0.194104,-0.786414,0.823267,0.336972,-0.387235
01324181,1523964185752,-10.0914,0.404722,4.41345,0.203276,-0.14832,-0.0682778,0.83007,0.413756,-0.199534
01324180,1523964185752,-12.5181,-2.648,-0.489996,0.768972,0.148714,-1.05101,0.68745,0.367625,-0.510714
01324189,1523964185769,-10.5711,-1.12733,0.193098,-0.400379,0.204219,0.131195,0.783939,-0.193354,-0.443699
01324188,1523964185769,-9.72322,-0.741382,-4.41421,0.0766481,0.380469,0.141306,0.868102,-0.30538,0.073893
01324185,1523964185769,-12.7931,0.33252,-0.532537,1.3033,0.275289,-0.732148,0.820266,0.338684,-0.39365
01324181,1523964185769,-10.1543,0.372096,4.82905,0.17043,0.0100052,-0.0667748,0.829807,0.414023,-0.200601
01324180,1523964185769,-12.2918,-2.40702,-0.426041,0.703025,0.242482,-1.06307,0.683914,0.37234,-0.512189
01324189,1523964185785,-10.5722,-1.45948,0.472243,-0.519545,0.300526,0.190151,0.78746,-0.191141,-0.443052
01324188,1523964185785,-9.82888,-1.20075,-4.17819,-0.110551,0.272743,0.147689,0.869192,-0.306435,0.0773167
01324185,1523964185785,-12.4841,0.321114,-0.37095,0.896375,0.263154,-0.665355,0.815105,0.340051,-0.396
01324181,1523964185785,-10.3269,0.197737,4.90857,0.221343,0.128237,-0.0865329,0.829292,0.412865,-0.201502
01324180,1523964185785,-11.956,-2.23048,-0.310617,0.584742,0.336352,-1.09132,0.678062,0.377643,-0.508076
01324189,1523964185802,-10.3576,-1.89677,0.209953,-0.49431,0.353789,0.257619,0.788239,-0.191142,-0.439179
01324188,1523964185802,-9.60302,-1.5875,-4.15959,-0.101583,0.187637,0.161023,0.868523,-0.308282,0.0796348
01324185,1523964185802,-11.9919,0.308516,-0.26572,0.610418,0.251359,-0.627653,0.812388,0.344852,-0.395775
01324181,1523964185802,-10.0789,0.247094,4.50832,0.225318,0.139469,-0.14427,0.827666,0.414298,-0.202446
01324180,1523964185802,-11.5606,-2.18148,-0.166309,0.48705,0.459193,-1.11929,0.672987,0.386282,-0.506206
01324189,1523964185819,-10.1546,-2.25336,0.354519,-0.403794,0.420162,0.268427,0.788866,-0.189266,-0.434754
01324188,1523964185819,-9.33986,-1.66298,-3.8457,-0.0766913,0.0871819,0.202609,0.866776,-0.311186,0.0800139
01324185,1523964185819,-11.4857,0.122471,-0.166584,0.430373,0.232849,-0.542399,0.81035,0.350501,-0.39543
01324181,1523964185819,-9.86363,0.494708,4.47114,0.197081,0.214046,-0.172061,0.82805,0.414059,-0.200051
01324180,1523964185819,-11.1256,-2.19705,-0.0364695,0.395168,0.551622,-1.15977,0.669413,0.393601,-0.506277
01324189,1523964185835,-10.0632,-2.47435,0.547339,-0.31818,0.450392,0.297076,0.790746,-0.191311,-0.430776
01324188,1523964185835,-9.39552,-1.65513,-3.55654,-0.0397284,0.016379,0.228623,0.864628,-0.315246,0.0803257
01324185,1523964185835,-11.0476,-0.207669,-0.128564,0.304096,0.210308,-0.45546,0.809258,0.354712,-0.396514
01324181,1523964185835,-9.7516,0.639306,4.3097,0.145589,0.196854,-0.187607,0.825569,0.417281,-0.198364
01324180,1523964185835,-10.7762,-2.29749,0.0340623,0.316108,0.641766,-1.17029,0.66498,0.403666,-0.50209
01324189,1523964185852,-9.58804,-2.35537,0.630508,-0.200297,0.481841,0.280441,0.792364,-0.195363,-0.426543
01324188,1523964185852,-9.42389,-1.46562,-3.40161,-0.0254766,-0.0189185,0.272572,0.862075,-0.319748,0.0808843
01324185,1523964185852,-10.6627,-0.628946,-0.0630622,0.2713,0.211564,-0.36366,0.806411,0.356994,-0.395218
01324181,1523964185852,-9.41457,0.801184,4.07208,0.0949475,0.217934,-0.18737,0.825247,0.419908,-0.196288
01324180,1523964185852,-10.4802,-2.35404,0.00280584,0.290353,0.695892,-1.20883,0.660826,0.413298,-0.498996
01324189,1523964185869,-9.60126,-2.15047,0.811315,-0.0857571,0.508288,0.272782,0.795041,-0.198998,-0.419508
01324188,1523964185869,-9.3266,-1.29088,-3.26919,-0.0757445,-0.0683028,0.315945,0.861162,-0.325472,0.0789205
01324185,1523964185869,-10.3157,-0.775494,0.0182158,0.3569,0.204385,-0.297448,0.80465,0.358148,-0.393916
01324181,1523964185869,-9.19812,1.02226,3.8712,0.0192288,0.234198,-0.160351,0.825763,0.420231,-0.194306
01324180,1523964185869,-10.1845,-2.37408,-0.057256,0.23786,0.76883,-1.22807,0.658746,0.425748,-0.488171
01324189,1523964185885,-9.72054,-1.72471,0.789788,-0.0649153,0.504652,0.279095,0.79664,-0.201462,-0.414325
01324188,1523964185885,-9.27279,-1.11744,-3.27359,-0.126247,-0.0796898,0.331408,0.860092,-0.327811,0.0763621
01324185,1523964185885,-9.98242,-0.666776,0.0586383,0.497659,0.207902,-0.255179,0.804922,0.358435,-0.393658
01324181,1523964185885,-8.96279,1.20239,3.57946,-0.0325978,0.270447,-0.105655,0.826249,0.420899,-0.189671
01324180,1523964185885,-9.87766,-2.51003,-0.100928,0.241653,0.792956,-1.20776,0.656423,0.437351,-0.480333
01324189,1523964185902,-9.68569,-1.2064,0.74668,-0.134298,0.493298,0.297527,0.799292,-0.20207,-0.406596
01324188,1523964185902,-9.3064,-1.04982,-3.27153,-0.178458,-0.117758,0.342131,0.859175,-0.332998,0.0753752
01324185,1523964185902,-9.65355,-0.346225,0.0218514,0.593356,0.199711,-0.195779,0.805192,0.355443,-0.395199
01324181,1523964185902,-8.77046,1.27978,3.68546,-0.0986678,0.326071,-0.0567507,0.824157,0.422343,-0.183962
01324180,1523964185902,-9.59445,-2.35252,-0.0707118,0.222239,0.815038,-1.22094,0.651865,0.445957,-0.474415
01324189,1523964185918,-9.78677,-0.939018,0.90949,-0.265691,0.503415,0.351282,0.800913,-0.206985,-0.402236
01324188,1523964185918,-9.29139,-0.896667,-3.1118,-0.193132,-0.147156,0.354979,0.857856,-0.338993,0.07313
01324185,1523964185918,-9.27665,0.0316318,-0.211691,0.526696,0.211497,-0.148245,0.804108,0.353606,-0.395439
01324181,1523964185918,-8.34671,1.29726,3.27729,-0.182611,0.308552,0.0122048,0.82491,0.422735,-0.17866
01324180,1523964185918,-9.23759,-2.28868,-0.00403826,0.161142,0.797945,-1.21272,0.647939,0.457449,-0.467638
01324189,1523964185935,-9.74575,-0.95219,1.05975,-0.445457,0.490712,0.417331,0.802512,-0.209018,-0.397318
01324188,1523964185935,-9.3057,-0.82561,-2.9198,-0.179014,-0.161171,0.374385,0.856401,-0.344581,0.0684867
01324185,1523964185935,-8.83468,0.351354,-0.384336,0.357143,0.201168,-0.12088,0.804378,0.35288,-0.396479
01324181,1523964185935,-8.26406,1.32966,3.41727,-0.259544,0.349691,0.0903568,0.826217,0.421975,-0.173339
01324180,1523964185935,-8.8708,-2.24901,0.0771008,0.0900341,0.746629,-1.20481,0.645638,0.467899,-0.461446
01324189,1523964185952,-9.56297,-0.986166,0.954681,-0.573522,0.463551,0.453343,0.802492,-0.212882,-0.392931
01324188,1523964185952,-9.24747,-0.759104,-2.80534,-0.168539,-0.161749,0.369145,0.852785,-0.352143,0.0632078
01324185,1523964185952,-8.47492,0.623402,-0.591792,0.146747,0.19113,-0.102808,0.805191,0.353162,-0.396485
01324181,1523964185952,-8.2652,1.28613,3.23939,-0.302605,0.290593,0.150319,0.828797,0.42498,-0.165318
01324180,1523964185952,-8.48465,-2.20163,0.134302,0.0206284,0.711453,-1.21436,0.640596,0.482451,-0.453509
01324189,1523964185968,-9.47605,-1.14375,1.20127,-0.701474,0.423511,0.487627,0.804938,-0.214235,-0.391497
01324188,1523964185968,-9.17435,-0.573186,-2.53325,-0.178009,-0.145424,0.388731,0.85105,-0.356678,0.0610593
01324185,1523964185968,-8.18811,0.708077,-0.828169,-0.108523,0.17072,-0.106712,0.805062,0.355202,-0.393104
01324181,1523964185968,-8.48092,1.23021,3.22942,-0.327845,0.321817,0.212789,0.830812,0.422183,-0.161026
01324180,1523964185968,-8.22875,-2.17486,0.170784,-0.104955,0.664981,-1.19443,0.634248,0.494419,-0.446416
01324189,1523964185985,-9.33242,-1.66902,1.18812,-0.841556,0.355923,0.517469,0.805741,-0.215971,-0.388977
01324188,1523964185985,-9.29794,-0.639179,-2.33916,-0.223287,-0.110056,0.409146,0.850547,-0.362794,0.0579878
01324185,1523964185985,-8.1334,0.618404,-1.09649,-0.391622,0.129259,-0.124853,0.804934,0.359384,-0.388305
01324181,1523964185985,-8.85064,1.17249,3.19918,-0.31744,0.290818,0.253958,0.831982,0.420178,-0.153817
01324180,1523964185985,-8.12361,-2.26059,0.176174,-0.197493,0.607454,-1.14096,0.629851,0.507749,-0.430131
01324189,1523964186002,-9.26862,-2.29183,1.13942,-0.835952,0.285076,0.522946,0.806017,-0.217989,-0.388059
01324188,1523964186002,-9.35431,-0.844739,-2.22134,-0.247632,-0.0612858,0.439603,0.84894,-0.366205,0.0567165
01324185,1523964186002,-8.29584,0.438684,-1.26239,-0.671162,0.0824319,-0.142914,0.804673,0.363292,-0.38311
01324181,1523964186002,-9.27809,1.0535,3.0828,-0.332135,0.246274,0.329587,0.833329,0.415851,-0.14789
01324180,1523964186002,-8.20978,-2.31427,0.133951,-0.32024,0.516464,-1.08346,0.622835,0.519439,-0.423034
01324189,1523964186018,-9.51725,-2.82598,1.13217,-0.731857,0.189056,0.484436,0.804665,-0.217958,-0.389114
01324188,1523964186018,-9.50407,-0.812382,-2.28785,-0.226577,-0.021275,0.49061,0.845734,-0.374337,0.0540918
01324185,1523964186018,-8.70011,0.0702099,-1.48393,-0.943949,0.067333,-0.149222,0.803732,0.370322,-0.376898
01324181,1523964186018,-9.61844,0.93307,3.02497,-0.312932,0.160633,0.380597,0.836032,0.411345,-0.142772
01324180,1523964186018,-8.39936,-2.39268,0.0325771,-0.442128,0.427424,-0.946807,0.616451,0.534307,-0.415477
01324189,1523964186035,-9.79131,-3.01213,1.02633,-0.533643,0.0903581,0.471123,0.802792,-0.22137,-0.390458
01324188,1523964186035,-9.46433,-0.533788,-2.49765,-0.242261,0.0159161,0.526313,0.840908,-0.384192,0.0515142
01324185,1523964186035,-9.17935,-0.432536,-1.60382,-1.18914,0.0962408,-0.12946,0.801978,0.380617,-0.369667
01324181,1523964186035,-9.69856,0.755071,2.95784,-0.304245,0.0815597,0.407505,0.839859,0.404218,-0.13894
01324180,1523964186035,-8.5643,-2.49467,-0.095271,-0.568391,0.318581,-0.784835,0.60907,0.544577,-0.412594
01324189,1523964186052,-9.75808,-2.77918,0.746469,-0.323624,0.00954694,0.445311,0.800663,-0.227366,-0.391954
01324188,1523964186052,-9.44497,-0.528902,-2.5171,-0.298041,0.0543104,0.553792,0.836612,-0.391901,0.0496033
01324185,1523964186052,-9.61528,-1.0438,-1.62255,-1.37923,0.111039,-0.0569481,0.804164,0.389832,-0.359824
01324181,1523964186052,-9.6667,0.63886,3.12207,-0.268969,0.0133484,0.445596,0.841268,0.398497,-0.137771
01324180,1523964186052,-8.66853,-2.6302,-0.179207,-0.69158,0.217893,-0.592918,0.606216,0.555607,-0.404489
01324189,1523964186068,-9.73611,-2.2408,0.49184,-0.174873,-0.0499382,0.397929,0.799742,-0.231233,-0.392911
01324188,1523964186068,-9.49371,-0.648325,-2.65522,-0.252598,0.0639828,0.586954,0.83639,-0.399956,0.0504492
01324185,1523964186068,-9.85826,-1.69715,-1.58116,-1.50192,0.132377,0.028162,0.801611,0.395135,-0.348097
01324181,1523964186068,-9.42293,0.491398,3.03227,-0.263663,0.00463197,0.454939,0.843827,0.396375,-0.134962
01324180,1523964186068,-8.61011,-2.82217,-0.223195,-0.804481,0.116786,-0.37989,0.601482,0.565342,-0.392733
01324189,1523964186085,-9.80948,-1.59256,0.392258,-0.0740655,-0.0820469,0.405439,0.796505,-0.235181,-0.393709
01324188,1523964186085,-9.60668,-0.473432,-2.78107,-0.156519,0.0510699,0.62285,0.830745,-0.408926,0.0479374
01324185,1523964186085,-9.86909,-2.22422,-1.41999,-1.48261,0.142106,0.143752,0.804074,0.402118,-0.336925
01324181,1523964186085,-9.30244,0.410188,3.21089,-0.212046,-0.00787845,0.444305,0.8478,0.390192,-0.133677
01324180,1523964186085,-8.50123,-3.00934,-0.208658,-0.882539,0.00462783,-0.13508,0.60028,0.572272,-0.383383
01324189,1523964186102,-9.81327,-0.842263,0.291868,0.00592271,-0.0656032,0.425213,0.79409,-0.238006,-0.395711
01324188,1523964186102,-9.61762,-0.181597,-3.13499,-0.030857,0.0322878,0.655358,0.826719,-0.416747,0.0483067
01324185,1523964186102,-9.67692,-2.64897,-1.20062,-1.37555,0.133364,0.255914,0.806002,0.406458,-0.323896
01324181,1523964186102,-9.22154,0.416062,3.1316,-0.194204,-0.000897742,0.439115,0.84895,0.383479,-0.132219
01324180,1523964186102,-8.27598,-3.22438,-0.16897,-0.918927,-0.0900518,0.118875,0.59936,0.578037,-0.374061
01324189,1523964186118,-9.83142,-0.252408,0.132896,-0.00921376,-0.025684,0.480165,0.791143,-0.244697,-0.396668
01324188,1523964186118,-9.51939,0.23383,-3.28874,0.000657507,-0.00875339,0.676368,0.821606,-0.424183,0.0470969
01324185,1523964186118,-9.44077,-2.85252,-1.01453,-1.16891,0.134117,0.354284,0.807931,0.407688,-0.311228
01324181,1523964186118,-9.31628,0.414821,3.27834,-0.130017,0.00221199,0.409658,0.850898,0.377333,-0.130516
01324180,1523964186118,-8.05109,-3.41287,-0.12914,-0.910091,-0.152702,0.357522,0.601557,0.583783,-0.371004
01324189,1523964186135,-9.80528,0.227505,0.140944,-0.0951961,0.0236525,0.561511,0.789301,-0.253291,-0.398054
01324188,1523964186135,-9.51878,0.407277,-3.26625,0.0270238,-0.0569156,0.700795,0.817747,-0.436962,0.0474232
01324185,1523964186135,-9.37307,-2.88171,-0.886103,-0.972305,0.132927,0.425498,0.811749,0.408131,-0.302745
01324181,1523964186135,-9.28718,0.386061,3.267,-0.0446085,-0.0163524,0.404049,0.853148,0.370552,-0.131461
01324180,1523964186135,-7.97659,-3.56928,-0.0930184,-0.893438,-0.269576,0.592363,0.604865,0.584257,-0.362931
01324189,1523964186152,-9.77582,0.505021,0.289637,-0.186078,0.0738596,0.598421,0.785386,-0.259376,-0.397789
01324188,1523964186152,-9.52328,0.503463,-3.22617,0.00795294,-0.0981615,0.707288,0.813051,-0.445872,0.0463854
01324185,1523964186152,-9.37511,-2.74688,-0.892255,-0.806275,0.12622,0.442365,0.816511,0.407391,-0.29713
01324181,1523964186152,-9.27181,0.395854,3.38041,0.0105264,-0.0668436,0.394813,0.855857,0.368396,-0.130115
01324180,1523964186152,-8.04723,-3.72493,-0.0631435,-0.872467,-0.325175,0.832969,0.609737,0.581129,-0.363877
01324189,1523964186168,-9.80872,0.461677,0.341146,-0.25879,0.097967,0.62124,0.784877,-0.264259,-0.398492
01324188,1523964186168,-9.6689,0.362682,-3.01439,-0.0337062,-0.141525,0.720667,0.807688,-0.456755,0.0441545
01324185,1523964186168,-9.51205,-2.51494,-0.951864,-0.689893,0.11021,0.450869,0.819242,0.403839,-0.291089
01324181,1523964186168,-9.61745,0.435352,3.48371,0.0745761,-0.0579401,0.389597,0.85759,0.361158,-0.132641
01324180,1523964186168,-8.2486,-3.85752,-0.0755054,-0.833937,-0.373356,1.05795,0.617018,0.576333,-0.359889
01324189,1523964186185,-9.85455,0.31217,0.455884,-0.287374,0.0775745,0.620306,0.783272,-0.270402,-0.397719
01324188,1523964186185,-9.67376,0.366555,-2.8748,-0.0336808,-0.166838,0.706226,0.802306,-0.464452,0.0423927
01324185,1523964186185,-9.76744,-2.35212,-1.04937,-0.583173,0.0746985,0.439126,0.822245,0.400578,-0.284529
01324181,1523964186185,-9.70851,0.27188,3.29547,0.120912,-0.134301,0.369865,0.8574,0.355973,-0.134127
01324180,1523964186185,-8.67131,-4.06711,-0.129121,-0.776052,-0.432029,1.28652,0.626742,0.568584,-0.354644
01324189,1523964186202,-9.89308,0.206481,0.592522,-0.310226,0.0415493,0.592765,0.779516,-0.277364,-0.399338
01324188,1523964186202,-9.59549,0.619461,-2.87771,-0.0650739,-0.182374,0.702304,0.797076,-0.474711,0.0392559
01324185,1523964186202,-9.98929,-2.27618,-1.13285,-0.507426,0.0544065,0.422212,0.824163,0.395896,-0.278605
01324181,1523964186202,-9.65352,0.151173,3.35851,0.13532,-0.18275,0.331476,0.859678,0.349548,-0.138404
01324180,1523964186202,-9.18057,-4.31136,-0.198274,-0.693158,-0.501328,1.48179,0.637581,0.557037,-0.348546
01324189,1523964186218,-9.87005,-0.00537154,0.752319,-0.282634,0.022256,0.568017,0.77629,-0.281892,-0.400943
01324188,1523964186218,-9.68169,0.862384,-2.74447,-0.148776,-0.191012,0.698074,0.79156,-0.482614,0.0357312
01324185,1523964186218,-10.2155,-2.11102,-1.1006,-0.440773,0.0327674,0.439333,0.828107,0.391147,-0.276088
01324181,1523964186218,-9.14389,0.174153,3.39514,0.155047,-0.216992,0.299957,0.860053,0.344297,-0.142553
01324180,1523964186218,-9.59921,-4.48038,-0.203289,-0.581576,-0.574681,1.62094,0.648457,0.545536,-0.350153
01324189,1523964186235,-9.81233,-0.0915494,0.853473,-0.236337,0.00962161,0.518434,0.773751,-0.287733,-0.402299
01324188,1523964186235,-9.62833,0.919228,-2.62507,-0.183659,-0.200965,0.68711,0.787825,-0.49281,0.0306932
01324185,1523964186235,-10.0218,-1.93393,-0.965135,-0.362107,0.0569935,0.46966,0.830152,0.388669,-0.272932
01324181,1523964186235,-8.81323,0.411218,3.09326,0.129546,-0.132763,0.270486,0.861578,0.341536,-0.143442
01324180,1523964186235,-9.73633,-4.72603,-0.181809,-0.41911,-0.653959,1.75677,0.658835,0.532472,-0.355705
01324189,1523964186252,-9.80132,-0.0739599,0.970531,-0.186608,0.00394606,0.479641,0.771798,-0.292939,-0.403715
01324188,1523964186252,-9.659,1.14484,-2.45842,-0.138204,-0.193083,0.705194,0.781503,-0.502097,0.0258793
01324185,1523964186252,-9.765,-1.7186,-0.716293,-0.2728,0.0921056,0.542413,0.833417,0.38321,-0.270667
01324181,1523964186252,-8.69444,0.567844,3.1538,0.128745,-0.13311,0.252338,0.862991,0.338309,-0.146048
01324180,1523964186252,-9.60513,-4.40828,-0.178782,-0.298878,-0.705267,1.71502,0.67045,0.516184,-0.359717
01324189,1523964186268,-9.91326,0.117358,1.01892,-0.155939,-0.00848396,0.437141,0.76993,-0.297359,-0.404934
01324188,1523964186268,-9.71517,0.986126,-2.49023,-0.0736012,-0.210685,0.71252,0.776139,-0.512715,0.024204
01324185,1523964186268,-9.36363,-1.57156,-0.424411,-0.167754,0.149952,0.612421,0.838583,0.37719,-0.268272
01324181,1523964186268,-8.78199,0.654143,3.16125,0.135916,-0.104909,0.245676,0.863454,0.335387,-0.148386
01324180,1523964186268,-9.39029,-4.22319,-0.0934943,-0.245079,-0.747603,1.73616,0.681129,0.500062,-0.364524
01324189,1523964186285,-10.0184,0.563753,1.14814,-0.142547,0.000872203,0.408755,0.767263,-0.30435,-0.406566
01324188,1523964186285,-9.74359,1.14581,-2.55403,-0.0170742,-0.208866,0.681057,0.769957,-0.522636,0.0204266
01324185,1523964186285,-9.17436,-1.34136,-0.175259,-0.0789924,0.198628,0.632375,0.843214,0.367258,-0.263876
01324181,1523964186285,-8.85597,0.730774,3.3187,0.144715,-0.154331,0.248679,0.862357,0.328887,-0.151695
01324180,1523964186285,-9.16367,-4.2023,0.0103417,-0.161988,-0.739405,1.73318,0.691366,0.476705,-0.371227
01324189,1523964186302,-10.1897,1.08128,1.42214,-0.140737,0.0147573,0.421204,0.764694,-0.306876,-0.406958
01324188,1523964186302,-9.7594,0.788207,-2.43755,-0.0407768,-0.218475,0.631235,0.765931,-0.530001,0.0173211
01324185,1523964186302,-9.14913,-1.02601,-0.0606903,-0.0134882,0.190673,0.604276,0.847034,0.357345,-0.258562
01324181,1523964186302,-8.80208,0.818776,3.28838,0.134004,-0.187932,0.250121,0.86377,0.325797,-0.154571
01324180,1523964186302,-9.0468,-3.95645,0.177181,-0.0919053,-0.678847,1.65232,0.701566,0.456541,-0.377865
01324189,1523964186318,-10.0413,1.36804,1.75648,-0.118256,0.055098,0.419399,0.763374,-0.311312,-0.408585
01324188,1523964186318,-9.56131,0.757619,-2.30405,-0.17283,-0.243045,0.529197,0.760531,-0.534847,0.0138516
01324185,1523964186318,-9.39891,-0.651259,-0.0635566,-0.0280019,0.153328,0.556954,0.850703,0.352279,-0.257872
01324181,1523964186318,-8.94235,0.892321,3.29573,0.114478,-0.184553,0.24162,0.864019,0.319418,-0.15803
01324180,1523964186318,-9.12667,-3.81874,0.307668,-0.0724523,-0.629874,1.57284,0.708442,0.442345,-0.37798
01324189,1523964186335,-9.73194,1.37652,2.04879,-0.149627,0.0519218,0.408583,0.760659,-0.314259,-0.407774
01324188,1523964186335,-9.1447,0.982308,-2.24195,-0.372937,-0.237295,0.441213,0.756773,-0.54125,0.00878185
01324185,1523964186335,-9.74569,-0.348288,-0.226526,-0.141142,0.0693408,0.506661,0.855596,0.346397,-0.255608
01324181,1523964186335,-9.05405,0.932298,3.22904,0.101925,-0.203726,0.25703,0.864867,0.318202,-0.160673
01324180,1523964186335,-9.44259,-3.76112,0.445079,-0.0614498,-0.580337,1.46432,0.715654,0.425429,-0.385185
01324189,1523964186352,-9.58074,1.24157,2.06079,-0.25292,0.00108386,0.346113,0.758926,-0.319687,-0.408333
01324188,1523964186352,-9.06757,0.919101,-2.20829,-0.633293,-0.213822,0.345889,0.753555,-0.546973,0.00145726
01324185,1523964186352,-10.0423,-0.228611,-0.387331,-0.259797,-0.0129011,0.449553,0.85669,0.33993,-0.254503
01324181,1523964186352,-9.05504,0.961454,3.16327,0.0661753,-0.215617,0.286342,0.865231,0.313256,-0.16403
01324180,1523964186352,-9.71165,-3.56713,0.520858,-0.0854363,-0.511034,1.32674,0.722832,0.41171,-0.393137
01324189,1523964186368,-9.76547,1.07024,1.94147,-0.346547,-0.0946726,0.2856,0.755296,-0.321625,-0.412055
01324188,1523964186368,-9.47901,0.803863,-2.06205,-0.933793,-0.204975,0.232357,0.750889,-0.553616,-0.0113216
01324185,1523964186368,-10.2231,-0.111993,-0.470569,-0.373148,-0.0665965,0.433051,0.859408,0.335421,-0.254207
01324181,1523964186368,-9.09211,1.04835,3.17103,0.0234482,-0.19164,0.294443,0.866658,0.309719,-0.167694
01324180,1523964186368,-9.80103,-3.39929,0.530574,-0.172312,-0.430869,1.16066,0.727378,0.394567,-0.403146
01324189,1523964186385,-9.98794,0.729099,1.81745,-0.457208,-0.166125,0.189455,0.754791,-0.321344,-0.416332
01324188,1523964186385,-9.83841,0.363357,-1.97824,-1.21344,-0.16127,0.117599,0.75063,-0.554211,-0.0233478
01324185,1523964186385,-10.3288,-0.0269993,-0.398977,-0.559381,-0.108609,0.45906,0.861855,0.330782,-0.253386
01324181,1523964186385,-9.53287,1.02847,3.30383,0.0224429,-0.163799,0.312902,0.867017,0.303948,-0.169439
01324180,1523964186385,-9.75669,-3.26812,0.502725,-0.30128,-0.349189,0.998672,0.733148,0.383883,-0.404932
01324189,1523964186402,-10.0645,0.420765,2.08561,-0.607312,-0.225103,0.0664781,0.752919,-0.319016,-0.42138
01324188,1523964186402,-9.78506,0.431291,-1.71936,-1.37122,-0.0410949,-0.0255348,0.751035,-0.552289,-0.0364375
01324185,1523964186402,-10.4736,-0.115092,-0.299671,-0.740946,-0.145551,0.469736,0.862956,0.327777,-0.24826
01324181,1523964186402,-9.60165,0.979317,3.08215,-0.00866189,-0.206385,0.308343,0.868563,0.300723,-0.171914
01324180,1523964186402,-9.80443,-3.11851,0.454743,-0.468644,-0.263806,0.820672,0.736452,0.378333,-0.408607
01324189,1523964186418,-9.89078,-0.0817149,2.48585,-0.776054,-0.285702,-0.0894744,0.750777,-0.314099,-0.428279
01324188,1523964186418,-9.89653,0.390111,-1.28493,-1.61266,0.0752933,-0.165766,0.751572,-0.549776,-0.0497613
01324185,1523964186418,-10.5852,-0.388841,-0.262959,-0.878638,-0.172578,0.456484,0.865136,0.32487,-0.245363
01324181,1523964186418,-9.24137,0.762852,3.02099,-0.0281965,-0.22422,0.3056,0.867442,0.296083,-0.175262
01324180,1523964186418,-9.85828,-3.0609,0.425532,-0.612278,-0.149222,0.676413,0.739178,0.374068,-0.40711
01324189,1523964186435,-9.44671,-0.471698,2.87254,-0.934151,-0.408614,-0.238221,0.748242,-0.305734,-0.438895
01324188,1523964186435,-8.55287,0.192319,-1.98671,-2.17768,0.17345,-0.249757,0.752507,-0.545202,-0.0667339
01324185,1523964186435,-10.5135,-0.654069,-0.190511,-1.00557,-0.23575,0.448513,0.86609,0.321636,-0.244811
01324181,1523964186435,-8.85396,0.510296,2.98484,-0.0174073,-0.209471,0.293559,0.86859,0.293406,-0.179074
01324180,1523964186435,-9.70343,-3.08384,0.484922,-0.730945,-0.0571616,0.520659,0.742946,0.372101,-0.404772
01324189,1523964186452,-8.87805,-0.803315,3.52523,-0.944154,-0.537346,-0.366935,0.745297,-0.293913,-0.451487
01324188,1523964186452,-7.666,-0.592149,-1.98892,-2.53004,0.287533,-0.408292,0.758453,-0.538284,-0.0857786
01324185,1523964186452,-10.1955,-0.862988,-0.0563954,-1.03801,-0.283653,0.47005,0.868405,0.319293,-0.241919
01324181,1523964186452,-8.72986,0.232725,3.02959,-0.0153935,-0.159654,0.262958,0.868664,0.289205,-0.181247
01324180,1523964186452,-9.29619,-3.14669,0.488553,-0.818284,0.0382964,0.37561,0.745022,0.374039,-0.3953
01324189,1523964186468,-8.57851,-0.886024,3.93431,-0.904788,-0.645759,-0.435062,0.742458,-0.281218,-0.46153
01324188,1523964186468,-7.98575,-0.755912,-1.84776,-2.93748,0.488366,-0.557605,0.763415,-0.526079,-0.105288
01324185,1523964186468,-9.76177,-1.1352,0.102537,-1.03582,-0.328967,0.518722,0.870038,0.315782,-0.241106
01324181,1523964186468,-8.86468,0.0101984,3.21895,-0.00435275,-0.169725,0.193946,0.86927,0.285846,-0.183843
01324180,1523964186468,-8.96155,-3.20053,0.47219,-0.841287,0.143089,0.258305,0.747767,0.37714,-0.388248
01324189,1523964186485,-8.66087,-0.758615,4.15735,-0.869285,-0.722152,-0.518298,0.741424,-0.270023,-0.474149
01324188,1523964186485,-8.45156,-1.32317,-3.24925,-3.1448,0.806871,-0.670612,0.770145,-0.5142,-0.124706
01324185,1523964186485,-9.3887,-1.47452,0.191964,-0.940795,-0.338276,0.557721,0.873704,0.31184,-0.240688
01324181,1523964186485,-8.85172,-0.142617,3.36927,0.0137282,-0.264689,0.125852,0.868944,0.281779,-0.18668
01324180,1523964186485,-8.7914,-3.24637,0.430096,-0.819087,0.244784,0.173831,0.751441,0.378445,-0.374756
01324189,1523964186502,-9.07654,-0.75014,4.22694,-0.908855,-0.770111,-0.619543,0.737372,-0.254002,-0.487632
01324188,1523964186502,-8.92076,-2.765,-3.7042,-3.04458,1.11976,-0.728463,0.778881,-0.497987,-0.137814
01324185,1523964186502,-9.18909,-1.68283,0.195267,-0.813581,-0.300211,0.609174,0.874251,0.306194,-0.240897
01324181,1523964186502,-8.70689,-0.136112,3.44252,0.0032903,-0.316944,0.0754051,0.867643,0.280025,-0.189156
01324180,1523964186502,-8.70778,-3.33179,0.382105,-0.775012,0.329453,0.112244,0.754036,0.38256,-0.366871
01324189,1523964186518,-9.41524,-0.89284,3.5234,-0.974869,-0.82485,-0.738658,0.73142,-0.237504,-0.502027
01324188,1523964186518,-9.45835,-4.29778,-2.82935,-2.19521,1.34428,-0.722004,0.786529,-0.482617,-0.141933
01324185,1523964186518,-9.21882,-1.9475,0.177424,-0.622522,-0.241942,0.631564,0.876156,0.299706,-0.240841
01324181,1523964186518,-8.74724,-0.124724,3.76566,0.035436,-0.326313,0.0424815,0.865797,0.2801,-0.193393
01324180,1523964186518,-8.65643,-3.53089,0.318674,-0.655557,0.388513,0.0737912,0.756926,0.383904,-0.357693
01324189,1523964186535,-9.04194,-1.26778,1.87144,-0.798762,-0.716577,-0.786336,0.727629,-0.220622,-0.514838
01324188,1523964186535,-9.31441,-3.19911,-2.08959,-0.710521,1.44726,-0.657642,0.798378,-0.467329,-0.133444
01324185,1523964186535,-9.34968,-2.09125,0.0753172,-0.365815,-0.186326,0.627555,0.877247,0.292932,-0.241041
01324181,1523964186535,-8.77003,0.107968,3.69826,0.0159877,-0.345357,0.0182218,0.865318,0.280664,-0.200579
01324180,1523964186535,-8.91859,-3.81614,0.292796,-0.509731,0.448002,0.106768,0.758441,0.389944,-0.352998
01324189,1523964186552,-8.65149,-2.00789,0.909629,-0.451255,-0.423518,-0.808897,0.725182,-0.206638,-0.523937
01324188,1523964186552,-9.70507,-0.217356,-2.10396,0.219278,1.50044,-0.594211,0.805921,-0.459802,-0.113395
01324185,1523964186552,-9.61487,-1.87314,-0.182475,-0.104398,-0.139646,0.613416,0.881455,0.283296,-0.243316
01324181,1523964186552,-8.64361,0.33029,3.63685,0.0160705,-0.319924,0.00803991,0.86346,0.281739,-0.20497
01324180,1523964186552,-9.16457,-4.23422,0.290515,-0.282625,0.458802,0.133727,0.761616,0.390715,-0.345864
01324189,1523964186568,-8.56547,-2.77845,1.15964,-0.0754982,-0.240141,-0.837302,0.724458,-0.195258,-0.526516
01324188,1523964186568,-10.1531,1.59126,-2.24683,0.400943,1.51725,-0.504403,0.814311,-0.457244,-0.0933982
01324185,1523964186568,-9.69231,-1.75496,-0.490951,0.11151,-0.098141,0.563602,0.882272,0.276504,-0.24443
01324181,1523964186568,-8.48722,0.472893,3.58923,0.00370259,-0.226218,0.00883502,0.864183,0.28106,-0.209351
01324180,1523964186568,-9.41303,-4.4689,0.291634,-0.0311423,0.455025,0.193313,0.766921,0.391576,-0.33565
01324189,1523964186585,-8.77182,-3.27865,1.74574,0.249139,-0.133889,-0.927868,0.726056,-0.185953,-0.528469
01324188,1523964186585,-10.8933,2.75387,-2.95915,0.174229,1.52702,-0.431641,0.819136,-0.449665,-0.0703473
01324185,1523964186585,-9.53248,-1.36373,-0.739602,0.238043,-0.00319659,0.48287,0.885264,0.268752,-0.244104
01324181,1523964186585,-8.61374,0.612092,3.61232,0.000258551,-0.109546,0.00470153,0.863518,0.281884,-0.211356
01324180,1523964186585,-9.64715,-4.3616,0.386613,0.216125,0.413508,0.210489,0.770434,0.387127,-0.330112
01324189,1523964186602,-9.13405,-3.24752,2.50585,0.535767,-0.0729081,-1.00246,0.727916,-0.178227,-0.528429
01324188,1523964186602,-10.1498,2.47076,-2.8613,-0.039833,1.54474,-0.321277,0.825327,-0.443203,-0.0488655
01324185,1523964186602,-9.73631,-0.907456,-0.793802,0.258459,0.0857182,0.409175,0.88744,0.261265,-0.244693
01324181,1523964186602,-8.75555,0.717257,3.49831,-0.0157623,-0.0154818,0.022828,0.862612,0.279726,-0.212365
01324180,1523964186602,-9.29659,-4.49163,0.287812,0.455957,0.385664,0.243349,0.773713,0.381547,-0.328785
01324189,1523964186618,-9.72789,-2.78675,3.18284,0.811651,-0.0669592,-1.03785,0.726771,-0.172715,-0.526096
01324188,1523964186618,-10.0332,1.28747,-2.66135,0.1962,1.52718,-0.22599,0.828131,-0.43839,-0.0251539
01324185,1523964186618,-9.57435,-0.756814,-0.831401,0.218343,0.175063,0.31676,0.888669,0.255646,-0.243466
01324181,1523964186618,-8.84381,0.798763,3.42373,-0.0140312,0.0272705,0.038719,0.862096,0.276764,-0.210702
01324180,1523964186618,-9.22442,-3.93107,0.320598,0.537101,0.361889,0.22096,0.777131,0.375677,-0.327737
01324189,1523964186635,-10.1127,-1.95532,3.74073,1.04488,-0.105438,-1.01561,0.727276,-0.169551,-0.523934
01324188,1523964186635,-10.1018,1.05443,-2.39879,0.72986,1.44825,-0.104619,0.830137,-0.436206,-0.00105793
01324185,1523964186635,-9.46788,-0.682773,-0.761503,0.149302,0.211831,0.226427,0.891386,0.251138,-0.24317
01324181,1523964186635,-8.91127,0.793133,3.39926,0.00377286,0.0645129,0.04245,0.860735,0.276257,-0.20855
01324180,1523964186635,-9.08097,-3.98741,0.32894,0.636206,0.36905,0.274339,0.781092,0.370098,-0.328583
01324189,1523964186652,-9.95716,-1.49024,3.64212,1.11267,-0.119995,-1.00828,0.729816,-0.165144,-0.521652
01324188,1523964186652,-10.104,1.77692,-2.27297,1.21972,1.38938,-0.00281632,0.831064,-0.435344,0.0236426
01324185,1523964186652,-9.41482,-0.743217,-0.675803,0.0613266,0.201288,0.144937,0.892481,0.24951,-0.239758
01324181,1523964186652,-8.83007,0.755362,3.29424,0.0161894,0.0540499,0.0509215,0.861925,0.278101,-0.208601
01324180,1523964186652,-8.98449,-3.81825,0.420236,0.768175,0.314026,0.287117,0.783122,0.360089,-0.335167
01324189,1523964186668,-9.64458,-1.30296,3.56483,1.06857,-0.0454331,-1.03706,0.732789,-0.162053,-0.521126
01324188,1523964186668,-10.3184,2.68121,-2.17361,1.45562,1.29255,0.0498887,0.832125,-0.434535,0.0525151
01324185,1523964186668,-9.16904,-0.841037,-0.656203,0.0261942,0.193809,0.065029,0.893574,0.246306,-0.237638
01324181,1523964186668,-8.76655,0.707554,3.33904,0.0375626,0.0291464,0.0420087,0.863265,0.278792,-0.208895
01324180,1523964186668,-8.82022,-3.64817,0.500113,0.892684,0.304024,0.282564,0.78564,0.351928,-0.336585
01324189,1523964186685,-9.59178,-0.933669,3.35801,1.02232,0.0309733,-1.02849,0.734092,-0.158326,-0.517362
01324188,1523964186685,-10.4315,3.51705,-1.99259,1.52763,1.18191,0.108418,0.828168,-0.434692,0.0789648
01324185,1523964186685,-9.05323,-0.841743,-0.639316,0.104149,0.196324,0.0376867,0.894127,0.24681,-0.23346
01324181,1523964186685,-8.65797,0.684774,3.09867,0.0537422,0.0331615,0.0212781,0.86165,0.277976,-0.207931
01324180,1523964186685,-8.76583,-3.39217,0.550388,0.919413,0.261631,0.215672,0.790172,0.34373,-0.338033
01324189,1523964186702,-9.83551,-0.412793,3.4822,0.987386,0.0124098,-1.03564,0.732814,-0.154821,-0.514106
01324188,1523964186702,-10.4497,3.86707,-1.6924,1.3956,1.04871,0.155596,0.825001,-0.431157,0.107253
01324185,1523964186702,-9.04114,-0.803331,-0.679051,0.202211,0.197456,0.0681843,0.894947,0.244014,-0.232128
01324181,1523964186702,-8.63186,0.801645,2.96619,0.0735691,0.0244123,-0.0219792,0.863398,0.277125,-0.206469
01324180,1523964186702,-8.77619,-2.99441,0.591142,0.804634,0.210259,0.134685,0.791167,0.33701,-0.333315
01324189,1523964186718,-10.1808,0.239024,3.67395,1.0996,-0.134532,-1.04293,0.735096,-0.152281,-0.512238
01324188,1523964186718,-10.4613,4.02422,-1.40013,1.35417,0.923765,0.182252,0.819284,-0.431714,0.130465
01324185,1523964186718,-9.10143,-0.728416,-0.786427,0.290651,0.203778,0.079965,0.894953,0.241506,-0.230534
01324181,1523964186718,-8.68885,1.03398,2.84062,0.0897083,0.00453,-0.046352,0.861682,0.275958,-0.208554
01324180,1523964186718,-8.73555,-2.77417,0.583081,0.595853,0.193929,0.0374684,0.791896,0.332651,-0.334495
01324189,1523964186735,-10.2789,0.558913,3.73461,1.16247,-0.283613,-1.04153,0.734398,-0.148952,-0.512471
01324188,1523964186735,-10.5111,4.29464,-1.42626,1.36507,0.789409,0.225087,0.818989,-0.430459,0.150355
01324185,1523964186735,-9.27027,-0.681682,-0.854897,0.328966,0.208598,0.0714241,0.895771,0.241253,-0.228965
01324181,1523964186735,-8.86428,1.24053,2.86452,0.100459,-0.0312116,-0.0690865,0.860715,0.277694,-0.208314
01324180,1523964186735,-8.78447,-2.72623,0.561114,0.358919,0.186248,-0.0590085,0.792967,0.331452,-0.33129
01324189,1523964186752,-10.3074,0.807095,3.88168,1.11795,-0.449679,-1.01827,0.732777,-0.14662,-0.51538
01324188,1523964186752,-10.3902,4.29457,-1.48015,1.31667,0.656496,0.269338,0.814348,-0.428941,0.169372
01324185,1523964186752,-9.45606,-0.656512,-0.924847,0.355983,0.155221,0.0462636,0.896862,0.238604,-0.227374
01324181,1523964186752,-9.04856,1.36936,2.8657,0.107596,-0.0720753,-0.0814997,0.859384,0.276843,-0.208814
01324180,1523964186752,-9.03856,-2.90309,0.56733,0.179066,0.189168,-0.105828,0.792849,0.329855,-0.33078
01324189,1523964186768,-10.1885,0.908703,4.10406,1.00954,-0.58658,-0.965091,0.728309,-0.144937,-0.519198
01324188,1523964186768,-10.1591,4.02426,-1.56613,1.28556,0.511722,0.274661,0.811076,-0.428767,0.185459
01324185,1523964186768,-9.72849,-0.604267,-0.937985,0.351903,0.0807151,-0.0059234,0.896047,0.23802,-0.228412
01324181,1523964186768,-9.27472,1.5,3.01631,0.071945,-0.10921,-0.0816649,0.860179,0.279086,-0.210465
01324180,1523964186768,-9.3435,-3.26423,0.593788,0.140948,0.178092,-0.129025,0.793096,0.331297,-0.329943
01324189,1523964186785,-9.90876,0.931552,4.34781,0.831105,-0.653763,-0.887553,0.724607,-0.14036,-0.523051
01324188,1523964186785,-9.86352,3.51685,-1.56865,1.3364,0.323873,0.242916,0.802916,-0.428517,0.198647
01324185,1523964186785,-9.99868,-0.580972,-0.999449,0.368052,0.0445712,-0.078789,0.896045,0.236157,-0.229963
01324181,1523964186785,-9.48063,1.59201,3.22333,0.0577114,-0.114636,-0.0902423,0.858046,0.279064,-0.212835
01324180,1523964186785,-9.71287,-3.50026,0.588886,0.176054,0.136905,-0.16599,0.791452,0.334522,-0.330665
01324189,1523964186802,-9.85312,0.624297,4.37545,0.690043,-0.652169,-0.790305,0.718927,-0.137935,-0.528722
01324188,1523964186802,-9.69954,2.71632,-1.65412,1.4046,0.102826,0.182595,0.80071,-0.42448,0.209707
01324185,1523964186802,-10.3847,-0.569024,-1.09223,0.43502,0.0153283,-0.11601,0.896321,0.235628,-0.228128
01324181,1523964186802,-9.87263,1.58477,3.44556,0.0399388,-0.11833,-0.102182,0.857517,0.280718,-0.216055
01324180,1523964186802,-10.1699,-3.66406,0.503767,0.226755,0.0991416,-0.194004,0.789564,0.335133,-0.330085
01324189,1523964186818,-10.1523,0.239538,4.29142,0.579231,-0.612848,-0.69829,0.715942,-0.1337,-0.532403
01324188,1523964186818,-9.55675,2.07529,-1.77937,1.51465,-0.152901,0.106242,0.799727,-0.420735,0.220329
01324185,1523964186818,-10.9253,-0.58982,-1.18292,0.497226,0.00431676,-0.182223,0.893463,0.237822,-0.231409
01324181,1523964186818,-10.2643,1.48056,3.56821,0.0382043,-0.116709,-0.114117,0.857223,0.28175,-0.214877
01324180,1523964186818,-10.7106,-3.7177,0.408769,0.248488,0.0611185,-0.213366,0.789414,0.338356,-0.33475
01324189,1523964186835,-10.4092,6.05708e-05,4.17303,0.488379,-0.591015,-0.607963,0.711624,-0.131024,-0.538222
01324188,1523964186835,-9.67917,1.63302,-1.91399,1.6142,-0.459285,0.002663,0.79738,-0.415083,0.225024
01324185,1523964186835,-11.5333,-0.61981,-1.25606,0.53021,0.0060583,-0.233162,0.892507,0.240472,-0.233001
01324181,1523964186835,-10.4493,1.38122,3.70659,0.0489258,-0.115106,-0.126144,0.855866,0.285405,-0.218795
01324180,1523964186835,-11.2467,-3.75682,0.316312,0.290458,0.0143668,-0.2309,0.788368,0.337083,-0.337193
01324189,1523964186852,-10.5111,-0.190124,4.07675,0.378249,-0.581118,-0.530147,0.705145,-0.130022,-0.544833
01324188,1523964186852,-9.76659,1.50032,-2.2033,1.6449,-0.742397,-0.067502,0.79841,-0.406454,0.227168
01324185,1523964186852,-12.0302,-0.631179,-1.27349,0.528529,0.028519,-0.272315,0.890597,0.241669,-0.236798
01324181,1523964186852,-10.4134,1.28451,3.81251,0.0365968,-0.0623409,-0.141158,0.853969,0.286568,-0.219199
01324180,1523964186852,-11.662,-3.78996,0.249237,0.295157,-0.0191283,-0.217833,0.786473,0.339157,-0.338746
01324189,1523964186868,-10.3765,-0.501327,3.86952,0.337866,-0.566816,-0.437046,0.700018,-0.128475,-0.550652
01324188,1523964186868,-9.91199,1.37119,-2.62937,1.49075,-1.0576,-0.131325,0.801091,-0.400134,0.222006
01324185,1523964186868,-12.286,-0.677739,-1.27177,0.480773,0.0535359,-0.279169,0.888961,0.247288,-0.238024
01324181,1523964186868,-10.3261,1.21035,3.79759,0.0456713,0.00805575,-0.159552,0.852065,0.288721,-0.220154
01324180,1523964186868,-11.8462,-3.76314,0.247585,0.333911,-0.0545232,-0.193172,0.78351,0.339932,-0.338146
01324189,1523964186885,-10.2326,-0.742226,3.66231,0.331715,-0.505439,-0.372352,0.695154,-0.126502,-0.555935
01324188,1523964186885,-10.211,1.56482,-2.9248,1.21723,-1.37758,-0.174811,0.806605,-0.390485,0.213243
01324185,1523964186885,-12.2088,-0.711874,-1.21406,0.428612,0.0594598,-0.265558,0.888412,0.247805,-0.240512
01324181,1523964186885,-10.2634,1.17472,3.76728,0.0672371,0.0889895,-0.183064,0.852975,0.290592,-0.219139
01324180,1523964186885,-11.6978,-3.67024,0.302717,0.351223,-0.0937328,-0.203018,0.782159,0.342005,-0.341194
01324189,1523964186902,-9.9538,-0.914839,3.43863,0.25082,-0.448499,-0.307039,0.69083,-0.125687,-0.559895
01324188,1523964186902,-10.061,1.5707,-3.15706,0.808522,-1.64165,-0.19995,0.808337,-0.383814,0.200973
01324185,1523964186902,-11.9482,-0.742283,-1.09873,0.374903,0.044328,-0.24675,0.887327,0.249794,-0.239743
01324181,1523964186902,-10.1863,1.11745,3.71332,0.101226,0.175369,-0.199675,0.851752,0.290493,-0.217928
01324180,1523964186902,-11.3709,-3.52698,0.359865,0.322571,-0.112383,-0.198093,0.779228,0.34223,-0.345878
01324189,1523964186918,-9.48069,-1.23953,3.18244,0.211424,-0.358395,-0.254122,0.687592,-0.125474,-0.563203
01324188,1523964186918,-9.96042,1.29202,-3.35747,0.391028,-1.88943,-0.237359,0.812677,-0.379922,0.175561
01324185,1523964186918,-11.538,-0.744728,-0.980396,0.324397,0.0167877,-0.234703,0.885426,0.250062,-0.240524
01324181,1523964186918,-10.0334,1.06603,3.54141,0.131641,0.240555,-0.213032,0.851287,0.293557,-0.215594
01324180,1523964186918,-10.9465,-3.44284,0.407975,0.289922,-0.130317,-0.230149,0.774666,0.343636,-0.349028
01324189,1523964186935,-9.00648,-1.54902,3.00903,0.190899,-0.258142,-0.218041,0.683534,-0.125668,-0.565835
01324188,1523964186935,-9.84564,0.944027,-3.30467,0.091351,-2.07919,-0.248544,0.817015,-0.375543,0.149101
01324185,1523964186935,-11.0746,-0.670533,-0.945189,0.277157,-0.0055283,-0.227808,0.882568,0.253677,-0.243295
01324181,1523964186935,-9.85188,1.04646,3.39805,0.145995,0.288127,-0.22133,0.85215,0.29637,-0.210875
01324180,1523964186935,-10.4998,-3.39948,0.456079,0.251527,-0.120406,-0.25327,0.773074,0.343833,-0.353056
01324189,1523964186952,-8.64472,-1.56779,2.89155,0.225941,-0.148935,-0.179995,0.680564,-0.128616,-0.566762
01324188,1523964186952,-9.7123,0.378592,-3.1995,-0.0932559,-2.25415,-0.271162,0.823011,-0.374801,0.115656
01324185,1523964186952,-10.6233,-0.586659,-0.938682,0.200353,-0.0683956,-0.252936,0.881609,0.257578,-0.245815
01324181,1523964186952,-9.63175,1.06126,3.31223,0.156801,0.314339,-0.23671,0.849105,0.301045,-0.208547
01324180,1523964186952,-10.0595,-3.39664,0.448308,0.230788,-0.123599,-0.274621,0.770943,0.343302,-0.354928
01324189,1523964186968,-8.22598,-1.40703,2.77365,0.250588,-0.0361742,-0.135785,0.681927,-0.129657,-0.56625
01324188,1523964186968,-9.65218,-0.397058,-3.33974,-0.0461517,-2.42927,-0.345299,0.827355,-0.370492,0.081377
01324185,1523964186968,-10.206,-0.570007,-0.951865,0.118337,-0.103024,-0.277379,0.879975,0.25952,-0.247528
01324181,1523964186968,-9.41261,1.0931,3.14397,0.1658,0.314957,-0.248861,0.848907,0.302859,-0.204328
01324180,1523964186968,-9.7178,-3.42592,0.40073,0.238098,-0.129268,-0.297556,0.767456,0.345131,-0.359302
01324189,1523964186985,-8.03946,-1.20067,3.03177,0.292916,0.0877562,-0.0737171,0.681491,-0.12748,-0.564755
01324188,1523964186985,-9.6689,-1.04545,-3.70915,0.204999,-2.50228,-0.36737,0.828408,-0.361627,0.0506581
01324185,1523964186985,-9.89265,-0.65862,-0.935251,0.097777,-0.117162,-0.305398,0.879427,0.261893,-0.248857
01324181,1523964186985,-9.26651,0.963799,3.17154,0.18367,0.306739,-0.2628,0.847767,0.305658,-0.20145
01324180,1523964186985,-9.50491,-3.4084,0.349733,0.25407,-0.129667,-0.318601,0.764209,0.348542,-0.362025
01324189,1523964187002,-7.99598,-1.27569,3.32545,0.362453,0.142396,-0.00962083,0.681471,-0.1312,-0.560367
01324188,1523964187002,-9.5825,-1.27292,-4.33348,0.653201,-2.50889,-0.353728,0.829486,-0.356663,0.0191557
01324185,1523964187002,-9.65188,-0.814202,-0.924547,0.108049,-0.119472,-0.35307,0.876162,0.265369,-0.251495
01324181,1523964187002,-9.12492,0.73263,3.09476,0.21849,0.306427,-0.280161,0.847958,0.309309,-0.198071
01324180,1523964187002,-9.36491,-3.35766,0.271622,0.26331,-0.146653,-0.343296,0.760178,0.350373,-0.365038
01324189,1523964187018,-7.79358,-1.54749,3.4678,0.424248,0.183165,-0.00419251,0.682554,-0.134382,-0.557728
01324188,1523964187018,-9.45486,-0.786344,-5.02717,0.961783,-2.44496,-0.3155,0.830558,-0.35094,-0.00987367
01324185,1523964187018,-9.57502,-0.944676,-0.902232,0.135489,-0.116381,-0.370144,0.872084,0.270128,-0.253489
01324181,1523964187018,-8.99065,0.535312,3.0511,0.24626,0.29878,-0.311356,0.845859,0.313411,-0.19521
01324180,1523964187018,-9.28788,-3.31283,0.226699,0.24768,-0.14284,-0.360958,0.758027,0.352026,-0.368083
01324189,1523964187035,-7.65933,-1.74217,3.63848,0.547852,0.244121,0.0237509,0.684461,-0.139908,-0.551728
01324188,1523964187035,-9.27814,-0.0753834,-5.42005,0.990193,-2.26967,-0.292131,0.828923,-0.346772,-0.0389664
01324185,1523964187035,-9.5463,-1.0724,-0.831783,0.168062,-0.0922476,-0.39075,0.869628,0.275702,-0.257065
01324181,1523964187035,-8.83406,0.425652,2.94312,0.269489,0.295877,-0.324412,0.845804,0.315342,-0.192058
01324180,1523964187035,-9.13273,-3.35,0.261846,0.247905,-0.156855,-0.362857,0.752906,0.355475,-0.371724
01324189,1523964187052,-7.62516,-1.71271,3.66967,0.606615,0.33067,0.014007,0.685394,-0.145377,-0.546292
01324188,1523964187052,-9.16986,0.43495,-5.70469,0.802169,-2.06485,-0.294705,0.828658,-0.344851,-0.0641747
01324185,1523964187052,-9.45492,-1.23419,-0.734549,0.202115,-0.0856048,-0.397651,0.86691,0.280201,-0.257884
01324181,1523964187052,-9.04719,0.224133,3.01323,0.271435,0.317534,-0.350871,0.8449,0.320159,-0.188427
01324180,1523964187052,-9.0121,-3.33437,0.287279,0.270945,-0.167062,-0.375114,0.749676,0.35817,-0.375949
01324189,1523964187068,-7.85762,-1.43648,3.79554,0.586896,0.416362,-0.0110525,0.690289,-0.150237,-0.54237
01324188,1523964187068,-8.67731,0.214977,-6.23358,0.574786,-1.7983,-0.286165,0.822809,-0.340979,-0.085418
01324185,1523964187068,-9.4311,-1.41241,-0.626975,0.298369,-0.0794282,-0.390145,0.865945,0.285769,-0.261728
01324181,1523964187068,-8.8585,0.134166,3.021,0.285919,0.263526,-0.401413,0.842791,0.325116,-0.185716
01324180,1523964187068,-8.97321,-3.35338,0.302055,0.29322,-0.151711,-0.350263,0.746192,0.359415,-0.379658
01324189,1523964187085,-8.13268,-1.29605,3.93147,0.452417,0.443681,-0.0505929,0.693527,-0.155474,-0.535888
01324188,1523964187085,-7.99009,0.375448,-6.44255,0.300254,-1.44371,-0.268119,0.821173,-0.337651,-0.10594
01324185,1523964187085,-9.41181,-1.49428,-0.505641,0.418264,-0.0629248,-0.384433,0.86241,0.288256,-0.264486
01324181,1523964187085,-8.49814,0.143286,3.01347,0.257575,0.243568,-0.423135,0.841931,0.329279,-0.185794
01324180,1523964187085,-8.91267,-3.38235,0.37016,0.329895,-0.142794,-0.352627,0.74123,0.360536,-0.382672
01324189,1523964187102,-8.01827,-1.37438,3.76891,0.0953973,0.450728,-0.0962484,0.695929,-0.156517,-0.530166
01324188,1523964187102,-7.66668,0.242213,-6.17673,0.0588397,-1.03774,-0.264379,0.817088,-0.334295,-0.119961
01324185,1523964187102,-9.28118,-1.44202,-0.385599,0.522982,-0.061947,-0.362474,0.860228,0.290722,-0.268295
01324181,1523964187102,-8.24567,0.112332,2.98187,0.280815,0.317732,-0.428659,0.839143,0.33398,-0.18214
01324180,1523964187102,-8.71139,-3.44348,0.439462,0.394654,-0.128236,-0.369758,0.737746,0.361781,-0.386381
01324189,1523964187118,-7.89355,-1.42802,3.6598,-0.288937,0.503005,-0.100324,0.699921,-0.153417,-0.522288
01324188,1523964187118,-7.32123,0.150832,-6.39519,-0.0133957,-0.640366,-0.238328,0.818698,-0.329587,-0.133835
01324185,1523964187118,-9.06843,-1.33491,-0.289047,0.602906,-0.0554629,-0.343943,0.85547,0.292059,-0.272215
01324181,1523964187118,-8.2469,-0.0331916,2.9122,0.327253,0.35805,-0.450851,0.836061,0.340963,-0.179063
01324180,1523964187118,-8.55219,-3.40778,0.436378,0.457599,-0.120049,-0.373726,0.734524,0.364192,-0.391693
01324189,1523964187135,-7.89258,-1.25995,3.46546,-0.507649,0.532915,-0.0682453,0.703125,-0.148876,-0.518405
01324188,1523964187135,-7.04307,0.206229,-6.18608,-0.0801535,-0.252976,-0.186703,0.8176,-0.327388,-0.136783
01324185,1523964187135,-8.90863,-1.13604,-0.263965,0.677424,-0.0528673,-0.367894,0.850981,0.293092,-0.27731
01324181,1523964187135,-8.24393,-0.149532,2.81784,0.371849,0.380835,-0.464574,0.835398,0.347649,-0.174941
01324180,1523964187135,-8.44247,-3.29806,0.45497,0.527385,-0.0887491,-0.392404,0.728376,0.364036,-0.395932
01324189,1523964187152,-8.24378,-1.17524,3.33709,-0.424821,0.571952,0.0208689,0.707155,-0.147231,-0.513618
01324188,1523964187152,-7.23274,-0.146025,-6.74936,0.0393652,0.107999,-0.183702,0.815694,-0.326149,-0.140723
01324185,1523964187152,-8.86479,-0.967796,-0.291835,0.626854,-0.0420819,-0.396836,0.849752,0.295444,-0.279683
01324181,1523964187152,-8.05871,-0.181285,2.79066,0.40035,0.375434,-0.469927,0.83385,0.351158,-0.172604
01324180,1523964187152,-8.3456,-3.31903,0.492054,0.602476,-0.0744488,-0.393614,0.725922,0.366387,-0.393686
01324189,1523964187168,-9.01893,-1.39912,4.24156,-0.186453,0.504342,0.130349,0.711172,-0.145005,-0.507755
01324188,1523964187168,-7.95015,-0.716274,-7.58572,0.0538363,0.626272,-0.181532,0.817579,-0.324499,-0.133098
01324185,1523964187168,-8.73421,-0.867465,-0.269341,0.573403,-0.0559882,-0.431587,0.847296,0.299026,-0.284156
01324181,1523964187168,-7.99993,-0.180685,2.90694,0.448392,0.373634,-0.47528,0.832411,0.356391,-0.169907
01324180,1523964187168,-8.18212,-3.26961,0.566428,0.654029,-0.0420819,-0.426493,0.723256,0.366456,-0.39716
01324189,1523964187185,-9.30799,-1.90786,3.79441,0.012441,0.488542,0.1773,0.714949,-0.147382,-0.502462
01324188,1523964187185,-10.7154,-1.27491,0.729223,-0.469687,0.780644,-0.291911,0.825691,-0.319674,-0.124005
01324185,1523964187185,-8.55077,-0.851711,-0.223976,0.530828,-0.0664079,-0.459579,0.845116,0.3015,-0.287573
01324181,1523964187185,-7.95654,-0.0733424,2.80856,0.487466,0.402292,-0.457943,0.830724,0.361302,-0.169061
01324180,1523964187185,-8.07802,-3.12443,0.650415,0.706812,-0.0234431,-0.47349,0.718737,0.36541,-0.403063
01324189,1523964187202,-9.97613,-2.20098,2.01963,0.140309,0.594143,0.163423,0.717748,-0.149722,-0.494747
01324188,1523964187202,-11.6386,-2.53969,0.714205,0.361041,0.594828,-0.284828,0.821573,-0.314189,-0.112022
01324185,1523964187202,-8.3769,-0.766132,-0.242005,0.529496,-0.118425,-0.46864,0.840221,0.304111,-0.291243
01324181,1523964187202,-7.91085,0.186923,2.64931,0.499968,0.427006,-0.4604,0.828576,0.367737,-0.164253
01324180,1523964187202,-7.92999,-2.99276,0.691254,0.695778,-0.0120664,-0.519196,0.714213,0.365832,-0.411641
01324189,1523964187218,-10.2772,-2.90024,1.99817,0.115237,0.437259,0.074853,0.722345,-0.153845,-0.488673
01324188,1523964187218,-10.0611,-0.190227,0.432708,0.495123,0.590779,-0.30857,0.823985,-0.310007,-0.102628
01324185,1523964187218,-8.15982,-0.736224,-0.285575,0.558079,-0.172485,-0.477728,0.835863,0.309087,-0.296638
01324181,1523964187218,-8.32616,0.494807,2.8581,0.469401,0.399516,-0.41996,0.826095,0.370681,-0.162161
01324180,1523964187218,-7.70145,-2.89837,0.694004,0.659721,-0.0108699,-0.586259,0.709927,0.367389,-0.416684
01324189,1523964187235,-9.50391,-3.65826,2.54453,0.243442,0.172257,-0.141136,0.721077,-0.153072,-0.484769
01324188,1523964187235,-9.50529,-1.07937,-1.33722,0.0745245,0.734314,-0.187598,0.828445,-0.307579,-0.0939079
01324185,1523964187235,-8.00553,-0.768477,-0.27729,0.655321,-0.228096,-0.486017,0.831501,0.312607,-0.304374
01324181,1523964187235,-8.48647,0.682088,2.93077,0.444097,0.281871,-0.374337,0.823589,0.374376,-0.158489
01324180,1523964187235,-7.67096,-2.8007,0.622331,0.646493,-0.0093745,-0.661921,0.705496,0.367317,-0.415674
01324189,1523964187252,-8.50647,-4.06762,2.32891,0.539066,0.112636,-0.26816,0.72367,-0.156157,-0.483351
01324188,1523964187252,-9.00281,-2.48893,-0.702636,0.128751,0.772542,-0.188467,0.830054,-0.305432,-0.0843616
01324185,1523964187252,-7.98145,-0.799903,-0.251308,0.857939,-0.279695,-0.518233,0.827682,0.315568,-0.311844
01324181,1523964187252,-8.2813,0.7426,3.10238,0.368083,0.116249,-0.334215,0.822474,0.378507,-0.16016
01324180,1523964187252,-7.75722,-2.82473,0.515015,0.664314,-0.00320202,-0.702192,0.699994,0.369768,-0.421087
01324189,1523964187268,-8.73545,-3.67456,1.90977,0.802668,-0.0559079,-0.32379,0.722833,-0.158709,-0.479746
01324188,1523964187268,-9.2497,-3.16782,0.318624,0.721904,0.800583,-0.228385,0.833566,-0.303968,-0.0703006
01324185,1523964187268,-8.21246,-0.687604,-0.135813,1.07592,-0.290865,-0.540465,0.824401,0.319068,-0.320629
01324181,1523964187268,-8.50016,0.800196,3.67223,0.311595,0.0349015,-0.287279,0.822163,0.381803,-0.160225
01324180,1523964187268,-7.98386,-2.84813,0.420832,0.745692,-0.0155681,-0.767655,0.693819,0.371936,-0.425549
01324189,1523964187285,-8.67665,-1.93355,2.04933,0.996654,-0.173641,-0.362043,0.721484,-0.160976,-0.479749
01324188,1523964187285,-9.77919,-1.94502,-1.18765,1.21719,0.779082,-0.156297,0.833279,-0.30344,-0.0535557
01324185,1523964187285,-8.63395,-0.547643,-0.0294318,1.30017,-0.351417,-0.559795,0.817588,0.317402,-0.33406
01324181,1523964187285,-8.76084,0.959583,3.76894,0.282914,-0.00971976,-0.262532,0.818394,0.38435,-0.163962
01324180,1523964187285,-8.45799,-2.80159,0.285948,0.821287,-0.00551435,-0.813583,0.68816,0.377601,-0.434005
01324189,1523964187302,-9.10303,-1.17282,2.88029,0.903136,-0.194868,-0.340021,0.718908,-0.163498,-0.479472
01324188,1523964187302,-9.92522,0.40201,-2.29077,1.07216,0.777114,-0.12376,0.834204,-0.301282,-0.0378019
01324185,1523964187302,-9.33992,-0.251962,-0.0798942,1.4672,-0.374639,-0.599651,0.809691,0.31859,-0.345815
01324181,1523964187302,-9.08827,1.04301,3.82321,0.236389,-0.0426215,-0.224671,0.817315,0.385481,-0.165304
01324180,1523964187302,-9.261,-2.75626,0.12851,0.856713,-0.0224041,-0.832627,0.68091,0.379932,-0.438448
01324189,1523964187318,-9.86275,-1.08852,2.30778,0.622606,-0.248711,-0.263429,0.717555,-0.166481,-0.478543
01324188,1523964187318,-10.2139,0.808527,-2.34515,0.422972,0.76514,-0.189454,0.835822,-0.300892,-0.0249971
01324185,1523964187318,-10.14,0.104393,-0.243418,1.49647,-0.361425,-0.652326,0.805051,0.319927,-0.357059
01324181,1523964187318,-9.3537,0.986227,4.14621,0.189833,-0.047143,-0.183112,0.814984,0.389083,-0.165754
01324180,1523964187318,-10.1856,-2.66406,-0.0298569,0.865963,-0.0644399,-0.825599,0.674864,0.381943,-0.441293
01324189,1523964187335,-10.2397,-1.02933,1.72457,0.468663,-0.314353,-0.210453,0.714736,-0.168294,-0.481738
01324188,1523964187335,-10.2233,-0.483296,-2.4224,0.0129829,0.722658,-0.22897,0.83729,-0.297934,-0.0140508
01324185,1523964187335,-10.9203,0.595508,-0.350942,1.42317,-0.305063,-0.717076,0.799458,0.319397,-0.370113
01324181,1523964187335,-9.46654,0.727787,4.07074,0.128258,0.00317403,-0.135878,0.814012,0.392218,-0.167006
01324180,1523964187335,-10.9656,-2.5367,-0.157617,0.79966,-0.110937,-0.785697,0.668446,0.383262,-0.448743
01324189,1523964187352,-10.0615,-0.858943,1.72715,0.256838,-0.341521,-0.195156,0.711774,-0.171248,-0.483468
01324188,1523964187352,-9.95964,-1.13403,-2.60386,0.0436046,0.677862,-0.221224,0.83726,-0.29428,-0.00492859
01324185,1523964187352,-11.3582,0.978636,-0.367677,1.21652,-0.222658,-0.775118,0.791701,0.320901,-0.380041
01324181,1523964187352,-9.62885,0.560976,3.96906,0.0776201,0.0739402,-0.131596,0.814125,0.394769,-0.168124
01324180,1523964187352,-11.3308,-2.34722,-0.218146,0.685938,-0.139987,-0.753083,0.661749,0.385162,-0.455366
01324189,1523964187368,-9.87962,-1.34077,1.36545,0.0156377,-0.340797,-0.169346,0.71084,-0.166353,-0.488507
01324188,1523964187368,-9.65276,-1.86263,-2.70553,0.0867159,0.611393,-0.164946,0.839274,-0.291489,0.00317079
01324185,1523964187368,-11.3722,1.07996,-0.239525,0.899977,-0.129767,-0.773662,0.787465,0.327194,-0.390288
01324181,1523964187368,-10.1021,0.499417,4.16524,0.018885,0.114712,-0.127478,0.811423,0.393158,-0.165004
01324180,1523964187368,-11.2902,-2.10984,-0.250283,0.536278,-0.162124,-0.724244,0.653714,0.386795,-0.461975
01324189,1523964187385,-9.74967,-1.97794,0.692609,-0.181216,-0.314743,-0.196735,0.708672,-0.163144,-0.49167
01324188,1523964187385,-9.57513,-2.48541,-2.99409,0.17244,0.512747,-0.13797,0.839254,-0.289441,0.0123271
01324185,1523964187385,-11.2274,0.929991,-0.0160983,0.557531,-0.0396603,-0.722864,0.781077,0.332203,-0.393977
01324181,1523964187385,-10.3745,0.435468,4.25649,-0.0345108,0.0952083,-0.129124,0.811925,0.395735,-0.164664
01324180,1523964187385,-11.1726,-1.87719,-0.204353,0.34451,-0.157656,-0.72012,0.646723,0.390141,-0.466943
01324189,1523964187402,-9.84628,-2.38667,0.532448,-0.349026,-0.268117,-0.19914,0.703508,-0.157847,-0.496121
01324188,1523964187402,-9.58321,-2.07488,-3.42854,0.134275,0.411747,-0.103947,0.84019,-0.287852,0.0184783
01324185,1523964187402,-11.204,0.564064,0.190476,0.254894,0.0256143,-0.648108,0.777543,0.338681,-0.394551
01324181,1523964187402,-10.4783,0.300779,4.28738,-0.0772158,0.0668206,-0.131777,0.812855,0.395892,-0.16348
01324180,1523964187402,-10.9725,-1.67285,-0.128771,0.135833,-0.138508,-0.708992,0.64037,0.397704,-0.47535
01324189,1523964187418,-10.162,-2.77484,0.638523,-0.413946,-0.187909,-0.17634,0.70256,-0.153519,-0.499423
01324188,1523964187418,-9.52749,-2.05913,-3.6433,-0.0292185,0.292888,-0.0346707,0.838134,-0.285403,0.0229692
01324185,1523964187418,-11.1903,0.169257,0.344388,0.0328095,0.04972,-0.561267,0.774552,0.3453,-0.395128
01324181,1523964187418,-10.5506,0.249054,4.19131,-0.0808447,0.0511371,-0.11895,0.810382,0.397843,-0.160969
01324180,1523964187418,-10.8234,-1.64806,-0.0232527,-0.0720007,-0.0652818,-0.685205,0.63493,0.404041,-0.475684
01324189,1523964187435,-10.5235,-3.07197,0.638405,-0.384133,-0.114729,-0.151427,0.702014,-0.149198,-0.501926
01324188,1523964187435,-9.79369,-2.144,-3.78004,-0.112617,0.144869,-0.0165454,0.839231,-0.287235,0.0243229
01324185,1523964187435,-11.22,-0.177141,0.482671,-0.0958522,0.0386245,-0.469193,0.771292,0.351088,-0.394911
01324181,1523964187435,-10.8364,0.211519,4.42204,-0.0986663,0.0209878,-0.12597,0.810352,0.400553,-0.161424
01324180,1523964187435,-10.7925,-1.80776,0.0462607,-0.248219,-0.00879869,-0.650804,0.629352,0.410964,-0.476409
01324189,1523964187452,-10.742,-3.08403,0.763379,-0.264212,-0.0148988,-0.138729,0.701183,-0.145724,-0.502693
01324188,1523964187452,-9.9334,-2.01915,-3.97742,-0.0842165,-0.00678163,0.0421444,0.839907,-0.286678,0.0246188
01324185,1523964187452,-11.4474,-0.488615,0.604796,-0.11796,0.00889787,-0.373671,0.767491,0.358737,-0.393272
01324181,1523964187452,-11.1066,0.261728,4.38554,-0.13272,-0.0243319,-0.0899928,0.807884,0.403187,-0.16039
01324180,1523964187452,-10.8963,-2.00932,0.0441408,-0.322079,0.0426426,-0.60698,0.625995,0.419394,-0.46889
01324189,1523964187468,-10.8402,-2.99366,1.21295,-0.137069,0.0874831,-0.11004,0.702544,-0.143319,-0.504028
01324188,1523964187468,-9.92711,-1.59162,-3.74069,-0.030448,-0.16218,0.0903522,0.838011,-0.287468,0.0235152
01324185,1523964187468,-11.7035,-0.650755,0.593165,-0.0540183,-0.00247962,-0.30047,0.765585,0.363795,-0.39436
01324181,1523964187468,-11.0213,0.359781,4.38662,-0.147144,-0.0698741,-0.0645173,0.808122,0.404925,-0.159365
01324180,1523964187468,-11.1399,-2.24646,0.0549609,-0.333484,0.120251,-0.544973,0.622797,0.427263,-0.465035
01324189,1523964187485,-10.5608,-2.39033,1.37081,-0.00088544,0.130122,-0.0528609,0.703606,-0.140894,-0.502682
01324188,1523964187485,-9.91263,-1.57908,-3.47138,0.0823952,-0.285548,0.0941927,0.839245,-0.288904,0.0195022
01324185,1523964187485,-11.8099,-0.712738,0.544977,0.0374604,0.0258145,-0.200374,0.766132,0.364537,-0.392408
01324181,1523964187485,-10.8784,0.36138,4.49618,-0.161642,-0.0850585,-0.0232652,0.808114,0.406192,-0.160322
01324180,1523964187485,-11.3551,-2.42734,0.0276978,-0.262531,0.16233,-0.444003,0.620677,0.436591,-0.465628
01324189,1523964187502,-10.229,-1.73755,1.3211,0.0424951,0.208155,-0.0333877,0.705903,-0.140801,-0.500833
01324188,1523964187502,-9.87825,-1.43191,-3.50186,0.196116,-0.413428,0.117464,0.838167,-0.289701,0.0151541
01324185,1523964187502,-11.7517,-0.592711,0.548529,0.133641,0.0603373,-0.0918586,0.76423,0.364795,-0.393711
01324181,1523964187502,-10.6356,0.310923,4.44074,-0.178833,-0.0575256,0.0347212,0.807842,0.405507,-0.159108
01324180,1523964187502,-11.3346,-2.50676,0.027461,-0.158035,0.199633,-0.362224,0.619899,0.444129,-0.462086
01324189,1523964187518,-10.0206,-1.71981,1.00157,-0.05072,0.289392,0.0300719,0.708189,-0.14099,-0.497647
01324188,1523964187518,-9.87317,-1.36423,-3.52899,0.1808,-0.5591,0.14231,0.837633,-0.29064,0.0105207
01324185,1523964187518,-11.6206,-0.323845,0.56927,0.119108,0.0827624,0.0202393,0.765314,0.364503,-0.394235
01324181,1523964187518,-10.3922,0.304262,4.23957,-0.188726,0.00496427,0.0705703,0.809448,0.405093,-0.157388
01324180,1523964187518,-11.1184,-2.40044,0.0301566,-0.057663,0.212165,-0.270093,0.618114,0.446466,-0.459444
01324189,1523964187535,-10.0134,-1.99218,0.87181,-0.134893,0.375727,0.0500633,0.712103,-0.140931,-0.493943
01324188,1523964187535,-9.84956,-1.51018,-3.35698,0.0964688,-0.665485,0.144111,0.838486,-0.295578,0.000499308
01324185,1523964187535,-11.2585,-0.148014,0.476741,0.0170174,0.0779728,0.141064,0.76464,0.362123,-0.393295
01324181,1523964187535,-10.1435,0.278228,4.07261,-0.211846,0.0262593,0.0793865,0.809461,0.404646,-0.158176
01324180,1523964187535,-10.7491,-2.18453,0.112288,-0.0306688,0.239028,-0.208223,0.618326,0.448454,-0.452783
01324189,1523964187552,-9.91131,-2.30274,0.762431,-0.172241,0.455501,0.0604335,0.717372,-0.140904,-0.48945
01324188,1523964187552,-9.7249,-1.78258,-3.08353,0.0629009,-0.793865,0.169047,0.83729,-0.298604,-0.00910721
01324185,1523964187552,-10.8822,-0.0493734,0.323742,-0.181328,0.0755814,0.232212,0.768035,0.360309,-0.392242
01324181,1523964187552,-9.99043,0.284949,4.00101,-0.217393,0.0411367,0.120865,0.810652,0.404121,-0.155253
01324180,1523964187552,-10.2381,-2.05332,0.142166,-0.0110434,0.265195,-0.113051,0.62005,0.449723,-0.451836
01324189,1523964187568,-9.86804,-2.57971,0.600125,-0.120956,0.515291,0.0568111,0.720425,-0.141357,-0.484458
01324188,1523964187568,-9.72049,-1.88978,-2.92617,0.0345519,-0.907201,0.206552,0.835406,-0.300121,-0.0195538
01324185,1523964187568,-10.3712,-0.0815473,0.214846,-0.376965,0.0408686,0.264005,0.769398,0.359935,-0.389628
01324181,1523964187568,-9.8157,0.28223,3.92007,-0.245932,0.0591012,0.14003,0.812525,0.404124,-0.153943
01324180,1523964187568,-9.88667,-1.97093,0.276561,-0.0594819,0.284227,-0.0253683,0.622146,0.450654,-0.443872
01324189,1523964187585,-9.70536,-2.61417,0.444241,-0.0924355,0.580535,0.0576404,0.725664,-0.140884,-0.477286
01324188,1523964187585,-9.62105,-1.78551,-2.71611,0.0219011,-1.03739,0.234251,0.834341,-0.301967,-0.0325915
01324185,1523964187585,-9.99537,-0.161037,0.102519,-0.542205,0.0304119,0.286286,0.774019,0.358588,-0.38623
01324181,1523964187585,-9.46443,0.276864,3.69541,-0.240615,0.0361883,0.148343,0.812951,0.401428,-0.152561
01324180,1523964187585,-9.59195,-1.97078,0.361613,-0.097237,0.29469,0.0552812,0.62482,0.450301,-0.441215
01324189,1523964187602,-9.6215,-2.5206,0.589241,-0.0575435,0.650977,0.0771566,0.731314,-0.140424,-0.470386
01324188,1523964187602,-9.7678,-1.56469,-2.49315,0.0144371,-1.133,0.267635,0.832203,-0.30571,-0.0482946
01324185,1523964187602,-9.62436,-0.245303,0.000152861,-0.664116,0.0180285,0.334045,0.775389,0.357127,-0.381513
01324181,1523964187602,-9.21645,0.352671,3.58446,-0.260233,0.0221508,0.158554,0.813612,0.400613,-0.150158
01324180,1523964187602,-9.30114,-2.02332,0.402834,-0.188516,0.237979,0.154451,0.628529,0.451943,-0.435693
01324189,1523964187618,-9.50606,-2.37091,0.765541,-0.00674024,0.668614,0.10748,0.736839,-0.142693,-0.462971
01324188,1523964187618,-9.88224,-1.08932,-2.13799,-0.0296412,-1.23704,0.294475,0.830633,-0.313103,-0.0671976
01324185,1523964187618,-9.35942,-0.343305,-0.0490036,-0.74303,0.0404151,0.379006,0.780283,0.357925,-0.376567
01324181,1523964187618,-9.1132,0.43166,3.42421,-0.260313,0.0153622,0.175696,0.815109,0.398194,-0.148527
01324180,1523964187618,-9.05437,-2.0377,0.439,-0.302873,0.218392,0.234412,0.630956,0.451914,-0.438028
01324189,1523964187635,-9.31975,-2.03227,0.899841,0.0435549,0.672375,0.104049,0.742768,-0.144969,-0.455025
01324188,1523964187635,-9.7605,-0.815256,-1.73712,-0.0992739,-1.29372,0.277449,0.827956,-0.317154,-0.0854733
01324185,1523964187635,-9.14514,-0.441004,-0.110552,-0.78969,0.0538136,0.437608,0.782736,0.35745,-0.371863
01324181,1523964187635,-8.88977,0.424823,3.15047,-0.26574,-0.0303673,0.193358,0.817141,0.396472,-0.147449
01324180,1523964187635,-8.8463,-2.04011,0.441019,-0.409524,0.171401,0.284352,0.636572,0.451497,-0.433522
01324189,1523964187652,-9.04631,-1.66765,1.20814,0.0500477,0.649878,0.130714,0.749362,-0.144099,-0.447463
01324188,1523964187652,-9.80749,-0.39215,-1.18226,-0.205364,-1.35034,0.292004,0.826618,-0.318584,-0.101042
01324185,1523964187652,-8.96459,-0.528924,-0.18524,-0.860471,0.056703,0.486899,0.786084,0.356464,-0.3679
01324181,1523964187652,-8.79486,0.430898,3.02779,-0.290724,-0.074443,0.204234,0.817825,0.394494,-0.145819
01324180,1523964187652,-8.55429,-2.13217,0.339438,-0.502358,0.106175,0.372892,0.639933,0.451298,-0.434522
01324189,1523964187668,-8.96814,-1.43817,1.68945,0.0126258,0.581237,0.112937,0.753814,-0.147926,-0.440718
01324188,1523964187668,-9.83632,-0.286095,-0.465834,-0.332489,-1.3525,0.294633,0.822853,-0.322193,-0.122106
01324185,1523964187668,-8.80563,-0.597349,-0.205899,-0.917744,0.048841,0.524399,0.79017,0.356313,-0.360982
01324181,1523964187668,-8.63906,0.491148,2.80787,-0.312083,-0.097419,0.209226,0.819603,0.392462,-0.145928
01324180,1523964187668,-8.38436,-2.17603,0.33844,-0.575977,0.064279,0.437141,0.644569,0.453497,-0.427786
01324189,1523964187685,-8.94351,-1.25659,1.96456,-0.0553364,0.450728,0.079188,0.758662,-0.147308,-0.435414
01324188,1523964187685,-9.71311,-0.93266,0.21773,-0.344675,-1.31806,0.266636,0.819624,-0.324717,-0.141626
01324185,1523964187685,-8.60332,-0.709351,-0.193997,-0.922065,0.0297382,0.545745,0.794526,0.352895,-0.355342
01324181,1523964187685,-8.80312,0.552273,2.82497,-0.371763,-0.171726,0.21053,0.820295,0.390463,-0.145229
01324180,1523964187685,-8.19921,-2.26289,0.310768,-0.626974,0.0231316,0.512073,0.648979,0.452662,-0.42246
01324189,1523964187702,-9.10242,-1.24568,2.20309,-0.163335,0.320665,0.0391222,0.762271,-0.143782,-0.430608
01324188,1523964187702,-9.73791,-1.07289,0.633129,-0.247007,-1.28392,0.250857,0.812856,-0.325974,-0.161967
01324185,1523964187702,-8.55789,-0.844468,-0.196979,-0.919191,-0.00879783,0.570644,0.798885,0.351624,-0.348022
01324181,1523964187702,-9.08371,0.539418,2.62056,-0.420747,-0.253067,0.213497,0.823553,0.389526,-0.146706
01324180,1523964187702,-8.16896,-2.35427,0.310561,-0.662046,-0.0320482,0.590558,0.655682,0.44915,-0.413165
01324189,1523964187718,-9.11688,-1.07794,2.28159,-0.2243,0.158995,0.00634858,0.764309,-0.143259,-0.430493
01324188,1523964187718,-9.6304,-0.748495,0.737645,-0.130172,-1.25072,0.25291,0.807458,-0.329492,-0.178154
01324185,1523964187718,-8.74405,-0.992596,-0.206897,-0.865625,-0.0215058,0.58772,0.803511,0.347628,-0.343031
01324181,1523964187718,-9.06779,0.464556,2.42648,-0.459955,-0.385825,0.211612,0.823074,0.387173,-0.149843
01324180,1523964187718,-8.40425,-2.50232,0.353371,-0.690682,-0.035173,0.65367,0.659991,0.446147,-0.409098
01324189,1523964187735,-8.9653,-0.804443,2.16312,-0.259472,0.0488538,0.0277247,0.765265,-0.144003,-0.430242
01324188,1523964187735,-9.61822,-0.0357694,0.873073,-0.231438,-1.22418,0.240096,0.805184,-0.333183,-0.19493
01324185,1523964187735,-8.99286,-1.15233,-0.167912,-0.802366,-0.0323577,0.625197,0.806775,0.345716,-0.339755
01324181,1523964187735,-8.91544,0.352374,2.37406,-0.510833,-0.552024,0.219789,0.821653,0.385525,-0.154048
01324180,1523964187735,-8.60058,-2.66672,0.386805,-0.687356,-0.0913362,0.744732,0.667235,0.445724,-0.408266
01324189,1523964187752,-8.91074,-0.544451,2.53289,-0.309217,-0.0488638,0.118354,0.76663,-0.142032,-0.431849
01324188,1523964187752,-9.77096,0.537146,1.09047,-0.552664,-1.1652,0.19602,0.800178,-0.33416,-0.21258
01324185,1523964187752,-9.19338,-1.32676,-0.0774639,-0.752129,-0.0217089,0.686354,0.812217,0.340743,-0.334233
01324181,1523964187752,-8.83175,0.290182,2.49895,-0.520657,-0.615815,0.214084,0.823179,0.384569,-0.157501
01324180,1523964187752,-8.7389,-2.83052,0.428058,-0.666603,-0.124183,0.812318,0.672658,0.440985,-0.408306
01324189,1523964187768,-9.10291,-0.669025,3.42637,-0.377098,-0.082383,0.212415,0.768014,-0.141792,-0.434272
01324188,1523964187768,-10.1245,1.09248,1.51657,-0.82332,-1.0763,0.149047,0.796934,-0.334339,-0.232357
01324185,1523964187768,-9.3382,-1.4317,0.02687,-0.694364,-0.0171705,0.759433,0.817656,0.335741,-0.330281
01324181,1523964187768,-8.6675,0.272665,2.56071,-0.510065,-0.647503,0.222356,0.822315,0.382872,-0.163573
01324180,1523964187768,-8.83005,-2.91693,0.508868,-0.654103,-0.141612,0.895793,0.678834,0.43823,-0.402774
01324189,1523964187785,-9.7104,-0.924613,4.52052,-0.507169,-0.130638,0.325926,0.765596,-0.140023,-0.438782
01324188,1523964187785,-10.2734,0.730757,1.94938,-1.0695,-0.98775,0.107606,0.788648,-0.332044,-0.250166
01324185,1523964187785,-9.40109,-1.51795,0.0619922,-0.684993,-0.0299641,0.812248,0.822279,0.328594,-0.327874
01324181,1523964187785,-8.39632,0.198147,2.67014,-0.510061,-0.683045,0.215095,0.823783,0.378269,-0.17014
01324180,1523964187785,-8.79997,-3.02113,0.581095,-0.636436,-0.15018,0.974935,0.686267,0.431098,-0.396807
01324189,1523964187802,-10.3863,-1.44848,5.12339,-0.744869,-0.321292,0.307861,0.763197,-0.138838,-0.444903
01324188,1523964187802,-10.169,0.175139,2.04506,-1.10826,-0.885942,0.0536185,0.786588,-0.326143,-0.269443
01324185,1523964187802,-9.35762,-1.47973,0.0306219,-0.699281,-0.0558823,0.848139,0.827717,0.320605,-0.3252
01324181,1523964187802,-8.26149,0.107628,2.57372,-0.467195,-0.607219,0.201801,0.82306,0.376973,-0.177419
01324180,1523964187802,-8.77414,-3.18625,0.701284,-0.64188,-0.181283,1.03618,0.694791,0.424115,-0.394774
01324189,1523964187818,-10.4625,-2.02169,5.29357,-1.01903,-0.558551,0.168811,0.762686,-0.133532,-0.451682
01324188,1523964187818,-10.116,0.0943963,1.83841,-1.00421,-0.731381,-0.00414208,0.784001,-0.322623,-0.290614
01324185,1523964187818,-9.40107,-1.35925,-0.162867,-0.761635,-0.110035,0.831554,0.832343,0.313483,-0.321486
01324181,1523964187818,-8.6834,0.0613468,2.63228,-0.458161,-0.513635,0.188905,0.821464,0.377226,-0.179934
01324180,1523964187818,-8.86372,-3.3959,0.795933,-0.654502,-0.201915,1.09922,0.702167,0.420005,-0.384555
01324189,1523964187835,-10.3416,-2.36875,5.4613,-1.1154,-0.732208,-0.0426556,0.757987,-0.125837,-0.463347
01324188,1523964187835,-9.71637,0.994153,1.91858,-0.742772,-0.582199,0.0134742,0.78236,-0.319377,-0.303191
01324185,1523964187835,-9.60207,-1.4185,-0.493345,-0.864672,-0.140974,0.8081,0.836151,0.306616,-0.31921
01324181,1523964187835,-9.18834,-0.0492286,2.9741,-0.419041,-0.549097,0.174826,0.822053,0.377381,-0.185527
01324180,1523964187835,-9.15092,-3.64607,0.84976,-0.682741,-0.22769,1.15513,0.708427,0.411905,-0.383052
01324189,1523964187852,-10.0349,-2.40043,5.88499,-1.00754,-0.873378,-0.187789,0.753707,-0.117727,-0.476352
01324188,1523964187852,-8.17227,1.34617,0.406446,-0.532551,-0.320645,0.0321864,0.778551,-0.317506,-0.310572
01324185,1523964187852,-9.83724,-1.69412,-0.715801,-0.9159,-0.203024,0.721016,0.84104,0.302833,-0.317883
01324181,1523964187852,-9.2344,-0.365414,3.27449,-0.388748,-0.65927,0.142799,0.820907,0.376413,-0.191212
01324180,1523964187852,-9.49049,-3.95961,0.902728,-0.695266,-0.25348,1.21465,0.71591,0.402625,-0.382131
01324189,1523964187868,-9.36562,-2.51095,6.56103,-0.731423,-0.983411,-0.236529,0.742642,-0.107299,-0.493277
01324188,1523964187868,-7.2869,1.2223,-3.06483,-0.275181,0.155087,0.082723,0.779349,-0.315174,-0.307741
01324185,1523964187868,-10.0647,-2.00082,-0.637398,-0.874984,-0.276419,0.649209,0.843493,0.296399,-0.315083
01324181,1523964187868,-9.09427,-0.53388,3.63362,-0.375335,-0.702192,0.115654,0.818847,0.375667,-0.20035
01324180,1523964187868,-9.70384,-4.28309,0.894034,-0.656359,-0.32278,1.268,0.723702,0.3928,-0.387851
01324189,1523964187885,-8.64886,-2.97413,7.34748,-0.425962,-1.06943,-0.182159,0.734823,-0.100102,-0.505981
01324188,1523964187885,-8.10107,0.611349,-4.23939,-0.189851,0.770132,0.198831,0.784229,-0.314618,-0.299683
01324185,1523964187885,-10.2626,-2.22569,-0.396105,-0.69037,-0.32234,0.645944,0.846072,0.291023,-0.315955
01324181,1523964187885,-9.42638,-0.620583,3.98333,-0.319047,-0.642732,0.0704069,0.816372,0.374536,-0.207746
01324180,1523964187885,-9.95554,-4.44257,0.856864,-0.60736,-0.365797,1.32517,0.731345,0.381341,-0.386976
01324189,1523964187902,-8.38593,-3.98882,6.65956,-0.18445,-1.08748,-0.078303,0.730971,-0.0963186,-0.518356
01324188,1523964187902,-10.5136,0.162241,-2.1733,-0.191609,1.16759,0.245285,0.786269,-0.315752,-0.294929
01324185,1523964187902,-10.7162,-2.34797,-0.283227,-0.496533,-0.317174,0.652603,0.848243,0.28606,-0.317353
01324181,1523964187902,-9.81941,-0.591398,4.14448,-0.224538,-0.623865,0.0272702,0.816982,0.374226,-0.214926
01324180,1523964187902,-10.486,-4.54192,0.759299,-0.571848,-0.438418,1.37246,0.738198,0.367852,-0.383832
01324189,1523964187918,-8.64372,-4.71308,5.60048,-0.098527,-0.91398,0.00521907,0.722089,-0.0947032,-0.530289
01324188,1523964187918,-10.8424,0.0802179,-3.03637,0.605277,1.4274,0.353562,0.790367,-0.321725,-0.274873
01324185,1523964187918,-11.3147,-2.41653,-0.351529,-0.37848,-0.240843,0.655519,0.851635,0.278123,-0.31938
01324181,1523964187918,-9.68363,-0.665023,4.17091,-0.125503,-0.578598,-0.0174978,0.814862,0.376122,-0.221192
01324180,1523964187918,-11.1245,-4.7056,0.689327,-0.510004,-0.525219,1.43213,0.745217,0.3544,-0.38745
01324189,1523964187935,-8.91318,-4.43188,4.84579,-0.127834,-0.749634,0.0652664,0.715373,-0.096008,-0.539058
01324188,1523964187935,-9.82822,3.15361,-2.75449,1.09407,1.70075,0.564399,0.796124,-0.333288,-0.248181
01324185,1523964187935,-11.7775,-2.26444,-0.42063,-0.339758,-0.172952,0.616021,0.85462,0.271032,-0.321413
01324181,1523964187935,-9.31158,-0.677549,4.10108,-0.0726445,-0.431636,-0.056133,0.813011,0.377459,-0.226652
01324180,1523964187935,-11.6051,-4.80406,0.792853,-0.450354,-0.569814,1.48151,0.75037,0.340114,-0.391598
01324189,1523964187952,-9.23848,-3.56723,4.67263,-0.108402,-0.678935,0.116779,0.706787,-0.0988611,-0.550762
01324188,1523964187952,-10.1508,6.14657,-4.07387,0.371309,1.92148,0.634327,0.803522,-0.347622,-0.21279
01324185,1523964187952,-11.8032,-1.97293,-0.398266,-0.348517,-0.120386,0.578274,0.85625,0.263952,-0.32292
01324181,1523964187952,-9.0666,-0.645348,3.87019,-0.025999,-0.247401,-0.0875055,0.809771,0.381413,-0.231222
01324180,1523964187952,-11.2525,-3.83926,1.26563,-0.59248,-0.650924,1.47316,0.754757,0.324416,-0.400089
01324189,1523964187968,-8.74072,-2.57824,3.84962,0.0648309,-0.689449,0.22565,0.701694,-0.0997725,-0.558609
01324188,1523964187968,-10.4642,6.43206,-3.69859,-1.08865,2.03391,0.676847,0.808716,-0.355535,-0.189097
01324185,1523964187968,-11.2355,-1.70672,-0.313695,-0.359058,-0.104726,0.540634,0.858968,0.258888,-0.322226
01324181,1523964187968,-8.80494,-0.588703,3.65584,0.00454672,-0.104597,-0.110574,0.809518,0.381378,-0.232947
01324180,1523964187968,-11.2302,-4.18543,1.61198,-1.41809,-0.626269,1.22274,0.759584,0.31448,-0.402793
01324189,1523964187985,-7.60675,-1.75232,2.89735,0.267707,-0.577838,0.359148,0.695921,-0.105259,-0.563807
01324188,1523964187985,-10.4505,4.89795,-2.92429,-1.91856,2.12884,0.748366,0.810619,-0.358324,-0.167736
01324185,1523964187985,-10.4002,-1.60818,-0.0835656,-0.372502,-0.103391,0.475818,0.862093,0.25354,-0.321662
01324181,1523964187985,-8.8368,-0.623163,3.79879,0.0706647,0.0239654,-0.145856,0.809914,0.383338,-0.234721
01324180,1523964187985,-10.3076,-6.10223,1.72889,-1.43169,-0.755561,1.18503,0.765136,0.311206,-0.405508
01324189,1523964188002,-7.15047,-0.585482,3.13664,0.392117,-0.463402,0.46409,0.690166,-0.113481,-0.569161
01324188,1523964188002,-10.225,3.12161,-2.10132,-1.7517,2.22768,0.989629,0.812566,-0.367686,-0.149213
01324185,1523964188002,-9.8588,-1.50522,0.333799,-0.406892,-0.122145,0.41462,0.864543,0.248919,-0.319926
01324181,1523964188002,-8.82592,-0.613242,3.6924,0.181131,0.0856876,-0.162917,0.809095,0.383928,-0.234458
01324180,1523964188002,-9.5,-7.12746,1.64172,-0.69598,-0.770069,0.986941,0.765778,0.303963,-0.409449
01324189,1523964188018,-7.319,0.168084,3.53773,0.546856,-0.383579,0.608417,0.685355,-0.124593,-0.571738
01324188,1523964188018,-10.1145,1.59857,-1.58298,-0.883477,2.29498,1.26984,0.811267,-0.379827,-0.126242
01324185,1523964188018,-9.48131,-1.2473,0.591592,-0.500944,-0.216422,0.318286,0.864271,0.246643,-0.320949
01324181,1523964188018,-8.61995,-0.508751,3.49852,0.223916,0.10502,-0.169848,0.807741,0.385909,-0.236347
01324180,1523964188018,-8.68858,-5.47585,1.36144,0.0959953,-0.776397,0.928833,0.764612,0.293599,-0.419914
01324189,1523964188035,-7.44248,-0.12748,3.91374,0.663509,-0.345683,0.738483,0.680584,-0.140893,-0.575293
01324188,1523964188035,-9.99868,1.52784,-1.87685,0.156944,2.33816,1.48897,0.806467,-0.397237,-0.0984365
01324185,1523964188035,-9.04945,-1.10086,0.430869,-0.608008,-0.290223,0.22523,0.863185,0.245216,-0.321847
01324181,1523964188035,-8.4479,-0.564793,3.31716,0.247122,0.163405,-0.167731,0.807303,0.387382,-0.234778
01324180,1523964188035,-8.30815,-4.12031,0.976227,0.465591,-0.705889,0.811471,0.76344,0.282641,-0.427958
01324189,1523964188052,-7.00947,-0.718097,3.44819,0.716478,-0.248764,0.807697,0.676354,-0.158927,-0.577396
01324188,1523964188052,-9.85073,2.30184,-2.30377,0.806318,2.33409,1.62967,0.80171,-0.422486,-0.0620944
01324185,1523964188052,-8.87411,-1.25619,0.279378,-0.579065,-0.336893,0.162528,0.862497,0.24542,-0.3259
01324181,1523964188052,-8.40493,-0.573954,3.27414,0.273689,0.17891,-0.143558,0.807946,0.389111,-0.23389
01324180,1523964188052,-8.13705,-3.14229,0.90593,0.384796,-0.578827,0.67139,0.763937,0.26819,-0.439341
01324189,1523964188068,-6.78483,-0.658261,2.92892,0.793099,-0.0545445,0.857293,0.672747,-0.17092,-0.577182
01324188,1523964188068,-9.67385,3.06531,-2.62012,1.03673,2.30423,1.67872,0.793136,-0.445757,-0.0230203
01324185,1523964188068,-8.97577,-1.38556,0.28506,-0.431994,-0.35631,0.125946,0.863437,0.24677,-0.329054
01324181,1523964188068,-8.49867,-0.482762,3.14138,0.282734,0.185586,-0.165928,0.806728,0.38928,-0.233482
01324180,1523964188068,-8.20255,-3.13355,0.919839,0.0750508,-0.446523,0.486634,0.763936,0.258491,-0.443051
01324189,1523964188085,-7.10945,0.0719394,2.91122,0.906046,0.144664,0.899999,0.669831,-0.189826,-0.573818
01324188,1523964188085,-9.48459,3.24876,-2.7484,0.897082,2.22983,1.63095,0.780885,-0.467348,0.0158007
01324185,1523964188085,-9.16857,-1.32177,0.273247,-0.209114,-0.359469,0.114706,0.862893,0.246186,-0.330093
01324181,1523964188085,-8.73862,-0.383847,3.31666,0.289762,0.179594,-0.159057,0.807264,0.389696,-0.233762
01324180,1523964188085,-8.60416,-3.53044,1.02491,-0.170518,-0.374825,0.274581,0.76453,0.255311,-0.446908
01324189,1523964188102,-7.89921,0.987564,3.30503,1.00923,0.257869,0.973132,0.670285,-0.207942,-0.567408
01324188,1523964188102,-9.21765,2.8392,-2.9393,0.488495,2.12442,1.49784,0.76863,-0.487605,0.0479681
01324185,1523964188102,-9.46252,-1.12023,0.138176,-0.136747,-0.346416,0.0814361,0.860441,0.245958,-0.334659
01324181,1523964188102,-8.86203,-0.166913,3.26341,0.29677,0.190589,-0.140017,0.808571,0.391993,-0.232627
01324180,1523964188102,-9.03301,-3.87439,1.11551,-0.278244,-0.319674,0.126601,0.760785,0.25554,-0.449823
01324189,1523964188118,-8.3845,1.51263,3.47669,0.968228,0.30686,1.03785,0.668035,-0.230301,-0.560331
01324188,1523964188118,-9.19209,2.54525,-2.98496,0.0870776,1.93233,1.36201,0.754621,-0.509007,0.074157
01324185,1523964188118,-9.68949,-1.0973,-0.0221898,-0.10948,-0.311177,0.0208487,0.859885,0.24401,-0.340652
01324181,1523964188118,-8.96799,-0.243483,3.39461,0.285968,0.217554,-0.117302,0.808296,0.391731,-0.231688
01324180,1523964188118,-9.2922,-4.032,1.12178,-0.289377,-0.304932,0.00181503,0.759975,0.258198,-0.455166
01324189,1523964188135,-8.00875,1.98186,2.86605,0.726989,0.487099,1.11036,0.669174,-0.250733,-0.552876
01324188,1523964188135,-9.12493,2.39109,-3.04184,-0.482416,1.70615,1.27069,0.740723,-0.525899,0.0942939
01324185,1523964188135,-9.75184,-0.998154,0.0182819,-0.123126,-0.245217,-0.090106,0.858384,0.245502,-0.3438
01324181,1523964188135,-9.00515,-0.324009,3.4249,0.282456,0.249333,-0.120443,0.807987,0.394329,-0.230941
01324180,1523964188135,-9.47582,-4.0536,1.13437,-0.278363,-0.273287,-0.0875304,0.756471,0.261039,-0.458707
01324189,1523964188152,-7.90908,2.45944,1.92857,0.347849,0.779251,1.16537,0.66947,-0.26625,-0.545774
01324188,1523964188152,-9.12819,1.4974,-2.81712,-1.1528,1.40794,1.18851,0.729541,-0.541609,0.106925
01324185,1523964188152,-9.85762,-1.0382,0.261007,-0.147321,-0.169997,-0.161976,0.857699,0.24985,-0.345016
01324181,1523964188152,-9.06577,-0.322256,3.37134,0.26121,0.272066,-0.133093,0.808637,0.395485,-0.230041
01324180,1523964188152,-9.42304,-4.03156,1.16401,-0.277815,-0.242545,-0.178749,0.755689,0.263288,-0.468655
01324189,1523964188168,-8.8468,2.57903,1.62414,-0.135738,1.0348,1.18832,0.673257,-0.279826,-0.534681
01324188,1523964188168,-9.2052,0.283825,-2.31938,-1.53105,1.08482,1.06557,0.717965,-0.558381,0.108176
01324185,1523964188168,-9.88873,-1.06675,0.427626,-0.101425,-0.14169,-0.279564,0.856465,0.253154,-0.349228
01324181,1523964188168,-9.09578,-0.203759,3.40511,0.247096,0.280503,-0.154529,0.809269,0.3971,-0.227821
01324180,1523964188168,-9.29351,-3.97032,1.22362,-0.304184,-0.202512,-0.301729,0.753222,0.268274,-0.470141
01324189,1523964188185,-9.90228,2.47604,1.11895,-0.622107,1.15905,1.11647,0.67675,-0.286351,-0.52567
01324188,1523964188185,-9.27864,-1.29112,-1.86892,-1.47499,0.785217,0.945876,0.709508,-0.573674,0.104765
01324185,1523964188185,-9.74589,-0.973609,0.566135,-0.0558276,-0.130217,-0.322245,0.85429,0.256805,-0.35004
01324181,1523964188185,-9.00848,-0.127459,3.33417,0.223987,0.288412,-0.154418,0.80953,0.396419,-0.226081
01324180,1523964188185,-9.15436,-3.89417,1.2544,-0.342752,-0.141686,-0.458047,0.749632,0.276752,-0.469783
01324189,1523964188202,-10.3059,1.89287,1.43034,-1.07836,1.1949,1.04833,0.684884,-0.295156,-0.516463
01324188,1523964188202,-9.15757,-2.5623,-1.51419,-1.03285,0.530343,0.786849,0.697089,-0.584673,0.0952042
01324185,1523964188202,-9.62484,-0.894798,0.686314,-0.0189404,-0.0904589,-0.363391,0.850486,0.262431,-0.350866
01324181,1523964188202,-8.95336,-0.153451,3.28189,0.183163,0.335091,-0.16079,0.809078,0.397509,-0.222377
01324180,1523964188202,-9.10592,-3.89345,1.24037,-0.348349,-0.0776428,-0.593033,0.744366,0.288416,-0.463658
01324189,1523964188218,-10.3153,0.806818,1.97314,-1.28495,1.14178,0.969573,0.689992,-0.294683,-0.509824
01324188,1523964188218,-9.2384,-3.52239,-1.40859,-0.418234,0.30475,0.609816,0.690498,-0.594543,0.093591
01324185,1523964188218,-9.57159,-0.890231,0.77619,0.0189322,-0.0225164,-0.403001,0.849663,0.266616,-0.353258
01324181,1523964188218,-8.84288,-0.253925,3.13962,0.129019,0.359556,-0.170766,0.810218,0.400855,-0.219267
01324180,1523964188218,-9.12903,-3.97087,1.23006,-0.273753,-0.00672885,-0.706367,0.741567,0.297746,-0.462619
01324189,1523964188235,-10.2832,-0.53568,1.93052,-1.33902,1.10766,0.866405,0.694301,-0.294915,-0.504655
01324188,1523964188235,-9.36698,-3.60758,-0.877362,0.293013,0.109768,0.385947,0.687687,-0.601727,0.0985663
01324185,1523964188235,-9.57873,-0.938228,0.898307,0.04301,0.0121332,-0.436415,0.846811,0.272974,-0.352656
01324181,1523964188235,-8.8183,-0.403936,2.99775,0.0819917,0.396458,-0.178905,0.81069,0.402668,-0.214656
01324180,1523964188235,-9.07147,-3.93399,1.23082,-0.117612,0.0503407,-0.813997,0.737592,0.306399,-0.466307
01324189,1523964188252,-10.3789,-1.48719,1.76418,-1.25824,1.09031,0.784999,0.699141,-0.292141,-0.499869
01324188,1523964188252,-9.70728,-3.39376,-0.236494,0.779059,-0.105403,0.107171,0.686611,-0.604219,0.10543
01324185,1523964188252,-9.58593,-0.993466,1.00109,0.07411,0.0288981,-0.490133,0.846262,0.281162,-0.35221
01324181,1523964188252,-8.91742,-0.555521,2.99036,0.0305006,0.410299,-0.192368,0.811117,0.406947,-0.208634
01324180,1523964188252,-9.06963,-3.71692,1.25137,0.0278108,0.105138,-0.897038,0.733425,0.318076,-0.465471
01324189,1523964188268,-10.5027,-1.77211,1.95523,-0.978785,1.06411,0.745145,0.705613,-0.293427,-0.492457
01324188,1523964188268,-9.90123,-3.4742,0.687474,1.07508,-0.416396,-0.211101,0.691206,-0.601205,0.110951
01324185,1523964188268,-9.60524,-1.04385,1.06552,0.109032,0.0159544,-0.516448,0.843408,0.284808,-0.353281
01324181,1523964188268,-8.90821,-0.584458,2.90887,-0.0262993,0.388572,-0.214785,0.811999,0.408465,-0.204154
01324180,1523964188268,-9.14127,-3.44307,1.30051,0.10499,0.172318,-0.997977,0.729528,0.328868,-0.463034
01324189,1523964188285,-10.4598,-2.0428,2.62817,-0.587789,1.03592,0.718083,0.713182,-0.29618,-0.484802
01324188,1523964188285,-10.3822,-2.70537,1.33884,1.52304,-0.771935,-0.482866,0.695229,-0.593599,0.11515
01324185,1523964188285,-9.58138,-1.15954,1.09966,0.179522,0.00628327,-0.534327,0.840552,0.29341,-0.353355
01324181,1523964188285,-8.95113,-0.618924,2.89959,-0.0697507,0.366815,-0.240678,0.812044,0.410892,-0.197956
01324180,1523964188285,-9.09275,-3.29594,1.36705,0.13303,0.213844,-1.05375,0.725073,0.340526,-0.458138
01324189,1523964188302,-10.3453,-2.41279,4.1858,-0.150926,0.95026,0.591775,0.717052,-0.300261,-0.474169
01324188,1523964188302,-10.0065,-0.784575,-3.59818,2.14207,-0.867361,-0.642459,0.704936,-0.583282,0.124702
01324185,1523964188302,-9.51436,-1.35255,1.11819,0.227225,0.0234717,-0.531099,0.836477,0.296196,-0.355198
01324181,1523964188302,-9.23461,-0.651367,2.87184,-0.143562,0.306398,-0.252958,0.810904,0.412997,-0.194132
01324180,1523964188302,-9.1391,-3.28495,1.41741,0.173097,0.258605,-1.09361,0.720093,0.352502,-0.456473
01324189,1523964188318,-10.3996,-2.34192,5.82005,0.321245,0.789923,0.376907,0.723383,-0.305128,-0.463973
01324188,1523964188318,-11.1708,2.14917,-3.92857,0.874661,-0.690482,-0.750342,0.710566,-0.572164,0.131121
01324185,1523964188318,-9.62086,-1.4819,1.11922,0.312211,0.0542566,-0.539868,0.835656,0.302387,-0.355909
01324181,1523964188318,-9.35715,-0.662721,3.11518,-0.232541,0.263715,-0.261628,0.811341,0.41642,-0.187959
01324180,1523964188318,-9.30298,-3.35017,1.46862,0.200805,0.301328,-1.12125,0.715259,0.363018,-0.453622
01324189,1523964188335,-10.3569,-1.30938,5.53951,0.642051,0.649915,0.202306,0.728223,-0.312685,-0.452844
01324188,1523964188335,-12.3153,2.56793,-3.90419,-0.587977,-0.632612,-0.920971,0.719886,-0.56292,0.120264
01324185,1523964188335,-9.82378,-1.56255,1.07051,0.421212,0.0758625,-0.562192,0.832395,0.307877,-0.356474
01324181,1523964188335,-9.51911,-0.66234,3.27353,-0.26831,0.184402,-0.246645,0.807348,0.421397,-0.185495
01324180,1523964188335,-9.5057,-3.40127,1.50986,0.284514,0.33884,-1.14064,0.709628,0.373263,-0.451712
01324189,1523964188352,-10.2414,0.311048,4.19071,0.683696,0.63016,0.12246,0.731974,-0.320358,-0.441703
01324188,1523964188352,-10.0129,1.58653,-1.98797,-1.04893,-0.618754,-1.15373,0.733687,-0.552575,0.102953
01324185,1523964188352,-10.1422,-1.5125,0.976864,0.54801,0.0953873,-0.598957,0.830755,0.314167,-0.359406
01324181,1523964188352,-9.63065,-0.641762,3.19756,-0.312789,0.175527,-0.245693,0.808982,0.426369,-0.179766
01324180,1523964188352,-9.89872,-3.34638,1.59092,0.362625,0.375638,-1.12484,0.706396,0.384918,-0.450079
01324189,1523964188368,-10.2062,1.58099,2.99077,0.282964,0.607347,0.0944666,0.737095,-0.326062,-0.43257
01324188,1523964188368,-9.68649,1.5871,-2.24322,-1.07655,-0.572123,-1.05246,0.745832,-0.538341,0.0872528
01324185,1523964188368,-10.4844,-1.35632,0.929245,0.649649,0.0802063,-0.606553,0.827625,0.319335,-0.36206
01324181,1523964188368,-9.77949,-0.633843,3.22785,-0.319056,0.204026,-0.235908,0.80783,0.429055,-0.175555
01324180,1523964188368,-10.2284,-3.31957,1.65794,0.408242,0.372373,-1.12801,0.701464,0.393419,-0.4497
01324189,1523964188385,-9.78341,1.65202,1.94277,-0.489137,0.5495,0.0794515,0.740846,-0.324982,-0.426849
01324188,1523964188385,-10.9525,1.1758,-1.71701,-0.964215,-0.462522,-0.875439,0.756107,-0.528772,0.0691283
01324185,1523964188385,-10.5705,-1.15831,0.969721,0.705148,0.0464309,-0.58257,0.825441,0.322634,-0.36653
01324181,1523964188385,-9.50918,-0.727683,3.2193,-0.291655,0.135442,-0.214237,0.806529,0.433168,-0.171639
01324180,1523964188385,-10.2673,-3.32554,1.72278,0.464555,0.360495,-1.13828,0.695433,0.403676,-0.44846
01324189,1523964188402,-9.52168,0.459171,1.0938,-1.20667,0.588662,0.0413883,0.74485,-0.317298,-0.423219
01324188,1523964188402,-11.2992,0.258997,-1.45329,-0.590441,-0.357364,-0.739885,0.761629,-0.520223,0.0589494
01324185,1523964188402,-10.3817,-0.971583,1.08346,0.752591,0.033188,-0.541762,0.822184,0.325593,-0.366678
01324181,1523964188402,-9.38997,-0.782139,3.29839,-0.288157,0.155114,-0.202033,0.806329,0.43582,-0.168368
01324180,1523964188402,-10.0262,-3.28451,1.76403,0.53796,0.380302,-1.15267,0.691019,0.411408,-0.442426
01324189,1523964188418,-10.2733,-1.33081,1.26154,-1.47069,0.641574,-0.032279,0.747264,-0.308732,-0.424651
01324188,1523964188418,-10.5668,-0.48784,-1.58459,-0.0564946,-0.242947,-0.647223,0.768092,-0.510742,0.0533984
01324185,1523964188418,-10.1566,-0.818756,1.22997,0.778813,0.00114416,-0.463397,0.821087,0.32749,-0.370746
01324181,1523964188418,-9.53485,-0.878517,3.35485,-0.316666,0.169416,-0.19315,0.804627,0.439098,-0.163632
01324180,1523964188418,-9.78647,-3.11501,1.7528,0.608443,0.372431,-1.18482,0.685298,0.418471,-0.441795
01324189,1523964188435,-10.5869,-2.42727,1.87705,-1.24261,0.571075,-0.107707,0.753733,-0.29868,-0.423842
01324188,1523964188435,-9.83691,-0.587306,-2.23194,0.445753,-0.222121,-0.627507,0.772939,-0.503769,0.0521572
01324185,1523964188435,-10.0284,-0.703964,1.25242,0.737292,-0.0475912,-0.446061,0.816999,0.330181,-0.377558
01324181,1523964188435,-9.55994,-0.864181,3.26265,-0.316683,0.156209,-0.189814,0.80424,0.444653,-0.158692
01324180,1523964188435,-9.66747,-2.95634,1.71858,0.65585,0.374697,-1.20119,0.679556,0.427569,-0.441934
01324189,1523964188452,-10.1506,-2.53179,2.51768,-0.830725,0.476883,-0.2004,0.756924,-0.28581,-0.423777
01324188,1523964188452,-9.70172,0.651844,-2.97103,0.522111,-0.17604,-0.640648,0.77804,-0.49469,0.0556259
01324185,1523964188452,-9.92678,-0.507269,1.13928,0.609904,-0.10285,-0.4609,0.813729,0.330057,-0.384083
01324181,1523964188452,-9.37624,-0.755259,3.26173,-0.297211,0.102414,-0.181782,0.804153,0.449578,-0.156134
01324180,1523964188452,-9.6289,-2.9313,1.67559,0.724978,0.389478,-1.13824,0.673029,0.437589,-0.448126
01324189,1523964188468,-9.57318,-2.15702,2.41492,-0.386567,0.420244,-0.259337,0.763943,-0.279936,-0.420865
01324188,1523964188468,-9.75617,1.63273,-3.22257,0.192263,-0.168412,-0.651706,0.785321,-0.486398,0.0564579
01324185,1523964188468,-9.9798,-0.309757,0.867765,0.425591,-0.164352,-0.450088,0.811001,0.332775,-0.389461
01324181,1523964188468,-9.2618,-0.695663,3.24201,-0.312458,0.120526,-0.156617,0.802751,0.451391,-0.152701
01324180,1523964188468,-9.39767,-2.83129,1.60589,0.760233,0.388316,-1.16091,0.667316,0.444661,-0.449117
01324189,1523964188485,-9.54438,-1.62881,1.79019,0.000677322,0.408346,-0.2687,0.767136,-0.277256,-0.414723
01324188,1523964188485,-9.6436,2.02215,-3.11146,-0.205385,-0.160572,-0.638406,0.789893,-0.478751,0.053376
01324185,1523964188485,-9.70573,-0.489819,0.666201,0.284106,-0.180736,-0.468593,0.808279,0.335823,-0.392357
01324181,1523964188485,-9.35953,-0.78898,3.20453,-0.304506,0.134938,-0.143554,0.802527,0.455907,-0.149336
01324180,1523964188485,-9.45216,-2.69555,1.49251,0.694825,0.372529,-1.08226,0.662974,0.447917,-0.44696
01324189,1523964188502,-9.77195,-1.15009,1.17164,0.267798,0.391695,-0.292621,0.771422,-0.274463,-0.409128
01324188,1523964188502,-9.37952,1.52712,-2.79618,-0.372623,-0.1607,-0.612949,0.795401,-0.468515,0.0476147
01324185,1523964188502,-9.70153,-0.571894,0.46305,0.145032,-0.168837,-0.471916,0.805556,0.338296,-0.395772
01324181,1523964188502,-9.31876,-0.797832,2.93915,-0.288464,0.145668,-0.133242,0.802518,0.457343,-0.143781
01324180,1523964188502,-9.45261,-2.98409,1.38216,0.655947,0.326755,-0.991469,0.657007,0.454275,-0.449178
01324189,1523964188518,-10.0265,-0.824394,1.13245,0.481157,0.348921,-0.323766,0.774071,-0.273634,-0.401923
01324188,1523964188518,-9.56409,0.629703,-2.63257,-0.12838,-0.132432,-0.6092,0.80038,-0.460886,0.0447959
01324185,1523964188518,-9.67819,-0.820067,0.425781,0.0645062,-0.150381,-0.465142,0.800391,0.344308,-0.398558
01324181,1523964188518,-9.46557,-0.775524,3.20344,-0.286878,0.11869,-0.112757,0.802451,0.460276,-0.140651
01324180,1523964188518,-9.50558,-2.80308,1.32705,0.614343,0.24278,-0.918416,0.652131,0.459164,-0.451442
01324189,1523964188535,-10.0297,-0.392278,0.93393,0.576513,0.269329,-0.342852,0.779471,-0.275331,-0.395974
01324188,1523964188535,-9.69379,0.187021,-2.70456,0.30446,-0.115626,-0.544107,0.803196,-0.454853,0.0425782
01324185,1523964188535,-9.70263,-0.928264,0.423087,0.0360192,-0.142754,-0.433685,0.796307,0.353416,-0.401639
01324181,1523964188535,-9.395,-0.740629,3.0873,-0.269138,0.0967382,-0.104408,0.801182,0.462647,-0.137763
01324180,1523964188535,-9.32387,-2.77292,1.1864,0.523265,0.173103,-0.824565,0.64595,0.461765,-0.455625
01324189,1523964188552,-9.86259,-0.0246858,0.757028,0.566044,0.250388,-0.339337,0.78308,-0.2741,-0.389714
01324188,1523964188552,-9.49033,0.296905,-2.66382,0.590671,-0.0893167,-0.502893,0.807228,-0.44829,0.0441512
01324185,1523964188552,-9.58721,-1.08785,0.470741,0.0033073,-0.141886,-0.378397,0.793582,0.358005,-0.405074
01324181,1523964188552,-9.2286,-0.69488,2.95225,-0.244281,0.0739093,-0.0952536,0.800448,0.465575,-0.135291
01324180,1523964188552,-9.09646,-2.73531,1.07765,0.418268,0.10531,-0.740469,0.642818,0.466769,-0.458183
01324189,1523964188568,-9.71295,0.161776,0.96941,0.45819,0.251492,-0.345059,0.786142,-0.273141,-0.383049
01324188,1523964188568,-9.36436,0.34661,-2.94442,0.620264,-0.0979926,-0.502765,0.811381,-0.439877,0.049746
01324185,1523964188568,-9.43773,-1.12247,0.491388,0.00722815,-0.136131,-0.329145,0.792218,0.362202,-0.40681
01324181,1523964188568,-9.21797,-0.702112,3.04906,-0.244407,0.0671776,-0.0772118,0.800806,0.467065,-0.132401
01324180,1523964188568,-8.80144,-2.70215,1.0082,0.326809,0.0555459,-0.635957,0.637552,0.470355,-0.459926
01324189,1523964188585,-9.61055,0.409245,0.956282,0.310114,0.229667,-0.36686,0.789491,-0.270188,-0.379181
01324188,1523964188585,-9.34416,0.565292,-3.19685,0.368837,-0.0847917,-0.534431,0.816492,-0.432163,0.0512428
01324185,1523964188585,-9.24973,-1.20545,0.544852,0.027812,-0.127709,-0.261226,0.788691,0.363186,-0.407069
01324181,1523964188585,-9.16577,-0.679626,3.0079,-0.239146,0.0514757,-0.0653142,0.802125,0.467525,-0.130165
01324180,1523964188585,-8.54911,-2.74716,0.979,0.242206,0.0145024,-0.528713,0.634269,0.475341,-0.458967
01324189,1523964188602,-9.44275,0.564603,0.903003,0.103558,0.213668,-0.345346,0.792145,-0.266492,-0.374229
01324188,1523964188602,-9.17365,0.926107,-3.16294,0.0268273,-0.092768,-0.565164,0.819978,-0.424908,0.05071
01324185,1523964188602,-9.13404,-1.23506,0.542631,0.0556916,-0.093273,-0.227484,0.788142,0.365407,-0.408919
01324181,1523964188602,-9.0487,-0.673334,2.94091,-0.208881,0.0496873,-0.0671812,0.802359,0.468716,-0.127933
01324180,1523964188602,-8.37344,-2.8511,0.958392,0.210052,-0.0372786,-0.400989,0.629841,0.476598,-0.461851
01324189,1523964188618,-9.26234,0.585466,0.992823,-0.115442,0.181379,-0.350496,0.794787,-0.258484,-0.370716
01324188,1523964188618,-8.93237,0.808038,-2.95438,-0.311581,-0.0809503,-0.576162,0.823599,-0.41727,0.0481784
01324185,1523964188618,-9.08592,-1.24744,0.497024,0.0454499,-0.0911293,-0.200282,0.785561,0.368635,-0.409726
01324181,1523964188618,-9.09913,-0.640006,2.99067,-0.174308,0.0199321,-0.0537496,0.801678,0.467908,-0.126048
01324180,1523964188618,-8.2743,-3.0037,0.888433,0.231733,-0.0680275,-0.262222,0.628108,0.47782,-0.466938
01324189,1523964188635,-9.16528,0.432796,0.937445,-0.29573,0.121107,-0.327906,0.798566,-0.254549,-0.369657
01324188,1523964188635,-8.93377,0.430708,-2.78249,-0.384887,-0.0476351,-0.585139,0.828308,-0.40989,0.044539
01324185,1523964188635,-9.11028,-1.27626,0.415866,0.0239561,-0.094329,-0.189175,0.784602,0.370975,-0.412752
01324181,1523964188635,-9.28309,-0.780622,3.17572,-0.155808,-0.0149894,-0.03336,0.801512,0.470206,-0.125828
01324180,1523964188635,-8.29237,-3.0806,0.834663,0.251922,-0.0964898,-0.149779,0.626783,0.477569,-0.469627
01324189,1523964188652,-9.23103,-0.0161486,0.883821,-0.413578,0.110279,-0.312271,0.800317,-0.249993,-0.370444
01324188,1523964188652,-8.97418,-0.0447623,-2.69363,-0.307988,-0.0385413,-0.556185,0.831935,-0.403307,0.0427497
01324185,1523964188652,-9.23357,-1.33574,0.35867,0.0434426,-0.073364,-0.186751,0.782427,0.373493,-0.413815
01324181,1523964188652,-9.28185,-0.899464,3.14903,-0.114961,-0.0395141,-0.0233465,0.800828,0.470379,-0.124894
01324180,1523964188652,-8.40196,-3.17261,0.738829,0.262294,-0.136117,-0.00580899,0.625064,0.477337,-0.474203
01324189,1523964188668,-9.69732,-0.463516,0.938479,-0.448197,0.0675954,-0.317542,0.801089,-0.243102,-0.369996
01324188,1523964188668,-9.39345,-0.328048,-2.64928,-0.0986296,-0.0177564,-0.542189,0.835551,-0.395025,0.0420101
01324185,1523964188668,-9.44354,-1.37777,0.353533,0.0782866,-0.0577565,-0.174936,0.781877,0.375135,-0.416444
01324181,1523964188668,-9.28109,-0.933449,3.18349,-0.0881593,-0.0496209,-0.0459252,0.801371,0.470777,-0.125971
01324180,1523964188668,-8.57779,-3.20782,0.676497,0.255113,-0.174125,0.141606,0.626065,0.472978,-0.476198
01324189,1523964188685,-9.99082,-1.02421,0.664094,-0.368444,0.0667741,-0.337648,0.803503,-0.236547,-0.37024
01324188,1523964188685,-9.68599,-0.347289,-2.84898,0.0235293,-0.00682317,-0.511183,0.838769,-0.388284,0.0401011
01324185,1523964188685,-9.61274,-1.48509,0.327911,0.0664076,-0.0203851,-0.146207,0.781336,0.375717,-0.415533
01324181,1523964188685,-9.3142,-0.972663,3.18886,-0.0702567,-0.0579358,-0.0667273,0.802186,0.470056,-0.125699
01324180,1523964188685,-8.67109,-3.2613,0.60762,0.236497,-0.212285,0.2942,0.62571,0.470392,-0.47949
01324189,1523964188702,-10.1749,-1.49532,0.629241,-0.276882,0.053711,-0.387029,0.80593,-0.228849,-0.372482
01324188,1523964188702,-9.74891,-0.370707,-2.91566,0.0505719,0.01336,-0.496623,0.843348,-0.382324,0.041899
01324185,1523964188702,-9.7095,-1.60244,0.352671,0.078275,0.0220451,-0.117553,0.781875,0.377114,-0.416202
01324181,1523964188702,-9.39575,-0.976065,3.2029,-0.0541405,-0.0688962,-0.0875388,0.799497,0.471195,-0.127689
01324180,1523964188702,-8.77715,-3.27664,0.570247,0.203319,-0.253515,0.422076,0.628475,0.465438,-0.484226
01324189,1523964188718,-10.1209,-1.40012,0.382812,-0.136356,0.0297383,-0.404298,0.807517,-0.220257,-0.372834
01324188,1523964188718,-9.47281,-0.245167,-3.08501,0.0409294,-0.0207178,-0.512069,0.845064,-0.374313,0.0414357
01324185,1523964188718,-9.68072,-1.68685,0.395982,0.143932,0.0589261,-0.0651389,0.779705,0.377105,-0.416717
01324181,1523964188718,-9.41463,-0.935119,3.29376,0.00284329,-0.120489,-0.108853,0.799325,0.474062,-0.127614
01324180,1523964188718,-8.84515,-3.26315,0.588992,0.178796,-0.284147,0.546564,0.629925,0.458185,-0.488854
01324189,1523964188735,-9.99631,-1.04051,0.445072,0.020487,0.000506631,-0.375315,0.808463,-0.216548,-0.374421
01324188,1523964188735,-9.32649,0.0975629,-3.21199,-0.070784,-0.0206714,-0.519015,0.847328,-0.36717,0.0406418
01324185,1523964188735,-9.60352,-1.72339,0.456138,0.249653,0.0935815,-0.0212707,0.780516,0.375949,-0.418147
01324181,1523964188735,-9.30943,-0.91444,3.26264,0.0330443,-0.154015,-0.105822,0.798644,0.475616,-0.128968
01324180,1523964188735,-8.84066,-3.25393,0.635008,0.16027,-0.293423,0.655397,0.63181,0.450816,-0.499575
01324189,1523964188752,-9.69596,-0.930046,0.158449,0.059282,-0.0301614,-0.33521,0.809926,-0.214559,-0.372013
01324188,1523964188752,-9.25975,-0.163603,-3.13795,-0.175287,-0.0326648,-0.495063,0.849858,-0.358983,0.0392362
01324185,1523964188752,-9.4006,-1.64275,0.500002,0.364897,0.0843083,0.0406979,0.781598,0.373517,-0.419958
01324181,1523964188752,-9.0897,-0.805091,3.25954,0.102341,-0.18207,-0.0960113,0.798798,0.476265,-0.131908
01324180,1523964188752,-8.71095,-3.21216,0.711426,0.169795,-0.288137,0.741631,0.636238,0.44207,-0.506034
01324189,1523964188768,-9.43152,-0.837633,0.0597476,-0.018292,-0.0336814,-0.287541,0.812353,-0.208297,-0.373329
01324188,1523964188768,-8.86522,-0.696693,-2.96773,-0.154227,-0.0419285,-0.486097,0.854571,-0.352191,0.0356947
01324185,1523964188768,-9.12476,-1.37235,0.553351,0.473183,0.0452062,0.106247,0.783766,0.369528,-0.422019
01324181,1523964188768,-8.94167,-0.679659,3.32087,0.144943,-0.199512,-0.0851449,0.796818,0.477314,-0.137492
01324180,1523964188768,-8.40712,-3.16594,0.787153,0.176685,-0.284814,0.749553,0.640134,0.432455,-0.511151
01324189,1523964188785,-9.02785,-0.951745,0.119102,-0.0581985,-0.0575257,-0.289482,0.813695,-0.204591,-0.373583
01324188,1523964188785,-8.62494,-1.08987,-2.72537,-0.0512316,-0.00943163,-0.4726,0.856695,-0.34437,0.0360229
01324185,1523964188785,-8.83442,-1.05393,0.552205,0.558722,-0.00204089,0.215243,0.784854,0.36046,-0.424289
01324181,1523964188785,-8.78563,-0.524912,3.25129,0.171396,-0.216477,-0.0466488,0.796568,0.478941,-0.141777
01324180,1523964188785,-8.11882,-3.03515,0.839024,0.211492,-0.263533,0.741978,0.642142,0.421096,-0.510057
01324189,1523964188802,-8.83655,-1.33865,0.11286,-0.0460192,-0.0853325,-0.300083,0.814766,-0.200018,-0.374496
01324188,1523964188802,-8.51538,-1.53109,-2.43825,0.0500818,0.0089227,-0.453979,0.858819,-0.336492,0.035142
01324185,1523964188802,-8.5685,-0.786003,0.470127,0.592951,-0.0246013,0.276519,0.787834,0.354756,-0.427512
01324181,1523964188802,-8.74714,-0.495379,3.29444,0.212188,-0.212504,-0.0260711,0.795795,0.479705,-0.146571
01324180,1523964188802,-7.9606,-2.91216,0.79774,0.242757,-0.235052,0.726545,0.646295,0.411316,-0.512747
01324189,1523964188818,-9.03897,-2.19807,0.311032,0.022173,-0.141287,-0.360112,0.813118,-0.195376,-0.375913
01324188,1523964188818,-8.95036,-1.45439,-2.14195,0.160191,0.0620397,-0.397843,0.860828,-0.332246,0.0371342
01324185,1523964188818,-8.44741,-0.529247,0.345836,0.57769,-0.062131,0.292053,0.787829,0.34946,-0.431645
01324181,1523964188818,-8.82876,-0.435765,3.38454,0.230597,-0.234715,0.0133401,0.795862,0.477607,-0.150781
01324180,1523964188818,-7.98086,-2.82491,0.742433,0.260127,-0.204585,0.697883,0.649066,0.403866,-0.512532
01324189,1523964188835,-9.91243,-3.20716,0.940073,0.221589,-0.232068,-0.435492,0.814618,-0.191686,-0.378444
01324188,1523964188835,-9.9556,-1.28952,-1.74092,0.240682,0.133757,-0.329404,0.863371,-0.326556,0.0392102
01324185,1523964188835,-8.5531,-0.333625,0.280411,0.525372,-0.136373,0.304513,0.789725,0.340496,-0.435749
01324181,1523964188835,-9.12045,-0.40784,3.585,0.220674,-0.285793,0.0216205,0.794819,0.478375,-0.155572
01324180,1523964188835,-8.0831,-2.7281,0.604205,0.254466,-0.160247,0.674468,0.652415,0.394984,-0.517356
01324189,1523964188852,-10.4485,-3.75356,1.98865,0.491617,-0.414236,-0.508752,0.814233,-0.189248,-0.382302
01324188,1523964188852,-10.1343,-1.24711,-1.85062,0.26334,0.238995,-0.278559,0.865238,-0.321537,0.0434086
01324185,1523964188852,-8.84473,-0.173012,0.160219,0.456658,-0.138387,0.302963,0.789713,0.334868,-0.442494
01324181,1523964188852,-9.03134,-0.469605,3.26797,0.183235,-0.335101,0.0385315,0.794645,0.476216,-0.162703
01324180,1523964188852,-8.39727,-2.6889,0.427338,0.217477,-0.158853,0.690149,0.654688,0.385972,-0.521356
01324189,1523964188868,-10.1683,-3.81204,2.40781,0.806413,-0.586895,-0.653128,0.810992,-0.184728,-0.387985
01324188,1523964188868,-9.78957,-0.840842,-1.85699,0.251093,0.361472,-0.229468,0.865358,-0.319782,0.0494456
01324185,1523964188868,-9.24057,-0.228389,0.100091,0.313116,-0.102076,0.277464,0.792285,0.326448,-0.447652
01324181,1523964188868,-8.51258,-0.240064,3.02057,0.131498,-0.371913,0.065798,0.795228,0.477218,-0.168845
01324180,1523964188868,-8.83232,-2.69325,0.355394,0.136671,-0.159604,0.716103,0.661819,0.375141,-0.526815
01324189,1523964188885,-9.19972,-2.53714,1.94348,1.23012,-0.777301,-0.74396,0.809408,-0.180837,-0.395567
01324188,1523964188885,-9.37715,-0.482056,-2.35441,0.312072,0.465938,-0.165894,0.866285,-0.316954,0.0571567
01324185,1523964188885,-9.28705,-0.495305,0.153353,0.196608,-0.0667474,0.265475,0.794592,0.322343,-0.448404
01324181,1523964188885,-7.94891,-0.0101362,2.94732,0.0850433,-0.311953,0.11284,0.795049,0.475208,-0.175713
01324180,1523964188885,-8.87134,-2.69693,0.432333,0.0241228,-0.152067,0.755893,0.663791,0.368154,-0.529012
01324189,1523964188902,-8.66849,-0.098291,1.2232,1.1371,-0.977655,-0.722718,0.806187,-0.179485,-0.401275
01324188,1523964188902,-8.55766,0.0914565,-3.43453,0.22537,0.449014,-0.184252,0.864759,-0.312599,0.0643205
01324185,1523964188902,-8.88953,-0.788928,0.352876,0.169607,-0.041972,0.249104,0.794732,0.317124,-0.448485
01324181,1523964188902,-7.92399,0.164571,3.27257,0.0153747,-0.258965,0.160043,0.79657,0.474682,-0.179174
01324180,1523964188902,-8.49796,-2.62138,0.552403,-0.0854324,-0.208841,0.766166,0.667686,0.358244,-0.533324
01324189,1523964188918,-8.62521,1.7,0.649952,0.606452,-0.979829,-0.594818,0.801776,-0.174531,-0.412831
01324188,1523964188918,-8.64816,0.415284,-4.18762,-0.166482,0.403344,-0.210457,0.866248,-0.31246,0.0701045
01324185,1523964188918,-8.32269,-0.864577,0.472544,0.215143,-0.0267441,0.224169,0.796898,0.314118,-0.450817
01324181,1523964188918,-8.12918,0.273494,3.57829,0.00617413,-0.272323,0.199647,0.797445,0.471737,-0.182312
01324180,1523964188918,-8.07668,-2.52149,0.706911,-0.169196,-0.223223,0.764586,0.670455,0.351822,-0.535251
01324189,1523964188935,-9.30309,2.32412,0.277088,-0.13363,-0.807762,-0.400266,0.797643,-0.170736,-0.4244
01324188,1523964188935,-8.37335,0.161357,-4.57251,-0.520949,0.335051,-0.302965,0.866622,-0.307511,0.0732392
01324185,1523964188935,-7.92713,-0.790097,0.360215,0.345993,0.0248819,0.220203,0.798933,0.31029,-0.451833
01324181,1523964188935,-8.43479,0.29394,3.82227,0.0183167,-0.340575,0.23357,0.797788,0.469618,-0.187323
01324180,1523964188935,-7.95276,-2.41978,0.815022,-0.230512,-0.200233,0.741498,0.673486,0.345683,-0.536635
01324189,1523964188952,-10.2191,0.994247,0.501954,-0.831307,-0.686056,-0.209842,0.792686,-0.165194,-0.436213
01324188,1523964188952,-8.82031,-0.388267,-4.00571,-0.801762,0.275062,-0.363129,0.865917,-0.303384,0.0725632
01324185,1523964188952,-8.13849,-0.442116,0.312304,0.477291,0.0992401,0.207716,0.799341,0.305182,-0.453485
01324181,1523964188952,-8.6387,0.213738,4.01087,0.0411336,-0.371532,0.276388,0.798332,0.462065,-0.191956
01324180,1523964188952,-8.23193,-2.37064,0.880239,-0.254573,-0.18509,0.681745,0.675976,0.339547,-0.537065
01324189,1523964188968,-10.6953,-1.18611,0.791179,-1.0269,-0.6424,-0.188245,0.786865,-0.153291,-0.447163
01324188,1523964188968,-9.80506,-1.27076,-3.83119,-0.674181,0.22769,-0.343428,0.870238,-0.29938,0.072625
01324185,1523964188968,-8.9858,0.121796,0.367042,0.488207,0.137707,0.199129,0.801376,0.298376,-0.455387
01324181,1523964188968,-8.77594,0.182847,4.19895,0.0337318,-0.397296,0.315877,0.80046,0.458732,-0.198954
01324180,1523964188968,-8.84302,-2.4306,0.849775,-0.26598,-0.154496,0.643328,0.67832,0.334137,-0.537073
01324189,1523964188985,-10.7408,-3.19122,0.950183,-0.926339,-0.596862,-0.237711,0.784181,-0.143339,-0.45736
01324188,1523964188985,-9.64816,-2.01861,-3.85932,-0.406962,0.195648,-0.285262,0.870493,-0.296767,0.0727853
01324185,1523964188985,-9.98305,0.55661,0.405262,0.364079,0.124281,0.158742,0.804637,0.293168,-0.454825
01324181,1523964188985,-9.02084,0.194263,4.49663,0.00143857,-0.366426,0.357684,0.802179,0.453472,-0.202717
01324180,1523964188985,-9.61577,-2.5015,0.759667,-0.249202,-0.141403,0.610274,0.680489,0.33383,-0.540761
01324189,1523964189002,-10.2742,-3.86651,1.09488,-0.686631,-0.571851,-0.260133,0.780789,-0.133355,-0.464872
01324188,1523964189002,-9.6825,-2.15382,-3.81451,-0.0352067,0.146728,-0.262902,0.870742,-0.293333,0.0740751
01324185,1523964189002,-10.8221,0.807252,0.225081,0.127444,0.0928066,0.138976,0.80708,0.290066,-0.454803
01324181,1523964189002,-9.3889,0.313538,4.62239,-0.0493594,-0.328979,0.373765,0.80377,0.448474,-0.207681
01324180,1523964189002,-10.4661,-2.56379,0.68335,-0.246548,-0.114194,0.570217,0.684026,0.329852,-0.541164
01324189,1523964189018,-9.88947,-3.60117,1.35015,-0.406749,-0.516106,-0.248711,0.777161,-0.127544,-0.473486
01324188,1523964189018,-9.69676,-1.42853,-4.0857,0.139422,0.0842586,-0.223474,0.87153,-0.289206,0.0759405
01324185,1523964189018,-11.4494,0.892806,-0.00613878,-0.179038,0.0881603,0.0893054,0.807354,0.290368,-0.453761
01324181,1523964189018,-9.70578,0.583819,4.76975,-0.119758,-0.292381,0.393318,0.806543,0.444364,-0.210549
01324180,1523964189018,-11.2305,-2.57035,0.683102,-0.245681,-0.0961355,0.547661,0.686229,0.325024,-0.541022
01324189,1523964189035,-9.80819,-3.27342,1.08439,-0.181056,-0.452908,-0.248096,0.773692,-0.12347,-0.48332
01324188,1523964189035,-9.40352,-1.25391,-4.38799,0.127471,0.0239805,-0.171072,0.872045,-0.284676,0.0755439
01324185,1523964189035,-11.8166,0.731299,-0.080959,-0.386055,0.0994983,0.0597801,0.808043,0.287895,-0.45034
01324181,1523964189035,-10.0055,0.81792,4.90824,-0.192781,-0.222215,0.411446,0.80795,0.44101,-0.212487
01324180,1523964189035,-11.6824,-2.44841,0.749449,-0.292435,-0.107961,0.518402,0.687458,0.321496,-0.537055
01324189,1523964189052,-9.99363,-3.04154,1.0926,0.010358,-0.333958,-0.210328,0.771265,-0.121123,-0.487289
01324188,1523964189052,-9.41356,-1.36428,-4.46151,0.0911269,-0.0612458,-0.139507,0.872845,-0.282566,0.0768786
01324185,1523964189052,-12.0103,0.462866,-0.0553488,-0.500496,0.161282,0.0544558,0.810219,0.289505,-0.447225
01324181,1523964189052,-10.0664,0.948143,4.98747,-0.232051,-0.158037,0.440572,0.810987,0.436213,-0.213881
01324180,1523964189052,-11.9018,-2.34058,0.810737,-0.416316,-0.10588,0.479906,0.689225,0.319726,-0.537387
01324189,1523964189068,-10.3934,-2.65341,0.753925,0.117253,-0.210769,-0.239451,0.770732,-0.118532,-0.490073
01324188,1523964189068,-9.5167,-1.82106,-4.60096,0.164739,-0.167402,-0.101226,0.87393,-0.282072,0.075279
01324185,1523964189068,-12.0899,0.357539,0.0704631,-0.564742,0.232509,0.0719489,0.812129,0.295135,-0.440356
01324181,1523964189068,-9.99777,0.880979,5.04232,-0.269504,-0.0957197,0.466219,0.815225,0.431286,-0.213955
01324180,1523964189068,-11.9217,-2.30224,0.815587,-0.545469,-0.0966167,0.431694,0.692415,0.319191,-0.53028
01324189,1523964189085,-10.7089,-2.32927,0.856821,0.240577,-0.0582903,-0.217053,0.770028,-0.114771,-0.490036
01324188,1523964189085,-9.48697,-1.63663,-4.78577,0.301077,-0.272971,-0.0713601,0.874185,-0.279207,0.0731646
01324185,1523964189085,-12.1115,0.283195,0.244424,-0.63346,0.291638,0.108221,0.815942,0.296964,-0.433195
01324181,1523964189085,-9.84282,0.732458,4.96405,-0.291592,0.0120183,0.46203,0.817971,0.426126,-0.212547
01324180,1523964189085,-11.8164,-2.22387,0.826714,-0.680233,-0.0592673,0.380109,0.693717,0.321769,-0.528354
01324189,1523964189102,-10.7342,-2.11957,1.03782,0.349407,0.0425032,-0.186664,0.770849,-0.116229,-0.489521
01324188,1523964189102,-9.63051,-1.20279,-4.6851,0.318881,-0.390786,-0.0442473,0.875266,-0.277847,0.0686548
01324185,1523964189102,-12.0579,0.391327,0.374467,-0.730649,0.331629,0.138674,0.818941,0.299643,-0.425778
01324181,1523964189102,-9.90395,0.571669,4.89429,-0.316299,0.104532,0.445707,0.821783,0.420419,-0.209277
01324180,1523964189102,-11.6271,-2.26994,0.828309,-0.799115,-0.0198052,0.312765,0.698243,0.322822,-0.523803
01324189,1523964189118,-10.3852,-2.05609,0.911002,0.36424,0.164852,-0.160259,0.77219,-0.117976,-0.486338
01324188,1523964189118,-9.53412,-1.28114,-4.56481,0.284372,-0.505345,-0.0174045,0.876642,-0.279949,0.063251
01324185,1523964189118,-11.9952,0.371704,0.405953,-0.90482,0.340746,0.177915,0.822764,0.302118,-0.414309
01324181,1523964189118,-10.0527,0.422058,4.72233,-0.304611,0.16368,0.43934,0.825588,0.414175,-0.204401
01324180,1523964189118,-11.4775,-2.26408,0.897474,-0.879737,0.0372703,0.247566,0.696562,0.329095,-0.524464
01324189,1523964189135,-10.0094,-1.81978,0.871813,0.340262,0.239293,-0.118797,0.775725,-0.120793,-0.483991
01324188,1523964189135,-9.40352,-1.24949,-4.33027,0.258547,-0.613151,-0.0028187,0.878005,-0.279902,0.0555564
01324185,1523964189135,-11.9185,0.279629,0.292004,-1.13982,0.308832,0.193672,0.826576,0.308631,-0.405494
01324181,1523964189135,-10.0112,0.36211,4.46292,-0.325641,0.208872,0.400144,0.829385,0.409754,-0.201291
01324180,1523964189135,-11.2652,-2.25795,1.01076,-0.92736,0.0921255,0.210679,0.699141,0.335252,-0.51843
01324189,1523964189152,-9.73965,-1.54825,1.05337,0.283636,0.320206,-0.0525563,0.777607,-0.120543,-0.481601
01324188,1523964189152,-9.3669,-1.13735,-4.17755,0.183851,-0.695524,0.022317,0.878681,-0.27856,0.0484905
01324185,1523964189152,-11.719,0.078486,0.224873,-1.40315,0.252483,0.204489,0.828623,0.313844,-0.39836
01324181,1523964189152,-9.86847,0.315459,4.24013,-0.313042,0.245762,0.388324,0.832174,0.408275,-0.195175
01324180,1523964189152,-10.9463,-2.27492,1.14429,-0.959375,0.169246,0.158192,0.703494,0.341561,-0.518637
01324189,1523964189168,-9.70898,-1.32975,1.09238,0.219248,0.371892,0.0146456,0.78111,-0.123486,-0.475908
01324188,1523964189168,-9.32009,-0.887229,-4.11039,0.0216016,-0.707388,0.00868476,0.880194,-0.280456,0.0386513
01324185,1523964189168,-11.3463,-0.253801,0.103149,-1.60247,0.173677,0.230652,0.833661,0.320538,-0.387458
01324181,1523964189168,-9.75953,0.302347,4.0503,-0.294244,0.272089,0.378121,0.836221,0.404592,-0.190886
01324180,1523964189168,-10.5871,-2.40215,1.24861,-0.928663,0.235258,0.146429,0.706986,0.348993,-0.510158
01324189,1523964189185,-9.66458,-1.02277,1.28229,0.137381,0.403909,0.0711626,0.785692,-0.124443,-0.470346
01324188,1523964189185,-9.31788,-0.232163,-3.65188,-0.138852,-0.75859,-0.0328283,0.881673,-0.276726,0.0270088
01324185,1523964189185,-10.8459,-0.67589,0.0666558,-1.7207,0.120549,0.259936,0.83613,0.32729,-0.373541
01324181,1523964189185,-9.62601,0.279783,3.90669,-0.277211,0.28682,0.362647,0.839069,0.399226,-0.185753
01324180,1523964189185,-10.2175,-2.54772,1.27075,-0.897229,0.253199,0.129051,0.710361,0.355272,-0.50251
01324189,1523964189202,-9.69565,-0.902204,1.53132,-0.0425959,0.438703,0.130917,0.786993,-0.125308,-0.463541
01324188,1523964189202,-9.60281,-0.117088,-3.40523,-0.389857,-0.819118,-0.0326043,0.881543,-0.276103,0.0138444
01324185,1523964189202,-10.408,-1.05424,0.0372445,-1.74366,0.0965104,0.295745,0.838591,0.335251,-0.362774
01324181,1523964189202,-9.48743,0.266951,3.80156,-0.275342,0.306969,0.354162,0.843247,0.392767,-0.17742
01324180,1523964189202,-9.90279,-2.56822,1.27613,-0.853502,0.268573,0.111777,0.713995,0.359473,-0.487879
01324189,1523964189218,-9.58114,-1.08237,1.66547,-0.219431,0.454384,0.160485,0.792379,-0.125419,-0.457178
01324188,1523964189218,-9.60501,-0.692152,-2.88258,-0.555401,-0.8561,-0.0482926,0.881965,-0.276514,-0.00235587
01324185,1523964189218,-10.0667,-1.42242,-0.0512233,-1.67193,0.0855806,0.324583,0.841322,0.341649,-0.352647
01324181,1523964189218,-9.33498,0.29553,3.69331,-0.25489,0.310593,0.359256,0.847173,0.38794,-0.173106
01324180,1523964189218,-9.66098,-2.55557,1.26164,-0.857298,0.2941,0.104847,0.716824,0.366338,-0.479671
01324189,1523964189235,-9.32777,-1.70778,1.49221,-0.346208,0.467705,0.161768,0.795895,-0.126503,-0.45388
01324188,1523964189235,-9.32994,-1.49784,-2.62954,-0.541336,-0.872422,-0.0536226,0.883874,-0.275995,-0.0171692
01324185,1523964189235,-9.80192,-1.53972,-0.138998,-1.52679,0.077383,0.344831,0.842834,0.344075,-0.343784
01324181,1523964189235,-9.20519,0.343318,3.50244,-0.257559,0.292923,0.362519,0.850387,0.385437,-0.16777
01324180,1523964189235,-9.39151,-2.61484,1.23011,-0.862376,0.269207,0.12039,0.720117,0.370473,-0.477338
01324189,1523964189252,-9.02164,-2.3222,1.45449,-0.397372,0.46643,0.158882,0.799954,-0.127171,-0.450719
01324188,1523964189252,-9.14069,-1.9501,-2.1841,-0.412015,-0.875022,-0.0323747,0.885374,-0.275369,-0.0310274
01324185,1523964189252,-9.58292,-1.63749,-0.249275,-1.33912,0.0615999,0.352333,0.846922,0.347499,-0.334286
01324181,1523964189252,-9.04138,0.403593,3.3671,-0.268257,0.271738,0.36749,0.854133,0.382245,-0.160831
01324180,1523964189252,-9.20293,-2.77397,1.1924,-0.857938,0.242351,0.148281,0.723503,0.375881,-0.469708
01324189,1523964189268,-8.79914,-2.8161,1.3818,-0.392911,0.437833,0.154471,0.803156,-0.126074,-0.44459
01324188,1523964189268,-9.1196,-2.11155,-1.86272,-0.240958,-0.858658,-0.0212863,0.884968,-0.274141,-0.0445547
01324185,1523964189268,-9.37064,-1.61956,-0.258548,-1.13954,0.0491313,0.351295,0.85101,0.349214,-0.325687
01324181,1523964189268,-8.90744,0.463396,3.37647,-0.26995,0.239507,0.347352,0.856036,0.377176,-0.155826
01324180,1523964189268,-9.03977,-3.02523,1.16362,-0.76522,0.232697,0.164526,0.727948,0.381548,-0.459926
01324189,1523964189285,-8.69302,-2.98124,1.27757,-0.342134,0.422539,0.115558,0.806383,-0.124703,-0.441135
01324188,1523964189285,-9.25261,-2.11201,-1.7245,-0.0749536,-0.83998,0.0455246,0.883353,-0.274942,-0.0579242
01324185,1523964189285,-9.2473,-1.56246,-0.172213,-0.936058,0.0329685,0.339239,0.853198,0.350209,-0.317859
01324181,1523964189285,-8.70403,0.611493,3.2252,-0.273432,0.207359,0.333223,0.859831,0.373315,-0.15326
01324180,1523964189285,-8.94578,-3.15871,1.10579,-0.62943,0.207372,0.184495,0.731267,0.381446,-0.452677
01324189,1523964189302,-8.80534,-2.88009,1.26004,-0.263566,0.416518,0.0803145,0.809438,-0.123023,-0.434196
01324188,1523964189302,-9.30446,-1.74484,-1.79481,-0.0208068,-0.849546,0.0652422,0.883908,-0.275203,-0.0711524
01324185,1523964189302,-9.09246,-1.41894,-0.141496,-0.773283,0.018924,0.322103,0.854842,0.348632,-0.311834
01324181,1523964189302,-8.67568,0.636105,3.20559,-0.255647,0.17015,0.328523,0.862264,0.368259,-0.14733
01324180,1523964189302,-8.7662,-3.17517,1.03495,-0.475137,0.174247,0.203656,0.73336,0.383698,-0.447254
01324189,1523964189318,-9.0145,-2.52647,1.35653,-0.192762,0.395085,0.0495332,0.813057,-0.119788,-0.430196
01324188,1523964189318,-9.33871,-1.17617,-1.72269,-0.0870314,-0.83339,0.0861832,0.883109,-0.276201,-0.083736
01324185,1523964189318,-8.93759,-1.2225,-0.169557,-0.670552,0.0036554,0.299937,0.857829,0.34753,-0.310396
01324181,1523964189318,-8.65141,0.614561,3.20133,-0.26986,0.1009,0.315036,0.864455,0.364394,-0.145943
01324180,1523964189318,-8.5527,-3.20849,0.998183,-0.320982,0.155234,0.217629,0.736647,0.384587,-0.435929
01324189,1523964189335,-9.13875,-2.35587,1.54867,-0.112793,0.352871,0.0436853,0.81602,-0.12071,-0.426221
01324188,1523964189335,-9.27786,-1.02966,-1.325,-0.168991,-0.799492,0.0824533,0.882855,-0.277624,-0.0967574
01324185,1523964189335,-8.82156,-1.14375,-0.155923,-0.554154,-0.0118627,0.267564,0.859334,0.345641,-0.305937
01324181,1523964189335,-8.60245,0.573863,3.24106,-0.24763,0.0441765,0.306709,0.866353,0.361003,-0.142702
01324180,1523964189335,-8.44729,-3.12996,0.99481,-0.159795,0.139882,0.225569,0.739862,0.383936,-0.433555
01324189,1523964189352,-9.26398,-2.35334,1.93515,-0.0639015,0.288572,0.0431101,0.818852,-0.122206,-0.422517
01324188,1523964189352,-9.31232,-1.16762,-0.883077,-0.182051,-0.765145,0.0738834,0.881249,-0.279961,-0.108472
01324185,1523964189352,-8.74883,-1.02621,-0.135982,-0.457226,-0.0245813,0.232651,0.860288,0.344825,-0.304363
01324181,1523964189352,-8.57813,0.598361,3.30354,-0.225307,-0.0164127,0.280247,0.868516,0.359703,-0.1419
01324180,1523964189352,-8.36235,-2.9771,1.01581,-0.0577698,0.112368,0.217249,0.742829,0.382283,-0.432821
01324189,1523964189368,-9.24719,-2.33258,2.10046,0.0054751,0.187705,0.0142108,0.823064,-0.122599,-0.42123
01324188,1523964189368,-9.32771,-1.38704,-0.527198,-0.0399397,-0.671173,0.0794264,0.8791,-0.282471,-0.119381
01324185,1523964189368,-8.76307,-0.932234,-0.150897,-0.387046,-0.0723671,0.189508,0.863544,0.345408,-0.303334
01324181,1523964189368,-8.6248,0.527407,3.35773,-0.19423,-0.085378,0.277847,0.870476,0.354226,-0.142338
01324180,1523964189368,-8.3909,-2.8326,1.01633,-0.01965,0.0882209,0.205055,0.744496,0.380114,-0.439108
01324189,1523964189385,-9.2533,-2.39629,2.31947,0.123659,0.0759937,-0.00916782,0.821278,-0.123836,-0.41881
01324188,1523964189385,-9.29341,-1.23055,-0.163083,0.152778,-0.572343,0.0942145,0.877878,-0.281591,-0.128339
01324185,1523964189385,-8.81139,-0.886288,-0.260914,-0.304411,-0.0980182,0.169181,0.864497,0.344017,-0.302278
01324181,1523964189385,-8.44088,0.398605,3.31791,-0.168368,-0.158259,0.258139,0.871056,0.3519,-0.143624
01324180,1523964189385,-8.51081,-2.71279,0.967478,-0.0341292,0.06917,0.192579,0.747992,0.378442,-0.436759
01324189,1523964189402,-9.41792,-2.49749,2.78418,0.245077,-0.0408895,-0.0547028,0.824142,-0.124918,-0.418583
01324188,1523964189402,-9.37011,-1.04028,-0.0920128,0.222466,-0.479246,0.113395,0.878292,-0.281711,-0.135223
01324185,1523964189402,-8.85002,-0.866834,-0.312841,-0.217243,-0.104995,0.171689,0.865046,0.341509,-0.300686
01324181,1523964189402,-8.35154,0.372759,3.57979,-0.158536,-0.206409,0.235264,0.872454,0.347594,-0.143283
01324180,1523964189402,-8.53065,-2.64948,0.892709,-0.0633571,0.0521325,0.164162,0.749876,0.376797,-0.434116
01324189,1523964189418,-9.64244,-2.68235,3.42486,0.368561,-0.230249,-0.092973,0.82361,-0.125341,-0.419652
01324188,1523964189418,-9.44618,-0.627345,0.554614,0.240489,-0.27072,0.101613,0.877915,-0.286224,-0.138331
01324185,1523964189418,-8.8211,-0.934349,-0.226035,-0.120741,-0.0963056,0.165568,0.865043,0.342058,-0.301476
01324181,1523964189418,-8.72155,0.360896,3.83364,-0.122052,-0.241969,0.217699,0.873599,0.344646,-0.146424
01324180,1523964189418,-8.5498,-2.63433,0.808015,-0.113981,0.0396793,0.165521,0.752306,0.375593,-0.434176
01324189,1523964189435,-9.81274,-2.9213,3.93801,0.505805,-0.466415,-0.148002,0.821778,-0.130783,-0.423957
01324188,1523964189435,-9.61526,-0.590029,0.478584,0.149589,-0.122809,0.12914,0.875892,-0.288497,-0.138852
01324185,1523964189435,-8.93693,-0.991359,-0.16711,0.0405781,-0.106812,0.153578,0.866668,0.339767,-0.30329
01324181,1523964189435,-9.08826,0.208642,3.74244,-0.0944763,-0.302152,0.210302,0.874207,0.341977,-0.15023
01324180,1523964189435,-8.71276,-2.69747,0.661064,-0.136183,0.0218882,0.133628,0.754182,0.375558,-0.433799
01324189,1523964189452,-9.82531,-2.88624,4.0892,0.439442,-0.719557,-0.211716,0.814249,-0.131208,-0.433781
01324188,1523964189452,-9.81779,-0.441804,0.42106,0.0341597,0.0577753,0.146229,0.873199,-0.292087,-0.139043
01324185,1523964189452,-9.2142,-0.975158,-0.135995,0.194553,-0.0750522,0.134555,0.867342,0.33377,-0.307157
01324181,1523964189452,-9.18123,0.0329877,3.59065,-0.040151,-0.367821,0.194087,0.874704,0.339257,-0.156426
01324180,1523964189452,-9.07906,-2.76338,0.550784,-0.124046,0.029936,0.13119,0.754177,0.375404,-0.43245
01324189,1523964189468,-9.82721,-2.29404,4.21721,0.438975,-0.995839,-0.279619,0.809713,-0.12884,-0.444954
01324188,1523964189468,-9.80219,-0.128987,0.504738,-0.114451,0.233172,0.143589,0.872928,-0.292487,-0.136639
01324185,1523964189468,-9.50335,-0.886664,-0.117248,0.321495,-0.00557797,0.161247,0.86829,0.330925,-0.30844
01324181,1523964189468,-8.60338,-0.013378,3.37789,0.00535009,-0.424904,0.170895,0.874661,0.335993,-0.161674
01324180,1523964189468,-9.2623,-2.77913,0.466734,-0.0383858,0.0355213,0.132687,0.75634,0.373766,-0.431838
01324189,1523964189485,-9.20751,-1.35889,3.26079,0.273338,-1.18952,-0.314606,0.803148,-0.126425,-0.457577
01324188,1523964189485,-9.74528,-0.533341,-0.673675,-0.316532,0.295528,0.103989,0.873874,-0.291978,-0.135406
01324185,1523964189485,-9.5776,-0.763328,-0.0304143,0.360398,0.0524177,0.186359,0.869646,0.328505,-0.309598
01324181,1523964189485,-8.01374,0.0858217,3.33629,0.0367557,-0.395632,0.131241,0.876333,0.336258,-0.168078
01324180,1523964189485,-9.06448,-2.71829,0.410995,0.0296556,0.0569759,0.124447,0.757163,0.373774,-0.435501
01324189,1523964189502,-8.5238,-0.470201,2.52236,0.0406547,-1.16314,-0.266723,0.794556,-0.121813,-0.473238
01324188,1523964189502,-9.46501,-0.633323,-1.35602,-0.333421,0.308838,0.079294,0.875107,-0.293851,-0.133248
01324185,1523964189502,-9.33605,-0.757444,0.148441,0.388123,0.0588342,0.23726,0.87073,0.324527,-0.311133
01324181,1523964189502,-7.87067,0.291182,3.48783,0.0627402,-0.36794,0.0968628,0.874783,0.335018,-0.173353
01324180,1523964189502,-8.65433,-2.63622,0.410616,0.0834396,0.0958381,0.117954,0.75864,0.372866,-0.433648
01324189,1523964189518,-8.55979,-0.856519,2.71184,-0.274013,-1.05099,-0.201339,0.786229,-0.118065,-0.48757
01324188,1523964189518,-9.80256,-0.354571,-1.04065,-0.42775,0.351975,0.0507371,0.874413,-0.292025,-0.128409
01324185,1523964189518,-8.94986,-0.774142,0.314058,0.422767,0.0229012,0.285842,0.873987,0.317305,-0.312643
01324181,1523964189518,-8.01449,0.415677,3.44106,0.110111,-0.341993,0.0607566,0.873491,0.334215,-0.178108
01324180,1523964189518,-8.33669,-2.52178,0.443349,0.142857,0.139036,0.0711158,0.760693,0.370229,-0.435623
01324189,1523964189535,-9.29969,-2.01849,2.62776,-0.512417,-1.13119,-0.191172,0.776848,-0.113589,-0.5059
01324188,1523964189535,-10.3079,-1.04233,-1.03769,-0.41905,0.396755,0.0618545,0.87469,-0.293187,-0.125521
01324185,1523964189535,-8.67946,-0.672312,0.294156,0.479632,-0.000358649,0.300325,0.874797,0.311736,-0.316253
01324181,1523964189535,-8.07319,0.618851,3.34985,0.137008,-0.37456,0.0190055,0.872258,0.331473,-0.186412
01324180,1523964189535,-8.17751,-2.4961,0.474046,0.194599,0.207944,0.0525552,0.762042,0.36727,-0.430025
01324189,1523964189552,-8.50872,-2.65361,2.77495,-0.572924,-1.11172,-0.179114,0.766907,-0.108374,-0.523281
01324188,1523964189552,-9.6791,-1.6706,-1.17407,-0.0168343,0.385504,0.0920341,0.874969,-0.295056,-0.119983
01324185,1523964189552,-8.70342,-0.460494,0.0673504,0.507771,-0.0199534,0.302122,0.876695,0.306761,-0.318303
01324181,1523964189552,-8.33541,0.848633,3.37758,0.195806,-0.376583,-0.00184713,0.872309,0.331355,-0.191728
01324180,1523964189552,-8.2449,-2.53591,0.51184,0.225933,0.24372,0.0222392,0.764198,0.365918,-0.428731
01324189,1523964189568,-8.87676,-3.40037,4.13207,-0.42862,-1.01974,-0.196472,0.759763,-0.101765,-0.534927
01324188,1523964189568,-10.2765,-0.435575,-1.62584,0.205532,0.444114,0.149833,0.875249,-0.296888,-0.11525
01324185,1523964189568,-8.99293,-0.239928,-0.298612,0.426916,-0.0424289,0.264997,0.879267,0.30005,-0.322562
01324181,1523964189568,-8.49403,0.900074,3.44803,0.230425,-0.411815,0.00121905,0.87225,0.330211,-0.198217
01324180,1523964189568,-8.56235,-2.65489,0.452499,0.232665,0.282927,-0.00641327,0.766261,0.362115,-0.429784
01324189,1523964189585,-9.40151,-4.29288,4.30339,-0.219712,-0.990847,-0.309433,0.751543,-0.0948481,-0.548164
01324188,1523964189585,-10.2372,-0.229234,-1.15151,0.0137061,0.508227,0.161608,0.87404,-0.299852,-0.107605
01324185,1523964189585,-9.41786,-0.16295,-0.63061,0.33242,-0.034771,0.236231,0.87981,0.294945,-0.324084
01324181,1523964189585,-8.55716,0.913924,3.39906,0.231418,-0.402367,-0.0142032,0.870998,0.328068,-0.205337
01324180,1523964189585,-9.04825,-2.81369,0.318788,0.246525,0.295463,-0.0132008,0.769333,0.362191,-0.427259
01324189,1523964189602,-9.13888,-4.45675,3.968,0.144461,-1.02245,-0.372175,0.741837,-0.0917728,-0.560344
01324188,1523964189602,-9.94297,-0.438018,-1.45033,-0.0790024,0.499037,0.114906,0.875261,-0.300466,-0.101191
01324185,1523964189602,-9.8622,-0.220557,-0.826943,0.230043,-0.0501681,0.187217,0.880084,0.290559,-0.324827
01324181,1523964189602,-8.97473,0.875006,3.41645,0.234289,-0.336469,-0.0411128,0.869182,0.3271,-0.211413
01324180,1523964189602,-9.53857,-3.00144,0.177625,0.229001,0.299125,-0.0202552,0.769605,0.360571,-0.424051
01324189,1523964189618,-8.23631,-3.64776,3.75671,0.541162,-1.03375,-0.390557,0.730792,-0.0902519,-0.573859
01324188,1523964189618,-9.83574,-0.219702,-1.69621,-0.105301,0.523414,0.112352,0.874582,-0.301619,-0.0919575
01324185,1523964189618,-10.2149,-0.382144,-0.890251,0.191405,-0.0421193,0.166879,0.881439,0.285015,-0.327131
01324181,1523964189618,-9.43742,0.908418,3.33557,0.215751,-0.308502,-0.0613863,0.866823,0.328097,-0.21965
01324180,1523964189618,-9.95287,-3.08198,0.0281248,0.211285,0.300614,-0.00621713,0.773334,0.361354,-0.420575
01324189,1523964189635,-8.18442,-2.54713,3.80722,0.708478,-0.987163,-0.393659,0.720556,-0.0920485,-0.584465
01324188,1523964189635,-9.6622,-0.393839,-2.05938,-0.239603,0.548932,0.148037,0.875005,-0.304672,-0.0860905
01324185,1523964189635,-10.5484,-0.611197,-0.878471,0.149573,-0.014605,0.153219,0.881709,0.283303,-0.328162
01324181,1523964189635,-9.62379,0.901273,3.44319,0.23547,-0.3152,-0.0924873,0.865497,0.329736,-0.224058
01324180,1523964189635,-10.2317,-3.20059,-0.0235861,0.165837,0.277225,0.0171019,0.776298,0.358961,-0.417422
01324189,1523964189652,-8.34866,-1.6387,3.56845,0.703666,-0.928336,-0.336019,0.713302,-0.0959261,-0.592445
01324188,1523964189652,-9.32626,-1.10362,-2.10851,-0.186941,0.492502,0.195643,0.873243,-0.306135,-0.0791532
01324185,1523964189652,-10.7806,-0.869723,-0.812493,0.138557,0.0420909,0.180139,0.882658,0.280888,-0.329057
01324181,1523964189652,-9.76643,0.889757,3.59464,0.255147,-0.259702,-0.107544,0.865253,0.33107,-0.228602
01324180,1523964189652,-10.3418,-3.26397,-0.0878481,0.110117,0.236229,0.0419666,0.777736,0.358595,-0.408934
01324189,1523964189668,-8.55373,-1.31246,3.26563,0.588314,-0.756065,-0.220309,0.704964,-0.0989166,-0.601476
01324188,1523964189668,-9.00385,-1.53873,-2.12151,0.0243876,0.430512,0.224791,0.873401,-0.310411,-0.072012
01324185,1523964189668,-10.9114,-1.16254,-0.692267,0.143455,0.110106,0.208647,0.885782,0.276662,-0.328765
01324181,1523964189668,-9.90241,0.858981,3.66198,0.272984,-0.222599,-0.112412,0.863119,0.332998,-0.233406
01324180,1523964189668,-10.389,-3.34654,-0.0935967,0.029021,0.23664,0.0941955,0.779755,0.356947,-0.406292
01324189,1523964189685,-8.37035,-1.38501,3.1848,0.414442,-0.483231,-0.180568,0.700122,-0.10212,-0.60573
01324188,1523964189685,-8.91824,-1.94351,-2.20996,0.272361,0.352947,0.255754,0.873417,-0.313597,-0.0662829
01324185,1523964189685,-11.0422,-1.38076,-0.62134,0.188484,0.179438,0.230298,0.887011,0.273036,-0.326642
01324181,1523964189685,-10.0578,0.866765,3.76226,0.306831,-0.177507,-0.117261,0.863987,0.332434,-0.238986
01324180,1523964189685,-10.4208,-3.51141,-0.0609767,-0.024736,0.232115,0.134231,0.782038,0.355584,-0.403514
01324189,1523964189702,-8.34656,-1.50405,3.4373,0.301305,-0.216142,-0.154791,0.697168,-0.105795,-0.607867
01324188,1523964189702,-8.98542,-1.80984,-2.32616,0.588206,0.243184,0.242536,0.871939,-0.316941,-0.0597365
01324185,1523964189702,-11.245,-1.50705,-0.557977,0.234347,0.219488,0.231738,0.88865,0.267451,-0.323717
01324181,1523964189702,-10.1227,0.916895,3.82368,0.324657,-0.139498,-0.120425,0.86,0.33195,-0.243986
01324180,1523964189702,-10.5428,-3.83243,0.027911,-0.0158848,0.248614,0.185341,0.784752,0.353366,-0.404545
01324189,1523964189718,-8.30892,-1.70607,3.60664,0.198557,-0.0458728,-0.147459,0.69636,-0.105347,-0.609059
01324188,1523964189718,-9.07894,-0.912903,-2.27341,0.713905,0.154643,0.230875,0.871,-0.319347,-0.054755
01324185,1523964189718,-11.4091,-1.51567,-0.575128,0.283383,0.22511,0.226582,0.890556,0.263525,-0.322509
01324181,1523964189718,-9.97528,0.882212,3.86634,0.338999,-0.0680216,-0.128503,0.858952,0.331065,-0.245817
01324180,1523964189718,-10.7475,-4.14069,0.188567,0.0586242,0.265328,0.236889,0.788237,0.352416,-0.401641
01324189,1523964189735,-8.23507,-1.90691,3.60018,0.0957331,0.0630635,-0.152461,0.696758,-0.102339,-0.609843
01324188,1523964189735,-9.38269,-0.670687,-2.27083,0.691662,0.0568702,0.288893,0.86832,-0.325674,-0.0494582
01324185,1523964189735,-11.5584,-1.38961,-0.652529,0.3086,0.212955,0.180739,0.89314,0.260886,-0.320401
01324181,1523964189735,-9.96243,0.921275,3.75217,0.314224,0.0628292,-0.127298,0.858946,0.333024,-0.247852
01324180,1523964189735,-10.8838,-4.4916,0.349656,0.173751,0.276569,0.262256,0.78999,0.348715,-0.394576
01324189,1523964189752,-8.32227,-2.15042,3.49382,0.0680074,0.207541,-0.126152,0.697964,-0.10193,-0.607979
01324188,1523964189752,-9.31948,-0.583207,-2.40207,0.733844,-0.00842336,0.341576,0.86658,-0.330208,-0.0454085
01324185,1523964189752,-11.5436,-1.19717,-0.742493,0.313203,0.221402,0.146655,0.894372,0.255014,-0.317733
01324181,1523964189752,-10.0043,1.00105,3.49438,0.271775,0.155206,-0.148774,0.858937,0.333322,-0.247327
01324180,1523964189752,-10.9687,-4.70643,0.482992,0.328084,0.237077,0.290175,0.793814,0.342253,-0.392869
01324189,1523964189768,-8.42002,-2.42096,3.65043,0.121852,0.334874,-0.0551083,0.700245,-0.100538,-0.605317
01324188,1523964189768,-9.10632,-0.472624,-2.46731,0.766098,-0.053448,0.321861,0.865124,-0.336745,-0.0422961
01324185,1523964189768,-11.3404,-0.97694,-0.755884,0.274478,0.244325,0.107381,0.897089,0.252495,-0.316672
01324181,1523964189768,-10.0065,1.08361,3.37687,0.238023,0.217126,-0.144693,0.858652,0.334196,-0.24681
01324180,1523964189768,-10.8539,-4.65326,0.605249,0.451554,0.18879,0.270384,0.796037,0.335829,-0.392895
01324189,1523964189785,-8.18784,-2.56095,3.89973,0.269744,0.435281,0.0251212,0.704578,-0.107527,-0.598461
01324188,1523964189785,-8.91303,-0.511405,-2.54066,0.740797,-0.0986915,0.303522,0.862981,-0.341829,-0.0388146
01324185,1523964189785,-11.031,-0.815077,-0.685868,0.239252,0.286583,0.0671058,0.898047,0.248728,-0.314547
01324181,1523964189785,-9.73127,1.15261,3.08751,0.207799,0.291623,-0.126793,0.859268,0.336541,-0.243941
01324180,1523964189785,-10.6011,-4.40491,0.686421,0.504876,0.149017,0.251106,0.79938,0.327383,-0.39771
01324189,1523964189802,-7.77763,-2.38877,3.69923,0.363335,0.574025,0.0339769,0.709418,-0.109058,-0.591032
01324188,1523964189802,-8.56149,-0.901804,-2.4099,0.774071,-0.181187,0.284321,0.859207,-0.346639,-0.0374515
01324185,1523964189802,-10.6543,-0.716234,-0.615661,0.140688,0.32945,0.0260327,0.898603,0.248118,-0.309574
01324181,1523964189802,-9.52108,1.1649,2.96304,0.154449,0.374897,-0.112166,0.860289,0.33721,-0.238914
01324180,1523964189802,-10.1941,-4.12107,0.778961,0.467765,0.106427,0.18022,0.800799,0.321122,-0.398262
01324189,1523964189818,-7.46729,-1.60241,3.39459,0.430645,0.783839,0.0523949,0.714971,-0.115503,-0.583918
01324188,1523964189818,-8.38455,-1.43196,-2.19951,0.901594,-0.306215,0.252885,0.859495,-0.349343,-0.0358727
01324185,1523964189818,-10.2681,-0.622282,-0.562799,0.0222153,0.345961,-0.0276084,0.899969,0.24777,-0.305653
01324181,1523964189818,-9.35911,1.22026,2.88091,0.136685,0.433339,-0.104756,0.860261,0.33658,-0.235046
01324180,1523964189818,-9.73218,-3.96202,0.861685,0.381312,0.0954504,0.0968923,0.802709,0.317888,-0.396868
01324189,1523964189835,-7.89419,-0.893037,4.16701,0.465113,0.978772,0.0637808,0.724696,-0.121459,-0.572029
01324188,1523964189835,-8.90226,-2.93246,-2.86052,0.930783,-0.378672,0.146065,0.856811,-0.354386,-0.0361547
01324185,1523964189835,-9.95904,-0.600025,-0.450086,-0.0895687,0.334115,-0.0895615,0.902013,0.249838,-0.300711
01324181,1523964189835,-9.12012,1.25713,2.78513,0.104625,0.444968,-0.0925511,0.860854,0.338423,-0.228976
01324180,1523964189835,-9.39122,-3.82441,1.0132,0.287375,0.0779515,-0.012881,0.802738,0.315126,-0.396248
01324189,1523964189852,-9.23864,-1.04049,4.93178,0.542613,0.985297,0.0616339,0.734136,-0.127974,-0.558401
01324188,1523964189852,-10.5385,-0.695026,-1.9728,1.29574,-0.313484,0.0285822,0.8579,-0.355043,-0.0349968
01324185,1523964189852,-9.69615,-0.659373,-0.370954,-0.198182,0.292202,-0.159818,0.903241,0.252879,-0.296561
01324181,1523964189852,-9.24339,1.19736,2.88691,0.0930312,0.476067,-0.0853097,0.861179,0.33971,-0.22236
01324180,1523964189852,-9.12143,-3.77401,1.11278,0.215021,0.0708164,-0.110143,0.802234,0.313261,-0.398306
01324189,1523964189868,-9.99247,-1.64078,4.80056,0.56018,0.976567,0.00411018,0.74095,-0.130384,-0.543372
01324188,1523964189868,-10.2269,2.55518,-2.47641,0.928135,-0.249484,0.0178713,0.857913,-0.357319,-0.0331183
01324185,1523964189868,-9.5687,-0.780573,-0.394574,-0.244238,0.212507,-0.24773,0.901621,0.256625,-0.292407
01324181,1523964189868,-9.19759,1.09347,3.01719,0.0741755,0.426901,-0.0649872,0.863692,0.339225,-0.216793
01324180,1523964189868,-9.02688,-3.81717,1.19081,0.150345,0.079571,-0.210745,0.800347,0.314904,-0.400408
01324189,1523964189885,-10.0054,-1.22949,4.42445,0.472977,0.953239,-0.00680797,0.751337,-0.134195,-0.530804
01324188,1523964189885,-9.56246,3.12657,-2.47234,-0.0229736,-0.189158,-0.054267,0.858323,-0.357382,-0.0350138
01324185,1523964189885,-9.45337,-0.892105,-0.459024,-0.240045,0.136086,-0.312752,0.901222,0.261373,-0.287483
01324181,1523964189885,-8.91599,0.922071,3.08265,0.0652495,0.393267,-0.0635756,0.866209,0.338728,-0.211757
01324180,1523964189885,-8.99535,-3.8365,1.22727,0.129855,0.0605265,-0.314759,0.798022,0.317688,-0.398155
01324189,1523964189902,-9.65135,-0.192248,4.57005,0.281291,0.931134,0.0937952,0.759294,-0.137953,-0.520484
01324188,1523964189902,-10.2064,2.93933,-1.90247,-0.77349,-0.0919034,-0.14959,0.858978,-0.353133,-0.0387983
01324185,1523964189902,-9.31865,-0.986884,-0.502638,-0.165201,0.0889989,-0.371242,0.899734,0.266371,-0.284257
01324181,1523964189902,-8.86619,0.891004,3.22364,0.053648,0.384445,-0.061898,0.865332,0.339871,-0.205923
01324180,1523964189902,-8.9033,-3.82516,1.17022,0.100703,0.0290854,-0.412766,0.798284,0.321503,-0.405924
01324189,1523964189918,-9.37981,0.901831,4.89959,0.00651223,0.877247,0.27238,0.766564,-0.143268,-0.508561
01324188,1523964189918,-10.2029,1.25548,-1.43478,-0.955183,-0.0613924,-0.243379,0.859237,-0.350527,-0.0447019
01324185,1523964189918,-9.26356,-1.11484,-0.51096,-0.0385493,0.0803291,-0.412158,0.897015,0.273134,-0.284575
01324181,1523964189918,-8.85529,0.866787,3.32802,0.029551,0.366893,-0.0533526,0.866357,0.340809,-0.2017
01324180,1523964189918,-8.96148,-3.78635,1.08769,0.0686395,0.0133278,-0.505366,0.794068,0.326513,-0.406302
01324189,1523964189935,-9.25625,1.10394,4.6548,-0.288908,0.751027,0.447509,0.770318,-0.147355,-0.499936
01324188,1523964189935,-9.75331,-0.103887,-1.05534,-0.648434,-0.0100879,-0.314956,0.860981,-0.34651,-0.0501316
01324185,1523964189935,-9.28541,-1.1797,-0.492373,0.114804,0.080275,-0.445489,0.895111,0.278493,-0.28462
01324181,1523964189935,-8.73862,0.846241,3.43783,0.0330439,0.34222,-0.0484314,0.865762,0.341501,-0.196657
01324180,1523964189935,-9.03589,-3.79091,0.978182,0.0819515,-0.0133082,-0.571389,0.789988,0.331671,-0.407491
01324189,1523964189952,-9.01069,0.428009,3.91926,-0.556344,0.681323,0.57463,0.774614,-0.150307,-0.491709
01324188,1523964189952,-9.28098,-0.525404,-1.02151,-0.153282,0.0570202,-0.347035,0.862982,-0.340248,-0.053807
01324185,1523964189952,-9.32384,-1.12888,-0.479119,0.265694,0.091546,-0.494196,0.894023,0.285849,-0.28338
01324181,1523964189952,-8.58774,0.721843,3.46775,0.0365454,0.367235,-0.0335956,0.867278,0.345322,-0.191169
01324180,1523964189952,-9.08374,-3.78031,0.835177,0.104265,-0.0520146,-0.645353,0.783442,0.338576,-0.402389
01324189,1523964189968,-8.99521,-0.537118,2.89199,-0.669142,0.673738,0.584922,0.780412,-0.152152,-0.484561
01324188,1523964189968,-9.41169,-0.60388,-1.45778,0.190193,0.0753543,-0.348036,0.864033,-0.334577,-0.0538694
01324185,1523964189968,-9.31163,-1.06397,-0.49972,0.404016,0.106617,-0.528467,0.890217,0.290891,-0.285246
01324181,1523964189968,-8.40842,0.585699,3.44011,0.0543911,0.370647,-0.0396854,0.868039,0.345697,-0.186665
01324180,1523964189968,-9.0916,-3.69224,0.714741,0.153986,-0.0737883,-0.684729,0.779862,0.34736,-0.404864
01324189,1523964189985,-9.16181,-2.00255,2.11943,-0.808683,0.749308,0.548815,0.782657,-0.153037,-0.47683
01324188,1523964189985,-9.83287,-0.791658,-1.97261,0.216246,0.0836542,-0.337196,0.866857,-0.330839,-0.0476073
01324185,1523964189985,-9.25104,-0.941582,-0.527836,0.491729,0.108669,-0.593227,0.88845,0.296116,-0.284899
01324181,1523964189985,-8.15364,0.511157,3.34174,0.0490852,0.407826,-0.0342308,0.868544,0.344099,-0.180921
01324180,1523964189985,-9.05166,-3.57504,0.633601,0.196903,-0.113253,-0.718122,0.775105,0.35267,-0.405228
01324189,1523964190002,-9.45299,-3.57473,1.39473,-0.947094,0.785126,0.461281,0.785434,-0.152351,-0.468691
01324188,1523964190002,-9.6992,-1.28521,-2.14967,-0.0714574,0.0862533,-0.30281,0.86723,-0.325453,-0.0475444
01324185,1523964190002,-9.18786,-0.76623,-0.546902,0.560167,0.134029,-0.636005,0.884647,0.301468,-0.28533
01324181,1523964190002,-7.96981,0.576656,3.0422,0.0716109,0.485081,-0.0629959,0.868467,0.345108,-0.174162
01324180,1523964190002,-8.93441,-3.46213,0.587028,0.239386,-0.135579,-0.732953,0.768577,0.360922,-0.406995
01324189,1523964190018,-9.50748,-4.65781,0.502115,-0.920124,0.734577,0.388624,0.789442,-0.150121,-0.462026
01324188,1523964190018,-9.38246,-1.93616,-1.98018,-0.208908,0.0892719,-0.237274,0.871015,-0.322805,-0.0463481
01324185,1523964190018,-9.06687,-0.615313,-0.56334,0.539204,0.149754,-0.671831,0.880569,0.308776,-0.286694
01324181,1523964190018,-8.1629,0.584138,2.96837,0.0743884,0.558391,-0.069218,0.871096,0.344662,-0.166736
01324180,1523964190018,-8.76216,-3.29032,0.509897,0.273186,-0.140675,-0.777608,0.761791,0.369045,-0.410653
01324189,1523964190035,-9.59593,-5.55206,0.525666,-0.620732,0.65036,0.388036,0.797,-0.148994,-0.455678
01324188,1523964190035,-9.29188,-2.27598,-1.70346,-0.232862,0.0932033,-0.148871,0.869087,-0.318336,-0.047661
01324185,1523964190035,-9.01865,-0.620435,-0.570204,0.489705,0.132165,-0.717599,0.875675,0.317481,-0.288723
01324181,1523964190035,-8.73404,0.557923,3.03042,0.0993722,0.564399,-0.0863369,0.871521,0.347139,-0.158019
01324180,1523964190035,-8.74529,-3.07686,0.431477,0.277065,-0.147982,-0.80396,0.753692,0.376047,-0.417153
01324189,1523964190052,-9.44939,-5.61462,1.41904,-0.0668612,0.496117,0.304875,0.798585,-0.150734,-0.449552
01324188,1523964190052,-9.79484,-2.27656,-1.35298,-0.139968,0.112381,-0.0596022,0.869895,-0.317173,-0.0478679
01324185,1523964190052,-9.0961,-0.687401,-0.605022,0.459727,0.111762,-0.759939,0.871595,0.326768,-0.289845
01324181,1523964190052,-9.27932,0.483595,2.96798,0.0975509,0.493664,-0.0902475,0.871461,0.347555,-0.152178
01324180,1523964190052,-8.89915,-2.9278,0.3172,0.226281,-0.137301,-0.818201,0.748238,0.385164,-0.421216
01324189,1523964190068,-9.14593,-4.54449,1.76751,0.58604,0.345771,0.126033,0.799499,-0.156478,-0.441978
01324188,1523964190068,-10.1814,-2.19283,-1.05231,0.165677,0.161432,0.0332348,0.870849,-0.31803,-0.0455081
01324185,1523964190068,-9.37167,-0.880737,-0.634911,0.426804,0.104686,-0.790409,0.866843,0.335101,-0.289255
01324181,1523964190068,-9.59693,0.436249,2.87026,0.101129,0.378383,-0.110137,0.87219,0.349948,-0.147052
01324180,1523964190068,-9.11933,-2.89075,0.220996,0.196283,-0.125171,-0.813852,0.740928,0.392576,-0.425827
01324189,1523964190085,-9.46285,-2.93033,2.00006,0.924739,0.254132,-0.00233066,0.801656,-0.162264,-0.436159
01324188,1523964190085,-9.81529,-1.21713,-1.12658,0.44122,0.242039,0.0661203,0.870172,-0.318815,-0.0409675
01324185,1523964190085,-9.64714,-1.062,-0.630959,0.448624,0.0768703,-0.815704,0.86317,0.343811,-0.291027
01324181,1523964190085,-9.87266,0.495943,3.02191,0.0958129,0.27183,-0.136837,0.871592,0.351203,-0.142419
01324180,1523964190085,-9.27822,-2.92078,0.144356,0.182004,-0.104061,-0.818161,0.733334,0.400267,-0.427589
01324189,1523964190102,-9.49087,-1.39811,2.74408,0.862733,0.116736,-0.0289388,0.801929,-0.168298,-0.432462
01324188,1523964190102,-9.54078,-0.164941,-1.05645,0.442838,0.326595,0.0776868,0.8699,-0.319759,-0.033208
01324185,1523964190102,-9.88389,-1.23143,-0.575407,0.502792,0.0448981,-0.784887,0.859089,0.351667,-0.293181
01324181,1523964190102,-10.0793,0.60013,3.16349,0.0993348,0.138854,-0.157784,0.870765,0.351536,-0.140822
01324180,1523964190102,-9.41831,-2.91202,0.0729474,0.183119,-0.074592,-0.799452,0.728013,0.408497,-0.429374
01324189,1523964190118,-9.25294,-0.524167,2.8302,0.65392,-0.0571813,0.00261449,0.800999,-0.176034,-0.430103
01324188,1523964190118,-9.58639,-0.093212,-1.29259,0.259379,0.413845,0.0632236,0.86855,-0.32176,-0.0273876
01324185,1523964190118,-10.123,-1.3407,-0.583457,0.631851,0.0150955,-0.730355,0.853239,0.361174,-0.297567
01324181,1523964190118,-10.0467,0.765402,3.27162,0.0814172,0.0504763,-0.15421,0.869918,0.353861,-0.139799
01324180,1523964190118,-9.62572,-2.928,-0.0161729,0.206471,-0.0533408,-0.803508,0.720005,0.415887,-0.428161
01324189,1523964190135,-9.15639,-0.232642,2.26473,0.322538,-0.06671,0.0583522,0.800347,-0.180911,-0.430134
01324188,1523964190135,-9.37216,-0.403124,-1.91716,0.128156,0.438282,0.020164,0.868831,-0.324249,-0.0179801
01324185,1523964190135,-10.3449,-1.30084,-0.632601,0.786601,-0.00323532,-0.650417,0.846306,0.367293,-0.302179
01324181,1523964190135,-9.82237,0.957219,3.36115,0.045768,-0.048764,-0.161069,0.868402,0.357018,-0.14038
01324180,1523964190135,-9.83334,-2.95194,-0.0376665,0.229549,-0.0308709,-0.782065,0.714277,0.424707,-0.430334
01324189,1523964190152,-9.14369,-0.469669,1.69927,-0.0762958,-0.072042,0.128982,0.799146,-0.182613,-0.431606
01324188,1523964190152,-9.59982,-0.553489,-2.36646,-0.0883447,0.443826,0.00456081,0.868683,-0.322862,-0.0133101
01324185,1523964190152,-10.4823,-1.26147,-0.644109,0.918408,-0.0151902,-0.572214,0.843712,0.370137,-0.308343
01324181,1523964190152,-9.71447,1.07727,3.49236,0.0260259,-0.051866,-0.136076,0.867701,0.359869,-0.141363
01324180,1523964190152,-9.97289,-2.98922,-0.0924049,0.283349,-0.0153006,-0.760494,0.706283,0.430054,-0.427135
01324189,1523964190168,-9.60841,-0.858277,1.21855,-0.343696,-0.00184723,0.160915,0.796148,-0.181099,-0.432363
01324188,1523964190168,-9.6508,-1.31074,-2.66724,-0.209579,0.444523,0.0179207,0.867585,-0.321662,-0.00742723
01324185,1523964190168,-10.6049,-1.10663,-0.657438,1.0647,-0.00339401,-0.48398,0.840165,0.374804,-0.315045
01324181,1523964190168,-9.76118,1.18344,3.52384,0.0356486,-0.0389459,-0.108414,0.867414,0.361859,-0.142199
01324180,1523964190168,-10.0316,-2.92676,-0.128888,0.331096,0.00757062,-0.754728,0.701957,0.434802,-0.431843
01324189,1523964190185,-9.76583,-1.70152,0.683428,-0.576218,0.0938071,0.197305,0.796148,-0.179807,-0.433156
01324188,1523964190185,-9.51635,-1.60053,-3.02183,-0.174522,0.374388,0.0457462,0.867319,-0.322998,-0.00373468
01324185,1523964190185,-10.5635,-0.885493,-0.782803,1.14709,0.00500904,-0.448419,0.836893,0.372676,-0.32312
01324181,1523964190185,-9.6108,1.2166,3.71012,0.0559504,-0.0243263,-0.0842579,0.866346,0.362131,-0.143523
01324180,1523964190185,-10.2094,-3.00072,-0.181785,0.390404,0.00576463,-0.652363,0.694126,0.439444,-0.432716
01324189,1523964190202,-9.78124,-1.90144,0.534707,-0.643661,0.180858,0.234235,0.798332,-0.178002,-0.434773
01324188,1523964190202,-9.55901,-1.36597,-3.09583,-0.145558,0.316781,0.0683101,0.867337,-0.326405,0.000498343
01324185,1523964190202,-10.7458,-0.489569,-0.863992,1.09714,0.000480187,-0.421087,0.833083,0.370729,-0.329102
01324181,1523964190202,-9.37839,1.09803,3.72837,0.0994625,0.0061122,-0.0652145,0.865683,0.362671,-0.145388
01324180,1523964190202,-10.1969,-2.83602,-0.219428,0.446149,0.029788,-0.658838,0.690617,0.444045,-0.439602
01324189,1523964190218,-9.75344,-2.19245,0.487348,-0.645183,0.258578,0.257182,0.797384,-0.17884,-0.434769
01324188,1523964190218,-9.60723,-1.32067,-2.99719,-0.166191,0.265952,0.108312,0.86762,-0.328578,0.00318839
01324185,1523964190218,-10.6992,-0.162473,-0.930012,0.97349,0.0011251,-0.390355,0.829404,0.37059,-0.336411
01324181,1523964190218,-9.28165,1.01188,3.67751,0.0959964,0.0413172,-0.07267,0.863944,0.361557,-0.145081
01324180,1523964190218,-10.1447,-2.74328,-0.257079,0.468902,0.038114,-0.588293,0.6863,0.447184,-0.44218
01324189,1523964190235,-9.64802,-2.42958,0.470589,-0.557949,0.283571,0.279622,0.79761,-0.175953,-0.431804
01324188,1523964190235,-9.52477,-1.2332,-2.78925,-0.114456,0.227779,0.141885,0.864757,-0.327229,0.00654265
01324185,1523964190235,-10.6385,-0.0159846,-0.934117,0.756299,-0.0397066,-0.367758,0.827083,0.374451,-0.341017
01324181,1523964190235,-9.32702,0.991926,3.68243,0.116541,0.0907364,-0.0800505,0.864163,0.364728,-0.143953
01324180,1523964190235,-10.1647,-2.68019,-0.310099,0.451647,0.0549008,-0.553099,0.680651,0.448298,-0.441804
01324189,1523964190252,-9.77071,-2.51827,0.657219,-0.392518,0.288838,0.297074,0.798002,-0.177964,-0.428879
01324188,1523964190252,-9.54334,-1.02274,-2.87766,-0.0575556,0.179221,0.175364,0.863415,-0.330114,0.00947798
01324185,1523964190252,-10.4215,-0.0197652,-0.957927,0.511425,-0.0370024,-0.336086,0.825308,0.375489,-0.345728
01324181,1523964190252,-9.1666,0.916325,3.51586,0.152463,0.14474,-0.12455,0.862768,0.367081,-0.141994
01324180,1523964190252,-10.0066,-2.55745,-0.327216,0.422681,0.0799645,-0.496846,0.677283,0.450107,-0.443206
01324189,1523964190268,-9.68064,-2.39121,0.743788,-0.201353,0.2713,0.292399,0.798139,-0.180838,-0.427163
01324188,1523964190268,-9.52333,-0.825989,-2.74964,-0.0469096,0.15709,0.19997,0.862758,-0.333851,0.0116777
01324185,1523964190268,-10.1902,-0.103077,-0.969398,0.224473,-0.0479635,-0.30173,0.821098,0.377712,-0.347565
01324181,1523964190268,-9.20308,1.05185,3.39711,0.12406,0.201304,-0.123977,0.863433,0.366257,-0.13999
01324180,1523964190268,-9.71785,-2.43812,-0.333409,0.372366,0.0771381,-0.453262,0.672963,0.453537,-0.445912
01324189,1523964190285,-9.62645,-1.99683,0.64411,-0.0489684,0.285183,0.26266,0.79919,-0.181133,-0.423028
01324188,1523964190285,-9.5334,-0.93694,-2.73893,-0.0590418,0.137526,0.207639,0.862092,-0.335869,0.011425
01324185,1523964190285,-9.8721,-0.251873,-0.91112,0.00377013,-0.0663465,-0.241055,0.820687,0.38024,-0.348111
01324181,1523964190285,-9.18479,1.21715,3.26365,0.097381,0.192411,-0.123996,0.860753,0.364733,-0.139398
01324180,1523964190285,-9.42345,-2.38398,-0.332654,0.302474,0.0862238,-0.39567,0.669736,0.456089,-0.450546
01324189,1523964190302,-9.81431,-1.83304,0.622995,0.0287934,0.277469,0.232762,0.8011,-0.184629,-0.421203
01324188,1523964190302,-9.44682,-1.06723,-2.77211,-0.0187276,0.113164,0.242182,0.859927,-0.33735,0.0127068
01324185,1523964190302,-9.54932,-0.424798,-0.877058,-0.122872,-0.0576589,-0.201918,0.81851,0.38302,-0.350223
01324181,1523964190302,-9.04532,1.34745,3.1896,0.0492123,0.214073,-0.0952624,0.860573,0.365395,-0.135422
01324180,1523964190302,-9.06579,-2.35314,-0.341077,0.221413,0.0830663,-0.341771,0.668516,0.457126,-0.450507
01324189,1523964190318,-9.83603,-1.64477,0.543447,0.0616598,0.285746,0.227526,0.802297,-0.18809,-0.416158
01324188,1523964190318,-9.41241,-0.926065,-2.98063,0.0127903,0.0788004,0.268575,0.859273,-0.3417,0.0155418
01324185,1523964190318,-9.27002,-0.595079,-0.879985,-0.165238,-0.0595064,-0.166199,0.815391,0.38458,-0.349835
01324181,1523964190318,-8.90909,1.5941,3.18091,-0.00956379,0.264726,-0.0765991,0.860791,0.367871,-0.133349
01324180,1523964190318,-8.83868,-2.33614,-0.326682,0.115935,0.0871898,-0.305532,0.665377,0.460944,-0.448762
01324189,1523964190335,-9.88325,-1.50815,0.688094,0.0118844,0.294989,0.273551,0.801622,-0.194246,-0.412986
01324188,1523964190335,-9.36783,-0.622799,-2.92597,-0.0568845,0.0571434,0.280247,0.858767,-0.347481,0.0146473
01324185,1523964190335,-9.06272,-0.62047,-0.905583,-0.152833,-0.0144544,-0.144434,0.814442,0.387425,-0.348552
01324181,1523964190335,-8.80669,1.75071,3.03367,-0.0427252,0.246896,-0.0327365,0.860046,0.369713,-0.128196
01324180,1523964190335,-8.6825,-2.43065,-0.347428,0.0491186,0.0665672,-0.25165,0.662664,0.464048,-0.450282
01324189,1523964190352,-9.71963,-1.39134,0.663995,-0.0655067,0.304469,0.335432,0.803238,-0.198441,-0.408487
01324188,1523964190352,-9.46485,-0.705,-2.84264,-0.140421,0.0329086,0.307718,0.856082,-0.352392,0.014643
01324185,1523964190352,-8.91794,-0.578065,-0.941334,-0.115756,-0.00662043,-0.120746,0.814304,0.389963,-0.348576
01324181,1523964190352,-8.83745,1.93469,3.07583,-0.0866885,0.205439,0.0230551,0.860542,0.37036,-0.124492
01324180,1523964190352,-8.60411,-2.50708,-0.337415,-0.00220455,0.0634909,-0.195768,0.66185,0.464493,-0.44945
01324189,1523964190368,-9.55236,-1.45134,0.646723,-0.181575,0.324663,0.365181,0.804333,-0.202777,-0.406392
01324188,1523964190368,-9.44614,-0.874529,-2.74499,-0.143738,0.0108695,0.329586,0.854216,-0.357847,0.0135165
01324185,1523964190368,-8.89835,-0.424161,-1.01412,-0.0924187,0.0320477,-0.10912,0.811867,0.389425,-0.347255
01324181,1523964190368,-8.96825,1.99624,3.05208,-0.0932267,0.206443,0.0765485,0.862629,0.373125,-0.121116
01324180,1523964190368,-8.60299,-2.57667,-0.376457,-0.0142552,0.00623747,-0.139997,0.660214,0.46714,-0.450454
01324189,1523964190385,-9.51879,-1.66644,0.69682,-0.278773,0.344674,0.3737,0.805409,-0.205669,-0.403214
01324188,1523964190385,-9.48067,-1.04935,-2.55061,-0.0963743,0.0102462,0.376807,0.852069,-0.362071,0.0142222
01324185,1523964190385,-9.05984,-0.288454,-1.15418,-0.159628,0.0528795,-0.116799,0.811055,0.391993,-0.345708
01324181,1523964190385,-9.18105,2.01323,2.9393,-0.128311,0.232562,0.151061,0.863173,0.370744,-0.118413
01324180,1523964190385,-8.77722,-2.559,-0.414314,-0.0474693,-0.0315762,-0.0947131,0.659915,0.469463,-0.449863
01324189,1523964190402,-9.58461,-1.99143,0.692173,-0.384598,0.326809,0.379614,0.805648,-0.206376,-0.399341
01324188,1523964190402,-9.46619,-1.04332,-2.38472,-0.031691,0.0092676,0.398479,0.850467,-0.36633,0.0123587
01324185,1523964190402,-9.32778,-0.233992,-1.34466,-0.254502,0.0731873,-0.114214,0.80916,0.393867,-0.343627
01324181,1523964190402,-9.65684,1.78907,3.16273,-0.146493,0.181448,0.204264,0.863446,0.366562,-0.113144
01324180,1523964190402,-9.00759,-2.50085,-0.462164,-0.127957,-0.0803794,-0.0339578,0.657006,0.468979,-0.457265
01324189,1523964190418,-9.64828,-2.10878,0.593059,-0.392972,0.275128,0.393021,0.805757,-0.2078,-0.395605
01324188,1523964190418,-9.54981,-0.765684,-2.3914,0.00862658,0.0171155,0.450152,0.847113,-0.373012,0.0130605
01324185,1523964190418,-9.62714,-0.234669,-1.48956,-0.400923,0.0691893,-0.124165,0.809027,0.398857,-0.340799
01324181,1523964190418,-9.93233,1.50925,3.14218,-0.141387,0.14325,0.240219,0.86626,0.365165,-0.109821
01324180,1523964190418,-9.2772,-2.4021,-0.512592,-0.236687,-0.109923,0.023256,0.657525,0.46983,-0.455633
01324189,1523964190435,-9.73991,-2.17702,0.591846,-0.340677,0.219366,0.393319,0.80468,-0.212083,-0.394288
01324188,1523964190435,-9.61893,-0.495014,-2.44385,0.0087544,0.0382763,0.494618,0.844032,-0.379597,0.0116089
01324185,1523964190435,-9.97497,-0.398652,-1.50695,-0.561777,0.0708891,-0.103508,0.80782,0.401654,-0.334676
01324181,1523964190435,-10.2351,1.11023,3.12857,-0.118439,0.0437322,0.258369,0.86615,0.362331,-0.108565
01324180,1523964190435,-9.57743,-2.36154,-0.573305,-0.38761,-0.136354,0.0925254,0.655082,0.472195,-0.45555
01324189,1523964190452,-9.84895,-2.00622,0.496535,-0.28176,0.160911,0.375874,0.803866,-0.216655,-0.391772
01324188,1523964190452,-9.6664,-0.257664,-2.57078,-0.0451883,0.0462744,0.538576,0.840546,-0.386896,0.0130821
01324185,1523964190452,-10.2602,-0.637598,-1.45346,-0.693497,0.0760476,-0.0608052,0.807552,0.408637,-0.33082
01324181,1523964190452,-10.1211,0.818037,3.10109,-0.105099,-0.00585598,0.255316,0.868399,0.356249,-0.110322
01324180,1523964190452,-9.78014,-2.39769,-0.575483,-0.562207,-0.163007,0.166877,0.654485,0.473751,-0.447128
01324189,1523964190468,-9.85799,-1.74354,0.322044,-0.216408,0.086853,0.383335,0.803074,-0.219804,-0.392457
01324188,1523964190468,-9.6466,-0.136368,-2.68755,-0.0835356,0.0522033,0.556081,0.837607,-0.394754,0.0138398
01324185,1523964190468,-10.3039,-0.897178,-1.25966,-0.813254,0.0779032,0.0141686,0.80797,0.413841,-0.324203
01324181,1523964190468,-9.64851,0.673235,3.06824,-0.0944282,-0.0608134,0.252119,0.869356,0.352866,-0.107337
01324180,1523964190468,-9.65821,-2.47362,-0.565042,-0.713589,-0.157992,0.237999,0.65389,0.477371,-0.444072
01324189,1523964190485,-9.83243,-1.51681,0.178587,-0.176985,0.0450162,0.404858,0.801724,-0.222788,-0.391796
01324188,1523964190485,-9.53991,-0.0476357,-2.67475,-0.151388,0.0320967,0.58727,0.833724,-0.403563,0.0134717
01324185,1523964190485,-10.0727,-1.19451,-0.985039,-0.909076,0.0890056,0.153631,0.808805,0.414003,-0.315709
01324181,1523964190485,-9.15881,0.664535,2.98944,-0.0577114,-0.00302927,0.223075,0.869689,0.348549,-0.108181
01324180,1523964190485,-9.33856,-2.52869,-0.48005,-0.809696,-0.157994,0.305,0.655731,0.479942,-0.442696
01324189,1523964190502,-9.79668,-1.17549,0.120441,-0.0823496,0.0544611,0.467337,0.799994,-0.227354,-0.393151
01324188,1523964190502,-9.49168,-0.0970806,-2.87202,-0.105965,0.0171459,0.608669,0.829161,-0.412001,0.0116533
01324185,1523964190502,-9.63413,-1.49318,-0.753253,-0.924508,0.102976,0.301445,0.810592,0.415608,-0.305532
01324181,1523964190502,-8.84713,0.782188,3.06163,-0.0159715,0.0131254,0.235057,0.870807,0.344687,-0.107314
01324180,1523964190502,-8.87367,-2.59178,-0.38885,-0.880542,-0.150946,0.373933,0.656209,0.482806,-0.437779
01324189,1523964190518,-9.61962,-0.779622,0.143049,-0.0109032,0.0467981,0.485321,0.796636,-0.233317,-0.394365
01324188,1523964190518,-9.25407,0.0859872,-2.97179,-0.03951,-0.0225118,0.637041,0.823774,-0.419155,0.0107341
01324185,1523964190518,-9.18561,-1.62585,-0.610949,-0.865851,0.126484,0.415093,0.813729,0.415178,-0.298478
01324181,1523964190518,-8.46674,0.983346,2.88633,0.041026,0.0608799,0.235168,0.870834,0.341846,-0.106325
01324180,1523964190518,-8.45676,-2.70427,-0.245219,-0.89914,-0.102834,0.414472,0.660041,0.485315,-0.432106
01324189,1523964190535,-9.56851,-0.391583,0.162673,0.0763245,0.0683681,0.517543,0.79439,-0.242763,-0.395619
01324188,1523964190535,-9.37904,0.307165,-2.81158,-0.0306982,-0.0468563,0.638576,0.821125,-0.42971,0.00983704
01324185,1523964190535,-8.91056,-1.57944,-0.63776,-0.816579,0.135675,0.496561,0.817547,0.412361,-0.29088
01324181,1523964190535,-8.61875,1.26293,2.94279,0.0845617,0.121341,0.247625,0.873447,0.337797,-0.106533
01324180,1523964190535,-8.15481,-2.89015,-0.136949,-0.885866,-0.0790797,0.452411,0.661489,0.484224,-0.423768
01324189,1523964190552,-9.77703,0.0280396,0.332335,0.0904504,0.0631413,0.537183,0.792534,-0.25221,-0.395003
01324188,1523964190552,-9.61575,0.377067,-2.68282,0.0462483,-0.0875976,0.658086,0.816575,-0.440322,0.00774758
01324185,1523964190552,-8.90086,-1.44242,-0.814283,-0.777692,0.0935112,0.542709,0.821903,0.408089,-0.285623
01324181,1523964190552,-9.18611,1.4067,2.86878,0.123561,0.115678,0.268261,0.873072,0.333566,-0.103915
01324180,1523964190552,-8.23894,-3.13816,-0.0617925,-0.818638,-0.0448588,0.504903,0.666805,0.485392,-0.416522
01324189,1523964190568,-9.84471,0.371983,0.660339,0.00213662,0.0296195,0.556509,0.790925,-0.258638,-0.393697
01324188,1523964190568,-9.66318,0.637396,-2.64631,0.0733129,-0.092909,0.661737,0.812544,-0.447328,0.00938075
01324185,1523964190568,-9.14727,-1.37375,-1.11744,-0.722923,0.0221916,0.509142,0.824766,0.407498,-0.279613
01324181,1523964190568,-9.37558,1.21519,2.91229,0.153611,0.0214672,0.286382,0.875646,0.333357,-0.105267
01324180,1523964190568,-8.6509,-3.45712,-0.0337302,-0.708132,-0.0330743,0.549656,0.668866,0.487901,-0.405416
01324189,1523964190585,-9.75766,0.645913,0.937159,-0.0692318,0.0131007,0.5474,0.789327,-0.263207,-0.394652
01324188,1523964190585,-9.55109,0.894018,-2.50752,0.058487,-0.0892059,0.656372,0.807982,-0.455885,0.00701583
01324185,1523964190585,-9.51916,-1.35482,-1.3759,-0.638145,-0.053347,0.437327,0.827899,0.402066,-0.27604
01324181,1523964190585,-9.5039,1.23556,2.84105,0.155466,-0.0142125,0.268857,0.876398,0.327886,-0.106224
01324180,1523964190585,-9.07298,-3.71753,-0.0755346,-0.537161,-0.0460825,0.61925,0.673983,0.484299,-0.400561
01324189,1523964190602,-9.7201,0.584866,1.16281,-0.141239,-0.0379231,0.543697,0.788022,-0.269945,-0.396297
01324188,1523964190602,-9.56233,1.14613,-2.34848,-0.0131256,-0.0725316,0.633928,0.805587,-0.463696,0.00655694
01324185,1523964190602,-9.90978,-1.2273,-1.50122,-0.557862,-0.148049,0.384351,0.83021,0.400693,-0.274074
01324181,1523964190602,-9.76823,1.27363,2.899,0.13398,-0.0475087,0.284214,0.877514,0.325003,-0.106442
01324180,1523964190602,-9.49192,-3.82255,-0.198629,-0.359957,-0.066008,0.687114,0.679103,0.480996,-0.397188
01324189,1523964190618,-9.77049,0.355267,1.26283,-0.229167,-0.0508189,0.525671,0.782487,-0.276425,-0.397356
01324188,1523964190618,-9.69037,1.18176,-2.20341,-0.0602745,-0.0588024,0.619573,0.798037,-0.472349,0.0042235
01324185,1523964190618,-10.2136,-1.17247,-1.5373,-0.571938,-0.146186,0.384421,0.831312,0.394008,-0.269698
01324181,1523964190618,-9.92078,1.16024,2.88329,0.139485,-0.101217,0.247581,0.87682,0.317526,-0.108405
01324180,1523964190618,-9.89426,-3.72468,-0.313195,-0.253887,-0.137219,0.764765,0.682944,0.475732,-0.401811
01324189,1523964190635,-9.95138,0.0669192,1.35737,-0.255175,-0.0833007,0.518576,0.778737,-0.282815,-0.399907
01324188,1523964190635,-9.76847,0.961372,-2.36926,-0.0725118,-0.0598283,0.622131,0.793211,-0.482287,0.00339244
01324185,1523964190635,-10.4143,-1.40712,-1.47291,-0.573984,-0.095694,0.415615,0.834302,0.390938,-0.267979
01324181,1523964190635,-9.75069,1.03122,2.90617,0.141537,-0.142888,0.195472,0.877007,0.315182,-0.110751
01324180,1523964190635,-10.0947,-3.5527,-0.362545,-0.267239,-0.163763,0.820848,0.686789,0.468117,-0.40148
01324189,1523964190652,-10.0212,-0.0900982,1.14872,-0.245066,-0.100715,0.493779,0.776036,-0.284765,-0.401097
01324188,1523964190652,-9.79779,0.865959,-2.50294,-0.0655413,-0.0499463,0.632908,0.787431,-0.491595,0.001939
01324185,1523964190652,-10.3303,-1.71558,-1.19673,-0.533349,-0.00498778,0.456647,0.835395,0.390141,-0.26536
01324181,1523964190652,-9.3727,0.962931,2.88092,0.138081,-0.186683,0.17433,0.878148,0.312937,-0.114438
01324180,1523964190652,-10.0194,-3.41736,-0.293395,-0.341032,-0.18624,0.878263,0.694361,0.461871,-0.398607
01324189,1523964190668,-9.91711,-0.0885758,0.979199,-0.193301,-0.104788,0.469061,0.774326,-0.289772,-0.404196
01324188,1523964190668,-9.7543,0.856256,-2.51763,-0.0498696,-0.0734171,0.616834,0.784487,-0.498473,0.000467384
01324185,1523964190668,-9.93459,-1.93438,-0.813497,-0.422434,0.122939,0.496442,0.840428,0.384303,-0.260875
01324181,1523964190668,-9.27013,1.04661,2.90895,0.129392,-0.182956,0.138154,0.878601,0.310872,-0.116925
01324180,1523964190668,-9.73489,-3.44585,-0.020083,-0.453185,-0.209648,0.926551,0.698203,0.454399,-0.398002
01324189,1523964190685,-9.7593,-0.0185255,0.867451,-0.197848,-0.0961764,0.459224,0.771514,-0.294314,-0.406341
01324188,1523964190685,-9.7563,0.898044,-2.59984,-0.0775691,-0.0914051,0.625278,0.777569,-0.506064,-0.000496198
01324185,1523964190685,-9.68291,-1.94036,-0.372904,-0.242843,0.213228,0.539831,0.843701,0.379473,-0.255348
01324181,1523964190685,-9.19982,1.01346,2.92936,0.115389,-0.183721,0.0985309,0.878275,0.308199,-0.121518
01324180,1523964190685,-9.33952,-3.42427,0.206248,-0.54377,-0.216558,0.899472,0.70432,0.447027,-0.396617
01324189,1523964190702,-9.74728,0.0774011,0.736058,-0.249592,-0.077571,0.433245,0.768552,-0.29741,-0.407938
01324188,1523964190702,-9.80474,0.878678,-2.56319,-0.138659,-0.0994627,0.610604,0.774095,-0.514607,-0.00354684
01324185,1523964190702,-9.67275,-1.91132,-0.145559,-0.0358655,0.259041,0.56652,0.846841,0.370833,-0.249914
01324181,1523964190702,-9.24504,1.03227,3.00116,0.113686,-0.230114,0.0757343,0.877243,0.306718,-0.124401
01324180,1523964190702,-9.15405,-3.63974,0.472732,-0.572508,-0.164262,0.903078,0.710178,0.439377,-0.396316
01324189,1523964190718,-9.7658,0.193164,0.678195,-0.330418,-0.0189732,0.38489,0.76411,-0.300476,-0.411392
01324188,1523964190718,-10.0004,0.937719,-2.28063,-0.184761,-0.101781,0.620848,0.767367,-0.523954,-0.00687651
01324185,1523964190718,-9.67687,-1.69937,-0.0941819,0.115174,0.232893,0.563115,0.85214,0.36424,-0.248038
01324181,1523964190718,-9.23241,1.04712,2.8319,0.0869834,-0.254852,0.0799074,0.875543,0.306071,-0.12889
01324180,1523964190718,-9.11297,-3.88011,0.650661,-0.490293,-0.12459,0.85897,0.714545,0.432323,-0.394359
01324189,1523964190735,-10.0452,0.155286,0.940333,-0.376722,0.00566816,0.306563,0.76251,-0.301026,-0.414591
01324188,1523964190735,-9.97072,1.14405,-2.14796,-0.229315,-0.0921562,0.601175,0.762925,-0.529681,-0.0105471
01324185,1523964190735,-9.71458,-1.42461,-0.0444393,0.197655,0.171985,0.541305,0.85595,0.356103,-0.245749
01324181,1523964190735,-9.30873,1.00739,2.84184,0.0798307,-0.30174,0.0786858,0.875497,0.303785,-0.135222
01324180,1523964190735,-9.08052,-4.02632,0.833629,-0.348896,-0.0621667,0.820554,0.72064,0.426783,-0.398422
01324189,1523964190752,-10.0872,0.266731,1.2674,-0.319111,-0.0779078,0.186094,0.760334,-0.300252,-0.415363
01324188,1523964190752,-9.20059,0.82879,-2.2955,-0.302638,-0.0887488,0.593758,0.758639,-0.538652,-0.0134797
01324185,1523964190752,-9.78615,-1.14968,-0.0369241,0.188303,0.0986658,0.51118,0.859208,0.349597,-0.246744
01324181,1523964190752,-9.23222,1.00348,2.7941,0.0710514,-0.359753,0.051472,0.876198,0.304826,-0.139505
01324180,1523964190752,-9.10208,-4.0833,0.949115,-0.161609,-0.00576386,0.750034,0.72555,0.419289,-0.397022
01324189,1523964190768,-9.8555,0.480107,1.46887,-0.191235,-0.171716,0.119132,0.760374,-0.300991,-0.419118
01324188,1523964190768,-9.11215,0.522055,-2.61589,-0.444453,-0.0957687,0.488305,0.752974,-0.544182,-0.0177961
01324185,1523964190768,-9.76634,-0.887471,-0.156935,0.166351,0.027394,0.494643,0.86274,0.341267,-0.247198
01324181,1523964190768,-9.07335,0.985951,2.79545,0.0602598,-0.370041,0.0712037,0.874123,0.302866,-0.145291
01324180,1523964190768,-9.06221,-4.01853,1.03203,-0.00698125,0.0336781,0.645798,0.729803,0.411087,-0.396573
01324189,1523964190785,-9.75353,0.42365,1.62784,-0.103106,-0.25298,0.0662549,0.756618,-0.302643,-0.423907
01324188,1523964190785,-9.64911,0.420503,-2.98621,-0.758909,-0.0945984,0.404672,0.747313,-0.550217,-0.0237608
01324185,1523964190785,-9.66956,-0.736451,-0.225717,0.118131,-0.00749671,0.479587,0.863831,0.335491,-0.246885
01324181,1523964190785,-9.11086,0.893334,2.77284,0.0406556,-0.33977,0.0836157,0.87392,0.300632,-0.149363
01324180,1523964190785,-9.05303,-3.80612,1.04537,0.086153,0.0779159,0.555316,0.733771,0.402429,-0.391804
01324189,1523964190802,-9.50934,0.373153,1.23945,-0.200063,-0.359265,-0.0405375,0.755567,-0.301343,-0.428704
01324188,1523964190802,-9.59809,-0.147269,-2.50014,-1.25628,-0.0920902,0.316353,0.745996,-0.55513,-0.0365802
01324185,1523964190802,-9.65977,-0.683548,-0.231533,0.0893719,-0.0372979,0.466199,0.866277,0.327575,-0.247863
01324181,1523964190802,-9.23355,0.73416,2.80408,0.00858633,-0.337862,0.092404,0.871707,0.298821,-0.155018
01324180,1523964190802,-9.11829,-3.61329,0.999876,0.144817,0.115014,0.42238,0.737325,0.396413,-0.390896
01324189,1523964190818,-9.22637,0.0880891,0.582175,-0.337749,-0.33048,-0.117519,0.752062,-0.299403,-0.433601
01324188,1523964190818,-8.6579,-0.837884,-1.80811,-1.70166,-0.0491668,0.151085,0.743835,-0.555491,-0.0497777
01324185,1523964190818,-9.65054,-0.808837,-0.264608,0.0298082,-0.0441266,0.43059,0.868455,0.320963,-0.247022
01324181,1523964190818,-9.27291,0.663285,2.86798,-0.000382567,-0.339423,0.103643,0.871084,0.297603,-0.158708
01324180,1523964190818,-9.21721,-3.44028,0.966024,0.137958,0.155818,0.354993,0.741398,0.39331,-0.393451
01324189,1523964190835,-9.27929,-0.18888,0.820854,-0.39703,-0.229786,-0.183634,0.74953,-0.296638,-0.441046
01324188,1523964190835,-8.00416,-1.23821,-1.79754,-2.04476,0.0381426,-0.0909211,0.745338,-0.554568,-0.0699458
01324185,1523964190835,-9.64603,-0.926832,-0.253882,-0.00565451,-0.0601203,0.383108,0.869132,0.314711,-0.249448
01324181,1523964190835,-9.11101,0.650582,2.94171,-0.0466941,-0.358849,0.109618,0.870468,0.298037,-0.165357
01324180,1523964190835,-9.17015,-3.31089,0.880187,0.119418,0.160788,0.280205,0.742811,0.387485,-0.393859
01324189,1523964190852,-9.29968,-0.260434,1.89198,-0.550492,-0.181494,-0.228641,0.750219,-0.290633,-0.445558
01324188,1523964190852,-8.03551,-1.25386,-2.30495,-2.4071,0.162689,-0.293817,0.747212,-0.548203,-0.0881615
01324185,1523964190852,-9.59303,-0.987303,-0.197296,0.0174996,-0.0747781,0.349147,0.871302,0.310453,-0.250852
01324181,1523964190852,-8.94523,0.628104,3.15814,-0.0591351,-0.390936,0.0972768,0.871073,0.295515,-0.169033
01324180,1523964190852,-9.06958,-3.23491,0.884003,0.087417,0.185707,0.2116,0.74524,0.385105,-0.391239
01324189,1523964190868,-9.21498,-0.0792692,3.30532,-0.777884,-0.315448,-0.307335,0.74805,-0.27781,-0.454534
01324188,1523964190868,-8.3435,-0.882922,-2.78242,-2.88736,0.287222,-0.532974,0.752322,-0.537532,-0.112345
01324185,1523964190868,-9.47275,-1.14208,-0.132915,0.0920911,-0.0594886,0.364251,0.871711,0.303935,-0.252491
01324181,1523964190868,-8.67794,0.49045,3.28082,-0.05906,-0.414287,0.0797869,0.869778,0.295971,-0.175144
01324180,1523964190868,-8.98746,-3.22427,0.882446,0.0429036,0.224499,0.148276,0.746864,0.382739,-0.388607
01324189,1523964190885,-9.05392,0.413906,4.60872,-1.02795,-0.544166,-0.399275,0.745882,-0.266709,-0.462453
01324188,1523964190885,-8.60423,-0.82057,-3.29115,-3.19478,0.448585,-0.720966,0.758631,-0.523033,-0.137786
01324185,1523964190885,-9.39104,-1.33509,0.00144821,0.200982,-0.0553187,0.358987,0.873067,0.299672,-0.254154
01324181,1523964190885,-8.50438,0.186685,3.43748,-0.0357973,-0.420047,0.0546622,0.867718,0.292866,-0.180906
01324180,1523964190885,-8.91937,-3.26243,0.914321,-0.00214523,0.236001,0.0900237,0.749273,0.381217,-0.383807
01324189,1523964190902,-9.03585,0.542587,5.24405,-1.2982,-0.63461,-0.47908,0.745236,-0.253221,-0.474386
01324188,1523964190902,-8.80413,-0.0276064,-4.53136,-2.9292,0.805994,-0.774561,0.767094,-0.50668,-0.153842
01324185,1523964190902,-9.38139,-1.40969,0.108563,0.330276,-0.0356446,0.338306,0.875915,0.296129,-0.255044
01324181,1523964190902,-8.58523,-0.0546857,3.7169,0.0107187,-0.426231,0.00193623,0.866444,0.2923,-0.187926
01324180,1523964190902,-8.95663,-3.36656,0.903717,0.0344576,0.277273,0.0492072,0.751035,0.379589,-0.383595
01324189,1523964190918,-9.4297,-0.855494,4.53105,-1.62774,-0.624395,-0.561858,0.741998,-0.234496,-0.489059
01324188,1523964190918,-10.6608,0.00736394,-4.06957,-2.3025,1.31662,-0.45785,0.775023,-0.492815,-0.160214
01324185,1523964190918,-9.59836,-1.39146,0.137075,0.44716,-0.0194073,0.316008,0.876188,0.288468,-0.257456
01324181,1523964190918,-8.91209,0.00203646,3.79583,0.0234574,-0.398773,-0.0477813,0.863245,0.293659,-0.193238
01324180,1523964190918,-9.08095,-3.4667,0.875368,0.104176,0.318411,0.021807,0.752759,0.379093,-0.37863
01324189,1523964190935,-9.28795,-2.92838,3.37511,-1.43351,-0.571586,-0.726575,0.738753,-0.21548,-0.503194
01324188,1523964190935,-10.157,-3.66884,-2.71893,-0.722305,1.66448,-0.0598323,0.782043,-0.487574,-0.150275
01324185,1523964190935,-9.9888,-1.22538,0.0501741,0.500457,-0.00437177,0.288722,0.878356,0.283626,-0.259901
01324181,1523964190935,-8.8682,0.211335,3.63271,0.0379714,-0.403176,-0.0944476,0.86218,0.296704,-0.198608
01324180,1523964190935,-9.4379,-3.54815,0.87627,0.21608,0.342024,0.00251993,0.755437,0.378745,-0.376784
01324189,1523964190952,-8.57059,-4.78666,2.08441,-0.608711,-0.389109,-0.893089,0.735183,-0.194421,-0.51316
01324188,1523964190952,-7.98251,-4.03895,-2.65552,1.47019,1.91113,0.00334359,0.787586,-0.487181,-0.120413
01324185,1523964190952,-10.2297,-1.02657,-0.0774356,0.474734,-0.00612992,0.264999,0.878627,0.275391,-0.262829
01324181,1523964190952,-8.3714,0.382273,3.52635,0.0541266,-0.366389,-0.109841,0.859795,0.29776,-0.204188
01324180,1523964190952,-9.63087,-3.6114,0.936877,0.338361,0.359065,0.00519861,0.756641,0.377543,-0.373447
01324189,1523964190968,-7.7878,-5.47407,1.14115,0.29453,-0.144352,-1.01861,0.737592,-0.180687,-0.517228
01324188,1523964190968,-8.81649,-0.666977,-3.07429,2.81638,1.99362,-0.00447127,0.792465,-0.491037,-0.0743739
01324185,1523964190968,-10.0944,-0.883061,-0.201167,0.473858,-0.0185976,0.246338,0.879848,0.27028,-0.264615
01324181,1523964190968,-8.3025,0.402544,3.46844,0.0542719,-0.24445,-0.113976,0.856586,0.298862,-0.208166
01324180,1523964190968,-9.52972,-3.59877,0.995939,0.441609,0.36203,0.00585268,0.757872,0.3749,-0.371761
01324189,1523964190985,-7.90329,-5.23587,1.29924,0.893017,0.0246205,-1.07376,0.738617,-0.176807,-0.512925
01324188,1523964190985,-11.5193,3.36911,-3.69629,2.68197,1.95916,0.0361878,0.795174,-0.495513,-0.0267299
01324185,1523964190985,-9.8,-0.807865,-0.219398,0.45081,0.00982178,0.242713,0.880117,0.264014,-0.267824
01324181,1523964190985,-8.5213,0.429047,3.49552,0.0260499,-0.192051,-0.14958,0.856892,0.298081,-0.210944
01324180,1523964190985,-9.33305,-3.48086,1.02267,0.501765,0.353534,-0.0413153,0.760054,0.370931,-0.369575
01324189,1523964191002,-8.88904,-4.59681,1.75377,1.32357,0.14636,-1.14699,0.742222,-0.17213,-0.508378
01324188,1523964191002,-11.3835,5.48231,-3.91386,1.30241,1.91269,0.0934621,0.796779,-0.496231,0.0126762
01324185,1523964191002,-9.50315,-0.775963,-0.174202,0.424601,0.00975394,0.206957,0.881476,0.26006,-0.268052
01324181,1523964191002,-8.48843,0.461008,3.45647,0.0172525,-0.178176,-0.163235,0.855539,0.299919,-0.212829
01324180,1523964191002,-9.12287,-3.27303,1.00653,0.519752,0.351814,-0.0834084,0.761942,0.370027,-0.369485
01324189,1523964191018,-10.1317,-3.38998,2.4472,1.69441,0.198138,-1.14561,0.745014,-0.171165,-0.501977
01324188,1523964191018,-9.97051,3.81865,-3.27926,0.102472,1.85407,0.0494668,0.796499,-0.497889,0.0387104
01324185,1523964191018,-9.31234,-0.690466,-0.166265,0.431686,0.0146178,0.168604,0.882015,0.25492,-0.271403
01324181,1523964191018,-8.42287,0.551602,3.39237,0.0155384,-0.117185,-0.163591,0.85365,0.301899,-0.215111
01324180,1523964191018,-8.93646,-3.09437,0.982749,0.492464,0.32608,-0.116287,0.76182,0.368279,-0.367897
01324189,1523964191035,-11.2311,-1.59025,3.23689,1.84883,0.0433189,-1.05854,0.748875,-0.176652,-0.493686
01324188,1523964191035,-10.1374,1.83626,-2.43692,-0.00523809,1.77911,0.0479328,0.793882,-0.49542,0.0677265
01324185,1523964191035,-9.12403,-0.609805,-0.196993,0.445326,0.0245976,0.119156,0.880926,0.253609,-0.27361
01324181,1523964191035,-8.32904,0.640155,3.26569,-0.00399392,-0.091573,-0.16248,0.850105,0.30566,-0.215551
01324180,1523964191035,-8.78545,-2.98129,0.958259,0.417728,0.305225,-0.138891,0.761961,0.367254,-0.366838
01324189,1523964191052,-10.8932,0.0563452,3.54239,1.66382,-0.134249,-0.994055,0.7483,-0.178057,-0.489676
01324188,1523964191052,-10.6451,1.20125,-1.69319,0.398392,1.63888,0.0915686,0.792111,-0.497255,0.0918824
01324185,1523964191052,-9.02267,-0.543083,-0.265104,0.398997,0.024739,0.0860149,0.883233,0.249934,-0.273975
01324181,1523964191052,-8.41717,0.702263,3.17941,-0.023534,-0.0739182,-0.163113,0.850748,0.309891,-0.218039
01324180,1523964191052,-8.68155,-2.95046,0.896604,0.374481,0.285385,-0.162177,0.761675,0.368562,-0.366267
01324189,1523964191068,-10.4688,1.20953,3.91114,1.29139,-0.185714,-1.0184,0.751392,-0.175105,-0.487413
01324188,1523964191068,-10.8967,1.85165,-1.47091,0.92021,1.53066,0.0938876,0.791008,-0.497301,0.114929
01324185,1523964191068,-9.02295,-0.572067,-0.366702,0.35735,0.0282008,0.0384145,0.882418,0.247651,-0.275388
01324181,1523964191068,-8.53584,0.657108,3.27853,-0.0199689,-0.0970229,-0.171046,0.848297,0.312349,-0.218463
01324180,1523964191068,-8.69076,-2.96942,0.852907,0.339861,0.259931,-0.166093,0.763408,0.364839,-0.355284
01324189,1523964191085,-10.0992,1.97135,3.84165,1.02993,-0.241858,-1.06367,0.751777,-0.170369,-0.487915
01324188,1523964191085,-11.1532,3.15391,-1.36761,1.15308,1.39354,0.0372516,0.788254,-0.494343,0.1429
01324185,1523964191085,-9.14381,-0.621934,-0.428954,0.291785,0.0318277,-0.013386,0.882557,0.245403,-0.274974
01324181,1523964191085,-8.74211,0.671597,3.34456,-0.0449041,-0.0810128,-0.166467,0.846938,0.313924,-0.21928
01324180,1523964191085,-8.7576,-3.03286,0.842238,0.326177,0.2425,-0.173335,0.762716,0.366444,-0.354836
01324189,1523964191102,-10.2765,1.95138,4.4747,0.805514,-0.31195,-1.09801,0.751328,-0.163738,-0.487857
01324188,1523964191102,-11.0234,4.28355,-1.6099,1.12082,1.26482,0.00374391,0.785228,-0.491513,0.170597
01324185,1523964191102,-9.39478,-0.61803,-0.500746,0.27949,0.0139073,-0.0531731,0.881472,0.245404,-0.274971
01324181,1523964191102,-9.02486,0.811373,3.36905,-0.0698517,-0.0880184,-0.163808,0.84721,0.314469,-0.220357
01324180,1523964191102,-9.02692,-3.14436,0.814827,0.345752,0.218019,-0.171592,0.762179,0.366011,-0.35362
01324189,1523964191118,-10.438,1.4277,5.13066,0.5871,-0.501179,-1.10545,0.746006,-0.155845,-0.491481
01324188,1523964191118,-10.861,5.06076,-1.81316,0.970796,1.15484,-0.0285778,0.778932,-0.486473,0.195913
01324185,1523964191118,-9.70372,-0.630635,-0.589299,0.290029,-0.0236252,-0.093697,0.880652,0.246487,-0.277332
01324181,1523964191118,-9.23948,0.886449,3.39522,-0.0752132,-0.0870675,-0.162013,0.843941,0.317657,-0.220656
01324180,1523964191118,-9.34544,-3.20857,0.825866,0.379612,0.173391,-0.168118,0.762096,0.365191,-0.36188
01324189,1523964191135,-10.3122,0.891095,5.22484,0.419742,-0.641799,-1.05157,0.742073,-0.146854,-0.498591
01324188,1523964191135,-10.7249,5.25422,-1.96759,0.766717,1.02452,-0.073869,0.775907,-0.482688,0.215721
01324185,1523964191135,-9.99809,-0.614429,-0.669066,0.316837,-0.0400715,-0.124172,0.879561,0.247011,-0.279425
01324181,1523964191135,-9.66249,0.968694,3.50685,-0.0896781,-0.0659702,-0.124624,0.843632,0.321364,-0.221527
01324180,1523964191135,-9.67879,-3.22892,0.781413,0.394223,0.134152,-0.173505,0.760498,0.364057,-0.361474
01324189,1523964191152,-10.6415,0.401279,5.35279,0.234185,-0.70087,-0.919633,0.741006,-0.139233,-0.505612
01324188,1523964191152,-10.5716,4.84474,-2.10946,0.651578,0.893227,-0.130047,0.772346,-0.47978,0.232653
01324185,1523964191152,-10.4178,-0.602236,-0.724012,0.333995,-0.0280568,-0.134381,0.878335,0.247105,-0.281906
01324181,1523964191152,-10.0031,0.93553,3.53429,-0.0898683,-0.0688876,-0.0943923,0.842541,0.322661,-0.221809
01324180,1523964191152,-10.0995,-3.21616,0.704869,0.384362,0.0823126,-0.165921,0.759168,0.36586,-0.368041
01324189,1523964191168,-10.7915,-0.0417855,5.16901,0.12123,-0.711603,-0.802684,0.735579,-0.130205,-0.513106
01324188,1523964191168,-10.5649,3.99104,-2.09214,0.695421,0.714274,-0.16443,0.76985,-0.473293,0.247504
01324185,1523964191168,-10.9124,-0.591978,-0.770886,0.307172,-0.0193566,-0.164914,0.87589,0.247786,-0.283212
01324181,1523964191168,-10.1548,0.817226,3.6032,-0.0916789,-0.059919,-0.0890842,0.841191,0.323661,-0.222746
01324180,1523964191168,-10.5542,-3.19658,0.630448,0.357019,0.0394609,-0.172441,0.758766,0.366163,-0.368975
01324189,1523964191185,-10.853,-0.708766,4.81055,0.106931,-0.704455,-0.713886,0.72961,-0.121164,-0.520862
01324188,1523964191185,-10.4741,2.39027,-1.4815,0.866963,0.48601,-0.181637,0.768164,-0.46584,0.260116
01324185,1523964191185,-11.3756,-0.60599,-0.816423,0.223355,-0.0116288,-0.171572,0.875481,0.249611,-0.283621
01324181,1523964191185,-10.4414,0.711896,3.65652,-0.0828624,-0.0330339,-0.0732796,0.839823,0.32484,-0.222092
01324180,1523964191185,-10.9286,-3.21219,0.549367,0.306514,-0.00876013,-0.134336,0.75728,0.367059,-0.3688
01324189,1523964191202,-11.1222,-1.49783,4.44519,0.162964,-0.66355,-0.687064,0.721755,-0.112657,-0.530475
01324188,1523964191202,-10.2673,0.779175,-0.833153,1.33507,0.149558,-0.244008,0.765656,-0.457046,0.272418
01324185,1523964191202,-11.7062,-0.656926,-0.842993,0.138927,0.0137939,-0.172417,0.875204,0.252413,-0.284562
01324181,1523964191202,-10.7143,0.647984,3.69705,-0.104127,-0.0102563,-0.0858664,0.839273,0.325706,-0.222104
01324180,1523964191202,-11.2502,-3.2183,0.54136,0.229489,-0.0504432,-0.0787789,0.757026,0.365021,-0.36681
01324189,1523964191218,-11.2775,-1.77364,3.96737,0.305289,-0.651259,-0.697245,0.717301,-0.107682,-0.537611
01324188,1523964191218,-9.99482,-0.0805789,-0.779347,2.13086,-0.232889,-0.341821,0.766101,-0.442677,0.282876
01324185,1523964191218,-11.9042,-0.732745,-0.848295,0.0273232,0.0150507,-0.150996,0.873435,0.254635,-0.286408
01324181,1523964191218,-10.7614,0.591607,3.71956,-0.0881106,0.0163549,-0.0830822,0.838305,0.326333,-0.220246
01324180,1523964191218,-11.3804,-3.25859,0.554369,0.152269,-0.0691196,-0.0354216,0.754379,0.363345,-0.369914
01324189,1523964191235,-10.979,-1.61558,3.57379,0.425166,-0.643991,-0.691591,0.71228,-0.104402,-0.541275
01324188,1523964191235,-10.0948,0.299854,-1.34516,2.79238,-0.691732,-0.41227,0.770749,-0.427419,0.29455
01324185,1523964191235,-11.9142,-0.848253,-0.849106,-0.0697964,0.0127615,-0.120253,0.872353,0.255509,-0.284975
01324181,1523964191235,-10.6643,0.558743,3.77636,-0.0649325,0.0587626,-0.0862557,0.837701,0.329548,-0.217648
01324180,1523964191235,-11.3274,-3.25858,0.612891,0.0860888,-0.104786,-0.0185191,0.752748,0.365851,-0.371597
01324189,1523964191252,-10.5809,-1.37291,3.40771,0.483947,-0.625664,-0.643534,0.706888,-0.101992,-0.548421
01324188,1523964191252,-10.1299,1.97776,-1.63446,2.82827,-1.15348,-0.35785,0.776868,-0.408032,0.301614
01324185,1523964191252,-11.794,-0.97901,-0.840777,-0.141625,-0.000172226,-0.0741907,0.872216,0.255496,-0.285628
01324181,1523964191252,-10.3277,0.538475,3.762,-0.0667085,0.0924367,-0.0791448,0.836065,0.33045,-0.21672
01324180,1523964191252,-11.1333,-3.32945,0.68207,0.00732769,-0.115031,-0.00508384,0.753269,0.367294,-0.371981
01324189,1523964191268,-10.0204,-1.36537,3.14126,0.510137,-0.57075,-0.561923,0.700387,-0.0998296,-0.553281
01324188,1523964191268,-9.83732,3.28982,-2.19253,2.3321,-1.63222,-0.306305,0.782992,-0.388083,0.296724
01324185,1523964191268,-11.5191,-1.09139,-0.744626,-0.198455,-0.0275194,-0.0467974,0.872486,0.259323,-0.28462
01324181,1523964191268,-10.2069,0.486535,3.75411,-0.0363192,0.19045,-0.0878971,0.836819,0.333064,-0.214522
01324180,1523964191268,-10.9099,-3.41433,0.739373,-0.0320443,-0.137724,0.0243279,0.752486,0.366305,-0.374017
01324189,1523964191285,-9.52243,-1.17063,2.98816,0.521958,-0.493168,-0.44663,0.695246,-0.0985626,-0.557361
01324188,1523964191285,-9.59892,3.67694,-2.51076,1.44857,-2.08392,-0.291612,0.792409,-0.372366,0.281424
01324185,1523964191285,-11.268,-1.02549,-0.692969,-0.277899,-0.0443994,-0.0526118,0.870045,0.262448,-0.283465
01324181,1523964191285,-10.0642,0.534395,3.66233,-0.00952866,0.230076,-0.0971628,0.836964,0.330814,-0.212616
01324180,1523964191285,-10.6545,-3.5275,0.76783,-0.0523079,-0.156103,0.0609097,0.749176,0.363915,-0.376989
01324189,1523964191302,-8.97017,-0.852637,2.81054,0.511227,-0.387657,-0.310032,0.690558,-0.101361,-0.560904
01324188,1523964191302,-9.52563,3.19155,-2.79091,0.535319,-2.50392,-0.285622,0.801896,-0.366027,0.251661
01324185,1523964191302,-10.9688,-0.976813,-0.720836,-0.397792,-0.0450191,-0.0584956,0.869781,0.263211,-0.280464
01324181,1523964191302,-9.73051,0.5507,3.38402,0.0119233,0.297266,-0.0950142,0.836495,0.332082,-0.20732
01324180,1523964191302,-10.3435,-3.6228,0.765509,-0.0418472,-0.174175,0.0880094,0.749047,0.364071,-0.378336
01324189,1523964191318,-8.43594,-0.600755,2.51099,0.512369,-0.25476,-0.200218,0.688403,-0.103182,-0.562232
01324188,1523964191318,-9.66595,2.47475,-2.96621,-0.200139,-2.85692,-0.287442,0.810307,-0.361117,0.218588
01324185,1523964191318,-10.6023,-0.991161,-0.750937,-0.470962,-0.0700414,-0.0821479,0.868153,0.264767,-0.280212
01324181,1523964191318,-9.50921,0.456362,3.27615,0.054645,0.350496,-0.0861154,0.837496,0.334743,-0.202867
01324180,1523964191318,-10.0602,-3.65592,0.787429,-0.0275954,-0.207905,0.10977,0.747173,0.362342,-0.374829
01324189,1523964191335,-7.96264,-0.391773,2.33395,0.457606,-0.100561,-0.109275,0.686107,-0.107292,-0.561703
01324188,1523964191335,-9.92005,1.71928,-3.06808,-0.707412,-3.18316,-0.356457,0.819835,-0.359353,0.171429
01324185,1523964191335,-10.2018,-0.974377,-0.734285,-0.551625,-0.0915704,-0.116028,0.866387,0.269149,-0.279725
01324181,1523964191335,-9.28352,0.274659,3.26176,0.0903039,0.373366,-0.0929612,0.836645,0.335687,-0.199554
01324180,1523964191335,-9.71751,-3.599,0.808005,-0.0290204,-0.228942,0.107792,0.746281,0.359619,-0.377709
01324189,1523964191352,-7.5976,-0.19743,2.20233,0.407977,0.0397932,-0.0271518,0.685592,-0.112603,-0.561472
01324188,1523964191352,-10.2526,0.635511,-3.42146,-0.891385,-3.42791,-0.438295,0.826367,-0.355567,0.119585
01324185,1523964191352,-9.80148,-1.00573,-0.700148,-0.591799,-0.0807011,-0.129749,0.864351,0.272679,-0.279491
01324181,1523964191352,-8.99138,0.144706,3.22748,0.145634,0.390606,-0.118042,0.837121,0.337768,-0.195748
01324180,1523964191352,-9.26116,-3.54569,0.839339,-0.041099,-0.248525,0.118039,0.746303,0.359057,-0.380829
01324189,1523964191368,-7.41328,-0.162477,2.23371,0.375392,0.155823,0.0222404,0.688046,-0.116257,-0.559521
01324188,1523964191368,-10.3875,-0.661057,-4.48679,-0.605649,-3.53076,-0.502926,0.833841,-0.349529,0.0597865
01324185,1523964191368,-9.40138,-1.13338,-0.660157,-0.640738,-0.0873682,-0.143345,0.863805,0.278477,-0.27863
01324181,1523964191368,-8.61714,-0.00833495,2.94784,0.185027,0.42898,-0.144634,0.838652,0.340164,-0.189965
01324180,1523964191368,-8.84828,-3.49276,0.858162,-0.0508883,-0.279658,0.0930634,0.742879,0.357136,-0.389062
01324189,1523964191385,-7.47625,-0.687451,2.67398,0.327778,0.22727,0.0912715,0.687901,-0.120984,-0.555675
01324188,1523964191385,-10.1617,-1.1502,-5.69704,0.0698645,-3.39471,-0.464884,0.837089,-0.342168,0.0106318
01324185,1523964191385,-9.05451,-1.36658,-0.553716,-0.654484,-0.0871539,-0.137451,0.862722,0.282463,-0.276703
01324181,1523964191385,-8.56098,-0.189715,3.0531,0.25104,0.426655,-0.179332,0.837643,0.342275,-0.185745
01324180,1523964191385,-8.49096,-3.44279,0.866759,-0.0611795,-0.281126,0.0753372,0.742346,0.357296,-0.389997
01324189,1523964191402,-7.58894,-1.90825,3.39083,0.356267,0.204679,0.102118,0.689098,-0.12344,-0.551156
01324188,1523964191402,-10.0855,-1.58183,-6.77668,0.666114,-3.06854,-0.325315,0.831921,-0.336336,-0.027736
01324185,1523964191402,-8.79459,-1.66181,-0.411372,-0.591967,-0.0861946,-0.15799,0.860557,0.284775,-0.273842
01324181,1523964191402,-8.57869,-0.286994,3.08383,0.283314,0.407265,-0.22613,0.837448,0.342971,-0.180307
01324180,1523964191402,-8.26346,-3.45472,0.878582,-0.0714541,-0.282553,0.055867,0.740373,0.354289,-0.390705
01324189,1523964191419,-7.25443,-2.94419,3.95775,0.49357,0.176451,0.068826,0.689253,-0.128907,-0.549729
01324188,1523964191419,-8.93906,-1.48032,-7.41948,1.17681,-2.72179,-0.22314,0.828259,-0.333253,-0.0609062
01324185,1523964191419,-8.71322,-1.9752,-0.283034,-0.448714,-0.0896015,-0.182802,0.859195,0.29041,-0.274153
01324181,1523964191419,-8.80201,-0.364988,3.25778,0.288834,0.366728,-0.269527,0.833876,0.346239,-0.177148
01324180,1523964191419,-8.19886,-3.56948,0.844746,-0.0505974,-0.264725,0.0446522,0.737709,0.354065,-0.393914
01324189,1523964191435,-7.07168,-3.22792,4.74539,0.662739,0.206647,0.0346668,0.69156,-0.137286,-0.543798
01324188,1523964191435,-8.12975,-0.993781,-7.77434,1.49031,-2.27689,-0.109797,0.822308,-0.333817,-0.0870013
01324185,1523964191435,-8.81991,-2.21044,-0.22752,-0.217907,-0.0816176,-0.216247,0.857294,0.294227,-0.27366
01324181,1523964191435,-8.60658,-0.340723,3.11366,0.314801,0.28998,-0.30653,0.834351,0.349713,-0.175098
01324180,1523964191435,-8.33147,-3.776,0.822982,0.00689445,-0.248795,0.0477436,0.735605,0.351799,-0.396902
01324189,1523964191452,-7.17896,-2.61606,4.9651,0.611812,0.29171,-0.0411646,0.693465,-0.145085,-0.538795
01324188,1523964191452,-7.7366,-0.602134,-8.13233,1.41792,-1.76027,-0.053237,0.822069,-0.336851,-0.106048
01324185,1523964191452,-8.95741,-2.24806,-0.177572,0.0680303,-0.0590331,-0.234536,0.854032,0.296583,-0.275895
01324181,1523964191452,-8.22325,-0.294887,3.04279,0.299855,0.259242,-0.33788,0.833467,0.35351,-0.172244
01324180,1523964191452,-8.52809,-3.91868,0.856532,0.112245,-0.276614,0.0552571,0.732958,0.352184,-0.40483
01324189,1523964191469,-7.6228,-1.88932,4.57434,0.311413,0.343114,-0.113273,0.695066,-0.146832,-0.534276
01324188,1523964191469,-7.5563,-0.181096,-7.74768,1.02615,-1.21628,-0.0676375,0.81719,-0.336915,-0.118385
01324185,1523964191469,-9.04137,-2.10306,-0.153632,0.3393,-0.0377702,-0.224751,0.852401,0.297402,-0.277335
01324181,1523964191469,-7.98744,-0.277583,3.09227,0.32321,0.295744,-0.372175,0.830687,0.359027,-0.170469
01324180,1523964191469,-8.54119,-4.02756,0.865473,0.235529,-0.263795,0.0499487,0.73141,0.348755,-0.409066
01324189,1523964191485,-7.77409,-1.36233,3.89147,-0.0652079,0.412493,-0.163516,0.697869,-0.145155,-0.529476
01324188,1523964191485,-7.17063,-0.434253,-6.9109,0.624868,-0.724985,-0.123347,0.813391,-0.336232,-0.128398
01324185,1523964191485,-8.99707,-1.824,-0.10987,0.568311,0.00594024,-0.215093,0.851853,0.300481,-0.27854
01324181,1523964191485,-7.74887,-0.293997,2.88159,0.326992,0.342997,-0.395972,0.830098,0.362069,-0.169197
01324180,1523964191485,-8.47433,-3.97652,0.907493,0.359293,-0.2663,0.0216996,0.730646,0.346611,-0.412206
01324189,1523964191502,-8.05709,-1.00967,3.90632,-0.218167,0.44006,-0.15248,0.700247,-0.141306,-0.524252
01324188,1523964191502,-6.80366,-0.55095,-6.6191,0.289499,-0.302341,-0.259012,0.81257,-0.334682,-0.13314
01324185,1523964191502,-8.84156,-1.44452,-0.0743297,0.646067,0.0401683,-0.244356,0.850489,0.299148,-0.281922
01324181,1523964191502,-7.59007,-0.316369,2.86854,0.334275,0.393907,-0.415415,0.828001,0.365609,-0.165793
01324180,1523964191502,-8.34056,-3.86931,0.962559,0.477932,-0.268601,-0.0180105,0.726432,0.342367,-0.417636
01324189,1523964191519,-8.07332,-0.736624,2.90438,-0.215136,0.391704,-0.0493343,0.701835,-0.138455,-0.521302
01324188,1523964191519,-6.35434,0.0437974,-6.39216,-0.0904782,0.0473227,-0.447125,0.814437,-0.329367,-0.132157
01324185,1523964191519,-8.58954,-1.10409,0.0326989,0.662544,0.0605565,-0.307501,0.847498,0.301498,-0.284419
01324181,1523964191519,-7.39682,-0.415955,2.83788,0.345143,0.455393,-0.436501,0.825337,0.371165,-0.162159
01324180,1523964191519,-8.13009,-3.71056,1.02349,0.538858,-0.258417,-0.079102,0.723553,0.338385,-0.422539
01324189,1523964191535,-7.75374,-0.237615,2.10723,-0.180244,0.465614,0.114041,0.706533,-0.138544,-0.514128
01324188,1523964191535,-6.35023,0.527559,-6.26662,-0.660577,0.331613,-0.655018,0.817088,-0.319358,-0.129005
01324185,1523964191535,-8.35676,-0.715434,0.0963803,0.589101,0.0639542,-0.395098,0.845455,0.302277,-0.28795
01324181,1523964191535,-7.18584,-0.464309,2.71699,0.398535,0.517515,-0.425839,0.824416,0.37477,-0.155047
01324180,1523964191535,-7.87214,-3.50355,1.13832,0.566742,-0.237181,-0.173731,0.719448,0.337346,-0.43061
01324189,1523964191552,-8.14641,-0.124468,3.14304,-0.10388,0.49973,0.219159,0.707721,-0.140853,-0.508806
01324188,1523964191552,-7.80633,0.347738,-5.98891,-1.05037,0.626766,-0.721923,0.821084,-0.307196,-0.128698
01324185,1523964191552,-8.15329,-0.432562,0.128435,0.463371,0.0468136,-0.472291,0.841784,0.30533,-0.290582
01324181,1523964191552,-7.50181,-0.431803,2.89788,0.441267,0.598981,-0.426915,0.822425,0.380043,-0.150882
01324180,1523964191552,-7.63306,-3.32798,1.2383,0.524751,-0.227616,-0.26713,0.715864,0.336574,-0.436385
01324189,1523964191569,-9.24954,-1.92254,2.43459,-0.349603,0.571357,0.154335,0.710762,-0.139146,-0.503793
01324188,1523964191569,-12.6363,1.47296,-1.57183,-1.20871,0.935573,-0.352268,0.827141,-0.299013,-0.125163
01324185,1523964191569,-8.14367,-0.413401,0.0841516,0.311896,0.006916,-0.556916,0.839334,0.311368,-0.291939
01324181,1523964191569,-8.51248,-0.346704,2.88979,0.47503,0.664841,-0.415866,0.820839,0.383777,-0.144829
01324180,1523964191569,-7.6878,-3.21767,1.24803,0.445068,-0.189383,-0.395681,0.711895,0.335533,-0.444727
01324189,1523964191585,-11.7994,-3.95944,1.75993,-0.513824,0.697795,0.0918631,0.714211,-0.136465,-0.496048
01324188,1523964191585,-14.3697,-3.73342,1.17949,-0.515147,0.833935,0.0335587,0.829695,-0.295694,-0.119195
01324185,1523964191585,-8.4145,-0.517839,-0.116701,0.208755,-0.0231207,-0.663704,0.833763,0.319518,-0.293568
01324181,1523964191585,-9.03629,-0.158614,2.65099,0.467808,0.583693,-0.407822,0.819929,0.387913,-0.139589
01324180,1523964191585,-8.10966,-3.14031,1.22501,0.374175,-0.160893,-0.51538,0.707311,0.338825,-0.447838
01324189,1523964191602,-12.7632,-4.39701,3.93002,0.198036,0.293656,-0.0700276,0.717692,-0.134806,-0.490989
01324188,1523964191602,-10.4639,-4.02528,0.862886,1.49362,0.859339,-0.1129,0.831181,-0.29632,-0.103356
01324185,1523964191602,-8.74333,-0.670061,-0.3073,0.187816,-0.0640381,-0.721173,0.830226,0.327525,-0.295203
01324181,1523964191602,-9.06829,0.0981686,2.65794,0.415689,0.452251,-0.339865,0.818206,0.392627,-0.134618
01324180,1523964191602,-8.46553,-3.10542,1.18305,0.322356,-0.130868,-0.620906,0.701909,0.342998,-0.450378
01324189,1523964191619,-10.2055,-3.7311,2.20131,0.928631,-0.121483,-0.182827,0.717293,-0.139391,-0.489148
01324188,1523964191619,-8.06479,-1.27778,-1.62103,1.77005,0.901989,-0.131473,0.828747,-0.300767,-0.0792209
01324185,1523964191619,-8.94183,-0.948088,-0.274105,0.306483,-0.137483,-0.724186,0.823159,0.33635,-0.298402
01324181,1523964191619,-9.23884,0.328796,2.97604,0.358301,0.406488,-0.279725,0.817621,0.394548,-0.132259
01324180,1523964191619,-8.57265,-2.99881,1.0255,0.316211,-0.107498,-0.735019,0.695699,0.346886,-0.451425
01324189,1523964191635,-7.87043,-2.27342,0.833227,1.01347,-0.181965,-0.291307,0.716635,-0.145697,-0.487584
01324188,1523964191635,-8.37749,0.508666,-1.76957,1.16799,0.909315,-0.163932,0.830083,-0.29952,-0.0597608
01324185,1523964191635,-9.09145,-1.17321,0.0209274,0.577378,-0.194381,-0.684963,0.817038,0.343166,-0.303416
01324181,1523964191635,-9.65729,0.532081,3.47661,0.265272,0.26326,-0.230591,0.815937,0.397784,-0.129384
01324180,1523964191635,-8.66938,-2.9402,0.853276,0.315519,-0.0909077,-0.859709,0.688648,0.354276,-0.453471
01324189,1523964191652,-7.78983,-0.681733,1.07433,0.724788,-0.193615,-0.278069,0.71232,-0.1512,-0.488515
01324188,1523964191652,-9.63689,-0.811669,-1.9403,0.613092,0.854343,-0.229543,0.833312,-0.29625,-0.0467988
01324185,1523964191652,-9.29863,-1.26798,0.29282,1.00031,-0.264886,-0.627101,0.812946,0.346532,-0.311802
01324181,1523964191652,-9.73301,0.746772,3.88739,0.175827,0.0729655,-0.188861,0.815615,0.401102,-0.128387
01324180,1523964191652,-9.02519,-2.85542,0.656918,0.366861,-0.0461964,-0.976775,0.681344,0.360219,-0.455272
01324189,1523964191669,-8.71263,-0.961476,1.12411,0.541841,-0.15165,-0.185292,0.711368,-0.15261,-0.487713
01324188,1523964191669,-10.3228,-0.669212,-2.64859,0.114072,0.789595,-0.241729,0.834787,-0.294822,-0.0343342
01324185,1523964191669,-9.78511,-1.11072,0.443053,1.40081,-0.322058,-0.577747,0.806409,0.348303,-0.322519
01324181,1523964191669,-9.69824,0.807672,4.08689,0.143325,0.00873826,-0.122098,0.813871,0.40139,-0.129438
01324180,1523964191669,-9.55822,-2.7294,0.473558,0.437214,-0.0162895,-1.0507,0.673743,0.368929,-0.457959
01324189,1523964191685,-10.3133,-1.97064,1.21646,0.402606,-0.116954,-0.149964,0.711118,-0.155484,-0.488268
01324188,1523964191685,-10.2202,-1.083,-2.83816,-0.213585,0.703446,-0.207713,0.83652,-0.290592,-0.025739
01324185,1523964191685,-10.4685,-0.586351,0.496033,1.67593,-0.346804,-0.577752,0.801494,0.346055,-0.336863
01324181,1523964191685,-9.81344,0.757827,4.03881,0.114616,0.0396806,-0.073437,0.813476,0.401097,-0.12996
01324180,1523964191685,-10.2705,-2.56638,0.245146,0.48278,0.0130352,-1.09836,0.666416,0.377051,-0.460257
01324189,1523964191702,-11.2237,-2.02032,1.55139,0.236415,-0.164978,-0.115602,0.708391,-0.15455,-0.488497
01324188,1523964191702,-10.2593,-1.83696,-2.57592,-0.073622,0.611689,-0.175887,0.83621,-0.285405,-0.0181359
01324185,1523964191702,-11.1035,0.159035,0.345703,1.77409,-0.344887,-0.640679,0.79386,0.344609,-0.35356
01324181,1523964191702,-9.93738,0.644792,3.99913,0.0575244,0.0455029,-0.0421313,0.811964,0.402856,-0.12905
01324180,1523964191702,-11.0459,-2.43937,0.1561,0.514201,-0.00129773,-1.07168,0.658575,0.38418,-0.464729
01324189,1523964191718,-10.8973,-1.45431,1.25572,0.148452,-0.172817,-0.115068,0.707327,-0.155252,-0.490632
01324188,1523964191718,-10.341,-2.37891,-2.61368,0.336771,0.515469,-0.112179,0.837556,-0.284524,-0.00947598
01324185,1523964191718,-11.4734,0.912223,-0.000455982,1.5979,-0.284284,-0.742858,0.787586,0.344044,-0.368439
01324181,1523964191718,-9.88963,0.63569,3.95372,-0.013777,0.088457,-0.00878992,0.812082,0.402893,-0.127324
01324180,1523964191718,-11.4512,-2.47641,0.0117614,0.588591,0.0154466,-1.01474,0.65045,0.391737,-0.467162
01324189,1523964191735,-10.1617,-1.6558,1.11756,-0.000337817,-0.150765,-0.125521,0.704476,-0.155181,-0.491535
01324188,1523964191735,-9.8856,-2.15,-2.8335,0.560349,0.41643,-0.0727311,0.837818,-0.284068,-0.000694293
01324185,1523964191735,-11.506,1.49007,-0.218527,1.25014,-0.163309,-0.788326,0.782,0.34767,-0.378
01324181,1523964191735,-10.0106,0.532336,3.98632,-0.0867184,0.180621,0.00607585,0.811646,0.403527,-0.124807
01324180,1523964191735,-11.6629,-2.15905,-0.102156,0.651005,0.0200169,-0.964958,0.64292,0.395381,-0.471979
01324189,1523964191752,-9.89847,-1.98446,1.0836,-0.0840348,-0.117102,-0.0832657,0.703815,-0.153739,-0.494461
01324188,1523964191752,-9.57141,-1.52238,-3.10396,0.449726,0.31987,-0.0621259,0.839437,-0.283292,0.00701262
01324185,1523964191752,-11.433,1.61974,-0.101665,0.875719,-0.0515102,-0.803106,0.776147,0.352472,-0.385087
01324181,1523964191752,-10.2812,0.461194,4.00045,-0.127748,0.206678,0.0289191,0.813212,0.403896,-0.120046
01324180,1523964191752,-11.5589,-1.60211,-0.148835,0.63254,0.0595373,-0.926002,0.637266,0.399283,-0.476954
01324189,1523964191768,-9.74965,-2.23744,0.878722,-0.161849,-0.120635,-0.0568948,0.701513,-0.151963,-0.496829
01324188,1523964191768,-9.40859,-1.30012,-3.25164,0.159448,0.230094,-0.0562266,0.83808,-0.283681,0.0095649
01324185,1523964191768,-11.2743,1.41173,-0.0577912,0.475034,-0.0418192,-0.836775,0.770164,0.359448,-0.389056
01324181,1523964191768,-10.5512,0.329214,4.24758,-0.167097,0.19571,0.0566177,0.814144,0.401962,-0.116293
01324180,1523964191768,-11.3727,-1.04444,-0.172957,0.596504,0.0718252,-0.844287,0.631728,0.403456,-0.479086
01324189,1523964191785,-9.90137,-2.48804,0.829302,-0.155909,-0.0792452,-0.0640281,0.703677,-0.148426,-0.497495
01324188,1523964191785,-9.68026,-1.54787,-3.19433,-0.138509,0.134101,-0.0292607,0.838057,-0.280255,0.0111267
01324185,1523964191785,-11.0347,0.943043,-0.169991,0.162321,-0.0633925,-0.831233,0.764868,0.365352,-0.390141
01324181,1523964191785,-10.7788,0.122683,4.30321,-0.204573,0.144628,0.0684437,0.814575,0.399255,-0.115443
01324180,1523964191785,-11.4264,-0.460796,-0.179944,0.53037,0.0887552,-0.736296,0.625927,0.407934,-0.482966
01324189,1523964191802,-10.29,-2.43787,0.947254,-0.11876,-0.0320616,-0.0728005,0.703409,-0.147273,-0.498687
01324188,1523964191802,-9.87601,-2.2006,-3.1917,-0.183458,0.00887917,0.00267995,0.838058,-0.280154,0.00897761
01324185,1523964191802,-11.0361,0.403803,-0.086742,0.00973784,-0.0121767,-0.785457,0.759297,0.375772,-0.391008
01324181,1523964191802,-10.8644,-0.152468,4.28861,-0.23574,0.0791304,0.0671675,0.814286,0.399166,-0.113179
01324180,1523964191802,-11.2802,-0.0127754,-0.151886,0.468525,0.123622,-0.562295,0.621896,0.409468,-0.485039
01324189,1523964191818,-10.6501,-2.38437,0.860324,-0.162466,0.0271524,-0.0783208,0.702694,-0.141785,-0.498502
01324188,1523964191818,-9.8771,-2.50013,-3.11196,0.00180703,-0.122,0.0202192,0.837657,-0.281184,0.00932233
01324185,1523964191818,-11.2848,-0.00357291,0.330877,-0.0154818,0.0866761,-0.602304,0.754681,0.383541,-0.390413
01324181,1523964191818,-10.9042,-0.235431,4.29478,-0.252605,0.0302302,0.0538886,0.815545,0.402404,-0.108341
01324180,1523964191818,-11.188,0.293799,-0.0477937,0.395533,0.164242,-0.41648,0.618404,0.409819,-0.484845
01324189,1523964191835,-10.596,-2.30613,0.613853,-0.103301,0.0783048,-0.0604638,0.704319,-0.140102,-0.498641
01324188,1523964191835,-9.91978,-2.29493,-3.47448,0.153924,-0.247752,0.0712035,0.83793,-0.281321,0.0090409
01324185,1523964191835,-11.5196,-0.560313,0.74943,0.103699,0.177918,-0.335918,0.75224,0.388934,-0.388626
01324181,1523964191835,-10.7698,-0.248367,4.25725,-0.245296,0.03229,0.0228215,0.815256,0.402592,-0.106481
01324180,1523964191835,-11.2203,0.504883,0.0448914,0.263455,0.207296,-0.314973,0.616793,0.41014,-0.485221
01324189,1523964191852,-10.4037,-2.24052,0.535651,-0.098219,0.143799,-0.057054,0.703743,-0.13878,-0.496215
01324188,1523964191852,-9.75322,-1.69689,-3.57265,0.136931,-0.406559,0.113603,0.837154,-0.286907,0.00412076
01324185,1523964191852,-11.539,-0.805502,1.0488,0.253481,0.26735,-0.0508963,0.754408,0.390061,-0.388645
01324181,1523964191852,-10.6857,-0.188995,4.07311,-0.298681,-0.0102332,0.0243164,0.816324,0.402043,-0.104753
01324180,1523964191852,-11.3243,0.612481,0.257151,0.0706459,0.260191,-0.192692,0.617062,0.409548,-0.48402
01324189,1523964191868,-10.1862,-2.05531,0.248023,-0.0943506,0.212783,-0.0110185,0.707439,-0.141326,-0.496679
01324188,1523964191868,-9.74765,-1.48079,-3.4447,-0.00568696,-0.532107,0.146643,0.837978,-0.287603,-0.00307296
01324185,1523964191868,-11.5256,-0.386552,1.15068,0.345532,0.32325,0.166348,0.756316,0.386158,-0.38626
01324181,1523964191868,-10.6305,-0.0863464,3.95316,-0.300651,0.0045989,0.0623478,0.816311,0.402767,-0.104369
01324180,1523964191868,-11.2493,0.355352,0.459489,-0.101178,0.316733,-0.0756583,0.620774,0.412519,-0.482393
01324189,1523964191885,-10.0415,-1.85562,0.297427,-0.123015,0.273577,0.0633722,0.708909,-0.139486,-0.494941
01324188,1523964191885,-9.83555,-1.71726,-3.37208,-0.10648,-0.68598,0.158419,0.837184,-0.289719,-0.0135684
01324185,1523964191885,-11.3722,0.161365,1.05841,0.214615,0.317236,0.314466,0.75944,0.381658,-0.385573
01324181,1523964191885,-10.5028,-0.0579966,3.76748,-0.302514,-0.00570592,0.0811886,0.817116,0.401789,-0.102762
01324180,1523964191885,-10.9638,-0.117745,0.77387,-0.184202,0.40861,0.0403261,0.624487,0.414167,-0.477954
01324189,1523964191902,-10.1863,-1.73438,0.387527,-0.217525,0.335062,0.0896218,0.711046,-0.13823,-0.491476
01324188,1523964191902,-9.79248,-1.81173,-2.9841,-0.0832561,-0.812522,0.201444,0.836914,-0.288816,-0.0233427
01324185,1523964191902,-11.1249,0.69422,0.933153,-0.131314,0.2578,0.372995,0.764204,0.376396,-0.380439
01324181,1523964191902,-10.2473,0.00595975,3.42496,-0.318604,-0.0142182,0.104362,0.816992,0.399683,-0.100988
01324180,1523964191902,-10.7247,-0.592268,1.17238,-0.124919,0.464119,0.158724,0.628854,0.418138,-0.475641
01324189,1523964191918,-10.206,-1.669,0.392848,-0.324311,0.386263,0.106941,0.715085,-0.136592,-0.487762
01324188,1523964191918,-9.84058,-1.71728,-2.67172,-0.0767957,-0.918454,0.216241,0.835322,-0.293295,-0.0359967
01324185,1523964191918,-10.6929,0.917671,0.732809,-0.551707,0.175847,0.395997,0.768421,0.374793,-0.375731
01324181,1523964191918,-10.119,0.138476,3.43773,-0.321437,-0.0296959,0.129184,0.817807,0.397155,-0.0982854
01324180,1523964191918,-10.4381,-0.9488,1.42216,0.0207783,0.481669,0.265113,0.63331,0.413384,-0.47026
01324189,1523964191935,-10.0312,-1.74827,0.385153,-0.404476,0.433651,0.0985547,0.719536,-0.135109,-0.484321
01324188,1523964191935,-9.76334,-1.72491,-2.30645,-0.0442156,-1.02614,0.215288,0.832363,-0.296297,-0.0485412
01324185,1523964191935,-10.2333,0.644988,0.560651,-0.896718,0.123398,0.449346,0.772774,0.373768,-0.370244
01324181,1523964191935,-9.83705,0.166186,3.29893,-0.331325,-0.0825498,0.144196,0.818726,0.398864,-0.0980648
01324180,1523964191935,-10.1031,-1.10127,1.60344,0.109779,0.439876,0.349668,0.640455,0.409032,-0.467209
01324189,1523964191952,-9.93877,-2.14133,0.57268,-0.439328,0.466802,0.0877045,0.724788,-0.13321,-0.479548
01324188,1523964191952,-10.0066,-1.43691,-1.98469,-0.0307605,-1.11613,0.242663,0.829828,-0.301411,-0.0659381
01324185,1523964191952,-9.85875,0.13212,0.447981,-1.07023,0.0454688,0.500992,0.777403,0.374476,-0.362683
01324181,1523964191952,-9.64317,0.340821,3.19057,-0.35994,-0.135311,0.164445,0.819548,0.397291,-0.0975089
01324180,1523964191952,-9.67151,-1.16846,1.58795,0.0940241,0.398374,0.403671,0.646263,0.40265,-0.460258
01324189,1523964191968,-9.87509,-2.51,0.794776,-0.312222,0.455146,0.0908132,0.729363,-0.131008,-0.475301
01324188,1523964191968,-10.24,-1.11122,-1.53819,-0.104558,-1.19531,0.258938,0.829168,-0.302733,-0.0809657
01324185,1523964191968,-9.53955,-0.361131,0.347187,-1.10251,-0.0194138,0.584727,0.782575,0.37264,-0.355361
01324181,1523964191968,-9.20165,0.647027,3.01123,-0.402872,-0.244581,0.19279,0.821887,0.395339,-0.100151
01324180,1523964191968,-9.26346,-1.2593,1.4996,0.00332919,0.348291,0.43604,0.653007,0.39816,-0.457204
01324189,1523964191985,-9.75265,-2.66922,0.816889,-0.12114,0.400455,0.0702116,0.732881,-0.133098,-0.471744
01324188,1523964191985,-10.5063,-1.14503,-0.693504,-0.0954181,-1.25171,0.276031,0.827171,-0.306958,-0.0988527
01324185,1523964191985,-9.19601,-0.729394,0.18098,-1.05296,-0.0753608,0.670008,0.785844,0.372324,-0.349747
01324181,1523964191985,-8.92204,0.786393,2.77127,-0.424505,-0.300388,0.240552,0.822333,0.391765,-0.0996823
01324180,1523964191985,-8.97702,-1.29342,1.39103,-0.13102,0.294675,0.462875,0.66011,0.39626,-0.451669
01324189,1523964192002,-9.79486,-2.64189,0.92469,0.073126,0.293955,0.0230943,0.736649,-0.130592,-0.468689
01324188,1523964192002,-10.6861,-1.37654,-0.593738,-0.000857651,-1.31142,0.325563,0.824078,-0.309781,-0.115156
01324185,1523964192002,-8.93441,-1.08269,0.022979,-0.949058,-0.14265,0.731507,0.789522,0.369467,-0.34424
01324181,1523964192002,-9.47483,0.782074,3.0238,-0.478006,-0.372828,0.241961,0.824016,0.387974,-0.101748
01324180,1523964192002,-8.72383,-1.34145,1.19022,-0.263764,0.233663,0.510771,0.666296,0.392638,-0.446426
01324189,1523964192018,-9.85411,-2.40338,0.784976,0.20999,0.206158,-0.016257,0.738539,-0.133073,-0.465518
01324188,1523964192018,-10.6957,-1.40669,-1.1084,0.25045,-1.34962,0.369351,0.818684,-0.313671,-0.13271
01324185,1523964192018,-8.91877,-1.40558,-0.144216,-0.780256,-0.172484,0.728113,0.794277,0.36443,-0.342116
01324181,1523964192018,-10.5458,0.545955,3.33059,-0.517338,-0.55142,0.235667,0.825551,0.386302,-0.105185
01324180,1523964192018,-8.9686,-1.40956,0.965104,-0.425211,0.173069,0.622774,0.671664,0.390778,-0.442488
01324189,1523964192035,-10.125,-1.71646,0.780962,0.327924,0.141098,-0.0325776,0.740968,-0.13413,-0.46261
01324188,1523964192035,-11.0005,-0.0950255,-0.944647,0.297961,-1.46976,0.410749,0.812511,-0.323034,-0.151405
01324185,1523964192035,-9.47952,-1.5902,-0.482267,-0.555408,-0.146588,0.719324,0.799447,0.3549,-0.338903
01324181,1523964192035,-10.5682,0.288872,2.9055,-0.57076,-0.785219,0.223498,0.825615,0.387267,-0.113314
01324180,1523964192035,-9.66544,-1.69334,0.773059,-0.56396,0.117864,0.733247,0.677634,0.383691,-0.439473
01324189,1523964192052,-10.4914,-0.422688,0.969689,0.290066,0.0777787,0.00478534,0.745062,-0.137112,-0.461744
01324188,1523964192052,-11.6358,0.866438,0.522011,-0.16189,-1.58269,0.425688,0.806593,-0.32969,-0.171955
01324185,1523964192052,-10.3093,-1.54179,-0.583119,-0.335522,-0.0889091,0.718895,0.804602,0.347819,-0.340421
01324181,1523964192052,-9.91099,0.0442979,2.94338,-0.643657,-0.933578,0.198176,0.825031,0.385544,-0.120451
01324180,1523964192052,-10.4317,-2.26938,0.747913,-0.623455,0.011525,0.869303,0.68546,0.378899,-0.437522
01324189,1523964192068,-11.3112,0.810959,1.7639,0.148597,0.055494,0.0862434,0.747511,-0.137319,-0.461506
01324188,1523964192068,-12.837,1.62261,0.599124,-0.512695,-1.6592,0.35144,0.803234,-0.332881,-0.192723
01324185,1523964192068,-10.868,-1.3888,-0.33755,-0.160406,-0.051112,0.801923,0.808679,0.34249,-0.338815
01324181,1523964192068,-9.51721,-0.104109,3.20956,-0.687994,-0.959919,0.166121,0.824468,0.384328,-0.130522
01324180,1523964192068,-10.9064,-3.00557,0.898748,-0.516325,-0.0829238,0.962433,0.690703,0.375876,-0.432794
01324189,1523964192085,-11.3827,1.50231,2.823,-0.0876344,0.00821587,0.208166,0.749031,-0.139235,-0.462609
01324188,1523964192085,-12.4138,2.38499,1.00525,-0.942084,-1.67632,0.258076,0.795922,-0.332884,-0.220922
01324185,1523964192085,-10.9898,-1.25764,0.0909318,-0.0891965,-0.0189537,0.922425,0.815744,0.3301,-0.337673
01324181,1523964192085,-8.90697,-0.133227,3.14157,-0.68781,-0.927708,0.144702,0.823592,0.384743,-0.138231
01324180,1523964192085,-11.0125,-3.54217,1.30563,-0.224627,-0.151933,1.03929,0.699103,0.367881,-0.43078
01324189,1523964192102,-10.1826,1.29366,3.97761,-0.426325,0.00831871,0.325871,0.749706,-0.137242,-0.46327
01324188,1523964192102,-11.0998,2.1099,1.7315,-1.2405,-1.62557,0.196605,0.78968,-0.330352,-0.247628
01324185,1523964192102,-10.9137,-1.16611,0.63752,-0.122364,-0.0107822,1.00913,0.820368,0.31884,-0.336534
01324181,1523964192102,-8.48244,-0.230127,3.1703,-0.681451,-0.847448,0.136664,0.821966,0.381979,-0.147728
01324180,1523964192102,-10.8636,-3.65241,1.85511,0.117444,-0.182942,1.10799,0.704629,0.354734,-0.431936
01324189,1523964192118,-8.81677,0.321963,5.3713,-0.77811,-0.0209156,0.356501,0.747305,-0.141221,-0.465951
01324188,1523964192118,-9.29595,2.17075,1.38718,-1.17242,-1.55275,0.258327,0.776645,-0.327024,-0.276354
01324185,1523964192118,-10.6328,-1.08557,1.10994,-0.202866,-0.0698206,1.01974,0.826344,0.303575,-0.338237
01324181,1523964192118,-8.21492,-0.547342,3.33265,-0.589768,-0.769535,0.13702,0.82014,0.381871,-0.153821
01324180,1523964192118,-10.1131,-3.11187,2.25452,0.252494,-0.194055,1.11049,0.710777,0.33697,-0.43914
01324189,1523964192135,-7.94842,-1.11784,6.66429,-1.10272,-0.157451,0.319111,0.745127,-0.136285,-0.468965
01324188,1523964192135,-7.56715,1.42164,-0.335404,-0.727842,-1.24055,0.446535,0.768921,-0.327046,-0.297813
01324185,1523964192135,-10.082,-0.992426,1.39113,-0.38729,-0.160335,0.94726,0.830687,0.293944,-0.340382
01324181,1523964192135,-7.69897,-0.885724,3.30379,-0.520987,-0.722456,0.100919,0.818987,0.382307,-0.16073
01324180,1523964192135,-8.97748,-2.32963,2.36658,-0.010766,-0.189589,1.01033,0.715917,0.323555,-0.442864
01324189,1523964192152,-7.85475,-2.48158,8.18822,-1.28512,-0.412695,0.238147,0.749402,-0.13126,-0.477673
01324188,1523964192152,-6.24564,1.02459,-2.19518,-0.0327626,-0.740042,0.573845,0.763408,-0.33357,-0.315126
01324185,1523964192152,-9.33394,-0.785304,1.28418,-0.621951,-0.285724,0.853753,0.836932,0.284208,-0.34057
01324181,1523964192152,-7.23954,-1.11319,3.29177,-0.445936,-0.668441,0.0562402,0.819408,0.385042,-0.166242
01324180,1523964192152,-8.14474,-1.57166,2.15169,-0.737415,-0.181989,0.851058,0.723008,0.316654,-0.45
01324189,1523964192168,-8.34017,-3.6282,9.29302,-1.08291,-0.74604,0.18804,0.746734,-0.124475,-0.487493
01324188,1523964192168,-6.05982,-0.639972,-4.95392,0.379785,0.0305198,0.485237,0.759523,-0.34191,-0.316138
01324185,1523964192168,-8.50248,-0.660953,0.752326,-0.865893,-0.381809,0.768559,0.839376,0.27741,-0.342082
01324181,1523964192168,-7.40925,-1.22211,3.50046,-0.387795,-0.575461,0.008652,0.816494,0.385804,-0.172475
01324180,1523964192168,-8.11345,-1.98796,1.83068,-1.54071,-0.133903,0.758291,0.727524,0.318139,-0.444765
01324189,1523964192185,-8.60845,-4.98659,9.24029,-0.596257,-0.956459,0.188354,0.7392,-0.120018,-0.499684
01324188,1523964192185,-5.98896,-2.53348,-5.92881,0.757803,0.855489,0.387219,0.761327,-0.350067,-0.29835
01324185,1523964192185,-7.96392,-0.782947,0.0317298,-1.06566,-0.450134,0.685759,0.841415,0.272903,-0.341784
01324181,1523964192185,-8.08701,-1.17681,3.56771,-0.302311,-0.541935,-0.00840324,0.816818,0.385677,-0.178059
01324180,1523964192185,-8.3235,-3.18985,1.56584,-1.95363,-0.13116,0.722043,0.731453,0.322367,-0.435817
01324189,1523964192202,-8.38046,-5.71579,7.60186,-0.217547,-0.948587,0.185997,0.725709,-0.115422,-0.515285
01324188,1523964192202,-6.86757,-0.767577,-5.59624,1.10714,1.56772,0.407853,0.770069,-0.36126,-0.274373
01324185,1523964192202,-8.06002,-1.13196,-0.506501,-1.19189,-0.467627,0.572081,0.843038,0.272872,-0.343358
01324181,1523964192202,-8.10515,-1.24013,3.59778,-0.231265,-0.612433,-0.000609615,0.814212,0.385097,-0.186527
01324180,1523964192202,-8.37931,-4.03902,1.44946,-1.97338,-0.211526,0.703575,0.735552,0.332065,-0.420004
01324189,1523964192218,-7.81668,-5.23062,4.92678,-0.0768465,-0.828069,0.126565,0.717362,-0.115824,-0.524829
01324188,1523964192218,-8.56383,4.28614,-4.68067,0.925281,2.01659,0.492531,0.775822,-0.372916,-0.242574
01324185,1523964192218,-8.56785,-1.49491,-0.6533,-1.26203,-0.473489,0.453253,0.843717,0.271885,-0.343351
01324181,1523964192218,-8.09408,-1.1965,3.80954,-0.157531,-0.583757,0.0131892,0.812912,0.38626,-0.193051
01324180,1523964192218,-8.46356,-4.53501,1.23081,-1.73001,-0.304222,0.651613,0.737613,0.336633,-0.41386
01324189,1523964192235,-7.01366,-3.59095,2.88611,-0.158553,-0.739726,0.0788353,0.712966,-0.119917,-0.532305
01324188,1523964192235,-9.38408,5.47757,-4.2904,-0.0217853,2.18381,0.579767,0.780055,-0.379818,-0.215173
01324185,1523964192235,-9.05128,-1.85787,-0.653136,-1.23335,-0.469275,0.38187,0.845204,0.272851,-0.344411
01324181,1523964192235,-8.44586,-1.07456,3.88223,-0.0835846,-0.490063,0.00177326,0.811468,0.387445,-0.198644
01324180,1523964192235,-8.52181,-4.75153,0.864103,-1.65076,-0.363924,0.676272,0.740209,0.341338,-0.407722
01324189,1523964192252,-6.63429,-2.3132,1.87572,-0.262968,-0.638773,0.0639787,0.707611,-0.119535,-0.541877
01324188,1523964192252,-9.76267,5.12239,-3.63444,-1.17677,2.32698,0.548603,0.786993,-0.384687,-0.191721
01324185,1523964192252,-9.49853,-2.24991,-0.610546,-1.07345,-0.381533,0.333612,0.842762,0.272696,-0.345186
01324181,1523964192252,-8.50463,-1.08486,3.75406,0.0268654,-0.438913,-0.013636,0.810157,0.387936,-0.20316
01324180,1523964192252,-9.55293,-4.63347,0.651667,-1.5875,-0.45236,0.604224,0.742445,0.343304,-0.403525
01324189,1523964192268,-6.47573,-1.12234,1.63762,-0.106783,-0.528142,0.149538,0.701963,-0.119278,-0.549305
01324188,1523964192268,-10.7224,4.59866,-2.00979,-2.09228,2.47177,0.568561,0.793374,-0.386988,-0.169986
01324185,1523964192268,-9.98388,-2.54049,-0.460608,-0.922271,-0.270397,0.327743,0.844253,0.274392,-0.344946
01324181,1523964192268,-8.3387,-1.23579,3.81597,0.127605,-0.350843,-0.039074,0.80995,0.388353,-0.210345
01324180,1523964192268,-9.5319,-5.68592,0.208638,-1.13602,-0.577553,0.769459,0.744431,0.34515,-0.402842
01324189,1523964192285,-6.86552,-0.107127,2.76558,0.265408,-0.382991,0.370929,0.700127,-0.121704,-0.555058
01324188,1523964192285,-10.5454,2.67219,-2.46057,-2.18778,2.55711,0.722935,0.799915,-0.392994,-0.150102
01324185,1523964192285,-10.3453,-2.57172,-0.211883,-0.806884,-0.178398,0.310096,0.845478,0.274714,-0.342861
01324181,1523964192285,-8.5907,-1.35291,3.95426,0.215927,-0.144066,-0.0564461,0.807326,0.386842,-0.215603
01324180,1523964192285,-9.62816,-4.53491,-0.0832548,-0.639735,-0.636832,0.765455,0.745845,0.341829,-0.409552
01324189,1523964192302,-7.97767,-0.00149691,4.46213,0.585317,-0.425212,0.589097,0.69232,-0.132734,-0.557599
01324188,1523964192302,-9.78305,2.21634,-2.49608,-1.64794,2.6878,0.96892,0.800212,-0.399748,-0.127493
01324185,1523964192302,-10.3182,-2.43218,-0.15139,-0.769395,-0.14339,0.323429,0.84684,0.274758,-0.340513
01324181,1523964192302,-8.87401,-1.43626,3.87676,0.269586,-0.0544,-0.0910985,0.80761,0.387084,-0.217472
01324180,1523964192302,-9.57309,-3.7466,-0.148477,-0.803894,-0.575319,0.731622,0.747241,0.338928,-0.413685
01324189,1523964192318,-8.44846,-0.710816,5.09554,0.738667,-0.478225,0.707094,0.689838,-0.145777,-0.560351
01324188,1523964192318,-10.5339,2.48329,-2.6948,-1.02595,2.77188,1.25542,0.79972,-0.410933,-0.100301
01324185,1523964192318,-10.1257,-2.51291,-0.226743,-0.63416,-0.0901015,0.317795,0.847795,0.273104,-0.338539
01324181,1523964192318,-8.99533,-1.43517,3.75763,0.316123,0.0299516,-0.124102,0.806686,0.38747,-0.219996
01324180,1523964192318,-9.62185,-5.40249,0.0135502,-0.613368,-0.553486,0.805552,0.745853,0.333025,-0.417162
01324189,1523964192335,-8.34327,-1.61073,4.605,0.688694,-0.410422,0.739656,0.681547,-0.163138,-0.565212
01324188,1523964192335,-10.8329,2.03838,-2.70287,-0.557556,2.76078,1.45672,0.795468,-0.429379,-0.0692054
01324185,1523964192335,-10.0892,-2.55387,-0.0167883,-0.407441,-0.039106,0.352929,0.850242,0.270595,-0.336954
01324181,1523964192335,-8.95521,-1.27448,3.63889,0.351937,0.0691747,-0.15666,0.805579,0.39061,-0.221114
01324180,1523964192335,-9.54665,-5.41654,0.516916,-0.0907541,-0.5464,0.800973,0.748787,0.325463,-0.422764
01324189,1523964192352,-7.88047,-1.75415,3.38064,0.544559,-0.203692,0.798209,0.677839,-0.177582,-0.567024
01324188,1523964192352,-10.4218,1.39082,-2.72426,-0.00425507,2.73778,1.52051,0.788522,-0.451767,-0.0338774
01324185,1523964192352,-9.90507,-2.4825,0.297303,-0.163772,-0.00161013,0.374488,0.851602,0.266506,-0.336919
01324181,1523964192352,-8.96938,-1.06098,3.44151,0.423313,0.124494,-0.18229,0.80612,0.391432,-0.222466
01324180,1523964192352,-9.17522,-4.71769,0.819239,0.19388,-0.537206,0.783585,0.751641,0.314731,-0.431671
01324189,1523964192368,-6.83837,-0.646494,2.5643,0.545743,0.136075,0.84533,0.677086,-0.192946,-0.564193
01324188,1523964192368,-10.2601,1.29807,-2.64767,0.479091,2.60143,1.49049,0.77669,-0.475269,0.00831262
01324185,1523964192368,-9.51823,-2.21757,0.384778,0.00442598,0.0557091,0.361087,0.854046,0.260709,-0.337656
01324181,1523964192368,-9.06676,-0.838861,3.3521,0.460722,0.172283,-0.183722,0.807463,0.392534,-0.223566
01324180,1523964192368,-9.0191,-4.18263,1.07506,0.219984,-0.459304,0.703511,0.749405,0.302039,-0.437299
01324189,1523964192385,-6.80359,1.70942,2.65213,0.893022,0.45537,0.911609,0.67878,-0.20995,-0.559931
01324188,1523964192385,-10.4299,1.25592,-1.34641,0.81962,2.45097,1.4274,0.765095,-0.492574,0.0457683
01324185,1523964192385,-9.44476,-1.87366,0.45574,0.106246,0.131432,0.277972,0.855414,0.255404,-0.334863
01324181,1523964192385,-9.26994,-0.569515,3.32149,0.464265,0.181186,-0.182776,0.806391,0.393092,-0.224896
01324180,1523964192385,-8.97545,-3.91922,1.32828,0.0772625,-0.400727,0.638017,0.750456,0.294504,-0.441926
01324189,1523964192402,-7.74553,2.91992,3.03677,1.0983,0.672837,0.974254,0.678914,-0.226594,-0.549492
01324188,1523964192402,-9.74631,1.75553,-1.43328,1.11633,2.18074,1.35221,0.75783,-0.507349,0.0804992
01324185,1523964192402,-9.60254,-1.49691,0.633319,0.165588,0.159016,0.18931,0.85867,0.253285,-0.334985
01324181,1523964192402,-9.218,-0.335959,3.27871,0.458815,0.16467,-0.166567,0.806266,0.393488,-0.226498
01324180,1523964192402,-8.91899,-3.84259,1.4501,-0.0930028,-0.339444,0.521329,0.752551,0.287798,-0.442632
01324189,1523964192418,-8.8017,2.88086,2.34432,0.778119,0.850697,0.989035,0.68246,-0.246776,-0.537648
01324188,1523964192418,-9.58797,2.79861,-1.03005,1.03487,1.84239,1.3019,0.742971,-0.523564,0.114562
01324185,1523964192418,-9.6642,-1.10651,0.602827,0.160033,0.0805388,0.0860695,0.858948,0.250209,-0.333649
01324181,1523964192418,-9.1506,-0.0974636,3.35185,0.424727,0.161037,-0.121715,0.805594,0.394049,-0.227433
01324180,1523964192418,-8.93361,-3.86786,1.54166,-0.246797,-0.269365,0.406556,0.753169,0.282883,-0.447335
01324189,1523964192435,-8.98573,2.73863,1.61654,0.285145,0.99743,1.06887,0.686382,-0.261212,-0.52603
01324188,1523964192435,-9.20021,3.04473,-1.26152,0.30328,1.4657,1.18661,0.730009,-0.538073,0.139546
01324185,1523964192435,-9.63923,-0.702317,0.442313,0.155558,0.00633229,-0.0325261,0.86003,0.250188,-0.334698
01324181,1523964192435,-9.02177,0.010774,3.39407,0.399594,0.138633,-0.0873969,0.806259,0.394478,-0.22705
01324180,1523964192435,-8.94177,-3.99386,1.57714,-0.30548,-0.219375,0.262326,0.752906,0.282894,-0.448413
01324189,1523964192452,-8.92696,2.91492,0.900456,-0.314031,1.14865,1.14297,0.694248,-0.278333,-0.512337
01324188,1523964192452,-9.14688,1.75066,-1.04805,-0.540703,1.03681,1.03457,0.714638,-0.556597,0.151647
01324185,1523964192452,-9.55197,-0.505487,0.37832,0.154642,-0.00655413,-0.091997,0.859486,0.249894,-0.335347
01324181,1523964192452,-8.75872,-0.0492199,3.42588,0.397698,0.158492,-0.0631432,0.805868,0.395286,-0.229589
01324180,1523964192452,-8.94607,-4.01757,1.53105,-0.272813,-0.161156,0.0756781,0.752641,0.284522,-0.452972
01324189,1523964192468,-9.22822,2.65188,0.889774,-0.805466,1.27647,1.19267,0.700734,-0.285365,-0.502831
01324188,1523964192468,-9.06302,0.236495,-0.404437,-1.01931,0.621289,0.844472,0.705492,-0.570619,0.152501
01324185,1523964192468,-9.5226,-0.435741,0.492811,0.126641,0.0109585,-0.128656,0.859756,0.250878,-0.335488
01324181,1523964192468,-8.49939,-0.186902,3.46882,0.413639,0.183553,-0.0457864,0.807764,0.394264,-0.229321
01324180,1523964192468,-8.96134,-3.92993,1.44437,-0.243636,-0.111904,-0.100475,0.75209,0.285986,-0.453475
01324189,1523964192485,-9.6014,1.81185,1.18063,-0.958291,1.35587,1.19565,0.703261,-0.289275,-0.494326
01324188,1523964192485,-9.48392,-1.16229,-0.138179,-1.03499,0.213079,0.639843,0.702292,-0.579355,0.147279
01324185,1523964192485,-9.58986,-0.471259,0.68774,0.102721,0.0408529,-0.15347,0.860029,0.252026,-0.334454
01324181,1523964192485,-8.31444,-0.262257,3.35553,0.379906,0.273804,-0.0380396,0.809678,0.39167,-0.228889
01324180,1523964192485,-8.90137,-3.85324,1.3342,-0.186744,-0.0414836,-0.278082,0.750874,0.287616,-0.455587
01324189,1523964192502,-10.2646,0.567326,1.3386,-0.970975,1.42345,1.14587,0.710672,-0.294596,-0.483077
01324188,1523964192502,-10.0092,-2.02099,-0.159985,-0.769739,-0.165991,0.49053,0.697468,-0.588488,0.138685
01324185,1523964192502,-9.58995,-0.548241,0.756474,0.0330163,0.0707969,-0.219919,0.860843,0.253735,-0.333558
01324181,1523964192502,-8.30158,-0.315495,3.37354,0.321343,0.346878,-0.0510063,0.809929,0.391153,-0.226222
01324180,1523964192502,-8.8707,-3.78499,1.30588,-0.119479,0.0250552,-0.436306,0.749441,0.294446,-0.453401
01324189,1523964192518,-10.9112,-0.61012,2.00276,-0.988744,1.39876,1.08382,0.71631,-0.299295,-0.471803
01324188,1523964192518,-10.0911,-2.62159,-0.0865124,-0.483929,-0.415648,0.309203,0.693178,-0.596126,0.1291
01324185,1523964192518,-9.59477,-0.591489,0.822637,-0.0405938,0.067225,-0.294653,0.860022,0.257376,-0.334898
01324181,1523964192518,-8.34622,-0.349831,3.18312,0.277111,0.416198,-0.0761088,0.810145,0.393495,-0.223747
01324180,1523964192518,-8.93942,-3.75074,1.41657,-0.08834,0.0944936,-0.572745,0.746528,0.302181,-0.452528
01324189,1523964192535,-11.2622,-1.37532,2.85816,-0.880597,1.30711,1.00803,0.722776,-0.304882,-0.461215
01324188,1523964192535,-10.5782,-3.57359,0.460186,-0.0902926,-0.644156,0.0314348,0.69401,-0.59722,0.114876
01324185,1523964192535,-9.54698,-0.736267,0.802669,-0.0644176,0.0648647,-0.377964,0.856768,0.26462,-0.332211
01324181,1523964192535,-8.51972,-0.288832,3.21707,0.232774,0.447615,-0.0972062,0.812569,0.389849,-0.218778
01324180,1523964192535,-9.01605,-3.84443,1.51681,-0.0345579,0.156608,-0.689781,0.743326,0.310189,-0.447995
01324189,1523964192552,-11.3924,-1.71683,3.24876,-0.71765,1.20693,0.887973,0.728413,-0.309868,-0.44981
01324188,1523964192552,-11.6239,-3.87069,1.43849,0.474312,-0.866095,-0.259363,0.697544,-0.596925,0.107307
01324185,1523964192552,-9.59098,-0.943052,0.806679,-0.0655709,0.081594,-0.466503,0.85595,0.27069,-0.331875
01324181,1523964192552,-8.97813,-0.425382,3.36165,0.20104,0.510497,-0.142108,0.813873,0.390204,-0.214811
01324180,1523964192552,-9.17073,-3.88576,1.60208,0.0395127,0.215515,-0.817231,0.740255,0.320104,-0.447345
01324189,1523964192568,-11.4291,-1.92581,3.80378,-0.449901,1.14535,0.748628,0.734625,-0.313879,-0.442016
01324188,1523964192568,-11.4886,-4.11207,-1.3785,1.3857,-0.968569,-0.533856,0.705244,-0.591082,0.110405
01324185,1523964192568,-9.78942,-1.18738,0.827393,-0.0369155,0.0915416,-0.497166,0.854595,0.276099,-0.329307
01324181,1523964192568,-9.47717,-0.472556,3.39559,0.154823,0.43408,-0.163178,0.815368,0.395463,-0.209088
01324180,1523964192568,-9.34829,-4.00898,1.64318,0.14462,0.260163,-0.883058,0.739043,0.329081,-0.44093
01324189,1523964192585,-11.5143,-2.22914,5.31833,-0.139083,1.00224,0.552742,0.74026,-0.320154,-0.42955
01324188,1523964192585,-11.3948,-2.23428,-1.7019,1.82818,-0.833122,-0.771884,0.714392,-0.578236,0.115944
01324185,1523964192585,-9.99747,-1.45568,0.899718,0.0805542,0.0669511,-0.548115,0.852553,0.283705,-0.329766
01324181,1523964192585,-9.48294,-0.436188,3.34172,0.105085,0.394776,-0.180602,0.816542,0.395534,-0.205114
01324180,1523964192585,-9.55757,-3.90983,1.62234,0.278268,0.284373,-0.971645,0.735165,0.339008,-0.439863
01324189,1523964192602,-11.2264,-2.06231,6.0373,0.232338,0.713273,0.337697,0.743189,-0.325937,-0.419191
01324188,1523964192602,-12.0434,2.86592,-3.17744,1.19225,-0.770093,-0.835961,0.724356,-0.565378,0.120934
01324185,1523964192602,-10.1332,-1.65712,0.861499,0.253219,0.0635555,-0.543146,0.850243,0.289064,-0.32981
01324181,1523964192602,-9.55485,-0.39828,3.41299,0.0303396,0.380548,-0.180472,0.816194,0.398357,-0.200649
01324180,1523964192602,-9.71973,-3.70356,1.56872,0.365675,0.333147,-1.02517,0.731821,0.348334,-0.436924
01324189,1523964192618,-10.2772,-1.49312,4.58579,0.448827,0.511824,0.160899,0.744499,-0.333262,-0.40936
01324188,1523964192618,-10.8299,4.19969,-2.8332,-0.466884,-0.734918,-0.896349,0.737322,-0.553341,0.111287
01324185,1523964192618,-10.2203,-1.69277,0.778245,0.456221,0.0675267,-0.567188,0.846162,0.297484,-0.33197
01324181,1523964192618,-9.65345,-0.328952,3.24681,-0.0390895,0.332795,-0.175479,0.815571,0.402311,-0.197003
01324180,1523964192618,-9.90419,-3.64249,1.52375,0.418311,0.337225,-1.04233,0.727151,0.358291,-0.438547
01324189,1523964192635,-9.66407,-0.538645,2.66528,0.354717,0.555347,0.0642708,0.748361,-0.337852,-0.401754
01324188,1523964192635,-10.0333,2.52371,-2.87715,-1.5871,-0.633116,-0.94166,0.748142,-0.544326,0.0923166
01324185,1523964192635,-10.278,-1.5216,0.628519,0.641065,0.047321,-0.56215,0.84507,0.302263,-0.332797
01324181,1523964192635,-9.40983,-0.180531,3.27933,-0.0710916,0.305141,-0.184314,0.816152,0.405847,-0.192032
01324180,1523964192635,-10.0323,-3.47521,1.54276,0.502673,0.352584,-1.09261,0.721933,0.36795,-0.437196
01324189,1523964192652,-9.61541,0.453845,1.60809,-0.0640213,0.616409,-0.00125151,0.751952,-0.337187,-0.393494
01324188,1523964192652,-10.4029,0.616059,-2.27457,-1.98295,-0.559659,-0.934714,0.754366,-0.538098,0.0691882
01324185,1523964192652,-10.1833,-1.22858,0.49043,0.762654,0.0357017,-0.554582,0.843292,0.30527,-0.337788
01324181,1523964192652,-9.19457,-0.146391,3.21244,-0.0819368,0.29593,-0.153389,0.8169,0.406947,-0.187144
01324180,1523964192652,-9.94511,-3.29034,1.50595,0.527685,0.335653,-1.11716,0.719435,0.374367,-0.435544
01324189,1523964192668,-9.62635,0.975156,0.745409,-0.602912,0.671905,-0.033385,0.756241,-0.334111,-0.388434
01324188,1523964192668,-10.4245,-1.27899,-1.23922,-1.58491,-0.461559,-0.897242,0.763141,-0.527431,0.0468444
01324185,1523964192668,-9.96561,-0.936283,0.395606,0.818717,0.0369535,-0.557256,0.841248,0.3086,-0.34069
01324181,1523964192668,-9.24659,-0.239172,3.18007,-0.115674,0.334741,-0.156369,0.817377,0.407916,-0.181852
01324180,1523964192668,-9.7896,-3.14067,1.45029,0.572068,0.329834,-1.16791,0.713143,0.384338,-0.434711
01324189,1523964192685,-9.93475,0.660869,0.386644,-1.02618,0.754028,-0.0206835,0.762009,-0.327909,-0.383501
01324188,1523964192685,-10.1734,-1.37734,-1.0983,-0.521488,-0.37733,-0.812894,0.770552,-0.517077,0.0347364
01324185,1523964192685,-9.82267,-0.706044,0.384692,0.816798,0.0246552,-0.558912,0.839065,0.311058,-0.34489
01324181,1523964192685,-9.34531,-0.318083,3.31136,-0.113993,0.315506,-0.146162,0.817287,0.410901,-0.176331
01324180,1523964192685,-9.70929,-2.96749,1.36985,0.581032,0.333931,-1.19418,0.707963,0.391541,-0.435166
01324189,1523964192702,-10.3605,-0.314904,1.00413,-1.19639,0.728336,-0.0424262,0.770113,-0.320631,-0.381395
01324188,1523964192702,-9.93609,0.059347,-1.51749,0.222761,-0.31373,-0.681435,0.778224,-0.505331,0.0270231
01324185,1523964192702,-9.79341,-0.585854,0.370072,0.767406,0.0115064,-0.601305,0.833489,0.315615,-0.350015
01324181,1523964192702,-9.29002,-0.237247,3.16527,-0.112205,0.276506,-0.149979,0.81857,0.413669,-0.173345
01324180,1523964192702,-9.66729,-2.82623,1.29853,0.576714,0.330474,-1.19596,0.703405,0.403383,-0.436889
01324189,1523964192718,-10.1563,-1.14824,1.52483,-1.20334,0.583361,-0.0883998,0.774552,-0.312689,-0.380847
01324188,1523964192718,-9.99924,1.27922,-2.15378,0.355141,-0.252552,-0.64715,0.784698,-0.498399,0.0260286
01324185,1523964192718,-9.87992,-0.464942,0.357973,0.652949,-0.0334179,-0.622986,0.831299,0.320715,-0.356202
01324181,1523964192718,-9.14613,-0.204014,3.17521,-0.126446,0.288911,-0.146419,0.817397,0.417377,-0.168226
01324180,1523964192718,-9.64169,-2.7337,1.25095,0.553023,0.310495,-1.16458,0.695107,0.412807,-0.435767
01324189,1523964192735,-9.83795,-1.30411,1.86285,-0.984856,0.494664,-0.147971,0.776251,-0.304379,-0.37866
01324188,1523964192735,-9.82309,1.84005,-2.45384,0.180497,-0.207559,-0.652263,0.789272,-0.491663,0.026797
01324185,1523964192735,-9.82698,-0.46052,0.287723,0.541254,-0.047299,-0.622785,0.827493,0.325895,-0.3582
01324181,1523964192735,-9.22352,-0.209734,3.11686,-0.137099,0.279996,-0.14989,0.817747,0.418607,-0.164134
01324180,1523964192735,-9.6342,-2.72063,1.16409,0.540681,0.294141,-1.13664,0.690635,0.420337,-0.444471
01324189,1523964192752,-9.80509,-1.09279,2.21823,-0.602912,0.439751,-0.191015,0.78218,-0.29848,-0.376005
01324188,1523964192752,-9.58982,2.17178,-2.4322,-0.161593,-0.158584,-0.675281,0.795191,-0.482599,0.024057
01324185,1523964192752,-9.79842,-0.561867,0.239015,0.427776,-0.058345,-0.603883,0.824225,0.32849,-0.36266
01324181,1523964192752,-9.24983,-0.23429,3.09785,-0.117566,0.292565,-0.141215,0.817405,0.421001,-0.159661
01324180,1523964192752,-9.56452,-2.65371,1.07571,0.513291,0.260172,-1.15112,0.683315,0.427438,-0.445843
01324189,1523964192768,-9.84874,-1.12704,2.19933,-0.248899,0.360913,-0.244757,0.785397,-0.293663,-0.373863
01324188,1523964192768,-9.60128,1.68372,-2.28088,-0.473798,-0.123388,-0.665513,0.800431,-0.473119,0.0189266
01324185,1523964192768,-9.80122,-0.663021,0.186795,0.366915,-0.0769816,-0.588385,0.820821,0.335204,-0.36559
01324181,1523964192768,-9.44558,-0.149267,3.09979,-0.144155,0.265617,-0.163735,0.818139,0.424494,-0.156551
01324180,1523964192768,-9.57568,-2.5428,1.07621,0.440183,0.256308,-1.10235,0.677828,0.43769,-0.445827
01324189,1523964192785,-9.88919,-1.41771,1.61995,0.0405039,0.318043,-0.309449,0.79021,-0.287721,-0.368518
01324188,1523964192785,-9.84735,0.492145,-2.08525,-0.43353,-0.088267,-0.636533,0.804997,-0.464461,0.0129449
01324185,1523964192785,-9.75111,-0.827095,0.145089,0.342653,-0.0729484,-0.561178,0.817282,0.340777,-0.369162
01324181,1523964192785,-9.55631,-0.119056,3.12266,-0.131827,0.235873,-0.148493,0.816752,0.423632,-0.151069
01324180,1523964192785,-9.49957,-2.56918,0.914881,0.366689,0.212091,-1.0504,0.672853,0.447312,-0.439073
01324189,1523964192802,-10.0505,-1.50097,0.984464,0.293409,0.287667,-0.367159,0.793689,-0.285774,-0.363458
01324188,1523964192802,-9.85014,-0.280204,-1.97233,-0.0356673,-0.0570138,-0.6007,0.811458,-0.455141,0.010753
01324185,1523964192802,-9.80449,-0.915878,0.111892,0.327463,-0.0680659,-0.52716,0.812933,0.345529,-0.371416
01324181,1523964192802,-9.67195,-0.0380017,3.20247,-0.134599,0.198913,-0.140166,0.817761,0.425581,-0.146467
01324180,1523964192802,-9.46933,-2.63075,0.835081,0.317942,0.1991,-0.978728,0.664992,0.454418,-0.439626
01324189,1523964192818,-10.2357,-1.19518,0.535253,0.506686,0.276765,-0.393052,0.795519,-0.281912,-0.358096
01324188,1523964192818,-9.84397,0.0869631,-2.07198,0.417879,-0.0191869,-0.570642,0.814935,-0.44682,0.0123079
01324185,1523964192818,-9.89633,-0.965886,0.0920739,0.353964,-0.0811211,-0.484562,0.810075,0.35,-0.373672
01324181,1523964192818,-9.75034,0.0363277,3.145,-0.110744,0.158685,-0.118171,0.818495,0.429492,-0.143898
01324180,1523964192818,-9.53071,-2.71758,0.759082,0.288034,0.137538,-0.885288,0.659138,0.460745,-0.437115
01324189,1523964192835,-10.3138,-0.678189,0.38675,0.607447,0.230832,-0.392623,0.79955,-0.281418,-0.35292
01324188,1523964192835,-9.95822,0.566755,-2.3546,0.667385,-0.0110908,-0.529933,0.818019,-0.441272,0.0171967
01324185,1523964192835,-9.9399,-0.965689,0.0114404,0.380297,-0.0933108,-0.445382,0.806939,0.352708,-0.379571
01324181,1523964192835,-9.65664,0.0277447,3.12886,-0.114457,0.110402,-0.0979142,0.816285,0.431316,-0.140457
01324180,1523964192835,-9.49365,-2.74523,0.674701,0.250988,0.0828885,-0.788335,0.654762,0.468226,-0.437982
01324189,1523964192852,-10.2054,-0.171447,0.0674561,0.599987,0.165193,-0.424541,0.8014,-0.281439,-0.347188
01324188,1523964192852,-9.94277,0.796333,-2.78518,0.592321,0.00147114,-0.508182,0.82273,-0.43512,0.0210252
01324185,1523964192852,-9.93035,-0.975416,-0.0276902,0.384278,-0.0780644,-0.41487,0.803673,0.355882,-0.383252
01324181,1523964192852,-9.57094,-0.0198485,3.23175,-0.120759,0.105274,-0.08761,0.817058,0.434026,-0.140389
01324180,1523964192852,-9.40742,-2.83019,0.585652,0.246737,0.049083,-0.676108,0.648823,0.472702,-0.441049
01324189,1523964192868,-10.0028,0.200693,-0.165953,0.46095,0.133765,-0.417888,0.806518,-0.278103,-0.343608
01324188,1523964192868,-9.7651,0.43978,-2.92291,0.410996,0.00302319,-0.481929,0.825123,-0.427527,0.0260508
01324185,1523964192868,-9.88215,-0.966114,-0.058966,0.38709,-0.0388846,-0.370911,0.802302,0.360598,-0.387346
01324181,1523964192868,-9.45294,-0.028168,3.24474,-0.111014,0.104511,-0.0807807,0.818501,0.435344,-0.138172
01324180,1523964192868,-9.33367,-2.89629,0.525587,0.23564,0.0155282,-0.577982,0.644792,0.475414,-0.446072
01324189,1523964192885,-9.88677,0.434471,-0.0795229,0.318593,0.107621,-0.40679,0.806985,-0.272339,-0.339152
01324188,1523964192885,-9.43724,0.182775,-2.89185,0.285366,-0.0162364,-0.504183,0.830227,-0.419005,0.0289449
01324185,1523964192885,-9.80495,-0.956971,-0.0672175,0.362488,-0.0144473,-0.330236,0.799723,0.362704,-0.387881
01324181,1523964192885,-9.37027,-0.163196,3.41932,-0.0896339,0.0830893,-0.0931037,0.819152,0.435802,-0.13646
01324180,1523964192885,-9.23152,-2.92117,0.480528,0.248905,-0.0272381,-0.453389,0.640985,0.480718,-0.448342
01324189,1523964192902,-9.74665,0.427602,0.244854,0.23906,0.0671296,-0.377563,0.810679,-0.269183,-0.337339
01324188,1523964192902,-9.36922,0.265264,-3.00143,0.107307,-0.00953638,-0.524789,0.833848,-0.411931,0.0290728
01324185,1523964192902,-9.78079,-0.9571,-0.0439869,0.353574,0.0177202,-0.293017,0.799715,0.363356,-0.390633
01324181,1523964192902,-9.21722,-0.190401,3.30007,-0.077098,0.102396,-0.0999083,0.818435,0.438136,-0.134906
01324180,1523964192902,-9.13938,-2.92206,0.437919,0.267531,-0.0643729,-0.346296,0.637459,0.483383,-0.446886
01324189,1523964192918,-9.38887,0.248817,0.117325,0.144463,0.0697481,-0.369068,0.813357,-0.266075,-0.334669
01324188,1523964192918,-9.27242,0.298222,-2.9375,-0.0582824,-0.0307498,-0.510211,0.835156,-0.403687,0.0268781
01324185,1523964192918,-9.76629,-0.98603,0.0139229,0.287864,0.0274081,-0.267496,0.797272,0.363906,-0.391414
01324181,1523964192918,-9.18277,-0.253074,3.3015,-0.0663745,0.0969361,-0.10861,0.816501,0.439384,-0.131456
01324180,1523964192918,-9.00868,-2.92033,0.419869,0.259353,-0.0720612,-0.226867,0.634257,0.48346,-0.450351
01324189,1523964192935,-9.22391,0.0697373,0.055991,0.0411053,0.141572,-0.355364,0.81454,-0.26379,-0.33172
01324188,1523964192935,-9.08872,0.301095,-2.75365,-0.080943,-0.0193718,-0.513756,0.837843,-0.399043,0.0263268
01324185,1523964192935,-9.63623,-1.0783,0.0529786,0.242188,0.0511638,-0.226804,0.796721,0.36725,-0.393537
01324181,1523964192935,-9.17257,-0.30632,3.29292,-0.0343171,0.0809104,-0.116605,0.817163,0.440236,-0.131347
01324180,1523964192935,-8.92586,-2.94788,0.377023,0.276828,-0.102524,-0.103036,0.634279,0.483192,-0.454141
01324189,1523964192952,-9.56113,-0.205174,0.401197,-0.0384452,0.158094,-0.334265,0.815853,-0.256483,-0.331141
01324188,1523964192952,-9.26877,-0.00123701,-2.52329,-0.0511494,-0.0200455,-0.498535,0.84323,-0.39215,0.026556
01324185,1523964192952,-9.63148,-1.12164,0.0774849,0.242379,0.0674525,-0.182685,0.796176,0.366379,-0.394834
01324181,1523964192952,-9.201,-0.38909,3.22671,-0.00662415,0.0797224,-0.134788,0.81723,0.445114,-0.130785
01324180,1523964192952,-8.85766,-2.97585,0.3582,0.276584,-0.103764,0.00242842,0.634242,0.47772,-0.460738
01324189,1523964192968,-9.72071,-0.577464,0.592578,-0.00371482,0.100802,-0.355327,0.8192,-0.250947,-0.328727
01324188,1523964192968,-9.38638,-0.441817,-2.55688,0.093633,-0.00266258,-0.491162,0.845349,-0.383566,0.0261237
01324185,1523964192968,-9.6678,-1.19362,0.108897,0.198557,0.059283,-0.159613,0.79536,0.365788,-0.396264
01324181,1523964192968,-9.27806,-0.399681,3.19743,0.0263804,0.0573129,-0.154029,0.81573,0.446984,-0.13134
01324180,1523964192968,-8.83367,-2.96109,0.358516,0.240861,-0.12418,0.0961261,0.634152,0.474832,-0.462687
01324189,1523964192985,-9.73249,-0.748856,0.373283,0.0847289,0.0687565,-0.374515,0.823239,-0.247444,-0.326202
01324188,1523964192985,-9.32787,-0.315773,-2.68362,0.208818,0.00664154,-0.4646,0.848832,-0.375807,0.0241407
01324185,1523964192985,-9.68007,-1.26577,0.110164,0.168273,0.060959,-0.108559,0.794816,0.367485,-0.396017
01324181,1523964192985,-9.29737,-0.395055,3.19481,0.0654787,0.000731251,-0.156364,0.815173,0.447033,-0.129475
01324180,1523964192985,-8.85,-3.0047,0.3557,0.213481,-0.122832,0.198815,0.634748,0.473276,-0.471107
01324189,1523964193002,-9.79039,-0.797832,0.0332723,0.180175,0.0228298,-0.388318,0.823617,-0.241556,-0.326695
01324188,1523964193002,-9.34667,-0.165952,-2.72093,0.175672,-0.00206056,-0.465814,0.851776,-0.368873,0.0244031
01324185,1523964193002,-9.70919,-1.32338,0.102298,0.136919,0.0608409,-0.0617409,0.795224,0.368056,-0.395632
01324181,1523964193002,-9.20533,-0.461885,3.17977,0.103768,-0.0259467,-0.166214,0.814642,0.44883,-0.132697
01324180,1523964193002,-8.86637,-3.06829,0.415612,0.217861,-0.120936,0.278846,0.635881,0.469797,-0.474843
01324189,1523964193018,-9.76124,-0.766059,0.0523803,0.253301,-0.00727563,-0.384469,0.825888,-0.238294,-0.324152
01324188,1523964193018,-9.24717,-0.0603474,-2.70341,0.0832134,0.00630649,-0.464573,0.854183,-0.3631,0.0247342
01324185,1523964193018,-9.70929,-1.37152,0.122208,0.139325,0.0439432,0.0132054,0.79482,0.366095,-0.394958
01324181,1523964193018,-9.13229,-0.538655,3.17688,0.150945,-0.034856,-0.172485,0.812889,0.45011,-0.134168
01324180,1523964193018,-8.84169,-3.11663,0.449424,0.235983,-0.100563,0.358209,0.637328,0.461658,-0.476649
01324189,1523964193035,-9.68666,-0.905704,0.123944,0.271098,-0.0540524,-0.366565,0.826705,-0.236164,-0.325483
01324188,1523964193035,-9.27942,-0.280412,-2.59287,-0.0440994,0.0316352,-0.456315,0.855763,-0.355802,0.0301556
01324185,1523964193035,-9.58869,-1.38669,0.146317,0.15036,0.0269459,0.0847137,0.79658,0.361953,-0.397669
01324181,1523964193035,-9.04044,-0.561848,3.19965,0.204401,-0.0732146,-0.193694,0.811379,0.454365,-0.136899
01324180,1523964193035,-8.76931,-3.13111,0.529808,0.243898,-0.081503,0.412879,0.639945,0.455514,-0.475865
01324189,1523964193052,-9.56374,-1.22999,0.106713,0.207153,-0.0706566,-0.348999,0.827632,-0.233593,-0.324403
01324188,1523964193052,-9.3207,-1.01049,-2.64368,-0.080638,0.0441281,-0.431629,0.858438,-0.34925,0.0293197
01324185,1523964193052,-9.40041,-1.35413,0.171892,0.184821,0.00261998,0.149423,0.79902,0.359676,-0.398702
01324181,1523964193052,-8.99725,-0.546791,3.21171,0.240051,-0.0813896,-0.207682,0.810555,0.458304,-0.140562
01324180,1523964193052,-8.62937,-3.11533,0.56268,0.290532,-0.0699715,0.457185,0.644736,0.448777,-0.479314
01324189,1523964193068,-9.58079,-1.4927,-0.0153569,0.191247,-0.0938428,-0.373881,0.828981,-0.229748,-0.325458
01324188,1523964193068,-9.15724,-1.26719,-2.57043,0.0119286,0.0534766,-0.407851,0.860997,-0.346133,0.030291
01324185,1523964193068,-9.21696,-1.30231,0.165932,0.217223,-0.00589522,0.207231,0.800782,0.358387,-0.399741
01324181,1523964193068,-9.0022,-0.449899,3.32574,0.282658,-0.107724,-0.201159,0.809221,0.459126,-0.143091
01324180,1523964193068,-8.49166,-3.11408,0.597868,0.298744,-0.0494075,0.481087,0.646187,0.442556,-0.486489
01324189,1523964193085,-9.60697,-1.63711,0.121002,0.246963,-0.10389,-0.373666,0.831828,-0.2258,-0.326664
01324188,1523964193085,-9.23455,-1.23924,-2.38718,0.12544,0.0698283,-0.382129,0.863396,-0.339146,0.0327189
01324185,1523964193085,-9.12518,-1.20905,0.095531,0.244251,-0.00225006,0.242876,0.801596,0.35243,-0.401517
01324181,1523964193085,-8.97994,-0.328308,3.2994,0.300447,-0.141409,-0.2067,0.808683,0.46205,-0.147134
01324180,1523964193085,-8.42104,-3.147,0.593543,0.346903,-0.0202566,0.522012,0.651381,0.43596,-0.490482
01324189,1523964193102,-9.63373,-1.76105,0.393726,0.320142,-0.127045,-0.37159,0.830153,-0.220857,-0.325401
01324188,1523964193102,-9.425,-1.08231,-2.31492,0.174316,0.103739,-0.361987,0.865264,-0.334128,0.0338178
01324185,1523964193102,-9.0721,-1.11079,-0.0436287,0.227154,-0.0246335,0.275342,0.803496,0.347897,-0.402526
01324181,1523964193102,-9.03055,-0.21236,3.18577,0.34658,-0.155117,-0.186283,0.804945,0.463279,-0.152172
01324180,1523964193102,-8.39392,-3.19524,0.620128,0.369344,-0.0117975,0.540657,0.653919,0.42591,-0.491261
01324189,1523964193118,-9.67392,-1.80178,0.778818,0.458103,-0.204421,-0.406508,0.831515,-0.218311,-0.327003
01324188,1523964193118,-9.40298,-0.998782,-2.20274,0.207582,0.143465,-0.322383,0.86632,-0.329178,0.0335755
01324185,1523964193118,-9.08642,-0.975981,-0.165721,0.215166,-0.0314591,0.283905,0.804307,0.343043,-0.40562
01324181,1523964193118,-9.01901,-0.095648,3.03629,0.37848,-0.178586,-0.165922,0.804198,0.46176,-0.156652
01324180,1523964193118,-8.48767,-3.23981,0.621385,0.401297,-0.0161016,0.586555,0.660473,0.416516,-0.492357
01324189,1523964193135,-9.61562,-1.75281,0.812131,0.622308,-0.327009,-0.429729,0.830704,-0.21571,-0.329248
01324188,1523964193135,-8.98708,-0.974214,-2.14123,0.232825,0.213885,-0.307216,0.867097,-0.323909,0.0390147
01324185,1523964193135,-9.11053,-0.894076,-0.281997,0.178609,-0.0415674,0.293369,0.80607,0.337079,-0.407791
01324181,1523964193135,-8.93877,-0.029138,2.96791,0.371144,-0.203592,-0.129943,0.803965,0.463625,-0.163069
01324180,1523964193135,-8.56532,-3.23133,0.647259,0.412549,-0.0199208,0.604202,0.66489,0.40776,-0.496652
01324189,1523964193152,-9.30441,-1.40693,0.876408,0.7303,-0.414503,-0.423047,0.831126,-0.213863,-0.331781
01324188,1523964193152,-8.59272,-0.242624,-2.49508,0.202158,0.24964,-0.296371,0.86938,-0.320408,0.0443243
01324185,1523964193152,-9.06717,-0.865518,-0.352085,0.13492,-0.0542741,0.300293,0.807291,0.333533,-0.408807
01324181,1523964193152,-8.79506,0.038037,3.00377,0.381608,-0.208265,-0.0955843,0.802502,0.466107,-0.16829
01324180,1523964193152,-8.52234,-3.19229,0.655143,0.404804,-0.0269104,0.601466,0.667532,0.398407,-0.493094
01324189,1523964193168,-8.90538,-1.14651,1.11441,0.716364,-0.528385,-0.442504,0.830333,-0.212707,-0.334974
01324188,1523964193168,-8.88224,-0.0465656,-2.10233,0.0416468,0.323954,-0.293169,0.871113,-0.316001,0.0491586
01324185,1523964193168,-8.92722,-0.87117,-0.314344,0.101979,-0.0670448,0.311436,0.809461,0.328711,-0.410206
01324181,1523964193168,-8.68011,0.0612431,2.98957,0.365329,-0.230487,-0.0517991,0.802569,0.465537,-0.17466
01324180,1523964193168,-8.38749,-3.14234,0.647067,0.37789,-0.0428046,0.602046,0.673555,0.389029,-0.495263
01324189,1523964193185,-9.52822,-0.982688,1.3311,0.723314,-0.64742,-0.461684,0.830234,-0.209853,-0.340572
01324188,1523964193185,-9.65427,-0.994919,-2.62678,0.0788324,0.401256,-0.302764,0.871742,-0.308498,0.0536617
01324185,1523964193185,-8.80642,-0.905484,-0.156595,0.111376,-0.0758138,0.325062,0.813258,0.324166,-0.411875
01324181,1523964193185,-8.88718,0.000456577,3.12465,0.345621,-0.229212,-0.0318401,0.801537,0.466003,-0.180109
01324180,1523964193185,-8.297,-3.04003,0.660597,0.345665,-0.0453415,0.59128,0.677994,0.377945,-0.498524
01324189,1523964193202,-9.91525,-0.950478,0.711463,0.662911,-0.736514,-0.435002,0.825005,-0.208895,-0.349471
01324188,1523964193202,-9.46996,-0.862873,-2.99041,0.130256,0.400503,-0.287347,0.872812,-0.306601,0.059425
01324185,1523964193202,-8.85949,-0.996525,-0.0247895,0.159421,-0.0726635,0.336908,0.814211,0.318231,-0.412474
01324181,1523964193202,-9.3218,-0.00713914,3.16065,0.325909,-0.258026,-0.0146784,0.799242,0.461571,-0.187835
01324180,1523964193202,-8.44273,-2.98341,0.623232,0.301055,-0.0409111,0.582284,0.679784,0.365772,-0.505823
01324189,1523964193218,-9.95564,-1.26033,0.463062,0.499696,-0.762453,-0.428385,0.822214,-0.206561,-0.357986
01324188,1523964193218,-9.47234,-0.839735,-2.84861,-0.0214893,0.405535,-0.290987,0.872241,-0.302775,0.0650602
01324185,1523964193218,-9.20676,-1.028,0.0486341,0.202902,-0.059167,0.324944,0.815158,0.312531,-0.415561
01324181,1523964193218,-9.42846,-0.0374026,3.02531,0.295606,-0.307463,-0.00808655,0.800381,0.460859,-0.193415
01324180,1523964193218,-8.81209,-3.03091,0.595196,0.264032,-0.036096,0.599737,0.683092,0.359492,-0.508701
01324189,1523964193235,-9.87317,-1.40603,0.0720213,0.344296,-0.84213,-0.486526,0.817378,-0.203023,-0.366869
01324188,1523964193235,-9.06166,-1.64751,-3.41003,-0.0991393,0.405691,-0.26841,0.872215,-0.299401,0.070795
01324185,1523964193235,-9.71558,-0.962275,0.0066551,0.182442,-0.0416694,0.299452,0.817053,0.311796,-0.417129
01324181,1523964193235,-9.44667,-0.0328589,3.13861,0.277562,-0.324456,0.0297535,0.799889,0.461316,-0.199002
01324180,1523964193235,-9.21706,-3.14198,0.605133,0.237491,-0.0241052,0.610267,0.688441,0.352772,-0.516618
01324189,1523964193252,-9.67786,-1.61102,0.0880578,0.232925,-0.903195,-0.509031,0.814455,-0.198966,-0.376841
01324188,1523964193252,-9.0185,-1.73544,-3.26999,-0.115605,0.39045,-0.260718,0.874631,-0.295624,0.0763896
01324185,1523964193252,-10.0702,-0.955309,-0.0558774,0.144489,-0.0449008,0.296192,0.819354,0.306226,-0.420744
01324181,1523964193252,-9.23582,0.0326996,3.15561,0.229386,-0.329411,0.0539376,0.799422,0.460604,-0.205629
01324180,1523964193252,-9.53384,-3.17786,0.679183,0.223209,-0.00851861,0.617381,0.692055,0.343443,-0.519832
01324189,1523964193268,-9.61809,-1.72657,0.150166,0.0827366,-0.905081,-0.500656,0.810597,-0.192597,-0.39013
01324188,1523964193268,-9.28189,-1.71852,-3.48468,-0.143447,0.367675,-0.240839,0.875151,-0.292511,0.0812929
01324185,1523964193268,-10.0847,-0.991267,0.0179015,0.128389,-0.0481467,0.309841,0.819631,0.302155,-0.41979
01324181,1523964193268,-9.02442,0.146686,3.29485,0.165251,-0.327522,0.0661608,0.798723,0.457308,-0.212731
01324180,1523964193268,-9.58373,-3.0998,0.7758,0.191861,-0.00840395,0.604906,0.696458,0.334522,-0.520887
01324189,1523964193285,-9.84791,-1.21328,0.227878,-0.0425417,-0.892494,-0.499283,0.80685,-0.18378,-0.402329
01324188,1523964193285,-9.24564,-1.74759,-3.83125,-0.0979349,0.323985,-0.202055,0.875127,-0.288776,0.08247
01324185,1523964193285,-9.83836,-1.00468,0.189473,0.199263,-0.0257999,0.321471,0.821126,0.293375,-0.421672
01324181,1523964193285,-9.12044,0.30549,3.5182,0.102865,-0.318459,0.0802372,0.798768,0.456647,-0.216706
01324180,1523964193285,-9.46013,-2.97395,0.88404,0.139637,-0.0117437,0.585214,0.699467,0.327623,-0.516204
01324189,1523964193302,-10.0634,-0.782946,-0.0818389,-0.195036,-0.769971,-0.434246,0.802278,-0.176084,-0.412923
01324188,1523964193302,-9.28232,-1.25249,-4.62482,-0.0464654,0.209902,-0.195884,0.875916,-0.285169,0.0860537
01324185,1523964193302,-9.62062,-0.916755,0.402474,0.3637,0.0080569,0.341433,0.822894,0.285454,-0.422909
01324181,1523964193302,-9.49623,0.587091,3.80503,0.0226656,-0.311147,0.0935496,0.797863,0.456852,-0.220954
01324180,1523964193302,-9.33524,-2.92971,0.948341,0.083769,-0.000924028,0.558545,0.70075,0.320923,-0.515546
01324189,1523964193318,-10.7675,-0.592309,-0.107268,-0.391116,-0.684764,-0.331869,0.79841,-0.170858,-0.42448
01324188,1523964193318,-9.41558,-0.689777,-5.03319,-0.141452,0.095926,-0.197817,0.874269,-0.282462,0.087995
01324185,1523964193318,-9.69673,-0.615213,0.51667,0.507835,0.0348421,0.341112,0.826016,0.281362,-0.423011
01324181,1523964193318,-9.63699,0.760034,3.89258,-0.0398617,-0.368973,0.125154,0.798631,0.454403,-0.227691
01324180,1523964193318,-9.38553,-2.95901,0.92352,0.0403017,0.0175188,0.505655,0.705812,0.314036,-0.519137
01324189,1523964193335,-11.2,-0.765966,0.225013,-0.585004,-0.527909,-0.198566,0.796273,-0.164654,-0.43257
01324188,1523964193335,-9.70176,-0.939618,-5.01425,-0.214465,-0.0208135,-0.195208,0.875489,-0.282204,0.0882653
01324185,1523964193335,-10.0964,-0.258928,0.369974,0.572065,0.0357967,0.324108,0.828866,0.272575,-0.425289
01324181,1523964193335,-9.89612,0.846392,4.30948,-0.0759511,-0.388845,0.195835,0.798012,0.453036,-0.231643
01324180,1523964193335,-9.73608,-2.98265,0.944137,0.0392319,0.0296405,0.426683,0.708266,0.31095,-0.519776
01324189,1523964193352,-11.3893,-1.56536,0.347675,-0.600233,-0.417074,-0.107265,0.793592,-0.157861,-0.441051
01324188,1523964193352,-9.76991,-1.06051,-4.9308,-0.191454,-0.163664,-0.188661,0.876964,-0.279063,0.0860186
01324185,1523964193352,-10.6359,0.194408,0.085113,0.517638,0.0106939,0.229191,0.829812,0.266021,-0.428759
01324181,1523964193352,-9.85756,0.732728,4.42299,-0.113743,-0.386648,0.269243,0.799852,0.449334,-0.236105
01324180,1523964193352,-10.2872,-3.01323,0.941005,0.0589748,0.0324977,0.377712,0.711562,0.304657,-0.520221
01324189,1523964193368,-10.6467,-2.35136,0.436825,-0.517951,-0.317045,-0.0664391,0.791577,-0.152944,-0.446878
01324188,1523964193368,-9.70338,-1.34867,-4.44017,-0.183963,-0.276707,-0.155322,0.87995,-0.278082,0.0795762
01324185,1523964193368,-11.1416,0.731743,-0.265148,0.351904,0.0114354,0.143576,0.83076,0.261323,-0.431071
01324181,1523964193368,-9.64167,1.04594,4.28555,-0.194857,-0.280671,0.317732,0.799797,0.445819,-0.239753
01324180,1523964193368,-10.9016,-3.02051,0.94705,0.0524129,0.0495713,0.314628,0.713229,0.299252,-0.519002
01324189,1523964193385,-9.99954,-2.73605,0.465085,-0.342506,-0.215439,-0.0661597,0.789283,-0.149164,-0.451372
01324188,1523964193385,-9.32864,-2.00703,-4.27587,-0.068408,-0.374197,-0.117471,0.88035,-0.276395,0.0745577
01324185,1523964193385,-11.4931,1.13578,-0.52601,0.0822393,0.0152984,0.0937437,0.832796,0.25708,-0.43169
01324181,1523964193385,-9.5541,1.2848,4.20425,-0.247391,-0.149318,0.348293,0.800791,0.442631,-0.240893
01324180,1523964193385,-11.309,-2.94795,0.938638,0.0130699,0.0332166,0.251076,0.715953,0.295575,-0.518575
01324189,1523964193402,-9.72438,-2.95511,0.803613,-0.173031,-0.142121,-0.0639968,0.789145,-0.145286,-0.453614
01324188,1523964193402,-9.20767,-1.97008,-4.10388,0.108118,-0.455467,-0.0852799,0.880876,-0.272947,0.0692436
01324185,1523964193402,-11.5748,1.28309,-0.596818,-0.201379,0.0378007,0.0446019,0.832258,0.258815,-0.429483
01324181,1523964193402,-9.77045,1.27982,4.19572,-0.325793,-0.0248276,0.389325,0.804449,0.440027,-0.239814
01324180,1523964193402,-11.423,-2.73167,0.904877,-0.107775,-0.0197855,0.163863,0.718379,0.295251,-0.520104
01324189,1523964193418,-9.60581,-2.93255,1.14021,-0.0145144,-0.0436617,-0.0903208,0.789704,-0.14416,-0.455753
01324188,1523964193418,-9.38962,-1.46358,-4.03004,0.130218,-0.528448,-0.050573,0.881684,-0.271197,0.062742
01324185,1523964193418,-11.4401,1.11618,-0.53293,-0.487315,0.0533272,0.000567591,0.832799,0.260086,-0.429366
01324181,1523964193418,-10.1467,1.19752,4.46054,-0.389994,0.0606609,0.421408,0.808262,0.434875,-0.237353
01324180,1523964193418,-11.3291,-2.4833,0.805649,-0.299165,-0.0515079,0.095656,0.718904,0.295964,-0.519557
01324189,1523964193435,-9.78167,-2.80767,1.09448,0.110601,0.0552218,-0.0740623,0.791332,-0.144487,-0.454971
01324188,1523964193435,-9.45716,-1.41779,-3.99143,0.0773302,-0.606915,-0.0155218,0.883053,-0.271972,0.05392
01324185,1523964193435,-11.2962,0.790315,-0.45567,-0.721163,0.0674977,-0.0401127,0.834433,0.265674,-0.424718
01324181,1523964193435,-10.206,1.00993,4.54586,-0.432802,0.0574179,0.439655,0.811505,0.431749,-0.234264
01324180,1523964193435,-11.1471,-2.31366,0.716517,-0.53271,-0.0746663,0.0289612,0.716452,0.2992,-0.519726
01324189,1523964193452,-9.87034,-2.87208,0.964228,0.163541,0.139276,-0.0651412,0.791725,-0.14449,-0.45337
01324188,1523964193452,-9.44898,-1.81501,-3.7376,0.0427551,-0.664059,0.0110607,0.883477,-0.273204,0.042791
01324185,1523964193452,-11.2534,0.469942,-0.328034,-0.874644,0.0844735,-0.0732237,0.835248,0.274495,-0.420622
01324181,1523964193452,-10.0486,0.696436,4.50458,-0.43285,0.0647265,0.454369,0.815302,0.424965,-0.227915
01324180,1523964193452,-10.9804,-2.2749,0.660352,-0.740374,-0.0687593,-0.0409117,0.71569,0.305871,-0.517148
01324189,1523964193468,-9.74535,-2.93043,0.872142,0.207924,0.223386,-0.0474049,0.793747,-0.144963,-0.450988
01324188,1523964193468,-9.49914,-2.29685,-3.41998,0.180999,-0.721203,0.0627139,0.885106,-0.272245,0.0342089
01324185,1523964193468,-11.2541,0.096928,-0.137337,-1.01049,0.110478,-0.0655799,0.835256,0.281086,-0.415194
01324181,1523964193468,-9.87842,0.451084,4.38479,-0.439732,0.103958,0.427135,0.818002,0.421856,-0.224422
01324180,1523964193468,-10.875,-2.35021,0.593295,-0.904984,-0.0496277,-0.0629603,0.717859,0.313349,-0.512705
01324189,1523964193485,-9.52526,-2.81916,0.730342,0.237282,0.281703,-0.0474609,0.798753,-0.146657,-0.446642
01324188,1523964193485,-9.37341,-2.2836,-3.31038,0.387227,-0.787025,0.116521,0.888115,-0.274665,0.0256675
01324185,1523964193485,-11.2454,-0.307501,-0.00738054,-1.12371,0.124085,-0.0434251,0.836759,0.287993,-0.407944
01324181,1523964193485,-9.72255,0.166781,4.22218,-0.427035,0.116599,0.395306,0.82257,0.419315,-0.219897
01324180,1523964193485,-10.7524,-2.46925,0.572087,-1.01643,-0.018164,-0.0793262,0.716745,0.323016,-0.500601
01324189,1523964193502,-9.3843,-2.46598,0.58301,0.26164,0.362562,-0.024464,0.800339,-0.147535,-0.44118
01324188,1523964193502,-9.34099,-2.01741,-3.46707,0.509665,-0.84226,0.180473,0.887312,-0.275346,0.0156661
01324185,1523964193502,-11.1112,-0.707922,0.0929035,-1.17317,0.151294,-0.01125,0.838535,0.294915,-0.39991
01324181,1523964193502,-9.58706,0.00835619,4.10534,-0.400034,0.138743,0.349714,0.824482,0.414225,-0.215823
01324180,1523964193502,-10.562,-2.61225,0.609413,-1.06849,0.0150236,-0.0847759,0.718205,0.332225,-0.492463
01324189,1523964193518,-9.36818,-2.04951,0.539943,0.249693,0.442135,0.0117651,0.803571,-0.150185,-0.435885
01324188,1523964193518,-9.34917,-1.5893,-3.30724,0.471668,-0.916085,0.227177,0.885577,-0.2789,0.00509247
01324185,1523964193518,-10.9143,-1.04616,0.170447,-1.19194,0.151985,0.0397561,0.839092,0.301845,-0.39148
01324181,1523964193518,-9.39027,-0.0959249,3.93471,-0.37209,0.150084,0.294521,0.828495,0.412843,-0.21105
01324180,1523964193518,-10.2415,-2.72027,0.679621,-1.05492,0.0501751,-0.0898174,0.717003,0.341214,-0.48794
01324189,1523964193535,-9.41134,-1.54859,0.79006,0.157089,0.486352,0.0513581,0.807479,-0.154572,-0.429005
01324188,1523964193535,-9.40814,-1.14353,-2.88486,0.342761,-0.947774,0.229459,0.885343,-0.283572,-0.00705182
01324185,1523964193535,-10.5844,-1.31299,0.241568,-1.14406,0.111506,0.0875197,0.83992,0.309764,-0.38293
01324181,1523964193535,-9.2137,-0.100997,3.79104,-0.356734,0.16714,0.261822,0.830378,0.409208,-0.205943
01324180,1523964193535,-9.82421,-2.85175,0.794149,-0.982416,0.113203,-0.0767356,0.716996,0.353109,-0.487971
01324189,1523964193552,-9.27199,-1.0913,1.24665,0.0678032,0.497691,0.0705576,0.811095,-0.15521,-0.42236
01324188,1523964193552,-9.4462,-0.925635,-2.29692,0.246968,-0.96823,0.217937,0.884555,-0.286339,-0.0192046
01324185,1523964193552,-10.1264,-1.41696,0.247294,-1.06106,0.0601527,0.135283,0.84237,0.312819,-0.377999
01324181,1523964193552,-9.03841,-0.00903436,3.64067,-0.310334,0.134837,0.235479,0.83225,0.408936,-0.204095
01324180,1523964193552,-9.34884,-2.97756,0.892357,-0.87832,0.169313,-0.0626349,0.719143,0.361738,-0.481747
01324189,1523964193568,-9.18934,-1.14404,1.57874,-0.0331122,0.493567,0.0568899,0.816199,-0.155166,-0.415191
01324188,1523964193568,-9.43199,-0.976648,-1.90189,0.217436,-0.961615,0.223116,0.885809,-0.289968,-0.03238
01324185,1523964193568,-9.63225,-1.45862,0.178038,-0.984677,0.0177907,0.193193,0.844415,0.314462,-0.373184
01324181,1523964193568,-8.73244,0.0480432,3.53769,-0.28173,0.107831,0.210935,0.834672,0.405293,-0.198993
01324180,1523964193568,-8.91308,-3.03126,0.976074,-0.719333,0.183615,-0.0510907,0.720254,0.365722,-0.471952
01324189,1523964193585,-9.10667,-1.49583,1.78112,-0.0887241,0.480328,0.0460582,0.819424,-0.154512,-0.411208
01324188,1523964193585,-9.37458,-1.10156,-1.30437,0.238437,-0.931469,0.212974,0.885015,-0.291698,-0.044872
01324185,1523964193585,-9.11629,-1.47155,0.0881448,-0.847226,-0.0208585,0.23995,0.846597,0.316832,-0.3672
01324181,1523964193585,-8.46195,0.0440655,3.41392,-0.237117,0.107478,0.191758,0.835741,0.403769,-0.196048
01324180,1523964193585,-8.46302,-3.0405,0.980417,-0.567428,0.206806,-0.0456752,0.723109,0.370263,-0.463523
01324189,1523964193602,-9.07063,-2.10697,1.99575,-0.0749891,0.423192,0.0106766,0.823453,-0.154877,-0.405234
01324188,1523964193602,-9.43635,-1.45724,-1.0937,0.308147,-0.878751,0.206063,0.884638,-0.29518,-0.0574789
01324185,1523964193602,-8.63399,-1.43372,-0.0202409,-0.701146,-0.0596246,0.283304,0.84701,0.317733,-0.364333
01324181,1523964193602,-8.33603,0.0723389,3.29585,-0.206723,0.071595,0.163732,0.836691,0.401793,-0.194156
01324180,1523964193602,-8.13449,-3.00278,0.974164,-0.432838,0.209603,-0.0308026,0.724374,0.374562,-0.458454
01324189,1523964193618,-9.13586,-2.56403,2.14169,0.0519301,0.318299,-0.0144472,0.82519,-0.155624,-0.401379
01324188,1523964193618,-9.40448,-1.31219,-0.816097,0.40237,-0.8474,0.209703,0.881301,-0.303073,-0.0681693
01324185,1523964193618,-8.27961,-1.39994,-0.161931,-0.580112,-0.0678352,0.276341,0.849053,0.31667,-0.360931
01324181,1523964193618,-8.15473,0.166691,3.27588,-0.183575,-0.0118308,0.147364,0.838728,0.399364,-0.192664
01324180,1523964193618,-7.85913,-2.94071,0.887769,-0.309655,0.197964,0.00413505,0.725301,0.376003,-0.459656
01324189,1523964193635,-9.00794,-2.83471,2.15859,0.389243,0.193903,-0.0326515,0.826799,-0.158379,-0.397137
01324188,1523964193635,-9.03627,-1.07957,-0.48175,0.40234,-0.75605,0.223139,0.879024,-0.306997,-0.0768733
01324185,1523964193635,-8.01674,-1.32465,-0.295277,-0.424778,-0.0753035,0.289766,0.851498,0.315563,-0.359751
01324181,1523964193635,-7.86141,0.281837,3.18378,-0.187009,-0.0619011,0.120994,0.839808,0.399483,-0.193077
01324180,1523964193635,-7.63702,-2.87437,0.796044,-0.228132,0.169744,0.0281564,0.728591,0.379694,-0.455845
01324189,1523964193652,-8.88433,-3.23729,2.65718,0.653857,0.084159,-0.0369023,0.8302,-0.16105,-0.395189
01324188,1523964193652,-8.99659,-0.753432,0.10219,0.363853,-0.63834,0.215305,0.881209,-0.307956,-0.0851782
01324185,1523964193652,-7.79488,-1.27796,-0.3829,-0.271213,-0.0646782,0.262264,0.852039,0.314413,-0.360919
01324181,1523964193652,-7.68762,0.453678,3.23473,-0.189754,-0.136218,0.120295,0.840893,0.399728,-0.19429
01324180,1523964193652,-7.46089,-2.82852,0.76418,-0.161598,0.143013,0.0617691,0.730051,0.38112,-0.456108
01324189,1523964193668,-9.32933,-3.60744,3.88249,0.853793,-0.137739,-0.033934,0.83198,-0.16598,-0.393241
01324188,1523964193668,-9.48933,-0.531195,1.34822,0.217301,-0.451617,0.216253,0.880553,-0.310852,-0.0915481
01324185,1523964193668,-7.62122,-1.255,-0.419686,-0.101957,-0.0657027,0.231429,0.853398,0.312453,-0.36012
01324181,1523964193668,-7.94537,0.542773,3.29416,-0.199529,-0.191269,0.106113,0.841174,0.398585,-0.194003
01324180,1523964193668,-7.37658,-2.79847,0.7555,-0.134941,0.0898494,0.0949612,0.731641,0.381362,-0.452748
01324189,1523964193685,-9.64575,-3.36337,4.88824,0.921213,-0.538782,-0.0737567,0.829314,-0.170385,-0.396324
01324188,1523964193685,-9.75782,-1.2353,1.49629,0.167237,-0.22854,0.221879,0.877449,-0.313593,-0.0941056
01324185,1523964193685,-7.57785,-1.29376,-0.387175,0.125592,-0.069029,0.205676,0.856113,0.307649,-0.360606
01324181,1523964193685,-8.38219,0.500997,3.56023,-0.213968,-0.325508,0.111147,0.841501,0.396227,-0.196881
01324180,1523964193685,-7.44393,-2.81333,0.716091,-0.0802108,0.0459566,0.109078,0.732585,0.380616,-0.452101
01324189,1523964193702,-9.30968,-2.51264,5.05071,0.989271,-0.953046,-0.108367,0.820743,-0.177979,-0.406457
01324188,1523964193702,-9.4374,-0.88337,1.34139,0.143255,-0.0160877,0.229397,0.874207,-0.316054,-0.0963744
01324185,1523964193702,-7.75624,-1.33588,-0.272345,0.434781,-0.0593277,0.155986,0.855023,0.306894,-0.36321
01324181,1523964193702,-8.62459,0.381567,3.69379,-0.239021,-0.465212,0.110954,0.840589,0.398114,-0.20276
01324180,1523964193702,-7.66343,-2.82946,0.626852,-0.0306303,-0.00851213,0.126638,0.734175,0.380857,-0.448605
01324189,1523964193718,-8.91061,-1.99228,5.07026,0.913768,-1.14322,-0.182978,0.814886,-0.182627,-0.417402
01324188,1523964193718,-9.67712,-0.340062,1.00622,0.0240743,0.17758,0.212958,0.872867,-0.319046,-0.0942547
01324185,1523964193718,-8.20928,-1.27517,-0.14924,0.743012,-0.0168754,0.124856,0.855019,0.300187,-0.367329
01324181,1523964193718,-8.73101,0.23212,3.93265,-0.256934,-0.591734,0.106514,0.838612,0.398323,-0.207529
01324180,1523964193718,-8.07616,-2.86216,0.521134,0.0341903,-0.0404706,0.162074,0.733958,0.377539,-0.451102
01324189,1523964193735,-8.7406,-1.68629,5.06842,0.676516,-1.29714,-0.261706,0.808777,-0.184695,-0.431936
01324188,1523964193735,-10.0197,-0.193393,0.203758,-0.157937,0.297906,0.182899,0.873435,-0.323422,-0.0913026
01324185,1523964193735,-8.81642,-1.10756,-0.0400496,1.04275,0.0345285,0.101364,0.856369,0.294601,-0.371856
01324181,1523964193735,-8.14608,-0.0205632,3.94123,-0.254214,-0.695667,0.0865261,0.837766,0.396445,-0.215324
01324180,1523964193735,-8.651,-2.90435,0.447618,0.119611,-0.0461305,0.201376,0.735445,0.375761,-0.449267
01324189,1523964193752,-8.6314,-0.711434,4.50439,0.311832,-1.40234,-0.349841,0.799131,-0.183229,-0.449078
01324188,1523964193752,-9.84062,-0.19945,-0.408857,-0.404422,0.383906,0.137942,0.872634,-0.326082,-0.0871482
01324185,1523964193752,-9.39376,-0.682465,0.128303,1.18777,0.100193,0.121313,0.857175,0.287441,-0.377543
01324181,1523964193752,-7.49642,-0.146238,3.84637,-0.203309,-0.635935,0.0677705,0.83728,0.397999,-0.223061
01324180,1523964193752,-9.02449,-2.83392,0.449192,0.200188,-0.0601135,0.215955,0.738465,0.370934,-0.451571
01324189,1523964193768,-8.7398,0.698798,3.65745,-0.183056,-1.41463,-0.399462,0.791094,-0.177202,-0.466471
01324188,1523964193768,-10.0442,-0.401166,-1.11538,-0.451596,0.382436,0.16414,0.872365,-0.32681,-0.0839573
01324185,1523964193768,-9.6669,-0.177368,0.331338,1.16329,0.158985,0.167788,0.859883,0.279172,-0.382179
01324181,1523964193768,-7.32315,-0.182984,3.8192,-0.168369,-0.50898,0.0463106,0.834788,0.397464,-0.229405
01324180,1523964193768,-9.10439,-2.67637,0.529034,0.214591,-0.0701651,0.194933,0.739282,0.370789,-0.453883
01324189,1523964193785,-8.77952,1.43434,3.24358,-0.62798,-1.35218,-0.365539,0.778987,-0.165193,-0.488988
01324188,1523964193785,-10.0188,-0.0586659,-1.14516,-0.474411,0.399929,0.144699,0.871835,-0.329311,-0.0802004
01324185,1523964193785,-9.70415,0.203404,0.464894,0.964738,0.189551,0.215437,0.861918,0.267392,-0.386126
01324181,1523964193785,-8.02786,-0.361121,3.78913,-0.104039,-0.412165,0.0109418,0.832296,0.397765,-0.236829
01324180,1523964193785,-9.05386,-2.4928,0.576456,0.177465,-0.0350344,0.184429,0.739747,0.367029,-0.457344
01324189,1523964193802,-8.71705,0.639499,3.1945,-1.05625,-1.21039,-0.28195,0.769277,-0.154511,-0.50512
01324188,1523964193802,-10.1085,-0.139559,-1.25443,-0.596575,0.394071,0.134939,0.870474,-0.329117,-0.0776117
01324185,1523964193802,-9.76643,0.314603,0.527075,0.695823,0.200987,0.220774,0.863419,0.260077,-0.385145
01324181,1523964193802,-8.64642,-0.509126,3.75902,-0.0602105,-0.377334,-0.0266482,0.831553,0.396377,-0.241844
01324180,1523964193802,-9.06899,-2.47946,0.668223,0.115519,0.0498084,0.137164,0.740862,0.363823,-0.458236
01324189,1523964193818,-9.1527,-1.48758,3.4589,-1.28503,-1.04728,-0.250923,0.760519,-0.142849,-0.52179
01324188,1523964193818,-9.98203,-0.59822,-1.24404,-0.607418,0.466624,0.0763975,0.869797,-0.329612,-0.0761523
01324185,1523964193818,-10.0417,0.24405,0.48863,0.35857,0.157212,0.190873,0.866952,0.2546,-0.383927
01324181,1523964193818,-9.03752,-0.58651,3.72902,-0.0173478,-0.365345,-0.0541555,0.829416,0.397756,-0.245572
01324180,1523964193818,-9.26736,-2.54902,0.864087,0.053411,0.145074,0.0935088,0.741691,0.360453,-0.455072
01324189,1523964193835,-9.80669,-2.7259,4.08895,-1.23124,-0.971666,-0.277387,0.753383,-0.130364,-0.537803
01324188,1523964193835,-9.84277,-0.90181,-1.69721,-0.599012,0.436673,0.0168662,0.870348,-0.331207,-0.07343
01324185,1523964193835,-10.4454,-0.0232056,0.372788,0.00450306,0.0996511,0.17727,0.867092,0.25179,-0.383378
01324181,1523964193835,-9.48358,-0.499568,3.69794,0.0166385,-0.330391,-0.0831652,0.827974,0.398103,-0.250217
01324180,1523964193835,-9.5752,-2.74515,1.03644,0.00438286,0.234925,0.0604413,0.744528,0.358514,-0.454612
01324189,1523964193852,-10.3202,-3.72889,4.98762,-0.983823,-0.992102,-0.271066,0.746225,-0.117579,-0.551672
01324188,1523964193852,-10.3707,-1.10454,-1.04148,-0.613957,0.416614,-0.0614216,0.870338,-0.32981,-0.0721301
01324185,1523964193852,-10.823,-0.382131,0.242207,-0.253511,-0.0130014,0.208134,0.870075,0.251366,-0.383384
01324181,1523964193852,-9.81451,-0.222005,3.63979,0.0221454,-0.322058,-0.114091,0.826778,0.399471,-0.253822
01324180,1523964193852,-9.88123,-3.03912,1.10192,-0.0289798,0.304943,0.0589587,0.746918,0.359325,-0.451657
01324189,1523964193868,-10.3749,-4.46236,5.40779,-0.627197,-1.12092,-0.290927,0.732429,-0.104637,-0.569077
01324188,1523964193868,-11.1079,-0.337604,-0.676885,-0.355082,0.474582,-0.0874764,0.871672,-0.326635,-0.0657512
01324185,1523964193868,-11.0924,-0.833297,0.0303016,-0.411919,-0.0823061,0.263251,0.870484,0.250107,-0.38285
01324181,1523964193868,-10.156,0.123367,3.57785,0.0427167,-0.270961,-0.129184,0.824909,0.401962,-0.258906
01324180,1523964193868,-10.2066,-3.29837,1.05865,-0.0678173,0.342065,0.0378828,0.74933,0.357807,-0.447668
01324189,1523964193885,-9.58881,-4.73195,5.21029,-0.263693,-1.14906,-0.282699,0.722716,-0.0978275,-0.582563
01324188,1523964193885,-10.443,-1.04167,-1.02945,-0.132096,0.550545,-0.104461,0.87233,-0.324182,-0.0592744
01324185,1523964193885,-11.35,-1.2702,-0.298725,-0.526641,-0.105196,0.331627,0.87076,0.248722,-0.38153
01324181,1523964193885,-10.2226,0.389519,3.49505,0.0435526,-0.247732,-0.116935,0.822126,0.402731,-0.264742
01324180,1523964193885,-10.6622,-3.55849,0.951267,-0.147033,0.362667,0.0481142,0.753841,0.360021,-0.443095
01324189,1523964193902,-8.5624,-4.07677,4.785,0.0226125,-1.01423,-0.278649,0.714368,-0.094068,-0.594482
01324188,1523964193902,-9.76318,-1.63712,-1.75373,-0.0600983,0.581918,-0.140664,0.872174,-0.321943,-0.0510495
01324185,1523964193902,-11.5831,-1.64461,-0.578484,-0.565103,-0.0903199,0.374157,0.871448,0.243971,-0.379264
01324181,1523964193902,-10.2943,0.441953,3.60709,0.0291101,-0.174402,-0.0731442,0.821464,0.403131,-0.266471
01324180,1523964193902,-10.9539,-3.77565,0.845717,-0.211758,0.323005,0.0931546,0.756765,0.361407,-0.440947
01324189,1523964193918,-7.88945,-2.75922,4.66357,0.260112,-0.8123,-0.265938,0.704773,-0.0927042,-0.602793
01324188,1523964193918,-9.30837,-1.60955,-2.49395,0.106241,0.558888,-0.160942,0.872843,-0.321341,-0.0423985
01324185,1523964193918,-11.7359,-1.8773,-0.678736,-0.554463,-0.0693011,0.37405,0.872943,0.243708,-0.37822
01324181,1523964193918,-10.4428,0.391683,3.59744,0.0201748,-0.0820252,-0.0515856,0.820376,0.40456,-0.267287
01324180,1523964193918,-11.0652,-4.10433,0.755818,-0.288753,0.272438,0.153797,0.759694,0.361328,-0.436396
01324189,1523964193935,-7.25112,-1.4387,4.32604,0.27732,-0.589057,-0.214022,0.697784,-0.0951482,-0.610629
01324188,1523964193935,-8.50909,-1.23308,-2.96566,0.263229,0.513307,-0.151403,0.873778,-0.319695,-0.0343591
01324185,1523964193935,-11.7144,-1.88954,-0.757175,-0.548836,-0.0520487,0.341612,0.873356,0.240773,-0.376886
01324181,1523964193935,-10.5392,0.424499,3.60827,0.0165718,-0.0162594,-0.0346071,0.821039,0.405826,-0.267852
01324180,1523964193935,-11.099,-4.46424,0.73901,-0.314959,0.18692,0.260207,0.763451,0.359643,-0.432701
01324189,1523964193952,-6.47612,-0.688386,3.80984,0.171769,-0.318781,-0.116428,0.693738,-0.0953479,-0.614465
01324188,1523964193952,-8.13928,-0.591734,-3.15727,0.246189,0.369977,-0.107033,0.875658,-0.317351,-0.0260184
01324185,1523964193952,-11.5695,-1.77495,-0.837348,-0.564509,-0.015225,0.30564,0.876884,0.240081,-0.376106
01324181,1523964193952,-10.2509,0.408529,3.57178,0.00418077,0.0544733,-0.0314392,0.819451,0.402865,-0.266844
01324180,1523964193952,-10.936,-4.72828,0.777821,-0.318048,0.0931117,0.345585,0.76583,0.359852,-0.426109
01324189,1523964193968,-6.22599,-0.992448,3.21873,0.0468738,-0.0136979,-0.046392,0.692384,-0.09546,-0.615254
01324188,1523964193968,-8.48543,-1.30244,-2.01462,0.0813562,0.20871,-0.0551047,0.874011,-0.315225,-0.0210151
01324185,1523964193968,-11.3138,-1.70677,-0.897525,-0.635785,0.0293434,0.284965,0.877975,0.240272,-0.373497
01324181,1523964193968,-10.148,0.244775,3.56833,0.0219876,0.163548,-0.015042,0.819712,0.403436,-0.266725
01324180,1523964193968,-10.6498,-4.8276,0.900913,-0.324173,-0.0152105,0.409755,0.769309,0.358455,-0.421187
01324189,1523964193985,-7.16162,-2.32142,3.26134,-0.0413534,0.260278,0.00275129,0.69359,-0.0950517,-0.613524
01324188,1523964193985,-8.70179,-1.58588,-1.36058,0.415066,0.0865645,-0.0294154,0.875774,-0.315274,-0.0175376
01324185,1523964193985,-11.063,-1.72999,-0.886186,-0.740171,0.0976585,0.230158,0.878938,0.240525,-0.367619
01324181,1523964193985,-10.0361,0.0836111,3.49244,0.0362619,0.235319,-0.00671773,0.820084,0.403922,-0.263948
01324180,1523964193985,-10.3925,-4.91712,0.977857,-0.347981,-0.0986844,0.456413,0.771789,0.355254,-0.426964
01324189,1523964194002,-7.84372,-3.47957,3.32243,-0.021644,0.436399,0.0506114,0.697621,-0.0928349,-0.60927
01324188,1523964194002,-8.0706,-1.54354,-1.54156,0.839108,-0.0170041,-0.0275562,0.875626,-0.313692,-0.0139342
01324185,1523964194002,-10.8483,-1.78424,-0.824451,-0.852217,0.125374,0.161171,0.880302,0.243138,-0.363726
01324181,1523964194002,-9.5008,0.102324,3.18639,0.0523796,0.322003,-0.000124593,0.822346,0.403674,-0.260776
01324180,1523964194002,-10.1979,-5.03666,1.08544,-0.340027,-0.194182,0.496162,0.773721,0.349987,-0.425206
01324189,1523964194018,-7.67023,-3.64952,3.18554,0.148431,0.572764,0.113085,0.701389,-0.0953508,-0.603177
01324188,1523964194018,-8.47336,-0.614433,-1.79232,1.03294,-0.13561,-0.00814806,0.874138,-0.314988,-0.0106288
01324185,1523964194018,-10.5589,-1.86297,-0.700156,-0.950186,0.157358,0.0921246,0.881535,0.245508,-0.357738
01324181,1523964194018,-9.09818,0.0538668,2.9967,0.0383022,0.458129,0.00272693,0.823912,0.403489,-0.255205
01324180,1523964194018,-9.81998,-5.12036,1.20227,-0.337902,-0.238602,0.522133,0.774036,0.346507,-0.426362
01324189,1523964194035,-7.27582,-3.08532,3.23691,0.399742,0.715131,0.154449,0.710335,-0.103457,-0.594109
01324188,1523964194035,-8.10608,0.593119,-2.96612,0.898636,-0.163395,0.0650053,0.874948,-0.314515,-0.00858865
01324185,1523964194035,-10.1608,-1.94474,-0.522247,-1.02252,0.16251,0.00618832,0.882634,0.24917,-0.350586
01324181,1523964194035,-8.92148,0.0172802,2.82465,0.0545297,0.551531,-0.0137955,0.825165,0.405632,-0.248085
01324180,1523964194035,-9.42966,-5.02967,1.27908,-0.332958,-0.316954,0.493417,0.773032,0.341016,-0.426998
01324189,1523964194052,-6.91851,-2.30288,3.33073,0.542393,0.805115,0.189332,0.717234,-0.112511,-0.583821
01324188,1523964194052,-7.5438,0.849181,-4.72483,0.375232,-0.190794,0.14265,0.874698,-0.318062,-0.0074604
01324185,1523964194052,-9.71688,-2.03161,-0.341395,-1.02537,0.15399,-0.0593362,0.883323,0.254932,-0.344237
01324181,1523964194052,-8.67597,-0.0331649,2.79338,0.052917,0.58736,-0.0342215,0.82752,0.404922,-0.239853
01324180,1523964194052,-8.94779,-4.89895,1.32317,-0.351228,-0.358431,0.457769,0.774939,0.338958,-0.428148
01324189,1523964194068,-7.00268,-1.62785,4.17093,0.45423,0.833837,0.227205,0.723026,-0.117366,-0.574424
01324188,1523964194068,-7.92494,-0.912494,-4.30397,-0.159,-0.0928213,0.0409408,0.87294,-0.318766,-0.0104461
01324185,1523964194068,-9.24896,-2.11627,-0.219826,-0.962729,0.134578,-0.0951025,0.883327,0.263348,-0.339219
01324181,1523964194068,-8.57455,-0.0659359,2.79948,0.076153,0.646454,-0.0432857,0.829581,0.406636,-0.232201
01324180,1523964194068,-8.47046,-4.7825,1.34297,-0.346934,-0.365954,0.394367,0.775074,0.337778,-0.425335
01324189,1523964194085,-7.92573,-1.51583,5.04435,0.32413,0.806186,0.230563,0.730861,-0.122419,-0.564918
01324188,1523964194085,-10.1176,-0.828888,-3.37553,-0.365598,0.0719179,0.0870124,0.872399,-0.318921,-0.0131433
01324185,1523964194085,-8.91116,-2.11831,-0.149344,-0.859988,0.113815,-0.138531,0.883881,0.2694,-0.33248
01324181,1523964194085,-8.81442,-0.0591186,2.86061,0.10654,0.667305,-0.0681374,0.831427,0.403364,-0.223644
01324180,1523964194085,-8.21043,-4.69263,1.35084,-0.337047,-0.381777,0.309884,0.774439,0.33592,-0.428067
01324189,1523964194102,-8.89743,-1.38073,4.57496,0.246899,0.879617,0.200138,0.7365,-0.12884,-0.552721
01324188,1523964194102,-9.12382,-1.29028,-1.34312,-0.394207,0.0833799,-0.00496683,0.872948,-0.31984,-0.0123994
01324185,1523964194102,-8.83137,-2.04177,-0.165678,-0.720997,0.0890079,-0.197226,0.88294,0.275148,-0.32691
01324181,1523964194102,-8.89183,0.00786664,2.89747,0.0815187,0.60554,-0.0599621,0.832419,0.405213,-0.217047
01324180,1523964194102,-8.17753,-4.6198,1.34914,-0.313357,-0.374495,0.21339,0.771919,0.334382,-0.430223
01324189,1523964194118,-9.24732,-0.544697,3.86175,0.281416,1.01221,0.23026,0.744294,-0.132723,-0.539725
01324188,1523964194118,-8.36553,-1.52435,-1.37098,-0.0213551,-0.00747976,-0.148438,0.870767,-0.318167,-0.0161741
01324185,1523964194118,-8.81176,-1.90717,-0.223632,-0.536891,0.058261,-0.270434,0.880431,0.282797,-0.322107
01324181,1523964194118,-8.81509,0.0790685,2.97387,0.0689954,0.575545,-0.0550374,0.835025,0.404821,-0.207229
01324180,1523964194118,-8.21595,-4.62459,1.30282,-0.252941,-0.372503,0.125879,0.769572,0.332739,-0.439683
01324189,1523964194135,-9.33108,-0.1303,3.61086,0.132446,1.04489,0.283015,0.751272,-0.137447,-0.526325
01324188,1523964194135,-9.57736,0.282876,-1.9531,-0.0515217,-0.0140399,-0.21444,0.873874,-0.315817,-0.0145841
01324185,1523964194135,-8.83328,-1.7723,-0.328432,-0.371063,0.0366257,-0.338512,0.879072,0.289878,-0.320471
01324181,1523964194135,-8.76624,0.086849,3.06581,0.0679105,0.556615,-0.0267668,0.836036,0.405096,-0.200599
01324180,1523964194135,-8.39844,-4.69832,1.2233,-0.201214,-0.368576,0.0286718,0.766497,0.33369,-0.443944
01324189,1523964194152,-9.11861,-0.141922,3.55894,-0.24048,1.05396,0.340344,0.759072,-0.138895,-0.515452
01324188,1523964194152,-10.141,0.82033,-2.66352,-0.465312,0.0498324,-0.22197,0.875493,-0.31386,-0.0165026
01324185,1523964194152,-8.93399,-1.53575,-0.365376,-0.199835,0.0396192,-0.403337,0.877173,0.295401,-0.319211
01324181,1523964194152,-8.63963,0.0591228,3.19997,0.0811747,0.526665,-0.021062,0.837283,0.408086,-0.194028
01324180,1523964194152,-8.54706,-4.74178,1.05726,-0.114035,-0.385214,-0.0842801,0.764116,0.33289,-0.448656
01324189,1523964194168,-8.94187,-0.622855,3.00747,-0.49076,1.05662,0.463847,0.766459,-0.141334,-0.503511
01324188,1523964194168,-9.53795,0.458817,-2.31118,-0.383294,0.0712153,-0.231698,0.876147,-0.309732,-0.0177343
01324185,1523964194168,-8.94781,-1.32376,-0.3427,-0.0851057,0.0607244,-0.473337,0.874731,0.300222,-0.317811
01324181,1523964194168,-8.42132,-0.0596434,3.25195,0.0953752,0.542729,-0.0123886,0.839646,0.407636,-0.186998
01324180,1523964194168,-8.59068,-4.50919,0.9276,0.00432219,-0.39882,-0.167957,0.759546,0.335609,-0.453129
01324189,1523964194185,-9.3196,-1.2654,2.23275,-0.416839,1.14226,0.542188,0.77491,-0.14307,-0.489301
01324188,1523964194185,-10.2393,-0.887097,-1.17443,-0.345008,0.0324633,-0.150518,0.876797,-0.30499,-0.0196011
01324185,1523964194185,-8.98577,-1.12366,-0.309164,-0.0177462,0.101683,-0.540855,0.873102,0.30787,-0.316049
01324181,1523964194185,-8.41995,-0.190613,3.22307,0.125717,0.597469,-0.0188912,0.840147,0.406604,-0.181531
01324180,1523964194185,-8.63451,-4.26216,0.802852,0.0447468,-0.391174,-0.276591,0.754707,0.337891,-0.456527
01324189,1523964194202,-11.1752,-2.44663,3.37519,-0.490449,1.07808,0.573544,0.78215,-0.147795,-0.474834
01324188,1523964194202,-12.3141,-2.34826,-0.771972,0.191507,0.0794892,-0.130673,0.875841,-0.304102,-0.0195336
01324185,1523964194202,-9.00977,-1.06815,-0.328119,0.0233894,0.146446,-0.605817,0.869031,0.314801,-0.314926
01324181,1523964194202,-8.68528,-0.174279,3.14619,0.118619,0.590359,-0.0223144,0.840351,0.404803,-0.172191
01324180,1523964194202,-8.62716,-4.04846,0.690504,0.0393697,-0.364453,-0.383642,0.749028,0.343382,-0.460388
01324189,1523964194218,-11.7598,-3.129,3.1901,-0.541579,0.86799,0.480596,0.786163,-0.151308,-0.465272
01324188,1523964194218,-10.5079,-1.66131,-1.69476,0.582554,0.182784,-0.153153,0.877047,-0.301961,-0.0159121
01324185,1523964194218,-8.9712,-1.09244,-0.30283,0.0371121,0.17754,-0.654516,0.865506,0.323458,-0.311991
01324181,1523964194218,-8.5744,-0.0417124,2.84732,0.103549,0.572539,-0.0259162,0.842447,0.403796,-0.164615
01324180,1523964194218,-8.57888,-3.84963,0.660648,0.0466797,-0.330501,-0.457168,0.742306,0.346721,-0.465088
01324189,1523964194235,-9.98475,-2.92677,2.07332,-0.41083,0.639753,0.369156,0.790054,-0.154682,-0.457313
01324188,1523964194235,-9.21254,-0.472007,-2.11996,0.342569,0.237812,-0.127476,0.87813,-0.302106,-0.0101421
01324185,1523964194235,-8.7782,-1.1345,-0.220884,0.133904,0.1639,-0.693698,0.861703,0.333485,-0.31116
01324181,1523964194235,-8.24987,0.0350295,2.70061,0.0937121,0.55676,-0.0140473,0.84356,0.405813,-0.156826
01324180,1523964194235,-8.32712,-3.67757,0.64955,0.0544637,-0.292064,-0.580823,0.734631,0.352709,-0.473235
01324189,1523964194252,-8.51741,-2.73648,1.45041,-0.241314,0.584826,0.31445,0.791775,-0.156424,-0.45119
01324188,1523964194252,-9.03875,-0.529666,-1.89457,-0.0454715,0.243494,-0.122962,0.879464,-0.298811,-0.00631529
01324185,1523964194252,-8.43572,-1.21599,-0.113389,0.256442,0.152044,-0.707439,0.856815,0.342232,-0.310966
01324181,1523964194252,-8.36435,0.0166356,2.77027,0.10954,0.534292,0.0115967,0.844017,0.406548,-0.149136
01324180,1523964194252,-7.91397,-3.44543,0.613772,0.0477221,-0.221358,-0.69909,0.730423,0.35861,-0.477245
01324189,1523964194268,-8.43153,-2.72931,1.6974,-0.0727354,0.447535,0.286827,0.79553,-0.158933,-0.443758
01324188,1523964194268,-9.41302,-1.06478,-1.72075,-0.218995,0.280804,-0.111391,0.880536,-0.296971,-0.0024416
01324185,1523964194268,-8.18968,-1.33772,0.081145,0.457728,0.139708,-0.690627,0.854505,0.350141,-0.31025
01324181,1523964194268,-8.85516,0.0908526,2.81883,0.116632,0.458107,-0.00103867,0.846142,0.405199,-0.144078
01324180,1523964194268,-7.65746,-3.23373,0.511097,0.0846284,-0.138035,-0.824875,0.722936,0.368911,-0.479632
01324189,1523964194285,-8.90971,-2.94673,2.03514,0.254238,0.323439,0.271373,0.79986,-0.162333,-0.438883
01324188,1523964194285,-9.51661,-1.61843,-1.45019,-0.260801,0.340575,-0.0924367,0.880267,-0.297681,0.000346352
01324185,1523964194285,-8.16575,-1.4678,0.173661,0.67968,0.0953453,-0.683787,0.848933,0.358133,-0.312661
01324181,1523964194285,-9.42094,0.151898,3.05554,0.0986877,0.238564,-0.0191239,0.845981,0.404705,-0.14061
01324180,1523964194285,-7.72678,-3.07896,0.407345,0.133317,-0.0429386,-0.922311,0.715158,0.378896,-0.476614
01324189,1523964194302,-9.52286,-3.18867,2.40893,0.382706,0.1427,0.221625,0.799864,-0.169222,-0.435057
01324188,1523964194302,-9.56097,-1.82568,-1.0942,-0.0530967,0.415594,-0.0539117,0.880251,-0.295513,0.00385007
01324185,1523964194302,-8.4795,-1.50442,0.124383,0.913442,0.0507363,-0.687941,0.844309,0.362701,-0.317134
01324181,1523964194302,-9.86712,0.180478,3.18738,0.0663943,-0.00541106,-0.0167166,0.845056,0.403842,-0.14138
01324180,1523964194302,-8.03864,-3.03998,0.254668,0.211472,0.0607739,-1.00541,0.707131,0.388319,-0.476037
01324189,1523964194318,-9.71222,-3.08979,2.75766,0.419942,-0.0821665,0.112042,0.797427,-0.173325,-0.433857
01324188,1523964194318,-9.72065,-1.84116,-0.864184,0.0767481,0.521618,-0.0456915,0.879965,-0.29408,0.010679
01324185,1523964194318,-9.12617,-1.45724,-0.076497,1.12241,-0.00954356,-0.695296,0.839686,0.364727,-0.321844
01324181,1523964194318,-9.83313,0.289906,3.36904,0.0448617,-0.178773,-0.0181703,0.845332,0.403546,-0.141643
01324180,1523964194318,-8.75429,-3.0303,0.141392,0.300069,0.144594,-1.05509,0.700963,0.397539,-0.471301
01324189,1523964194335,-9.35393,-2.50265,2.66602,0.44813,-0.25008,0.062619,0.795019,-0.177874,-0.435471
01324188,1523964194335,-9.41885,-1.99753,-1.42345,0.265741,0.596436,-0.0399791,0.879013,-0.294773,0.0195387
01324185,1523964194335,-9.97523,-1.31734,-0.308488,1.32348,-0.0382531,-0.722363,0.834508,0.368498,-0.331144
01324181,1523964194335,-9.64084,0.301871,3.38453,0.00389572,-0.251413,-0.0204426,0.843465,0.404086,-0.144293
01324180,1523964194335,-9.53505,-3.22188,0.0408759,0.439327,0.208594,-1.06945,0.694956,0.406643,-0.471841
01324189,1523964194352,-9.02954,-2.01909,2.36288,0.344466,-0.335463,0.0454776,0.791259,-0.183253,-0.437613
01324188,1523964194352,-9.19159,-1.37382,-2.12638,0.345785,0.65239,-0.0104718,0.877779,-0.294323,0.0321108
01324185,1523964194352,-10.7373,-1.125,-0.535037,1.45347,-0.0515279,-0.684835,0.827704,0.370007,-0.340809
01324181,1523964194352,-9.70516,0.327719,3.48022,0.000388913,-0.226792,-0.0288228,0.842955,0.403749,-0.146939
01324180,1523964194352,-10.3283,-3.21096,-0.0465653,0.552584,0.260367,-1.09017,0.689512,0.413708,-0.472701
01324189,1523964194368,-9.02233,-1.5965,1.87453,0.089368,-0.28974,0.0365278,0.788325,-0.182346,-0.444531
01324188,1523964194368,-9.37763,-1.39487,-2.81784,0.223588,0.667905,0.0198218,0.877494,-0.293516,0.0429419
01324185,1523964194368,-11.263,-0.943729,-0.718213,1.50787,-0.0314511,-0.64664,0.823335,0.371475,-0.352574
01324181,1523964194368,-10.2644,0.376783,3.63026,-0.0138893,-0.204522,-0.0250002,0.841369,0.405231,-0.152138
01324180,1523964194368,-10.9438,-3.08166,-0.175126,0.620577,0.280047,-1.09207,0.68247,0.421699,-0.478114
01324189,1523964194385,-9.50936,-1.23576,1.18417,-0.0986656,-0.180718,0.0499886,0.787117,-0.18261,-0.446125
01324188,1523964194385,-9.41649,-1.50525,-3.5698,0.125769,0.653209,0.0296206,0.877487,-0.293352,0.0518434
01324185,1523964194385,-11.5955,-0.826126,-0.758565,1.51798,0.038703,-0.576441,0.819655,0.369624,-0.36091
01324181,1523964194385,-10.3851,0.222306,3.87878,0.0430398,-0.228476,-0.0356805,0.84087,0.404452,-0.155307
01324180,1523964194385,-11.3419,-2.95028,-0.258047,0.602983,0.332255,-1.07236,0.675549,0.428936,-0.479219
01324189,1523964194402,-9.92169,-1.2553,0.46743,-0.290389,-0.095795,0.09901,0.783851,-0.180085,-0.447808
01324188,1523964194402,-9.70381,-1.44268,-4.09517,0.0229947,0.578211,0.0634584,0.873949,-0.293261,0.0605151
01324185,1523964194402,-11.8505,-0.622235,-0.696366,1.3552,0.0831078,-0.516962,0.814486,0.369486,-0.368211
01324181,1523964194402,-10.0844,0.0172089,3.88946,0.0787089,-0.216295,-0.0460823,0.840472,0.405001,-0.156643
01324180,1523964194402,-11.4651,-2.77763,-0.284887,0.557527,0.370162,-1.04593,0.669598,0.435162,-0.483872
01324189,1523964194419,-10.2452,-1.53106,0.0870768,-0.397169,0.046942,0.131319,0.783032,-0.179202,-0.448193
01324188,1523964194419,-9.62239,-1.66442,-4.15155,-0.0691203,0.482167,0.0989657,0.872873,-0.295538,0.0659094
01324185,1523964194419,-11.7968,-0.497234,-0.549516,1.13191,0.124837,-0.433654,0.813386,0.370076,-0.374227
01324181,1523964194419,-10.0691,-0.0943686,4.08007,0.118028,-0.137077,-0.0696424,0.839023,0.404808,-0.159815
01324180,1523964194419,-11.2834,-2.63124,-0.229139,0.500469,0.401202,-0.988057,0.665239,0.440457,-0.483026
01324189,1523964194435,-10.5798,-1.93385,-0.11329,-0.420411,0.150855,0.159544,0.782746,-0.176892,-0.448171
01324188,1523964194435,-9.45633,-1.89689,-4.44434,-0.0313031,0.349378,0.127894,0.871258,-0.298399,0.0715433
01324185,1523964194435,-11.5404,-0.38789,-0.348095,0.907803,0.162883,-0.369076,0.810527,0.368426,-0.37943
01324181,1523964194435,-10.2253,-0.0622887,4.12675,0.207317,-0.0830841,-0.122862,0.838366,0.406726,-0.164101
01324180,1523964194435,-11.0429,-2.54189,-0.192463,0.404424,0.469018,-0.935473,0.662219,0.445136,-0.48032
01324189,1523964194452,-10.4972,-2.23973,-0.232099,-0.345135,0.23642,0.206711,0.783557,-0.178632,-0.446454
01324188,1523964194452,-9.26966,-1.76184,-4.54569,0.0222428,0.237168,0.163341,0.872356,-0.300825,0.0762274
01324185,1523964194452,-11.4151,-0.484866,-0.226294,0.702247,0.183323,-0.283961,0.80903,0.367244,-0.382289
01324181,1523964194452,-10.3318,0.069807,4.22497,0.228879,-0.0678398,-0.162435,0.834159,0.410888,-0.166271
01324180,1523964194452,-10.8497,-2.55021,-0.103615,0.357367,0.537828,-0.880827,0.65658,0.454043,-0.4733
01324189,1523964194469,-10.4065,-2.16314,0.212147,-0.200591,0.288503,0.228409,0.785467,-0.180119,-0.445953
01324188,1523964194469,-9.51951,-1.293,-4.2207,0.0348929,0.139541,0.203895,0.871282,-0.303114,0.0787918
01324185,1523964194469,-11.4161,-0.73059,-0.383864,0.457893,0.173288,-0.201978,0.80862,0.366653,-0.38372
01324181,1523964194469,-10.3678,0.270732,4.24504,0.229095,-0.00649174,-0.192947,0.833493,0.41227,-0.168952
01324180,1523964194469,-10.752,-2.64644,-0.02585,0.320832,0.59413,-0.812136,0.655018,0.459852,-0.469647
01324189,1523964194485,-10.3411,-2.10184,0.57398,-0.0992921,0.341052,0.265957,0.785861,-0.18457,-0.44171
01324188,1523964194485,-9.53372,-1.19764,-4.0554,-0.0136193,0.0613064,0.234558,0.868853,-0.30562,0.080282
01324185,1523964194485,-11.3882,-1.02942,-0.488745,0.314672,0.11803,-0.140233,0.808893,0.366522,-0.383197
01324181,1523964194485,-10.2435,0.558645,4.04712,0.198925,0.00745621,-0.199694,0.832824,0.412408,-0.169612
01324180,1523964194485,-10.7372,-2.86393,0.0117702,0.326048,0.643821,-0.71159,0.65316,0.464897,-0.458705
01324189,1523964194502,-10.0151,-1.93923,0.73983,-0.0143716,0.384983,0.255436,0.786627,-0.184277,-0.436631
01324188,1523964194502,-9.4519,-1.28625,-3.83864,-0.067362,-0.00486081,0.266222,0.867516,-0.308902,0.079285
01324185,1523964194502,-11.1835,-1.17512,-0.449908,0.353227,0.0620676,-0.063419,0.808621,0.365666,-0.383711
01324181,1523964194502,-9.8736,0.834881,3.87997,0.16682,0.0342879,-0.177077,0.830351,0.416306,-0.169668
01324180,1523964194502,-10.6887,-3.05668,0.0305195,0.394659,0.669271,-0.61433,0.652274,0.469964,-0.454401
01324189,1523964194519,-9.82008,-1.81612,0.883221,-0.00676047,0.433202,0.248227,0.789335,-0.188645,-0.432414
01324188,1523964194519,-9.40858,-1.32183,-3.598,-0.0549183,-0.0645339,0.277162,0.867138,-0.313377,0.0784709
01324185,1523964194519,-10.7806,-1.14389,-0.421378,0.469277,0.0948713,-0.0238758,0.808077,0.362523,-0.385901
01324181,1523964194519,-9.59382,1.05178,3.76169,0.100858,0.107373,-0.138406,0.828193,0.416342,-0.16938
01324180,1523964194519,-10.3965,-3.20797,0.0518766,0.481574,0.646773,-0.527885,0.652232,0.472562,-0.45205
01324189,1523964194535,-9.67554,-1.61657,0.91559,-0.0230698,0.479985,0.272932,0.790934,-0.194408,-0.425251
01324188,1523964194535,-9.35982,-1.20208,-3.50801,-0.0459616,-0.0993146,0.310475,0.865405,-0.318169,0.0756331
01324185,1523964194535,-10.3068,-0.819342,-0.367354,0.585228,0.141788,0.0155557,0.806581,0.360502,-0.38836
01324181,1523964194535,-9.29093,1.15251,3.64578,0.0615195,0.136361,-0.0950225,0.830082,0.41631,-0.169665
01324180,1523964194535,-9.98225,-3.0778,0.0735541,0.542802,0.60004,-0.461071,0.653082,0.469954,-0.455089
01324189,1523964194552,-9.5759,-1.49925,0.98982,-0.0783674,0.508205,0.301105,0.79336,-0.19819,-0.420357
01324188,1523964194552,-9.28731,-1.18934,-3.29691,-0.0701644,-0.140333,0.328452,0.862998,-0.323873,0.0738245
01324185,1523964194552,-9.78262,-0.55775,-0.358515,0.595777,0.191517,0.0576271,0.807801,0.357094,-0.389638
01324181,1523964194552,-9.15628,1.2682,3.55024,-0.0275983,0.166956,-0.0583212,0.829232,0.417528,-0.16689
01324180,1523964194552,-9.5302,-2.88453,0.105615,0.567537,0.52846,-0.385864,0.653633,0.468342,-0.454048
01324189,1523964194569,-9.80122,-1.54401,0.966341,-0.183777,0.524952,0.346963,0.795907,-0.200389,-0.414916
01324188,1523964194569,-9.34556,-1.25641,-3.32954,-0.0316866,-0.167002,0.341692,0.863295,-0.32772,0.0718287
01324185,1523964194569,-9.44633,-0.18907,-0.371851,0.556427,0.216503,0.0455227,0.810106,0.352124,-0.391428
01324181,1523964194569,-8.99447,1.29692,3.41548,-0.0635536,0.192107,0.0152287,0.827808,0.421058,-0.163493
01324180,1523964194569,-9.15316,-2.69722,0.161079,0.520651,0.469496,-0.340897,0.653118,0.467936,-0.457427
01324189,1523964194585,-9.66842,-1.51097,0.784294,-0.28945,0.52776,0.375894,0.798573,-0.202726,-0.407605
01324188,1523964194585,-9.24378,-1.18258,-3.25159,-0.0149111,-0.186146,0.37524,0.861156,-0.332822,0.0695155
01324185,1523964194585,-9.09566,0.208332,-0.473447,0.442484,0.231493,0.0174027,0.811741,0.34722,-0.389818
01324181,1523964194585,-8.69222,1.15028,3.15699,-0.131398,0.178728,0.0661206,0.828616,0.418684,-0.160261
01324180,1523964194585,-8.80002,-2.52693,0.201715,0.460603,0.425743,-0.313488,0.655003,0.466734,-0.455992
01324189,1523964194602,-9.46593,-1.62954,1.00002,-0.384498,0.546043,0.411933,0.79989,-0.205607,-0.401219
01324188,1523964194602,-9.20935,-0.99004,-2.87096,-0.0469669,-0.185867,0.401568,0.859832,-0.33771,0.0654542
01324185,1523964194602,-8.89015,0.428495,-0.545168,0.215155,0.208787,-0.0103152,0.81175,0.344587,-0.387439
01324181,1523964194602,-8.54177,1.03561,3.15532,-0.156533,0.187425,0.109348,0.829959,0.41673,-0.157177
01324180,1523964194602,-8.55097,-2.37297,0.301667,0.351499,0.383488,-0.282843,0.654593,0.466732,-0.4545
01324189,1523964194619,-9.36603,-1.84142,1.11484,-0.47013,0.527964,0.432099,0.802465,-0.209399,-0.397665
01324188,1523964194619,-9.26075,-1.14151,-2.55873,-0.037984,-0.177639,0.444194,0.857575,-0.345388,0.062173
01324185,1523964194619,-8.6923,0.475384,-0.58081,-0.0829131,0.197217,-0.048227,0.812431,0.344046,-0.38626
01324181,1523964194619,-8.6597,0.966166,3.3008,-0.189662,0.182717,0.142206,0.831,0.416242,-0.152658
01324180,1523964194619,-8.35348,-2.33279,0.373905,0.236093,0.35261,-0.252174,0.653613,0.467287,-0.447446
01324189,1523964194635,-9.29799,-2.15576,1.15932,-0.495286,0.507492,0.425826,0.803676,-0.213441,-0.393696
01324188,1523964194635,-9.3312,-1.23551,-2.52604,-0.0169772,-0.141798,0.474814,0.853953,-0.352247,0.0605767
01324185,1523964194635,-8.58678,0.306132,-0.64182,-0.360893,0.159163,-0.0706584,0.81352,0.346922,-0.383285
01324181,1523964194635,-8.68998,1.02167,3.22226,-0.201459,0.137365,0.177188,0.831274,0.414005,-0.150089
01324180,1523964194635,-8.25214,-2.33712,0.440126,0.132221,0.318486,-0.231995,0.653591,0.468733,-0.446605
01324189,1523964194652,-9.34455,-2.36048,1.03296,-0.502379,0.490278,0.411629,0.805404,-0.214326,-0.388771
01324188,1523964194652,-9.31855,-1.07874,-2.5396,0.036325,-0.125113,0.50722,0.852639,-0.35898,0.0585552
01324185,1523964194652,-8.6647,0.0802452,-0.694393,-0.575105,0.119002,-0.0633392,0.81163,0.351665,-0.378618
01324181,1523964194652,-8.80935,0.949912,3.21321,-0.201694,0.134596,0.217714,0.83313,0.413768,-0.146647
01324180,1523964194652,-8.25783,-2.28192,0.464543,0.0180306,0.263108,-0.201441,0.654581,0.472293,-0.438304
01324189,1523964194669,-9.47263,-2.22471,1.11311,-0.413576,0.43416,0.41472,0.80634,-0.218359,-0.384531
01324188,1523964194669,-9.4208,-0.598846,-2.49502,0.0319604,-0.0894092,0.523481,0.850384,-0.367322,0.0569836
01324185,1523964194669,-8.79856,-0.265733,-0.806423,-0.710185,0.0941145,-0.0374802,0.812993,0.356836,-0.373575
01324181,1523964194669,-9.04262,0.796704,3.25088,-0.178842,0.0752288,0.255128,0.834749,0.411237,-0.143554
01324180,1523964194669,-8.35444,-2.27527,0.412882,-0.13301,0.202089,-0.157085,0.654002,0.475048,-0.436348
01324189,1523964194685,-9.64445,-1.92654,0.919252,-0.300182,0.355347,0.439262,0.806468,-0.220941,-0.382144
01324188,1523964194685,-9.46376,-0.455271,-2.66204,0.00931443,-0.0683457,0.55187,0.847305,-0.374254,0.0567231
01324185,1523964194685,-9.02886,-0.577429,-0.94622,-0.774533,0.0811575,0.0171605,0.814092,0.360777,-0.366557
01324181,1523964194685,-9.17669,0.763569,3.26273,-0.168407,0.0582809,0.292909,0.836919,0.408115,-0.140986
01324180,1523964194685,-8.56664,-2.30612,0.355053,-0.32633,0.138614,-0.0848637,0.654077,0.478064,-0.431558
01324189,1523964194702,-9.79138,-1.75431,0.717418,-0.251348,0.301345,0.448434,0.80672,-0.224955,-0.377628
01324188,1523964194702,-9.42971,-0.410873,-2.82395,-0.00980206,-0.0494166,0.587355,0.844646,-0.38305,0.0556671
01324185,1523964194702,-9.2568,-0.913217,-1.08587,-0.810725,0.106683,0.0715235,0.81248,0.363309,-0.359517
01324181,1523964194702,-9.25282,0.721403,3.28962,-0.168551,-0.000673696,0.307937,0.836996,0.402379,-0.141398
01324180,1523964194702,-8.71848,-2.49521,0.26069,-0.515104,0.0593051,-0.00926094,0.654324,0.480094,-0.432196
01324189,1523964194719,-9.79634,-1.39855,0.362966,-0.21634,0.221546,0.464684,0.806194,-0.229254,-0.376853
01324188,1523964194719,-9.53604,-0.394059,-2.7583,-0.0411843,-0.0375606,0.592563,0.839273,-0.392262,0.0551579
01324185,1523964194719,-9.47468,-1.16711,-1.12246,-0.82995,0.124855,0.112303,0.813443,0.365548,-0.353006
01324181,1523964194719,-9.35465,0.695832,3.41745,-0.161661,-0.0327988,0.337834,0.839188,0.398374,-0.139875
01324180,1523964194719,-8.84072,-2.72741,0.166381,-0.639512,-0.0133353,0.0949109,0.655209,0.482662,-0.427562
01324189,1523964194735,-9.90814,-1.00049,0.511644,-0.181142,0.179835,0.493328,0.804566,-0.234379,-0.374332
01324188,1523964194735,-9.69468,-0.130983,-2.71132,-0.0743231,-0.0307996,0.595918,0.836867,-0.398124,0.0536088
01324185,1523964194735,-9.64397,-1.3442,-1.09883,-0.81543,0.109115,0.141344,0.815354,0.369335,-0.346644
01324181,1523964194735,-9.39556,0.724435,3.45045,-0.160051,-0.0517794,0.362667,0.840567,0.394249,-0.13781
01324180,1523964194735,-8.96728,-3.00325,0.08629,-0.695917,-0.0871483,0.225869,0.654356,0.486592,-0.427201
01324189,1523964194752,-9.86868,-0.873503,0.616015,-0.148735,0.144994,0.505933,0.804328,-0.241276,-0.373581
01324188,1523964194752,-9.60781,-0.179291,-2.74525,-0.0880785,-0.046044,0.636383,0.832853,-0.407467,0.0522661
01324185,1523964194752,-9.8035,-1.47802,-1.07607,-0.775195,0.117844,0.1753,0.81672,0.372259,-0.341186
01324181,1523964194752,-9.44631,0.573396,3.47476,-0.105094,-0.0563988,0.395236,0.84239,0.389336,-0.13879
01324180,1523964194752,-9.10499,-3.17812,0.0332306,-0.701486,-0.167865,0.360644,0.656477,0.487701,-0.424912
01324189,1523964194769,-9.80615,-0.710818,0.320936,-0.154681,0.138117,0.521899,0.801355,-0.246805,-0.372521
01324188,1523964194769,-9.49693,-0.293651,-3.00258,-0.049713,-0.0407251,0.651774,0.829117,-0.417875,0.0517962
01324185,1523964194769,-9.89294,-1.56893,-1.04461,-0.750228,0.102,0.20261,0.81836,0.372643,-0.335836
01324181,1523964194769,-9.18059,0.440707,3.43794,-0.0730753,-0.0740665,0.396653,0.846476,0.385561,-0.138621
01324180,1523964194769,-9.17119,-3.27492,-0.0187016,-0.701448,-0.219852,0.506209,0.658069,0.487651,-0.421287
01324189,1523964194785,-9.7589,-0.324917,0.0728661,-0.17886,0.157346,0.546641,0.799756,-0.253236,-0.372152
01324188,1523964194785,-9.52988,-0.0515149,-3.13207,-0.0348149,-0.0870538,0.657551,0.82334,-0.427403,0.0488475
01324185,1523964194785,-9.82786,-1.62706,-0.981289,-0.705406,0.114287,0.241589,0.821637,0.372966,-0.326307
01324181,1523964194785,-9.05427,0.340298,3.44551,-0.0409619,-0.0406151,0.38734,0.84659,0.376683,-0.138702
01324180,1523964194785,-9.12684,-3.32977,-0.0330711,-0.686766,-0.306618,0.639301,0.660999,0.485807,-0.412717
01324189,1523964194802,-9.77158,0.0721261,0.0399245,-0.2792,0.165349,0.588933,0.799775,-0.258267,-0.370988
01324188,1523964194802,-9.59195,0.183752,-2.95082,-0.0931272,-0.104257,0.66845,0.819727,-0.435545,0.0466319
01324185,1523964194802,-9.72143,-1.60353,-0.859916,-0.697696,0.137469,0.277126,0.82328,0.374364,-0.319528
01324181,1523964194802,-8.88988,0.274301,3.45748,0.0124916,-0.037276,0.374237,0.849079,0.372054,-0.139296
01324180,1523964194802,-9.03444,-3.36739,-0.025125,-0.684136,-0.335311,0.75865,0.664238,0.483271,-0.410652
01324189,1523964194819,-9.85696,0.311036,0.270583,-0.374308,0.142265,0.620658,0.796797,-0.262071,-0.370448
01324188,1523964194819,-9.55056,0.269943,-2.88454,-0.114034,-0.12735,0.660091,0.815025,-0.443404,0.0449866
01324185,1523964194819,-9.50893,-1.57588,-0.769817,-0.671455,0.1288,0.314525,0.825191,0.375599,-0.313926
01324181,1523964194819,-8.82895,0.255561,3.52102,0.0499,-0.0161328,0.367393,0.850374,0.366009,-0.139981
01324180,1523964194819,-8.90382,-3.38325,0.0219837,-0.634007,-0.36341,0.856322,0.668579,0.479574,-0.411736
01324189,1523964194835,-9.91922,0.410853,0.364254,-0.397594,0.110609,0.628647,0.794414,-0.270507,-0.372228
01324188,1523964194835,-9.45555,0.472117,-2.8823,-0.127913,-0.158095,0.664976,0.810476,-0.453849,0.0425039
01324185,1523964194835,-9.34445,-1.50936,-0.629534,-0.644862,0.137612,0.339914,0.826294,0.374606,-0.306861
01324181,1523964194835,-8.83026,0.318669,3.46667,0.0900623,-0.0271453,0.343028,0.850699,0.362545,-0.141108
01324180,1523964194835,-8.78575,-3.35799,0.047444,-0.601463,-0.375503,0.939941,0.672399,0.474287,-0.412169
01324189,1523964194852,-9.79247,0.404533,0.415875,-0.383796,0.0922998,0.617154,0.791477,-0.277202,-0.374121
01324188,1523964194852,-9.37731,0.722129,-2.81539,-0.129743,-0.143368,0.649197,0.805113,-0.464452,0.0405604
01324185,1523964194852,-9.26233,-1.49539,-0.589518,-0.602287,0.123201,0.348445,0.829287,0.373555,-0.302808
01324181,1523964194852,-8.9623,0.35587,3.53274,0.115908,-0.052133,0.327244,0.853459,0.358047,-0.142107
01324180,1523964194852,-8.76411,-3.34808,0.0477097,-0.56004,-0.376486,0.996459,0.67691,0.467245,-0.412376
01324189,1523964194869,-9.664,0.357839,0.569604,-0.372807,0.0817809,0.590535,0.790145,-0.282634,-0.373881
01324188,1523964194869,-9.4976,0.899985,-2.66926,-0.177654,-0.157319,0.648691,0.800289,-0.474027,0.0351719
01324185,1523964194869,-9.26482,-1.55792,-0.535389,-0.517035,0.117068,0.346691,0.831201,0.366856,-0.299221
01324181,1523964194869,-9.1094,0.325093,3.44062,0.137374,-0.0683935,0.306387,0.855692,0.352973,-0.143619
01324180,1523964194869,-8.95167,-3.44728,0.0888373,-0.514673,-0.391021,1.03007,0.68237,0.458433,-0.410606
01324189,1523964194885,-9.66092,0.383856,0.793553,-0.369847,0.0489178,0.546186,0.787204,-0.288322,-0.3759
01324188,1523964194885,-9.42977,0.938254,-2.66051,-0.159288,-0.156169,0.660343,0.796805,-0.481135,0.0326153
01324185,1523964194885,-9.48672,-1.56135,-0.530707,-0.368908,0.115695,0.35509,0.834467,0.366673,-0.294001
01324181,1523964194885,-8.90286,0.376367,3.2476,0.142874,-0.148613,0.277972,0.855836,0.348079,-0.146974
01324180,1523964194885,-9.18428,-3.42608,0.108434,-0.473758,-0.389496,1.04974,0.687575,0.449936,-0.412069
01324189,1523964194902,-9.64091,0.415901,0.851745,-0.342399,0.0330592,0.517874,0.785727,-0.29145,-0.376176
01324188,1523964194902,-9.28429,1.06714,-2.5473,-0.122678,-0.155522,0.649111,0.791555,-0.48784,0.0283548
01324185,1523964194902,-9.6767,-1.38678,-0.492826,-0.287604,0.111468,0.365271,0.836384,0.360854,-0.288592
01324181,1523964194902,-8.98443,0.525645,3.46157,0.122453,-0.136458,0.26522,0.856186,0.342332,-0.147788
01324180,1523964194902,-9.28396,-3.58709,0.157331,-0.415595,-0.370415,1.06956,0.693273,0.441672,-0.405561
01324189,1523964194919,-9.60334,0.490782,0.802674,-0.332494,0.0380715,0.484128,0.782508,-0.295837,-0.378449
01324188,1523964194919,-9.50592,1.28499,-2.55236,-0.0948404,-0.159749,0.633285,0.786726,-0.49696,0.0256891
01324185,1523964194919,-9.77975,-1.23675,-0.371065,-0.192795,0.0915269,0.402733,0.837614,0.35695,-0.286336
01324181,1523964194919,-9.10034,0.570368,3.4648,0.134996,-0.1456,0.247024,0.856125,0.339804,-0.15212
01324180,1523964194919,-9.37575,-3.60777,0.185324,-0.363013,-0.355699,1.04452,0.698479,0.433177,-0.407294
01324189,1523964194935,-9.79655,0.631286,0.903288,-0.341711,0.0502629,0.45035,0.78023,-0.300817,-0.379132
01324188,1523964194935,-9.62916,1.30679,-2.50106,-0.0738598,-0.174523,0.635016,0.781623,-0.505444,0.021989
01324185,1523964194935,-9.90689,-1.07694,-0.245948,-0.120056,0.106806,0.417888,0.841822,0.354438,-0.284888
01324181,1523964194935,-9.10024,0.601865,3.51732,0.104782,-0.227353,0.227446,0.856868,0.336022,-0.154441
01324180,1523964194935,-9.55854,-3.53346,0.261287,-0.312276,-0.330402,1.01606,0.703954,0.424824,-0.40957
01324189,1523964194952,-10.0162,0.757182,1.00913,-0.309107,0.0534034,0.422065,0.77674,-0.306489,-0.380877
01324188,1523964194952,-9.58799,1.33027,-2.4318,-0.0931596,-0.168784,0.607515,0.774632,-0.516475,0.0204433
01324185,1523964194952,-9.95947,-0.980199,-0.135505,-0.0634255,0.129229,0.426195,0.844543,0.347981,-0.283397
01324181,1523964194952,-8.92217,0.601528,3.53779,0.0585627,-0.208033,0.225131,0.857603,0.333647,-0.157854
01324180,1523964194952,-9.61578,-3.43828,0.328924,-0.294767,-0.296165,0.972494,0.708692,0.412742,-0.41664
01324189,1523964194969,-10.2732,0.805929,1.18351,-0.309853,0.0655929,0.430976,0.77583,-0.308496,-0.384094
01324188,1523964194969,-9.70941,1.18332,-2.3862,-0.121994,-0.171399,0.59046,0.772236,-0.52355,0.0167974
01324185,1523964194969,-9.9442,-0.792368,0.00021245,-0.0475197,0.137706,0.409107,0.846453,0.342679,-0.280476
01324181,1523964194969,-8.87853,0.618975,3.60053,0.0524357,-0.213716,0.205265,0.858753,0.330825,-0.161794
01324180,1523964194969,-9.53908,-3.41909,0.426453,-0.280544,-0.232742,0.870155,0.712007,0.405441,-0.418457
01324189,1523964194985,-10.6133,0.913564,1.4956,-0.300281,0.0224476,0.422272,0.774068,-0.310892,-0.383424
01324188,1523964194985,-9.93525,0.913069,-2.23759,-0.232874,-0.181587,0.54885,0.767112,-0.529038,0.0144975
01324185,1523964194985,-9.9386,-0.570823,0.0777643,-0.0352175,0.147971,0.390312,0.851074,0.336379,-0.278078
01324181,1523964194985,-8.92639,0.637779,3.64816,0.0222847,-0.205201,0.189069,0.858828,0.32704,-0.16464
01324180,1523964194985,-9.43852,-3.38542,0.55088,-0.290871,-0.17492,0.779929,0.71652,0.398991,-0.42068
01324189,1523964195002,-10.4858,1.00005,1.63992,-0.26607,-0.029775,0.374484,0.771662,-0.315442,-0.385172
01324188,1523964195002,-9.66202,0.930836,-2.16287,-0.348529,-0.168626,0.427877,0.764439,-0.534914,0.00715807
01324185,1523964195002,-9.99117,-0.387524,0.0635713,-0.106487,0.144942,0.370857,0.853254,0.332627,-0.275173
01324181,1523964195002,-9.0088,0.695028,3.65136,0.0214139,-0.187529,0.187515,0.857425,0.323271,-0.167736
01324180,1523964195002,-9.44404,-3.38454,0.691009,-0.285448,-0.108047,0.678452,0.720191,0.395307,-0.421889
01324189,1523964195019,-10.0978,1.11978,1.55889,-0.292585,-0.112524,0.333604,0.769926,-0.316848,-0.38784
01324188,1523964195019,-9.28901,1.14286,-1.98962,-0.55125,-0.142148,0.342749,0.76067,-0.539502,0.000721349
01324185,1523964195019,-10.1308,-0.256708,-0.0118651,-0.208235,0.117403,0.338007,0.854212,0.32872,-0.273047
01324181,1523964195019,-9.08692,0.728138,3.56812,0.00722142,-0.182316,0.183311,0.858664,0.32208,-0.169053
01324180,1523964195019,-9.46739,-3.28642,0.746908,-0.302834,-0.0187792,0.550642,0.724156,0.387675,-0.418856
01324189,1523964195035,-9.72815,1.14271,1.50225,-0.314308,-0.174639,0.264276,0.764679,-0.319037,-0.393017
01324188,1523964195035,-9.18261,1.14532,-2.05304,-0.764473,-0.129525,0.257368,0.756361,-0.544321,-0.00680077
01324185,1523964195035,-10.1888,-0.208312,-0.140904,-0.341139,0.0709107,0.316352,0.857064,0.32705,-0.271864
01324181,1523964195035,-9.06938,0.738185,3.40382,-0.0221106,-0.155745,0.188798,0.857684,0.318538,-0.174551
01324180,1523964195035,-9.54178,-3.33819,0.765232,-0.300797,0.0403066,0.445576,0.725505,0.384128,-0.411919
01324189,1523964195052,-9.68257,1.11459,1.29217,-0.330996,-0.235038,0.184361,0.763362,-0.319599,-0.397289
01324188,1523964195052,-9.44843,1.17969,-2.00074,-0.989811,-0.122708,0.185058,0.754754,-0.546727,-0.0170347
01324185,1523964195052,-10.1794,-0.271013,-0.186762,-0.449963,0.0418637,0.30135,0.85884,0.32389,-0.267526
01324181,1523964195052,-8.99181,0.719657,3.44814,-0.0301806,-0.144928,0.200968,0.859606,0.316204,-0.175319
01324180,1523964195052,-9.50366,-3.31668,0.828561,-0.305522,0.106083,0.310615,0.728202,0.382332,-0.410643
01324189,1523964195069,-9.84758,1.15482,0.953984,-0.413791,-0.260185,0.109527,0.761103,-0.320571,-0.402356
01324188,1523964195069,-9.53598,1.03531,-1.99634,-1.10687,-0.112196,0.145422,0.754773,-0.548622,-0.0263141
01324185,1523964195069,-10.0232,-0.430927,-0.223349,-0.565427,-0.00639757,0.294951,0.860748,0.321269,-0.264501
01324181,1523964195069,-9.11685,0.737572,3.46632,-0.0311278,-0.133215,0.211445,0.859095,0.314758,-0.176347
01324180,1523964195069,-9.33002,-3.28096,0.84012,-0.31382,0.162735,0.193124,0.731386,0.381643,-0.401918
01324189,1523964195085,-9.95513,1.21218,0.911931,-0.555094,-0.274285,0.0735612,0.759243,-0.31782,-0.408871
01324188,1523964195085,-9.3516,1.21777,-1.98018,-1.11404,-0.103166,0.104783,0.754647,-0.548582,-0.039512
01324185,1523964195085,-9.84305,-0.704108,-0.211267,-0.625596,-0.0376177,0.284978,0.861572,0.320503,-0.260313
01324181,1523964195085,-9.24596,0.740835,3.54271,-0.0364924,-0.157104,0.209564,0.859021,0.31212,-0.179215
01324180,1523964195085,-9.18557,-3.22109,0.817691,-0.35191,0.21744,0.0807186,0.732948,0.383617,-0.397036
01324189,1523964195102,-9.95291,1.228,1.07258,-0.669149,-0.302455,0.0527988,0.756549,-0.312742,-0.414956
01324188,1523964195102,-9.21555,1.39625,-2.05988,-1.09496,-0.102231,0.0872385,0.752891,-0.548944,-0.0497509
01324185,1523964195102,-9.72814,-0.991361,-0.235069,-0.594506,-0.067807,0.29022,0.862531,0.318451,-0.257028
01324181,1523964195102,-9.1876,0.717231,3.58217,-0.0578577,-0.208531,0.204004,0.859486,0.308919,-0.181279
01324180,1523964195102,-9.15088,-3.27354,0.793573,-0.365355,0.255405,-0.0228601,0.734246,0.384865,-0.391353
01324189,1523964195119,-9.76617,1.23754,1.25964,-0.704934,-0.314208,0.0375638,0.752272,-0.308509,-0.425848
01324188,1523964195119,-9.14196,1.68155,-2.21225,-1.10754,-0.0985403,0.0163946,0.752075,-0.547319,-0.062302
01324185,1523964195119,-9.72879,-1.20807,-0.252224,-0.476233,-0.0805222,0.278269,0.862402,0.314947,-0.255948
01324181,1523964195119,-9.04687,0.689698,3.68503,-0.0827548,-0.231701,0.196956,0.858735,0.305187,-0.182257
01324180,1523964195119,-9.23622,-3.39498,0.767904,-0.359294,0.31567,-0.0980167,0.73473,0.388767,-0.3902
01324189,1523964195135,-9.44885,1.05568,1.68281,-0.637198,-0.282142,0.0287939,0.749466,-0.304876,-0.433549
01324188,1523964195135,-9.15796,1.92421,-2.4261,-1.1427,-0.103813,-0.0334727,0.753443,-0.547524,-0.0739174
01324185,1523964195135,-9.77511,-1.33785,-0.314418,-0.341131,-0.105693,0.26979,0.864439,0.312419,-0.255408
01324181,1523964195135,-8.92139,0.691138,3.73894,-0.0969499,-0.24074,0.188273,0.859333,0.303237,-0.185943
01324180,1523964195135,-9.33553,-3.53523,0.679157,-0.292632,0.327084,-0.129176,0.737599,0.393324,-0.384474
01324189,1523964195152,-9.11967,0.629501,2.14904,-0.57475,-0.247441,0.0102298,0.748143,-0.301704,-0.439532
01324188,1523964195152,-9.02992,1.89066,-2.52306,-1.29642,-0.12321,-0.0860471,0.753167,-0.545352,-0.0859022
01324185,1523964195152,-9.80654,-1.32327,-0.378734,-0.186945,-0.0738382,0.255815,0.863893,0.311961,-0.257232
01324181,1523964195152,-8.719,0.630476,3.71,-0.111135,-0.226711,0.184949,0.858986,0.300889,-0.188815
01324180,1523964195152,-9.4208,-3.64655,0.61004,-0.210995,0.331516,-0.159407,0.738035,0.397903,-0.375333
01324189,1523964195169,-8.73569,0.104465,2.34159,-0.490364,-0.272649,-0.0614691,0.748314,-0.297135,-0.445921
01324188,1523964195169,-8.66451,1.38171,-1.64529,-1.5285,-0.055224,-0.135507,0.753416,-0.540129,-0.100936
01324185,1523964195169,-9.81618,-1.26549,-0.45656,-0.0748402,-0.0468223,0.245314,0.866067,0.30746,-0.256673
01324181,1523964195169,-8.57038,0.486651,3.73061,-0.0913535,-0.198985,0.154077,0.860537,0.297095,-0.191144
01324180,1523964195169,-9.47077,-3.69005,0.558559,-0.123105,0.314579,-0.172157,0.739443,0.401916,-0.371354
01324189,1523964195185,-8.63477,-0.264885,2.45845,-0.396082,-0.272914,-0.162449,0.745466,-0.292044,-0.450131
01324188,1523964195185,-8.56513,0.778647,-1.65985,-1.47307,0.0193984,-0.197112,0.757474,-0.536051,-0.114742
01324185,1523964195185,-9.77494,-1.19351,-0.444507,0.008526,0.00146908,0.22109,0.867156,0.30536,-0.255872
01324181,1523964195185,-8.52669,0.283352,3.75894,-0.0751508,-0.171183,0.126699,0.858685,0.296214,-0.193365
01324180,1523964195185,-9.44458,-3.65587,0.551752,-0.0154643,0.311349,-0.166221,0.739544,0.402462,-0.365938
01324189,1523964195202,-8.85168,-0.340585,2.50049,-0.313254,-0.282413,-0.20831,0.743312,-0.287266,-0.455689
01324188,1523964195202,-8.51212,0.769946,-1.12833,-1.58136,0.143979,-0.207105,0.758254,-0.529062,-0.127247
01324185,1523964195202,-9.71931,-1.16011,-0.40841,0.0339943,0.0219601,0.180096,0.867975,0.302704,-0.254672
01324181,1523964195202,-8.61274,0.0785147,3.79129,-0.0339586,-0.132968,0.0855737,0.858569,0.296171,-0.195357
01324180,1523964195202,-9.30587,-3.53095,0.534458,0.0404168,0.30229,-0.141316,0.738946,0.40696,-0.364217
01324189,1523964195219,-9.3461,-0.135957,2.9052,-0.191878,-0.3008,-0.234424,0.741411,-0.28234,-0.459242
01324188,1523964195219,-8.57587,0.439713,-2.15245,-1.44792,0.287183,-0.278947,0.761753,-0.522775,-0.138213
01324185,1523964195219,-9.67081,-1.12182,-0.333236,0.0226767,0.0569259,0.142452,0.869333,0.300451,-0.254524
01324181,1523964195219,-8.63375,0.000661613,3.75401,0.0179959,-0.126946,0.0251401,0.856301,0.296157,-0.197459
01324180,1523964195219,-9.19193,-3.38776,0.589528,0.0921255,0.293549,-0.134007,0.739319,0.408242,-0.361493
01324189,1523964195235,-9.67563,-0.0326418,3.27796,-0.218123,-0.379848,-0.262728,0.741467,-0.280218,-0.466319
01324188,1523964195235,-8.52214,-0.147963,-2.97059,-1.42288,0.582633,-0.358687,0.765252,-0.516963,-0.145302
01324185,1523964195235,-9.65172,-1.20619,-0.313775,0.00965039,0.0656859,0.125399,0.86974,0.298467,-0.25503
01324181,1523964195235,-8.8242,-0.183507,3.70319,0.0538695,-0.102058,-0.0195092,0.85697,0.29671,-0.197876
01324180,1523964195235,-9.09905,-3.29048,0.624805,0.077607,0.314079,-0.111973,0.74188,0.4088,-0.365304
01324189,1523964195252,-9.61002,-0.375069,3.14228,-0.318775,-0.447977,-0.326917,0.738217,-0.273255,-0.472383
01324188,1523964195252,-8.94103,-1.68688,-3.01112,-1.20906,0.861502,-0.409049,0.769542,-0.508105,-0.146149
01324185,1523964195252,-9.69094,-1.43467,-0.304893,0.0216369,0.097169,0.115842,0.870826,0.297626,-0.254764
01324181,1523964195252,-9.02417,-0.329021,3.71436,0.111108,-0.110935,-0.0748638,0.856306,0.297812,-0.200284
01324180,1523964195252,-9.14043,-3.28161,0.653452,0.0784032,0.310307,-0.0987962,0.742408,0.408339,-0.362618
01324189,1523964195269,-9.13578,-1.22077,2.56841,-0.307243,-0.448443,-0.43891,0.73633,-0.264894,-0.479522
01324188,1523964195269,-9.27338,-2.64166,-2.49448,-0.403219,1.10141,-0.35137,0.776421,-0.501743,-0.138293
01324185,1523964195269,-9.87224,-1.6309,-0.222323,0.0553902,0.0915739,0.121837,0.872461,0.294703,-0.25278
01324181,1523964195269,-8.99499,-0.231559,3.62574,0.159437,-0.120671,-0.125976,0.855797,0.297474,-0.20293
01324180,1523964195269,-9.26025,-3.37996,0.690412,0.11001,0.335928,-0.0597318,0.743195,0.40845,-0.359248
01324189,1523964195285,-8.70063,-2.20918,1.74165,-0.0711261,-0.371888,-0.573389,0.734304,-0.257388,-0.485863
01324188,1523964195285,-9.25223,-2.12202,-2.33572,0.72891,1.28911,-0.26193,0.78385,-0.49764,-0.119808
01324185,1523964195285,-10.0002,-1.71674,-0.181991,0.142427,0.0856109,0.140519,0.872469,0.292067,-0.250532
01324181,1523964195285,-8.82294,-0.0692825,3.48125,0.173845,-0.083947,-0.147316,0.852725,0.296904,-0.204747
01324180,1523964195285,-9.27324,-3.51595,0.752377,0.17595,0.358426,-0.0345719,0.746247,0.407472,-0.350257
01324189,1523964195302,-8.48981,-2.90736,1.27433,0.274413,-0.237671,-0.704899,0.733882,-0.24991,-0.489011
01324188,1523964195302,-9.17529,-0.90549,-2.56395,1.49817,1.41886,-0.179155,0.789794,-0.496198,-0.0906944
01324185,1523964195302,-9.92064,-1.70762,-0.190345,0.220639,0.0764523,0.179594,0.87274,0.289515,-0.251293
01324181,1523964195302,-8.80936,0.0133489,3.50148,0.207833,-0.0419596,-0.174654,0.852316,0.297476,-0.20502
01324180,1523964195302,-9.176,-3.56345,0.786901,0.263325,0.344018,-0.000746381,0.746242,0.406288,-0.346361
01324189,1523964195319,-8.55271,-3.1821,1.4937,0.554024,-0.157856,-0.839136,0.734398,-0.245175,-0.488979
01324188,1523964195319,-9.73217,0.188499,-2.86554,1.68558,1.52125,-0.129072,0.79155,-0.498213,-0.060936
01324185,1523964195319,-9.70092,-1.62231,-0.195776,0.335458,0.065134,0.211807,0.873287,0.285998,-0.250869
01324181,1523964195319,-8.7254,0.164818,3.4315,0.215041,-0.0333801,-0.188434,0.85176,0.301276,-0.208283
01324180,1523964195319,-9.07455,-3.56755,0.831373,0.348796,0.344608,0.027907,0.748293,0.403945,-0.348736
01324189,1523964195335,-8.93231,-3.24742,2.01529,0.787826,-0.124045,-0.963606,0.737077,-0.239198,-0.488159
01324188,1523964195335,-10.2123,1.11546,-3.11327,1.5494,1.6282,-0.0829053,0.794504,-0.496968,-0.0265431
01324185,1523964195335,-9.48833,-1.48883,-0.220808,0.448233,0.0817616,0.21748,0.875454,0.282856,-0.252937
01324181,1523964195335,-8.74518,0.263994,3.50434,0.22755,-0.0389129,-0.202318,0.848632,0.304307,-0.209111
01324180,1523964195335,-8.96336,-3.56641,0.846966,0.434503,0.334866,0.0476973,0.74992,0.402613,-0.349057
01324189,1523964195352,-9.45439,-2.9692,2.54959,1.02913,-0.142015,-1.0515,0.738939,-0.234633,-0.486404
01324188,1523964195352,-10.3272,1.45538,-3.04326,1.26606,1.68741,-0.0311203,0.795842,-0.497693,0.00693845
01324185,1523964195352,-9.30206,-1.28775,-0.235703,0.53993,0.0946771,0.184083,0.87627,0.277198,-0.253931
01324181,1523964195352,-8.62967,0.379458,3.41834,0.209856,-0.0339115,-0.216053,0.848219,0.30628,-0.210743
01324180,1523964195352,-8.84783,-3.53651,0.886928,0.501403,0.308788,0.0479191,0.751303,0.398519,-0.347807
01324189,1523964195369,-10.0833,-2.55054,3.12965,1.17068,-0.208971,-1.13252,0.740935,-0.230646,-0.48412
01324188,1523964195369,-10.5145,1.79123,-3.04484,1.03756,1.71222,-0.0165188,0.796763,-0.497021,0.0418598
01324185,1523964195369,-9.2411,-1.03054,-0.270075,0.591775,0.0920508,0.144904,0.876809,0.273196,-0.25677
01324181,1523964195369,-8.49982,0.53872,3.38231,0.19747,-0.0270667,-0.226349,0.848218,0.307115,-0.211823
01324180,1523964195369,-8.7896,-3.54536,0.875364,0.575313,0.26659,0.0674168,0.753087,0.394856,-0.347096
01324189,1523964195385,-10.587,-2.21661,3.95589,1.193,-0.33678,-1.1783,0.742118,-0.225778,-0.482757
01324188,1523964195385,-10.8331,1.94679,-3.0558,0.812569,1.7537,0.0124364,0.796054,-0.495804,0.0719861
01324185,1523964195385,-9.20191,-0.785248,-0.322803,0.634234,0.0752854,0.0922231,0.878711,0.268402,-0.256731
01324181,1523964195385,-8.51587,0.681514,3.38928,0.165477,-0.00954346,-0.236391,0.845993,0.310051,-0.213739
01324180,1523964195385,-8.76632,-3.4775,0.875964,0.63876,0.250533,0.049255,0.755971,0.388853,-0.346448
01324189,1523964195402,-10.2095,-2.11313,3.96991,1.04971,-0.418248,-1.18226,0.74263,-0.218745,-0.483644
01324188,1523964195402,-11.2148,2.02686,-2.926,0.69563,1.74959,-0.0114812,0.794518,-0.492019,0.0974337
01324185,1523964195402,-9.19679,-0.619231,-0.412079,0.626447,0.0783442,0.0360784,0.878305,0.265989,-0.257621
01324181,1523964195402,-8.59961,0.806719,3.34288,0.136104,-0.00773657,-0.232829,0.845298,0.310943,-0.212687
01324180,1523964195402,-8.82482,-3.43442,0.846627,0.657073,0.200853,0.039376,0.756528,0.386219,-0.344211
01324189,1523964195419,-9.94624,-1.19006,3.82209,0.917675,-0.290969,-1.19899,0.742449,-0.211544,-0.483451
01324188,1523964195419,-11.3358,2.01271,-2.55913,0.634618,1.70436,-0.0460492,0.790685,-0.490351,0.125337
01324185,1523964195419,-9.30284,-0.55602,-0.466422,0.590918,0.0868115,-0.0319504,0.878572,0.263406,-0.25995
01324181,1523964195419,-8.76369,0.848458,3.33137,0.101425,-0.00071029,-0.234345,0.844445,0.314672,-0.212889
01324180,1523964195419,-8.95549,-3.4162,0.804364,0.674898,0.181766,0.0341141,0.755792,0.381018,-0.345656
01324189,1523964195435,-10.48,0.0761406,3.98407,0.97979,-0.250047,-1.2041,0.743385,-0.206108,-0.485024
01324188,1523964195435,-11.2301,1.85791,-2.19756,0.699128,1.62799,-0.111923,0.788877,-0.486631,0.152266
01324185,1523964195435,-9.49589,-0.540441,-0.540814,0.561205,0.0900456,-0.0880254,0.87667,0.26195,-0.262413
01324181,1523964195435,-9.02485,0.898826,3.23213,0.0585964,-0.000282747,-0.210013,0.842533,0.31726,-0.213587
01324180,1523964195435,-9.14959,-3.36759,0.785818,0.696551,0.141694,0.0269927,0.757055,0.377973,-0.349521
01324189,1523964195452,-10.9408,0.914609,3.63765,1.12898,-0.376722,-1.22462,0.743467,-0.199771,-0.483369
01324188,1523964195452,-11.2739,1.82636,-1.79744,0.84051,1.49614,-0.176138,0.784076,-0.481964,0.178753
01324185,1523964195452,-9.73724,-0.548627,-0.603189,0.533843,0.0861335,-0.15085,0.876936,0.261633,-0.264241
01324181,1523964195452,-9.16511,0.906936,3.1538,0.0363275,-0.0125819,-0.204844,0.84032,0.322705,-0.214741
01324180,1523964195452,-9.40682,-3.29543,0.752284,0.693709,0.103372,0.0162322,0.758076,0.373493,-0.355437
01324189,1523964195469,-11.1442,1.53577,3.24788,1.26761,-0.558625,-1.26554,0.742226,-0.194279,-0.485185
01324188,1523964195469,-11.1136,2.05108,-1.60339,1.0831,1.35568,-0.222028,0.781444,-0.476948,0.206312
01324185,1523964195469,-9.94003,-0.566692,-0.674391,0.49516,0.0794407,-0.150719,0.876121,0.26375,-0.264128
01324181,1523964195469,-9.23832,0.876877,3.25051,0.0281813,-0.0174933,-0.184151,0.839073,0.325581,-0.214921
01324180,1523964195469,-9.54416,-3.15707,0.756536,0.663189,0.0547331,-0.0106109,0.757093,0.367587,-0.359461
01324189,1523964195485,-11.0445,1.85867,3.58304,1.17424,-0.739749,-1.25932,0.741395,-0.188942,-0.487007
01324188,1523964195485,-10.6814,2.58762,-1.31802,1.31966,1.19063,-0.26466,0.780524,-0.463126,0.231976
01324185,1523964195485,-10.0269,-0.570998,-0.709448,0.45544,0.0639277,-0.153958,0.875577,0.262741,-0.265293
01324181,1523964195485,-9.21775,0.891752,3.15858,0.00851485,-0.0100726,-0.163346,0.839716,0.328281,-0.215383
01324180,1523964195485,-9.57932,-3.05096,0.727774,0.590429,0.0253321,-0.0428921,0.758838,0.366379,-0.356808
01324189,1523964195502,-10.5551,1.93111,3.2886,0.915791,-0.872705,-1.23693,0.737062,-0.180088,-0.494917
01324188,1523964195502,-10.4774,2.83719,-1.25449,1.43265,0.910134,-0.282875,0.777321,-0.453133,0.256216
01324185,1523964195502,-10.0223,-0.619197,-0.726137,0.400493,0.0363739,-0.143515,0.875168,0.263433,-0.265952
01324181,1523964195502,-9.25432,0.779678,3.2088,0.0226272,-0.00612366,-0.142648,0.83671,0.331477,-0.215153
01324180,1523964195502,-9.53959,-2.9467,0.728734,0.496637,-0.0069297,-0.0683105,0.755789,0.364712,-0.36004
01324189,1523964195519,-10.3602,1.53163,3.52812,0.564325,-0.887937,-1.15282,0.731367,-0.173351,-0.50149
01324188,1523964195519,-10.1856,3.32265,-1.17935,1.48198,0.602144,-0.310672,0.774255,-0.442877,0.274814
01324185,1523964195519,-9.98635,-0.701287,-0.731683,0.338162,0.00724963,-0.121154,0.873944,0.263401,-0.267647
01324181,1523964195519,-9.47663,0.645869,3.41521,0.0315073,-0.0300627,-0.149705,0.835072,0.333498,-0.215444
01324180,1523964195519,-9.50937,-2.85211,0.719881,0.37855,-0.0370629,-0.116726,0.756366,0.362396,-0.362663
01324189,1523964195535,-10.1591,0.763292,3.69121,0.286058,-0.852128,-1.05256,0.723945,-0.162572,-0.51497
01324188,1523964195535,-9.85433,3.3387,-1.23502,1.36575,0.23223,-0.326983,0.771864,-0.43121,0.287968
01324185,1523964195535,-10.0253,-0.802206,-0.772652,0.308884,-0.0381383,-0.107213,0.871905,0.264215,-0.269347
01324181,1523964195535,-9.58155,0.596088,3.43723,0.0296677,-0.0378459,-0.141114,0.834818,0.331936,-0.21501
01324180,1523964195535,-9.52853,-2.86186,0.707556,0.243856,-0.0283627,-0.137735,0.753191,0.361918,-0.37033
01324189,1523964195552,-9.99028,-0.246249,3.70329,0.167201,-0.767966,-0.982064,0.718113,-0.153822,-0.52273
01324188,1523964195552,-9.62549,3.11543,-1.14814,1.23218,-0.191005,-0.354628,0.774375,-0.421065,0.294498
01324185,1523964195552,-10.2067,-0.931134,-0.816943,0.277344,-0.0748354,-0.1052,0.872169,0.264017,-0.272353
01324181,1523964195552,-9.74532,0.482494,3.50598,0.0261817,-0.0469497,-0.156641,0.834257,0.334914,-0.216661
01324180,1523964195552,-9.68588,-3.0177,0.659244,0.147751,-0.0382348,-0.142811,0.752799,0.362233,-0.373292
01324189,1523964195569,-10.0759,-0.806075,3.73247,0.220525,-0.716591,-0.901997,0.71649,-0.145894,-0.528671
01324188,1523964195569,-9.54427,2.82932,-1.30983,1.1144,-0.605936,-0.340493,0.777847,-0.412276,0.298507
01324185,1523964195569,-10.5254,-1.03993,-0.848279,0.258907,-0.111899,-0.12528,0.870264,0.264813,-0.274969
01324181,1523964195569,-9.87933,0.456625,3.5346,0.0369903,-0.0438199,-0.180745,0.833044,0.336043,-0.218134
01324180,1523964195569,-9.98667,-3.30076,0.611248,0.08442,-0.041698,-0.111588,0.750943,0.362146,-0.377456
01324189,1523964195585,-10.1332,-0.955462,3.56259,0.336457,-0.731499,-0.819833,0.711464,-0.137447,-0.535104
01324188,1523964195585,-9.62123,2.92501,-1.50744,0.986055,-1.0309,-0.349588,0.784298,-0.401047,0.292933
01324185,1523964195585,-10.8827,-1.13405,-0.887821,0.225683,-0.120401,-0.121706,0.868906,0.264655,-0.275877
01324181,1523964195585,-9.90577,0.436925,3.50824,0.0335205,-0.0281271,-0.192656,0.831149,0.337761,-0.219347
01324180,1523964195585,-10.3172,-3.52612,0.553612,0.0653569,-0.0647308,-0.101302,0.749719,0.363913,-0.378214
01324189,1523964195602,-10.1955,-0.827843,3.49568,0.448966,-0.735986,-0.728816,0.704309,-0.133272,-0.543956
01324188,1523964195602,-9.88648,3.09889,-1.75483,0.707693,-1.44452,-0.348993,0.788459,-0.39175,0.279721
01324185,1523964195602,-11.1434,-1.19986,-0.905099,0.208351,-0.120219,-0.116526,0.867541,0.264865,-0.279666
01324181,1523964195602,-9.99165,0.455241,3.60152,0.047854,0.00877518,-0.207876,0.830302,0.340917,-0.219537
01324180,1523964195602,-10.606,-3.62561,0.50916,0.0742755,-0.112944,-0.0540691,0.7469,0.364696,-0.379508
01324189,1523964195619,-10.0567,-0.689624,3.4355,0.467571,-0.736096,-0.639938,0.6959,-0.131919,-0.548132
01324188,1523964195619,-10.0992,3.08272,-2.09235,0.359693,-1.83893,-0.304397,0.795097,-0.386236,0.253041
01324185,1523964195619,-11.2884,-1.28324,-0.917446,0.160006,-0.107648,-0.136931,0.866718,0.264508,-0.283581
01324181,1523964195619,-10.0985,0.415089,3.68855,0.0656306,0.0584814,-0.200573,0.827839,0.343265,-0.218496
01324180,1523964195619,-10.7745,-3.67301,0.466168,0.0810384,-0.131339,-0.00841358,0.745578,0.361801,-0.376574
01324189,1523964195635,-9.76206,-0.579411,3.42644,0.421967,-0.675127,-0.535425,0.689687,-0.130059,-0.55447
01324188,1523964195635,-10.2796,2.64166,-2.37092,-0.00418225,-2.18509,-0.285913,0.802966,-0.382025,0.225724
01324185,1523964195635,-11.3415,-1.32862,-0.875884,0.129767,-0.0878754,-0.125105,0.864274,0.26533,-0.284888
01324181,1523964195635,-10.1763,0.302562,3.69504,0.0657666,0.0970885,-0.217444,0.827248,0.346727,-0.217632
01324180,1523964195635,-10.7977,-3.74313,0.451055,0.0688245,-0.158307,0.0229573,0.744823,0.359225,-0.380263
01324189,1523964195652,-9.41335,-0.577969,3.42118,0.384814,-0.574571,-0.443406,0.685378,-0.127962,-0.560694
01324188,1523964195652,-10.4158,2.40269,-2.60835,-0.244308,-2.49914,-0.276852,0.811512,-0.377484,0.197342
01324185,1523964195652,-11.3607,-1.28996,-0.856051,0.0773505,-0.0751619,-0.137032,0.864267,0.267973,-0.286744
01324181,1523964195652,-10.1708,0.23,3.68906,0.096064,0.148457,-0.211977,0.826442,0.34941,-0.215536
01324180,1523964195652,-10.8067,-3.79654,0.470008,0.0722067,-0.180148,0.0632552,0.743452,0.360096,-0.376306
01324189,1523964195669,-9.01374,-0.487671,3.28879,0.283546,-0.440547,-0.328577,0.68132,-0.126433,-0.564382
01324188,1523964195669,-10.6208,1.84591,-2.87605,-0.394026,-2.77204,-0.318052,0.816955,-0.374439,0.155433
01324185,1523964195669,-11.2736,-1.20862,-0.841205,0.00476043,-0.0727895,-0.147193,0.862908,0.269657,-0.287148
01324181,1523964195669,-9.94289,0.169723,3.55885,0.126431,0.208456,-0.218501,0.825311,0.352745,-0.214264
01324180,1523964195669,-10.6805,-3.85377,0.543432,0.0654933,-0.208504,0.0752795,0.743773,0.357359,-0.380421
01324189,1523964195685,-8.64971,-0.264481,3.43474,0.166371,-0.2908,-0.23159,0.678894,-0.124947,-0.567823
01324188,1523964195685,-10.6722,0.945981,-3.46432,-0.409829,-2.95255,-0.3918,0.822523,-0.369576,0.11202
01324185,1523964195685,-11.0417,-1.1041,-0.815812,-0.122149,-0.0927245,-0.152082,0.860735,0.271473,-0.288073
01324181,1523964195685,-9.65794,0.153796,3.42333,0.130051,0.301422,-0.209158,0.825524,0.354538,-0.210716
01324180,1523964195685,-10.4044,-3.902,0.618369,0.0601194,-0.216044,0.0979765,0.743386,0.35709,-0.382853
01324189,1523964195702,-8.46342,-0.150634,3.63666,0.131224,-0.200533,-0.123519,0.675895,-0.123145,-0.568577
01324188,1523964195702,-10.8249,0.134917,-3.60016,-0.224825,-3.08935,-0.426548,0.827799,-0.361018,0.0645318
01324185,1523964195702,-10.6458,-1.01024,-0.792476,-0.23718,-0.0879877,-0.146972,0.858834,0.2723,-0.28912
01324181,1523964195702,-9.38073,0.15721,3.2584,0.147808,0.389403,-0.183529,0.824796,0.355783,-0.206614
01324180,1523964195702,-10.0034,-3.89106,0.714185,0.0711057,-0.233196,0.077618,0.740098,0.355169,-0.391494
01324189,1523964195719,-8.20489,-0.399215,3.31574,0.10425,-0.131207,-0.0536027,0.674548,-0.125125,-0.568845
01324188,1523964195719,-10.682,-0.480916,-3.88208,0.235675,-3.14833,-0.441701,0.83132,-0.354319,0.0200472
01324185,1523964195719,-10.1609,-1.03245,-0.715951,-0.379005,-0.0901412,-0.152011,0.856525,0.277091,-0.289289
01324181,1523964195719,-9.17258,0.135518,3.12733,0.174611,0.463601,-0.187332,0.824722,0.357898,-0.201608
01324180,1523964195719,-9.56963,-3.79001,0.772146,0.0764522,-0.236681,0.0749174,0.737989,0.353338,-0.394473
01324189,1523964195735,-7.83165,-0.976168,3.07749,0.0164349,-0.0500514,0.0107405,0.671839,-0.125779,-0.56989
01324188,1523964195735,-10.329,-0.52535,-4.61603,0.780059,-3.17673,-0.374502,0.827531,-0.351866,-0.0182799
01324185,1523964195735,-9.6857,-1.06422,-0.634061,-0.487493,-0.0840307,-0.17925,0.855979,0.282321,-0.288554
01324181,1523964195735,-8.98334,0.113575,3.02994,0.201313,0.502635,-0.180229,0.824245,0.360296,-0.197001
01324180,1523964195735,-9.09222,-3.69826,0.844984,0.0436332,-0.239658,0.0394386,0.738171,0.352364,-0.401929
01324189,1523964195752,-7.2496,-1.45933,3.25011,-0.0141443,0.0667569,0.0671777,0.672263,-0.127806,-0.570312
01324188,1523964195752,-9.56449,-0.613817,-7.56445,1.12073,-3.12912,-0.245814,0.823461,-0.348131,-0.0558498
01324185,1523964195752,-9.22762,-1.17777,-0.570007,-0.570229,-0.0939751,-0.201306,0.856246,0.287116,-0.28847
01324181,1523964195752,-8.65664,0.068982,2.95078,0.231485,0.511789,-0.162223,0.823621,0.362582,-0.191062
01324180,1523964195752,-8.62376,-3.6423,0.866783,-0.0048018,-0.241482,-0.0119623,0.735513,0.351852,-0.405415
01324189,1523964195769,-7.00328,-2.15822,3.89706,0.118337,0.179379,0.0887051,0.675382,-0.130178,-0.567556
01324188,1523964195769,-8.62954,-0.140421,-7.82873,0.990244,-2.7608,-0.185892,0.819133,-0.346939,-0.0888605
01324185,1523964195769,-8.79368,-1.31041,-0.485313,-0.573957,-0.101198,-0.226863,0.852721,0.292791,-0.286683
01324181,1523964195769,-8.46741,-0.0307188,3.0022,0.258234,0.520463,-0.171749,0.825722,0.36323,-0.186313
01324180,1523964195769,-8.18579,-3.63923,0.834823,-0.0409347,-0.241317,-0.072069,0.73229,0.353524,-0.408578
01324189,1523964195785,-6.71464,-2.79026,3.47984,0.266173,0.355484,0.0568345,0.67507,-0.131297,-0.562744
01324188,1523964195785,-8.79806,1.37076,-8.3441,0.447279,-2.37318,-0.0756722,0.816563,-0.34481,-0.120757
01324185,1523964195785,-8.48526,-1.46155,-0.424171,-0.526815,-0.108959,-0.255847,0.850009,0.300454,-0.284133
01324181,1523964195785,-8.3713,-0.0707794,2.94562,0.277952,0.525356,-0.1942,0.826969,0.366774,-0.180553
01324180,1523964195785,-7.95584,-3.63615,0.798415,-0.0370227,-0.226091,-0.13177,0.730917,0.354834,-0.405287
01324189,1523964195802,-6.84031,-2.7522,2.84654,0.185596,0.592686,0.00105286,0.678837,-0.133382,-0.556781
01324188,1523964195802,-7.48276,0.0234395,-8.77051,-0.103424,-1.9059,-0.136015,0.811958,-0.343367,-0.149707
01324185,1523964195802,-8.40605,-1.60649,-0.411513,-0.430568,-0.129583,-0.288153,0.847837,0.306964,-0.282881
01324181,1523964195802,-8.5963,-0.09533,3.01227,0.272727,0.512565,-0.218367,0.826903,0.366924,-0.173778
01324180,1523964195802,-7.94533,-3.659,0.687216,-0.0331263,-0.221622,-0.177438,0.726343,0.35696,-0.40761
01324189,1523964195819,-7.78002,-2.50063,3.29946,0.0438295,0.65996,-0.0580016,0.68258,-0.135598,-0.548276
01324188,1523964195819,-7.43832,-0.39177,-8.72377,-0.32309,-1.24658,-0.218764,0.802591,-0.340991,-0.171938
01324185,1523964195819,-8.56325,-1.71151,-0.474068,-0.265142,-0.112206,-0.32753,0.845392,0.310051,-0.283687
01324181,1523964195819,-8.55399,-0.0923243,2.91589,0.289628,0.470053,-0.22225,0.824944,0.369206,-0.168888
01324180,1523964195819,-8.21991,-3.71434,0.59239,-0.0241162,-0.213788,-0.214202,0.722218,0.357074,-0.414441
01324189,1523964195835,-8.61703,-2.19193,4.17935,-0.165136,0.558802,-0.108097,0.689049,-0.133439,-0.542712
01324188,1523964195835,-7.13057,-1.50537,-8.24438,-0.25437,-0.572952,-0.198435,0.799324,-0.338326,-0.183989
01324185,1523964195835,-8.85783,-1.7435,-0.594578,-0.10486,-0.071853,-0.363618,0.843485,0.315524,-0.285041
01324181,1523964195835,-8.43627,-0.166056,2.81179,0.269298,0.473211,-0.239418,0.824462,0.371753,-0.164018
01324180,1523964195835,-8.51256,-3.86645,0.496856,0.0181574,-0.223827,-0.228043,0.719807,0.358593,-0.4187
01324189,1523964195852,-9.02196,-1.98432,4.91131,-0.193485,0.43508,-0.0510151,0.692532,-0.131781,-0.537921
01324188,1523964195852,-6.4461,-1.36807,-7.54342,0.0878393,0.0788209,-0.279125,0.800658,-0.334513,-0.18498
01324185,1523964195852,-9.12083,-1.73229,-0.656226,-1.81039e-05,-0.0113954,-0.380222,0.840227,0.320177,-0.285075
01324181,1523964195852,-8.38229,-0.174999,2.66258,0.296145,0.519792,-0.255491,0.823951,0.375336,-0.157576
01324180,1523964195852,-8.75332,-3.94136,0.465092,0.0482243,-0.235683,-0.241966,0.717248,0.360392,-0.420924
01324189,1523964195869,-8.89578,-1.62052,4.58411,0.044466,0.367087,0.0582666,0.694248,-0.133233,-0.531394
01324188,1523964195869,-6.49781,-0.260439,-7.29797,0.33242,0.542827,-0.39277,0.805243,-0.330312,-0.176826
01324185,1523964195869,-9.30626,-1.64444,-0.637059,0.0566733,0.040577,-0.411194,0.836424,0.326511,-0.285646
01324181,1523964195869,-8.38081,-0.199136,2.53264,0.287453,0.560871,-0.280102,0.825627,0.378261,-0.153668
01324180,1523964195869,-8.91759,-3.96274,0.477872,0.0890542,-0.254248,-0.269939,0.711986,0.363392,-0.421733
01324189,1523964195885,-7.99805,-0.0857283,3.0164,0.34268,0.379262,0.179859,0.697348,-0.136886,-0.525971
01324188,1523964195885,-7.55941,1.85116,-5.25843,-0.0359438,0.762447,-0.476328,0.808322,-0.324373,-0.167871
01324185,1523964195885,-9.32042,-1.57687,-0.571636,0.0870179,0.0857815,-0.441282,0.835067,0.331329,-0.28438
01324181,1523964195885,-8.33595,-0.150067,2.51267,0.297282,0.587345,-0.283368,0.824325,0.381264,-0.148135
01324180,1523964195885,-8.86972,-3.94342,0.531616,0.118619,-0.243753,-0.26441,0.70848,0.366375,-0.425001
01324189,1523964195902,-7.73091,1.13402,0.250178,0.240052,0.537091,0.264406,0.698407,-0.140341,-0.520657
01324188,1523964195902,-10.3863,4.13066,0.629456,-0.816709,0.594698,-0.342487,0.81493,-0.317677,-0.163898
01324185,1523964195902,-9.16572,-1.51997,-0.484215,0.0530338,0.115542,-0.494199,0.831814,0.337009,-0.282333
01324181,1523964195902,-8.3983,-0.233213,2.41726,0.348175,0.648937,-0.303659,0.823572,0.381873,-0.140432
01324180,1523964195902,-8.65645,-3.82357,0.621364,0.142795,-0.25352,-0.299509,0.705497,0.368302,-0.423026
01324189,1523964195919,-9.63118,0.435182,0.527914,-0.183812,0.778549,0.305558,0.700935,-0.142961,-0.512945
01324188,1523964195919,-11.9194,-2.70819,0.855069,-0.817741,0.54295,-0.264311,0.81761,-0.312325,-0.160902
01324185,1523964195919,-8.97745,-1.54031,-0.385305,0.0373667,0.127671,-0.53087,0.828828,0.342236,-0.28185
01324181,1523964195919,-9.15354,-0.358834,2.70464,0.390859,0.654297,-0.312159,0.822236,0.386899,-0.134011
01324180,1523964195919,-8.4147,-3.65984,0.701964,0.137341,-0.214397,-0.330054,0.698793,0.369308,-0.425881
01324189,1523964195935,-11.9816,-2.28545,3.96705,-0.245711,0.658432,0.233256,0.707686,-0.145118,-0.505812
01324188,1523964195935,-11.6739,-4.35059,1.12797,0.313975,0.60499,-0.350504,0.820016,-0.307222,-0.15253
01324185,1523964195935,-8.90514,-1.58887,-0.339374,0.068603,0.107494,-0.580967,0.825979,0.349894,-0.279561
01324181,1523964195935,-9.36203,-0.200987,2.47327,0.408562,0.566004,-0.306918,0.821485,0.389587,-0.129408
01324180,1523964195935,-8.40637,-3.58321,0.770138,0.118901,-0.175018,-0.374714,0.693938,0.372599,-0.428176
01324189,1523964195952,-11.415,-5.17755,4.68914,-0.0486766,0.320323,0.0372483,0.71119,-0.149783,-0.499198
01324188,1523964195952,-9.31613,-2.26511,-0.44234,0.947592,0.666671,-0.316861,0.817817,-0.304645,-0.138331
01324185,1523964195952,-8.88101,-1.61787,-0.289155,0.181174,0.0658889,-0.58083,0.820948,0.35929,-0.282249
01324181,1523964195952,-8.53535,0.148703,2.15791,0.340766,0.438852,-0.283062,0.819879,0.396009,-0.124741
01324180,1523964195952,-8.29578,-3.5685,0.872807,0.155288,-0.145196,-0.458694,0.69099,0.376777,-0.438862
01324189,1523964195969,-9.1102,-5.68713,3.04909,0.133174,0.070529,-0.155818,0.713628,-0.149841,-0.497888
01324188,1523964195969,-8.93925,-0.990553,-0.504973,0.700971,0.701153,-0.242039,0.821327,-0.302783,-0.126539
01324185,1523964195969,-8.58886,-1.66763,-0.0609395,0.414616,-0.0195353,-0.531279,0.817686,0.364194,-0.283854
01324181,1523964195969,-8.41383,0.348746,2.5654,0.279023,0.413128,-0.236593,0.817781,0.399828,-0.121609
01324180,1523964195969,-7.86182,-3.46961,0.90659,0.223363,-0.121187,-0.553116,0.68585,0.381526,-0.441395
01324189,1523964195985,-7.90226,-3.37752,2.16738,0.402426,-0.00704788,-0.247443,0.710451,-0.145287,-0.495942
01324188,1523964195985,-10.024,-1.4444,-0.198792,0.608628,0.730742,-0.223913,0.827961,-0.301144,-0.11426
01324185,1523964195985,-8.20945,-1.5398,0.130171,0.723845,-0.117945,-0.476648,0.814014,0.367798,-0.287145
01324181,1523964195985,-8.76384,0.497209,2.85978,0.245776,0.358164,-0.198965,0.818147,0.399353,-0.116951
01324180,1523964195985,-7.49662,-3.25449,0.829163,0.31819,-0.0562942,-0.668137,0.681526,0.38701,-0.448114
01324189,1523964196002,-7.75075,-2.11629,1.6399,0.450018,-0.150948,-0.254175,0.709371,-0.146985,-0.495943
01324188,1523964196002,-9.81228,-1.76907,-0.779893,0.571087,0.730935,-0.198451,0.829827,-0.297081,-0.102174
01324185,1523964196002,-7.99901,-1.40618,0.243533,1.05538,-0.191369,-0.455332,0.808567,0.369034,-0.296289
01324181,1523964196002,-9.08668,0.709149,3.06134,0.190217,0.177503,-0.16582,0.817303,0.401253,-0.115653
01324180,1523964196002,-7.5451,-3.01204,0.675342,0.418435,-0.00807647,-0.777867,0.675164,0.392203,-0.448593
01324189,1523964196019,-8.22795,-1.44022,1.60003,0.497033,-0.0875031,-0.286037,0.709385,-0.147567,-0.497018
01324188,1523964196019,-9.09327,-0.892102,-1.75609,0.529787,0.712097,-0.210352,0.830357,-0.296313,-0.0908171
01324185,1523964196019,-8.2417,-1.11089,0.284854,1.35366,-0.236688,-0.469781,0.804066,0.368113,-0.307638
01324181,1523964196019,-9.42923,0.758109,3.50257,0.100839,0.00121307,-0.134224,0.816746,0.402692,-0.115678
01324180,1523964196019,-7.94976,-2.89408,0.483523,0.504672,0.0329402,-0.878895,0.667992,0.398289,-0.450393
01324189,1523964196035,-10.0061,-1.70036,2.13741,0.315703,-0.088472,-0.215215,0.709094,-0.146115,-0.495933
01324188,1523964196035,-9.9425,-0.397348,-1.72026,0.276982,0.699895,-0.183152,0.831424,-0.294758,-0.0778006
01324185,1523964196035,-8.92547,-0.63478,0.224307,1.54542,-0.251091,-0.485917,0.799013,0.368542,-0.322135
01324181,1523964196035,-9.78977,0.666188,3.88842,0.0754005,-0.130266,-0.0748425,0.814871,0.402835,-0.116857
01324180,1523964196035,-8.7776,-2.81072,0.355055,0.560848,0.071444,-0.946636,0.66058,0.401616,-0.451163
01324189,1523964196052,-10.6213,-1.851,2.41409,0.288734,-0.253693,-0.189108,0.706957,-0.148231,-0.498869
01324188,1523964196052,-10.7782,-0.150133,-1.46089,0.093939,0.661665,-0.186731,0.831546,-0.293382,-0.0699027
01324185,1523964196052,-10.0192,0.000182582,-0.053254,1.58769,-0.268385,-0.580872,0.792743,0.366857,-0.336608
01324181,1523964196052,-9.6072,0.653813,3.86084,0.0706048,-0.165513,-0.0182911,0.812484,0.402647,-0.120416
01324180,1523964196052,-9.82058,-2.91312,0.204131,0.621902,0.102087,-0.970442,0.655049,0.406091,-0.455317
01324189,1523964196069,-10.2152,-1.78785,2.21582,0.307145,-0.350767,-0.25025,0.704381,-0.148743,-0.499781
01324188,1523964196069,-10.6069,-0.930857,-1.62361,0.0398682,0.667977,-0.179013,0.833688,-0.289602,-0.0612059
01324185,1523964196069,-11.0985,0.745688,-0.461171,1.41188,-0.265728,-0.654459,0.787839,0.367101,-0.346005
01324181,1523964196069,-8.92501,0.690992,3.8645,0.0375106,-0.103832,0.0261319,0.814376,0.403715,-0.122718
01324180,1523964196069,-10.943,-2.87196,0.0870559,0.638424,0.0641819,-0.993199,0.648252,0.412431,-0.452117
01324189,1523964196085,-9.7458,-2.12566,1.52882,0.166952,-0.361709,-0.327202,0.70032,-0.145491,-0.504125
01324188,1523964196085,-9.96885,-2.38652,-2.0606,0.296521,0.634194,-0.125263,0.835031,-0.288335,-0.0514441
01324185,1523964196085,-11.6042,1.15798,-0.642725,1.05675,-0.213349,-0.688315,0.781033,0.367457,-0.356966
01324181,1523964196085,-8.67114,0.645601,3.7076,-0.0317656,0.136146,0.0525072,0.814619,0.403355,-0.11939
01324180,1523964196085,-11.5628,-2.63476,0.0243028,0.54249,0.0195516,-0.965788,0.640046,0.416079,-0.455708
01324189,1523964196102,-9.69072,-2.72789,0.718453,-0.00200103,-0.335933,-0.345599,0.698697,-0.142442,-0.50716
01324188,1523964196102,-9.71669,-2.90862,-2.7052,0.616019,0.520917,-0.074696,0.836368,-0.286228,-0.0409561
01324185,1523964196102,-11.4307,1.04617,-0.610177,0.659785,-0.121722,-0.717416,0.776808,0.371829,-0.364315
01324181,1523964196102,-9.35268,0.458119,3.57401,-0.0992549,0.349579,0.0694173,0.814736,0.401588,-0.115102
01324180,1523964196102,-11.5743,-2.29886,-0.0223022,0.373093,-0.0523175,-0.907495,0.632332,0.423198,-0.458831
01324189,1523964196119,-9.81355,-2.3841,0.750333,0.0770595,-0.313407,-0.338249,0.696824,-0.13997,-0.512071
01324188,1523964196119,-9.63728,-1.69529,-3.16926,0.590105,0.396987,-0.0337718,0.837729,-0.287604,-0.0339194
01324185,1523964196119,-10.9759,0.653322,-0.581932,0.312728,0.023789,-0.774188,0.770288,0.378266,-0.366969
01324181,1523964196119,-10.2152,0.365293,3.74173,-0.159758,0.397455,0.0719788,0.816435,0.402098,-0.110346
01324180,1523964196119,-11.2843,-1.92875,-0.000519144,0.129991,-0.0762677,-0.894229,0.625004,0.433673,-0.466487
01324189,1523964196135,-10.0097,-1.7417,1.20269,0.153786,-0.248454,-0.306093,0.696033,-0.139388,-0.515136
01324188,1523964196135,-9.63317,-0.560741,-3.35768,0.20475,0.267598,-0.0378601,0.835938,-0.284187,-0.0284292
01324185,1523964196135,-10.6992,0.309855,-0.4204,0.0226995,0.134733,-0.793344,0.76499,0.388402,-0.367834
01324181,1523964196135,-10.9874,0.380251,3.94902,-0.19356,0.349487,0.0546269,0.817196,0.401638,-0.104763
01324180,1523964196135,-10.9288,-1.57754,0.0556349,-0.145259,-0.0727791,-0.857256,0.617128,0.441938,-0.466747
01324189,1523964196152,-10.2236,-1.52421,1.24538,0.0195794,-0.171838,-0.255117,0.693155,-0.13586,-0.515342
01324188,1523964196152,-9.84688,-0.821158,-3.24294,-0.211936,0.145672,-0.0526941,0.836628,-0.28665,-0.0227994
01324185,1523964196152,-10.8973,-0.0833831,0.00460731,-0.112267,0.184646,-0.766251,0.761735,0.398763,-0.364262
01324181,1523964196152,-11.4656,0.28229,4.08791,-0.191819,0.249387,0.0400961,0.819295,0.401874,-0.0992078
01324180,1523964196152,-10.7155,-1.4601,0.14537,-0.371487,-0.0221572,-0.802086,0.610323,0.448267,-0.461789
01324189,1523964196169,-10.4525,-1.75657,1.39919,-0.219432,-0.103588,-0.190251,0.693152,-0.131554,-0.517717
01324188,1523964196169,-10.0339,-1.73306,-3.07438,-0.265656,0.038641,-0.0365373,0.836751,-0.284434,-0.0234705
01324185,1523964196169,-11.4142,-0.508484,0.278595,-0.179582,0.143746,-0.679898,0.757802,0.40798,-0.361593
01324181,1523964196169,-11.614,0.132655,3.94976,-0.202611,0.0795694,0.0387112,0.819004,0.401371,-0.0962705
01324180,1523964196169,-10.943,-1.45828,0.176994,-0.518801,0.0309159,-0.764791,0.603993,0.4604,-0.458479
01324189,1523964196185,-10.4275,-2.4925,1.46522,-0.326134,-0.0505878,-0.121403,0.692071,-0.126652,-0.521547
01324188,1523964196185,-10.1655,-1.99399,-2.929,-0.0890182,-0.0914509,-0.00048447,0.837167,-0.285503,-0.025698
01324185,1523964196185,-11.8447,-1.0594,0.467686,-0.135477,0.129147,-0.500303,0.753466,0.416094,-0.357604
01324181,1523964196185,-11.3885,-0.0177414,4.21732,-0.227514,0.0120177,0.0226557,0.822103,0.399794,-0.0944094
01324180,1523964196185,-11.2992,-1.60258,0.187226,-0.623917,0.0936594,-0.677058,0.599272,0.471326,-0.452244
01324189,1523964196202,-10.3159,-2.99636,1.41853,-0.234898,-0.00660079,-0.0634456,0.691229,-0.124035,-0.52058
01324188,1523964196202,-10.1222,-2.08048,-2.99834,0.108482,-0.219772,0.0348693,0.836213,-0.284375,-0.0307346
01324185,1523964196202,-12.0574,-1.36125,0.678858,0.00320021,0.173696,-0.308487,0.752113,0.421219,-0.355034
01324181,1523964196202,-10.8706,-0.0817891,3.99243,-0.218581,-0.0341398,0.0186542,0.818997,0.399164,-0.0925032
01324180,1523964196202,-11.596,-1.84277,0.199926,-0.620774,0.156278,-0.564061,0.596715,0.481205,-0.447007
01324189,1523964196219,-10.0045,-2.99826,1.0122,-0.13518,0.0717319,-0.000243125,0.692451,-0.122631,-0.521118
01324188,1523964196219,-9.99838,-1.94884,-3.27004,0.243176,-0.350599,0.0812796,0.836215,-0.284368,-0.0339673
01324185,1523964196219,-12.0712,-1.20455,0.799156,0.190666,0.228338,-0.123646,0.750626,0.420972,-0.353197
01324181,1523964196219,-10.5915,-0.134259,3.95658,-0.227433,0.0535146,0.0279975,0.819789,0.400023,-0.0919978
01324180,1523964196219,-11.5737,-2.09689,0.285756,-0.493018,0.214499,-0.47412,0.592961,0.489645,-0.440295
01324189,1523964196235,-9.98715,-2.90715,0.576458,-0.120324,0.188947,0.03245,0.694479,-0.121816,-0.520198
01324188,1523964196235,-9.75437,-1.9933,-3.24747,0.217531,-0.513046,0.125381,0.836096,-0.286685,-0.037344
01324185,1523964196235,-11.9109,-0.875618,0.885965,0.209855,0.262361,0.0359578,0.75225,0.422084,-0.353997
01324181,1523964196235,-10.6098,-0.110111,3.83043,-0.200784,0.117571,0.04743,0.819478,0.401373,-0.0893648
01324180,1523964196235,-11.2147,-2.21736,0.436028,-0.34091,0.265224,-0.357745,0.591547,0.497088,-0.443639
01324189,1523964196252,-10.1173,-2.78823,0.671201,-0.154435,0.305012,0.0365863,0.697446,-0.121306,-0.517551
01324188,1523964196252,-9.91002,-2.23081,-2.989,0.164085,-0.648733,0.190769,0.835445,-0.290049,-0.046168
01324185,1523964196252,-11.5869,-0.492531,0.746835,-0.0068036,0.180057,0.133597,0.754425,0.420991,-0.352164
01324181,1523964196252,-10.5656,-0.0416029,3.76419,-0.179522,0.112567,0.0628131,0.82107,0.400294,-0.0853719
01324180,1523964196252,-10.788,-2.36175,0.640001,-0.105102,0.329995,-0.228456,0.592679,0.501686,-0.439508
01324189,1523964196269,-10.0081,-2.94434,0.786015,-0.16517,0.400045,0.0256944,0.700958,-0.122246,-0.514119
01324188,1523964196269,-10.0215,-2.2675,-2.50648,0.222173,-0.763565,0.228824,0.833841,-0.29332,-0.0534925
01324185,1523964196269,-11.0611,-0.317889,0.470188,-0.257515,0.105485,0.175055,0.756873,0.419354,-0.349281
01324181,1523964196269,-10.3608,0.0288393,3.65548,-0.19389,0.114783,0.0903983,0.822409,0.399458,-0.0835079
01324180,1523964196269,-10.3588,-2.33243,0.857037,0.117127,0.388312,-0.129146,0.595873,0.502039,-0.435358
01324189,1523964196285,-9.91716,-3.20824,0.762108,-0.119097,0.448661,-0.0311172,0.706089,-0.121498,-0.510157
01324188,1523964196285,-9.99133,-1.91351,-2.11044,0.175659,-0.876395,0.289207,0.831177,-0.300144,-0.0654716
01324185,1523964196285,-10.5333,-0.330987,0.273029,-0.497099,0.0430337,0.207922,0.760413,0.418476,-0.343532
01324181,1523964196285,-10.1952,0.137653,3.52646,-0.174333,0.123742,0.0972526,0.824038,0.396627,-0.0810736
01324180,1523964196285,-9.98913,-2.16029,0.970351,0.236684,0.407878,-0.036863,0.596231,0.502714,-0.427916
01324189,1523964196302,-9.77775,-3.09773,0.567976,0.0107136,0.486054,-0.0592131,0.71175,-0.121331,-0.504332
01324188,1523964196302,-10.0736,-1.25618,-1.93286,0.141162,-0.962247,0.334015,0.827953,-0.304128,-0.0787477
01324185,1523964196302,-10.1169,-0.487866,0.0627059,-0.632486,-0.0203561,0.249211,0.76286,0.417956,-0.341183
01324181,1523964196302,-9.97767,0.242323,3.28193,-0.181578,0.02844,0.111893,0.824854,0.395208,-0.0799894
01324180,1523964196302,-9.71593,-2.00615,1.08021,0.248324,0.391314,0.0457106,0.600795,0.501607,-0.426113
01324189,1523964196319,-9.62159,-2.686,0.157675,0.225819,0.538954,-0.0675163,0.714796,-0.117925,-0.497514
01324188,1523964196319,-10.1971,-1.31871,-2.23937,0.147584,-1.10794,0.360769,0.825534,-0.306741,-0.0904663
01324185,1523964196319,-9.70045,-0.70245,-0.0621009,-0.699634,-0.0471102,0.321658,0.765042,0.419052,-0.335449
01324181,1523964196319,-9.64224,0.299695,3.24434,-0.171925,-0.0349995,0.126736,0.825799,0.393659,-0.0782392
01324180,1523964196319,-9.39264,-1.93208,1.05477,0.15221,0.321925,0.121927,0.604154,0.500817,-0.425367
01324189,1523964196335,-9.88718,-2.23466,0.0799992,0.366583,0.563453,-0.0563846,0.720742,-0.118633,-0.492502
01324188,1523964196335,-10.3511,-1.15717,-2.50436,0.287508,-1.23697,0.408077,0.821777,-0.312132,-0.104632
01324185,1523964196335,-9.42837,-0.800544,-0.162515,-0.68766,-0.0376506,0.393814,0.767084,0.419972,-0.331543
01324181,1523964196335,-9.50497,0.313619,3.03726,-0.174559,-0.063414,0.123011,0.826879,0.393638,-0.0785159
01324180,1523964196335,-9.05252,-1.99933,0.94171,0.0418966,0.269296,0.191099,0.607245,0.499739,-0.424083
01324189,1523964196352,-9.99949,-1.90896,-0.341057,0.438147,0.557544,-0.024138,0.725726,-0.122324,-0.484692
01324188,1523964196352,-10.3158,-0.737272,-2.57342,0.320321,-1.38637,0.473032,0.818854,-0.320702,-0.119681
01324185,1523964196352,-9.21179,-0.917539,-0.245802,-0.691694,-0.0386596,0.461816,0.772114,0.416954,-0.327086
01324181,1523964196352,-9.61084,0.217863,2.89835,-0.171976,-0.1003,0.13651,0.826613,0.392801,-0.0776982
01324180,1523964196352,-8.88631,-2.09044,0.838907,-0.101689,0.216526,0.261852,0.6125,0.497173,-0.42286
01324189,1523964196369,-9.97651,-1.58508,-0.452601,0.375831,0.556479,0.00141009,0.73399,-0.126681,-0.477728
01324188,1523964196369,-10.5636,0.35128,-1.55856,0.0331698,-1.58553,0.4803,0.812384,-0.325667,-0.141869
01324185,1523964196369,-9.22189,-1.01868,-0.334105,-0.69898,-0.0307995,0.535768,0.776874,0.413373,-0.322623
01324181,1523964196369,-10.1816,0.143152,2.93477,-0.192694,-0.195233,0.163486,0.830171,0.390675,-0.0810135
01324180,1523964196369,-8.85562,-2.14848,0.652789,-0.230858,0.15207,0.308036,0.618683,0.494135,-0.418416
01324189,1523964196385,-10.0488,-1.04762,0.143679,0.271634,0.536948,0.00555521,0.738149,-0.12762,-0.470824
01324188,1523964196385,-10.4307,-0.33552,-1.33678,-0.272013,-1.6338,0.456481,0.805923,-0.332156,-0.162671
01324185,1523964196385,-9.49518,-1.22892,-0.407592,-0.711665,-0.00927849,0.565475,0.781634,0.410083,-0.31764
01324181,1523964196385,-10.2518,0.0504821,2.50623,-0.245894,-0.308269,0.129946,0.831016,0.388912,-0.0825802
01324180,1523964196385,-9.08502,-2.30402,0.495015,-0.326119,0.110838,0.426721,0.621087,0.49408,-0.41629
01324189,1523964196402,-9.71286,-0.213737,0.624967,0.153816,0.465681,0.0283249,0.743155,-0.129744,-0.466214
01324188,1523964196402,-10.5456,0.0370433,-0.759273,-0.168082,-1.69457,0.428166,0.801213,-0.336209,-0.186305
01324185,1523964196402,-9.86004,-1.42653,-0.453026,-0.722961,0.0226982,0.586629,0.785713,0.40918,-0.313201
01324181,1523964196402,-9.64158,0.14053,2.0882,-0.325923,-0.413864,0.123945,0.829452,0.387427,-0.0859882
01324180,1523964196402,-9.40043,-2.55762,0.384201,-0.39569,0.0991986,0.559838,0.628624,0.490885,-0.413896
01324189,1523964196419,-9.50756,0.693078,1.81915,0.00481811,0.374144,0.0457315,0.748006,-0.128986,-0.461446
01324188,1523964196419,-9.50568,0.281156,1.04016,-0.106052,-1.67632,0.34395,0.795286,-0.341171,-0.208769
01324185,1523964196419,-9.86521,-1.63104,-0.326956,-0.69938,0.0280767,0.621441,0.789662,0.404632,-0.30768
01324181,1523964196419,-9.16261,0.291749,2.10285,-0.423693,-0.437353,0.108401,0.830023,0.387623,-0.0897194
01324180,1523964196419,-9.40236,-2.79482,0.440884,-0.432776,0.0299588,0.68214,0.634555,0.487136,-0.41095
01324189,1523964196435,-9.20224,1.02337,2.97637,-0.212902,0.240192,0.102955,0.752074,-0.130519,-0.458828
01324188,1523964196435,-9.44956,1.17168,1.93893,-0.168239,-1.61123,0.261898,0.788805,-0.34443,-0.230042
01324185,1523964196435,-9.51762,-1.70521,-0.0814522,-0.617897,0.0438866,0.694312,0.795639,0.40103,-0.304267
01324181,1523964196435,-8.69959,0.389594,1.88659,-0.460283,-0.43342,0.137727,0.830342,0.386392,-0.0934182
01324180,1523964196435,-9.10348,-2.93744,0.563862,-0.453689,-0.0421026,0.771074,0.640637,0.481933,-0.408035
01324189,1523964196452,-8.84941,0.98646,4.24397,-0.483855,0.082679,0.193801,0.752067,-0.128507,-0.459347
01324188,1523964196452,-10.4793,2.60806,2.58371,-0.41328,-1.54763,0.272216,0.777162,-0.347237,-0.252838
01324185,1523964196452,-8.93823,-1.66048,0.118937,-0.484587,0.00991628,0.767392,0.802438,0.388696,-0.30038
01324181,1523964196452,-8.57845,0.400636,2.00308,-0.502393,-0.478675,0.180534,0.832022,0.383861,-0.0968383
01324180,1523964196452,-8.50651,-2.94639,0.704986,-0.516297,-0.0921376,0.80184,0.649406,0.475658,-0.403424
01324189,1523964196469,-9.41407,0.888897,5.68835,-0.663653,-0.149627,0.38389,0.751543,-0.127643,-0.462011
01324188,1523964196469,-10.9821,1.27852,2.64301,-0.678852,-1.38954,0.231389,0.769305,-0.347515,-0.274985
01324185,1523964196469,-8.42404,-1.58171,0.234417,-0.376506,-0.0239428,0.826905,0.808418,0.381426,-0.297062
01324181,1523964196469,-9.00755,0.303167,2.24853,-0.541712,-0.522546,0.196778,0.831669,0.383889,-0.102284
01324180,1523964196469,-7.92249,-2.87785,0.807739,-0.624572,-0.126398,0.825417,0.657338,0.472301,-0.399282
01324189,1523964196485,-9.31943,-0.491556,6.93719,-0.822979,-0.440236,0.517182,0.753629,-0.124707,-0.468301
01324188,1523964196485,-9.87985,2.60422,2.81972,-0.679278,-1.13998,0.241327,0.766732,-0.346612,-0.293217
01324185,1523964196485,-8.21157,-1.5156,0.248905,-0.290805,-0.0635945,0.816811,0.816022,0.37186,-0.295819
01324181,1523964196485,-9.15396,0.112181,2.27057,-0.493126,-0.64376,0.236142,0.832144,0.381497,-0.106625
01324180,1523964196485,-7.68506,-2.92392,0.862975,-0.717634,-0.0949346,0.810917,0.662682,0.469677,-0.388736
01324189,1523964196502,-9.62412,-2.36021,9.16694,-1.01047,-0.569893,0.566662,0.75087,-0.125546,-0.47818
01324188,1523964196502,-8.56354,2.843,1.76283,-0.665942,-0.69823,0.363297,0.761036,-0.34603,-0.306581
01324185,1523964196502,-8.36833,-1.42806,0.128544,-0.255727,-0.145382,0.775657,0.820367,0.363681,-0.295885
01324181,1523964196502,-8.62154,0.0604108,2.07694,-0.551167,-0.850588,0.251642,0.832515,0.379176,-0.114288
01324180,1523964196502,-7.82351,-3.0756,0.899461,-0.78098,-0.0796031,0.821168,0.670219,0.464864,-0.38259
01324189,1523964196519,-10.5582,-4.61154,9.91808,-1.25991,-0.934905,0.396143,0.744554,-0.120543,-0.489845
01324188,1523964196519,-7.98834,1.26036,-0.499117,-0.456986,-0.214581,0.427732,0.756718,-0.349332,-0.315355
01324185,1523964196519,-8.65788,-1.35899,-0.034469,-0.27842,-0.23009,0.74057,0.824442,0.354225,-0.296331
01324181,1523964196519,-8.07885,-0.127426,2.27963,-0.582466,-0.93267,0.266434,0.832097,0.376963,-0.124072
01324180,1523964196519,-8.08593,-3.35894,0.921928,-0.805999,-0.062659,0.845733,0.676123,0.462996,-0.378795
01324189,1523964196535,-10.3644,-5.89758,8.35186,-1.39744,-1.26216,0.0870687,0.72782,-0.113291,-0.509671
01324188,1523964196535,-7.52683,-2.37096,-2.81861,0.243519,0.364203,0.44175,0.758385,-0.355591,-0.313074
01324185,1523964196535,-8.91892,-1.42015,-0.22648,-0.30834,-0.303809,0.740284,0.829459,0.347273,-0.298503
01324181,1523964196535,-8.02318,-0.321304,2.82466,-0.574329,-0.831306,0.245756,0.832772,0.373447,-0.13384
01324180,1523964196535,-8.28933,-3.70406,0.91563,-0.821311,-0.0870452,0.834876,0.684104,0.457342,-0.37889
01324189,1523964196552,-9.52696,-5.41853,7.51035,-1.00935,-1.45758,-0.133557,0.717179,-0.101592,-0.528728
01324188,1523964196552,-7.53214,-2.60333,-4.07751,1.05471,1.03667,0.438773,0.760486,-0.367741,-0.297291
01324185,1523964196552,-9.18001,-1.51018,-0.403634,-0.360113,-0.301548,0.742088,0.832304,0.339595,-0.301837
01324181,1523964196552,-8.83633,-0.302182,3.28035,-0.499484,-0.728888,0.221617,0.831791,0.371575,-0.141499
01324180,1523964196552,-8.63311,-4.00129,0.789797,-0.885588,-0.125819,0.835961,0.690944,0.455454,-0.374433
01324189,1523964196569,-8.80391,-4.66706,6.25011,-0.517346,-1.46229,-0.217357,0.709139,-0.0958499,-0.545588
01324188,1523964196569,-8.90118,-0.170459,-5.09004,1.36633,1.5776,0.427988,0.759842,-0.375504,-0.277696
01324185,1523964196569,-9.77675,-1.71853,-0.608876,-0.41669,-0.310163,0.713428,0.835428,0.330409,-0.302936
01324181,1523964196569,-10.0995,-0.438581,3.46808,-0.376765,-0.75964,0.210951,0.833885,0.37068,-0.14828
01324180,1523964196569,-9.38213,-4.32565,0.495512,-0.97072,-0.185821,0.847398,0.697073,0.454853,-0.364939
01324189,1523964196585,-8.71686,-3.81233,4.6054,-0.17103,-1.36261,-0.253748,0.696862,-0.0894145,-0.561188
01324188,1523964196585,-10.668,3.33656,-5.01663,0.787178,1.89028,0.387256,0.767623,-0.385505,-0.247705
01324185,1523964196585,-10.9286,-1.99573,-0.898832,-0.45061,-0.279208,0.618278,0.839361,0.325026,-0.304204
01324181,1523964196585,-10.6502,-0.906148,3.5846,-0.300156,-0.849411,0.175647,0.833052,0.369194,-0.157809
01324180,1523964196585,-10.6006,-4.66584,0.264229,-1.016,-0.250085,0.904875,0.704056,0.451501,-0.358756
01324189,1523964196602,-8.32152,-3.07661,2.45191,-0.0474971,-1.21399,-0.175543,0.685568,-0.0880417,-0.57684
01324188,1523964196602,-11.3184,5.37553,-4.54392,-0.65521,2.04701,0.286899,0.77551,-0.390302,-0.223047
01324185,1523964196602,-12.1108,-2.02219,-1.0178,-0.506522,-0.25861,0.52492,0.842347,0.320228,-0.304429
01324181,1523964196602,-9.75125,-1.14778,3.51771,-0.155846,-0.825074,0.151067,0.832772,0.367247,-0.168397
01324180,1523964196602,-11.5422,-5.12986,0.17998,-0.953215,-0.318576,1.0139,0.712407,0.447273,-0.35572
01324189,1523964196619,-8.06355,-2.33643,1.50258,-0.0986479,-0.891568,-0.0379117,0.675171,-0.0852182,-0.589982
01324188,1523964196619,-10.335,4.53382,-4.68835,-1.88945,2.18083,0.320815,0.785814,-0.390879,-0.196
01324185,1523964196619,-12.5301,-1.97614,-0.900838,-0.681005,-0.267451,0.537167,0.843983,0.313763,-0.303327
01324181,1523964196619,-8.86694,-1.01087,3.16815,-0.0929946,-0.557205,0.104679,0.829521,0.365641,-0.17843
01324180,1523964196619,-11.5229,-5.51662,0.250551,-0.793521,-0.406418,1.09332,0.717858,0.439922,-0.355677
01324189,1523964196635,-7.73657,-1.77183,2.25111,-0.0788023,-0.693808,0.164293,0.66846,-0.0868103,-0.598748
01324188,1523964196635,-9.79103,2.5915,-3.74122,-2.31962,2.29439,0.450234,0.792441,-0.388495,-0.180981
01324185,1523964196635,-12.0281,-2.00314,-0.691546,-0.900801,-0.297545,0.659956,0.847508,0.308939,-0.304861
01324181,1523964196635,-8.81898,-1.00545,3.16353,0.00725303,-0.271741,0.041316,0.82862,0.365837,-0.183076
01324180,1523964196635,-11.0838,-5.49407,0.43381,-0.612435,-0.466563,1.1045,0.723592,0.431995,-0.357001
01324189,1523964196652,-7.21362,-1.85281,3.36999,0.124122,-0.557481,0.378752,0.662257,-0.0885415,-0.603776
01324188,1523964196652,-9.89345,2.44327,-2.47802,-2.03948,2.3414,0.628758,0.795559,-0.389324,-0.1676
01324185,1523964196652,-11.0248,-2.20178,-0.446142,-1.01971,-0.258159,0.775277,0.850088,0.305563,-0.304445
01324181,1523964196652,-8.7895,-0.881353,3.14202,0.0949038,-0.0674328,-0.0106535,0.829451,0.366607,-0.186556
01324180,1523964196652,-10.301,-5.17445,0.757402,-0.520528,-0.495487,1.06962,0.730878,0.42016,-0.364509
01324189,1523964196669,-6.9346,-2.08518,4.47271,0.386941,-0.442536,0.521535,0.658951,-0.0963918,-0.608885
01324188,1523964196669,-9.80952,2.9254,-2.50711,-1.41729,2.39121,0.933584,0.798582,-0.397591,-0.14485
01324185,1523964196669,-9.99235,-2.34999,-0.156405,-1.06598,-0.18668,0.822269,0.855255,0.300423,-0.30036
01324181,1523964196669,-8.66681,-0.576563,3.05002,0.193066,0.0593588,-0.0461364,0.830817,0.365432,-0.187077
01324180,1523964196669,-9.2463,-4.89425,1.00126,-0.486285,-0.48644,1.0539,0.737152,0.412082,-0.366385
01324189,1523964196685,-6.61038,-2.34038,4.50372,0.570755,-0.287269,0.631971,0.654279,-0.107073,-0.61186
01324188,1523964196685,-9.60263,2.63569,-2.56386,-0.846226,2.41338,1.2971,0.797422,-0.410432,-0.11937
01324185,1523964196685,-9.22526,-2.42445,-0.00407451,-1.03926,-0.180132,0.789711,0.860419,0.29328,-0.297825
01324181,1523964196685,-8.6379,-0.212292,3.03357,0.25718,0.11592,-0.052797,0.830556,0.364861,-0.187195
01324180,1523964196685,-8.5021,-4.86241,1.10054,-0.482265,-0.490971,1.0133,0.741298,0.402591,-0.368394
01324189,1523964196702,-6.29253,-2.18492,3.77151,0.757254,-0.0777961,0.714757,0.651936,-0.125281,-0.61171
01324188,1523964196702,-9.52754,2.04097,-2.0296,-0.172367,2.40028,1.57683,0.792232,-0.430461,-0.0914604
01324185,1523964196702,-8.76707,-2.43696,-0.0332662,-0.958725,-0.248663,0.701513,0.862057,0.286548,-0.295936
01324181,1523964196702,-8.68965,0.0297615,2.96581,0.324642,0.134184,-0.0270134,0.831902,0.364564,-0.186805
01324180,1523964196702,-8.16335,-4.8482,1.04592,-0.4666,-0.505594,0.957836,0.744906,0.392372,-0.368381
01324189,1523964196719,-6.09689,-1.42894,3.05961,1.05532,0.170221,0.775651,0.651744,-0.143246,-0.608907
01324188,1523964196719,-9.1069,1.36614,-1.94734,0.667097,2.37218,1.65226,0.78367,-0.455079,-0.0546351
01324185,1523964196719,-8.55446,-2.16641,-0.248966,-0.792796,-0.36085,0.557421,0.863416,0.280753,-0.296669
01324181,1523964196719,-8.80851,0.198301,2.82175,0.337815,0.150754,0.00671052,0.831629,0.3643,-0.185999
01324180,1523964196719,-8.09541,-4.80214,0.872822,-0.435933,-0.536016,0.90946,0.749972,0.385343,-0.372381
01324189,1523964196735,-6.2946,-0.176496,2.83434,1.258,0.375382,0.847043,0.650857,-0.162333,-0.603963
01324188,1523964196735,-8.77702,1.66892,-1.97432,1.37347,2.31009,1.60866,0.776036,-0.476072,-0.0177292
01324185,1523964196735,-8.56435,-1.99575,-0.623959,-0.546434,-0.442235,0.401188,0.865309,0.278586,-0.299399
01324181,1523964196735,-8.91698,0.320852,2.69796,0.322539,0.121119,0.0306468,0.832602,0.363521,-0.188252
01324180,1523964196735,-8.38004,-4.77883,0.633318,-0.402114,-0.549004,0.869213,0.752753,0.377466,-0.373391
01324189,1523964196752,-6.81141,1.53382,3.69082,1.34131,0.507717,0.877373,0.655276,-0.186291,-0.595775
01324188,1523964196752,-9.02244,2.67731,-1.91898,1.63497,2.24958,1.5513,0.765274,-0.497139,0.0250039
01324185,1523964196752,-8.74718,-1.66257,-0.867048,-0.305276,-0.401631,0.286736,0.866117,0.27556,-0.302772
01324181,1523964196752,-8.97639,0.356651,2.56407,0.270835,0.0762462,0.0468079,0.833961,0.363753,-0.189866
01324180,1523964196752,-8.7701,-4.83409,0.40202,-0.334341,-0.585743,0.79561,0.755818,0.369899,-0.378454
01324189,1523964196769,-7.70613,2.68063,3.96263,1.29641,0.58273,0.926997,0.657496,-0.209463,-0.585815
01324188,1523964196769,-9.36887,3.1382,-2.13465,1.35565,2.09958,1.45033,0.753691,-0.516733,0.0646064
01324185,1523964196769,-9.26239,-1.28383,-0.931384,-0.26546,-0.316267,0.233524,0.865292,0.272918,-0.308234
01324181,1523964196769,-8.93725,0.337666,2.61056,0.260162,0.0487165,0.0414248,0.834508,0.362612,-0.189316
01324180,1523964196769,-9.11814,-4.7978,0.234474,-0.259707,-0.633591,0.751877,0.757011,0.362371,-0.384569
01324189,1523964196785,-8.02295,2.85061,3.56864,1.06984,0.690557,1.0327,0.661189,-0.231802,-0.573858
01324188,1523964196785,-9.30984,3.4179,-2.16652,0.742998,1.90881,1.27943,0.739381,-0.533899,0.100084
01324185,1523964196785,-9.6196,-1.41637,-0.858922,-0.289018,-0.225079,0.175216,0.865287,0.273442,-0.31033
01324181,1523964196785,-8.86898,0.280226,2.63625,0.283331,0.0858508,0.0399392,0.835335,0.361725,-0.190104
01324180,1523964196785,-9.28846,-4.67772,0.10296,-0.207816,-0.676142,0.700985,0.758251,0.353134,-0.396126
01324189,1523964196802,-8.28431,2.60626,3.14361,0.653768,0.783058,1.12714,0.664328,-0.250535,-0.563205
01324188,1523964196802,-9.37358,3.2251,-1.44952,-0.0158453,1.65695,1.10685,0.725597,-0.547149,0.123407
01324185,1523964196802,-9.73516,-1.40112,-0.774061,-0.285762,-0.151135,0.0880175,0.865283,0.273276,-0.311636
01324181,1523964196802,-8.91575,0.238362,2.71886,0.267586,0.166543,0.00450651,0.835634,0.358597,-0.188978
01324180,1523964196802,-9.48531,-4.42894,0.0999873,-0.185714,-0.677429,0.683638,0.758112,0.345348,-0.403714
01324189,1523964196819,-8.64632,2.44607,2.99778,0.193786,0.892431,1.18943,0.66704,-0.265231,-0.55305
01324188,1523964196819,-9.34431,1.94245,-1.47903,-0.631832,1.37147,0.917228,0.717252,-0.560489,0.13736
01324185,1523964196819,-9.76807,-1.24662,-0.555868,-0.299691,-0.045215,0.0108168,0.864339,0.272319,-0.310055
01324181,1523964196819,-9.04118,0.229648,2.66027,0.262498,0.216324,-0.0294905,0.836989,0.357863,-0.188977
01324180,1523964196819,-9.46451,-4.20755,0.19083,-0.243593,-0.678063,0.616503,0.759127,0.340419,-0.407207
01324189,1523964196835,-8.93896,2.09496,2.87479,-0.18497,0.988809,1.21291,0.669486,-0.278633,-0.544353
01324188,1523964196835,-9.36737,0.932058,-1.10388,-1.02238,1.02259,0.770915,0.70674,-0.573692,0.142997
01324185,1523964196835,-9.7488,-1.37178,-0.380707,-0.29929,0.0204918,-0.0219245,0.865968,0.2729,-0.309151
01324181,1523964196835,-9.23769,0.222429,2.71228,0.260917,0.248494,-0.0610466,0.837769,0.358333,-0.186603
01324180,1523964196835,-9.24282,-4.17699,0.287421,-0.350362,-0.63531,0.560698,0.756536,0.33572,-0.414292
01324189,1523964196852,-9.10511,1.71063,2.77416,-0.47238,1.06773,1.17808,0.673814,-0.2882,-0.535648
01324188,1523964196852,-9.58346,0.0149846,-0.87006,-1.18796,0.715179,0.641612,0.700295,-0.584839,0.140629
01324185,1523964196852,-9.69811,-1.51635,-0.148459,-0.27471,0.0559129,-0.0647108,0.866377,0.27633,-0.306702
01324181,1523964196852,-9.32912,0.235897,2.7211,0.223661,0.228605,-0.0826267,0.839376,0.357774,-0.185013
01324180,1523964196852,-9.14604,-4.21558,0.392079,-0.413359,-0.57436,0.479814,0.756046,0.334462,-0.420797
01324189,1523964196869,-9.47627,1.27596,2.54506,-0.744404,1.11973,1.12206,0.680027,-0.296084,-0.525746
01324188,1523964196869,-9.71285,-0.989695,-0.566332,-1.11448,0.398228,0.522704,0.692236,-0.597608,0.129962
01324185,1523964196869,-9.68075,-1.50661,0.0836294,-0.208413,0.0917137,-0.117747,0.865969,0.279157,-0.306335
01324181,1523964196869,-9.33919,0.228547,2.66321,0.195217,0.216118,-0.0860892,0.839331,0.359544,-0.182657
01324180,1523964196869,-9.13433,-4.23622,0.532259,-0.376519,-0.511149,0.391689,0.754499,0.332211,-0.427848
01324189,1523964196885,-9.83407,0.501441,2.27149,-0.958769,1.15224,1.08949,0.686135,-0.301601,-0.517782
01324188,1523964196885,-9.64994,-1.63726,-0.402113,-0.817923,0.132805,0.392631,0.689168,-0.605721,0.123835
01324185,1523964196885,-9.75729,-1.39522,0.255606,-0.118563,0.132335,-0.194633,0.866377,0.281724,-0.304793
01324181,1523964196885,-9.23336,0.212827,2.6497,0.172129,0.207095,-0.0930139,0.840403,0.358985,-0.181328
01324180,1523964196885,-9.12829,-4.1991,0.682367,-0.313537,-0.428264,0.288936,0.753476,0.329347,-0.431135
01324189,1523964196902,-10.1292,-0.401429,2.23485,-1.04355,1.17893,0.984389,0.690972,-0.300979,-0.511543
01324188,1523964196902,-9.9707,-2.06993,-0.0780168,-0.434215,-0.0826614,0.261866,0.689594,-0.608211,0.120845
01324185,1523964196902,-9.85321,-1.26211,0.350545,-0.0345835,0.141102,-0.204119,0.866789,0.285598,-0.301302
01324181,1523964196902,-9.15269,0.2478,2.58434,0.118796,0.247721,-0.0907928,0.839406,0.361624,-0.179113
01324180,1523964196902,-9.06179,-4.14141,0.780008,-0.23801,-0.348335,0.161618,0.75376,0.328626,-0.43264
01324189,1523964196919,-10.5057,-1.20679,2.31651,-1.06579,1.20501,0.875958,0.695951,-0.302515,-0.504519
01324188,1523964196919,-10.4374,-2.07278,0.233692,0.0105997,-0.336157,0.131066,0.688799,-0.610947,0.117316
01324185,1523964196919,-9.85742,-1.07184,0.387591,0.0207088,0.146526,-0.225479,0.867332,0.28816,-0.300022
01324181,1523964196919,-9.29857,0.197543,2.59645,0.0744517,0.274754,-0.109336,0.840468,0.362062,-0.178071
01324180,1523964196919,-9.05804,-4.07916,0.833558,-0.166189,-0.243559,0.0195207,0.751482,0.330582,-0.437703
01324189,1523964196935,-10.5232,-1.53872,2.63241,-1.00076,1.187,0.790931,0.7031,-0.304678,-0.49632
01324188,1523964196935,-10.7481,-2.36632,1.00407,0.237292,-0.637753,-0.0716454,0.689083,-0.612304,0.111973
01324185,1523964196935,-9.88575,-0.90547,0.459884,0.0502354,0.158092,-0.273208,0.864348,0.292123,-0.299265
01324181,1523964196935,-9.41686,0.162262,2.49494,0.030075,0.300162,-0.119285,0.839587,0.36349,-0.172244
01324180,1523964196935,-9.14621,-4.01801,0.888621,-0.0839775,-0.11644,-0.141676,0.749617,0.329601,-0.437966
01324189,1523964196952,-10.6206,-1.3785,3.33527,-0.80372,1.16423,0.701038,0.710113,-0.307124,-0.487854
01324188,1523964196952,-11.2322,-2.50794,1.16797,0.503646,-0.952862,-0.345059,0.693143,-0.609382,0.104157
01324185,1523964196952,-9.98176,-0.772407,0.5063,0.0768893,0.166299,-0.306439,0.864353,0.294154,-0.296278
01324181,1523964196952,-9.56563,0.170176,2.53247,-0.0588248,0.276825,-0.132957,0.840624,0.364678,-0.169621
01324180,1523964196952,-9.20495,-3.99539,0.967928,0.00376272,-0.010402,-0.300363,0.747412,0.335161,-0.439309
01324189,1523964196969,-10.9854,-1.39452,4.56751,-0.600059,1.11731,0.573071,0.716574,-0.309265,-0.478845
01324188,1523964196969,-10.5802,-2.34916,-2.60487,1.50464,-0.964882,-0.570076,0.703687,-0.602026,0.105024
01324185,1523964196969,-10.0684,-0.733323,0.52902,0.0919922,0.171061,-0.343038,0.86408,0.299246,-0.295411
01324181,1523964196969,-9.70483,0.185478,2.57476,-0.108613,0.271354,-0.139707,0.84246,0.365044,-0.164864
01324180,1523964196969,-9.32805,-3.86743,1.05927,0.0691301,0.0800723,-0.473327,0.746411,0.340106,-0.438519
01324189,1523964196985,-10.8907,-1.72504,5.61194,-0.410383,0.946064,0.416772,0.723579,-0.311421,-0.469841
01324188,1523964196985,-11.1979,-0.0106037,-2.93172,1.34686,-0.835496,-0.65132,0.709605,-0.593385,0.108185
01324185,1523964196985,-10.1265,-0.776307,0.52224,0.133251,0.142249,-0.364997,0.862997,0.303233,-0.293355
01324181,1523964196985,-9.56288,0.189566,2.59491,-0.183398,0.220017,-0.13564,0.841561,0.369015,-0.160552
01324180,1523964196985,-9.41525,-3.71502,1.16076,0.115229,0.170439,-0.644658,0.743699,0.344241,-0.442586
01324189,1523964197002,-10.4954,-1.86414,5.5813,-0.280148,0.726863,0.248737,0.728814,-0.310947,-0.462403
01324188,1523964197002,-12.0301,2.53374,-3.26598,0.327555,-0.744333,-0.707053,0.717422,-0.58379,0.105859
01324185,1523964197002,-10.1192,-0.795569,0.570654,0.14606,0.10748,-0.393705,0.862724,0.306772,-0.292604
01324181,1523964197002,-9.29043,0.25593,2.5181,-0.26253,0.207398,-0.139884,0.841341,0.372268,-0.155966
01324180,1523964197002,-9.42897,-3.61441,1.21919,0.132723,0.291101,-0.80192,0.742,0.351225,-0.44107
01324189,1523964197019,-9.81616,-1.15892,4.62344,-0.178648,0.618306,0.123855,0.733249,-0.311034,-0.456298
01324188,1523964197019,-10.415,2.63455,-2.31685,-0.612325,-0.732189,-0.892784,0.72824,-0.575243,0.0937296
01324185,1523964197019,-10.0685,-0.815114,0.605082,0.19073,0.104366,-0.397997,0.860825,0.310886,-0.29133
01324181,1523964197019,-9.4044,0.16701,2.80163,-0.297164,0.256736,-0.149645,0.8429,0.373904,-0.152162
01324180,1523964197019,-9.49267,-3.56974,1.26232,0.147361,0.366185,-0.959522,0.737545,0.363173,-0.43671
01324189,1523964197035,-9.66959,-0.325922,3.56682,-0.168802,0.597201,0.050133,0.736729,-0.313535,-0.448595
01324188,1523964197035,-9.88977,2.1335,-2.3164,-1.1648,-0.716989,-0.980379,0.739986,-0.562648,0.0757801
01324185,1523964197035,-9.98182,-0.827738,0.555399,0.203758,0.0952136,-0.421785,0.858104,0.316772,-0.293207
01324181,1523964197035,-9.37583,0.0752791,2.65143,-0.338136,0.248071,-0.135797,0.839317,0.376086,-0.146323
01324180,1523964197035,-9.58987,-3.54455,1.28326,0.156911,0.410968,-1.09275,0.730937,0.374563,-0.429626
01324189,1523964197052,-9.88637,0.242299,3.23068,-0.26671,0.60164,0.0267267,0.742378,-0.310922,-0.443018
01324188,1523964197052,-10.3263,1.77616,-2.01375,-1.39678,-0.624815,-0.956231,0.751478,-0.552261,0.0552707
01324185,1523964197052,-9.89983,-0.801807,0.507948,0.197985,0.0916545,-0.43283,0.856473,0.323272,-0.29248
01324181,1523964197052,-9.38838,-0.089827,2.63036,-0.336289,0.265631,-0.142524,0.841075,0.381354,-0.139939
01324180,1523964197052,-9.58125,-3.48217,1.3296,0.190495,0.480114,-1.21336,0.72809,0.386776,-0.42569
01324189,1523964197069,-10.0051,0.560929,2.53222,-0.489148,0.514124,0.0332609,0.746132,-0.307405,-0.439152
01324188,1523964197069,-10.3336,1.1082,-1.65386,-1.09146,-0.558786,-0.941013,0.758503,-0.544308,0.0354733
01324185,1523964197069,-9.81068,-0.783167,0.436001,0.17597,0.060858,-0.453039,0.855654,0.327206,-0.293169
01324181,1523964197069,-9.37939,-0.142983,2.49378,-0.38707,0.22155,-0.130675,0.841147,0.382606,-0.135049
01324180,1523964197069,-9.43555,-3.52392,1.3308,0.217172,0.514328,-1.29827,0.725527,0.399443,-0.425939
01324189,1523964197085,-10.1574,0.570779,1.7167,-0.682029,0.51953,0.0512793,0.7492,-0.302863,-0.435404
01324188,1523964197085,-10.2275,1.07161,-1.30059,-0.681436,-0.454202,-0.893682,0.768748,-0.531044,0.0224342
01324185,1523964197085,-9.76036,-0.83173,0.332439,0.145776,0.00560973,-0.459465,0.852392,0.332398,-0.294515
01324181,1523964197085,-9.49039,-0.265846,2.79247,-0.386297,0.234236,-0.11673,0.84186,0.385174,-0.128465
01324180,1523964197085,-9.43165,-3.44145,1.29745,0.218494,0.561143,-1.40254,0.717968,0.413043,-0.421771
01324189,1523964197102,-10.4522,0.0506918,1.36941,-0.844477,0.567865,0.0604758,0.753225,-0.298635,-0.431937
01324188,1523964197102,-10.6143,1.06435,-1.4395,-0.246616,-0.387848,-0.744005,0.776033,-0.522217,0.0118488
01324185,1523964197102,-9.72722,-0.957266,0.191582,0.111349,-0.0312715,-0.483007,0.851846,0.338754,-0.293921
01324181,1523964197102,-9.61766,-0.369354,2.92163,-0.359673,0.151071,-0.122661,0.840734,0.38669,-0.125296
01324180,1523964197102,-9.528,-3.4566,1.25292,0.249101,0.593669,-1.44429,0.713062,0.428179,-0.415313
01324189,1523964197119,-10.465,-0.615474,1.69905,-0.896453,0.545917,-0.00894105,0.759296,-0.291306,-0.43061
01324188,1523964197119,-10.4008,1.24009,-1.8615,-0.00837176,-0.339479,-0.662159,0.781675,-0.512301,0.0097044
01324185,1523964197119,-9.9015,-1.11036,0.0962835,0.103114,-0.0700497,-0.491212,0.846003,0.345467,-0.296842
01324181,1523964197119,-9.47484,-0.396626,2.73711,-0.33301,0.117549,-0.117901,0.839552,0.391116,-0.12006
01324180,1523964197119,-9.65111,-3.62609,1.16378,0.2909,0.611515,-1.45095,0.703824,0.445843,-0.406578
01324189,1523964197135,-10.0958,-0.879192,2.16019,-0.762508,0.521098,-0.0786944,0.764013,-0.286098,-0.428883
01324188,1523964197135,-9.98168,0.778036,-2.21194,0.0288341,-0.275801,-0.684134,0.786371,-0.502875,0.00592462
01324185,1523964197135,-9.9507,-1.38943,0.0114841,0.0730074,-0.0909744,-0.497832,0.844635,0.353039,-0.299002
01324181,1523964197135,-9.3402,-0.356264,2.79516,-0.304615,0.128407,-0.105868,0.841127,0.393131,-0.118523
01324180,1523964197135,-9.78835,-3.47259,1.10528,0.334594,0.629609,-1.46894,0.697856,0.460863,-0.401999
01324189,1523964197152,-9.62742,-0.994515,2.33783,-0.551822,0.485095,-0.125095,0.766263,-0.281964,-0.424727
01324188,1523964197152,-9.69963,1.19914,-2.58617,0.0233568,-0.256535,-0.705166,0.793662,-0.495951,0.0016863
01324185,1523964197152,-9.99942,-1.55045,0.000667542,0.0888252,-0.13323,-0.478855,0.840696,0.357672,-0.300079
01324181,1523964197152,-9.21162,-0.274665,2.7751,-0.30093,0.135081,-0.12655,0.840528,0.394666,-0.114164
01324180,1523964197152,-9.60775,-3.90853,0.981391,0.501651,0.606814,-1.35127,0.69129,0.47201,-0.402895
01324189,1523964197169,-9.07882,-1.04172,1.89618,-0.319566,0.495383,-0.164427,0.772456,-0.276354,-0.421006
01324188,1523964197169,-9.32123,1.5497,-2.57545,-0.179024,-0.254199,-0.711789,0.797674,-0.485565,-0.00364143
01324185,1523964197169,-9.87441,-1.72695,0.0456586,0.195225,-0.160489,-0.460112,0.837969,0.364082,-0.304054
01324181,1523964197169,-8.98425,-0.274318,2.67271,-0.259893,0.159609,-0.139456,0.840169,0.398627,-0.10999
01324180,1523964197169,-9.45766,-3.8816,0.883913,0.735641,0.621047,-1.31807,0.683927,0.480825,-0.399637
01324189,1523964197185,-8.89422,-1.07139,1.41624,-0.161871,0.534174,-0.185335,0.775907,-0.272382,-0.414188
01324188,1523964197185,-9.1574,1.39465,-2.55607,-0.368928,-0.270041,-0.668981,0.804413,-0.477014,-0.00817512
01324185,1523964197185,-9.67947,-1.88225,0.0510423,0.294207,-0.187745,-0.449881,0.833752,0.369652,-0.307753
01324181,1523964197185,-8.98186,-0.30337,2.63222,-0.241005,0.201554,-0.167593,0.839984,0.400411,-0.107101
01324180,1523964197185,-9.31796,-3.63307,0.821386,0.906674,0.591903,-1.231,0.67927,0.489326,-0.400344
01324189,1523964197202,-8.99507,-1.00968,1.00169,-0.0368097,0.52939,-0.184895,0.781951,-0.267909,-0.408467
01324188,1523964197202,-8.94662,0.866251,-2.26894,-0.39158,-0.234458,-0.670471,0.809239,-0.466269,-0.0152418
01324185,1523964197202,-9.47914,-1.80649,0.0101442,0.408797,-0.181698,-0.443289,0.830482,0.370945,-0.313899
01324181,1523964197202,-8.86134,-0.299553,2.67398,-0.233742,0.202836,-0.193493,0.840573,0.40254,-0.101039
01324180,1523964197202,-9.09182,-3.34019,0.769615,0.940202,0.527719,-1.17056,0.671385,0.49802,-0.399649
01324189,1523964197219,-9.03004,-0.898803,0.642238,0.0935338,0.522823,-0.180003,0.786359,-0.265686,-0.401005
01324188,1523964197219,-8.89055,0.329815,-2.13215,-0.231838,-0.20784,-0.640742,0.815839,-0.457014,-0.0222893
01324185,1523964197219,-9.27623,-1.67296,-0.0290322,0.533279,-0.156112,-0.41132,0.827074,0.375349,-0.319551
01324181,1523964197219,-8.89048,-0.360458,2.56145,-0.227318,0.221782,-0.220917,0.839144,0.406361,-0.0973825
01324180,1523964197219,-8.86106,-3.19648,0.675982,0.879127,0.441467,-1.07574,0.665718,0.502349,-0.403128
01324189,1523964197235,-9.45772,-0.930553,0.534219,0.240788,0.545507,-0.209678,0.790642,-0.266336,-0.39303
01324188,1523964197235,-9.51401,0.462288,-1.43299,0.0886386,-0.214355,-0.596248,0.819464,-0.450237,-0.0251438
01324185,1523964197235,-9.14569,-1.51493,-0.109037,0.607168,-0.136513,-0.409858,0.823939,0.377631,-0.325576
01324181,1523964197235,-9.21472,-0.478421,2.6848,-0.208495,0.196501,-0.253852,0.837039,0.40978,-0.0929133
01324180,1523964197235,-8.7295,-2.90528,0.678866,0.732209,0.398813,-1.02945,0.65921,0.509739,-0.406669
01324189,1523964197252,-10.4855,-1.05914,0.758759,0.41218,0.507669,-0.269246,0.795042,-0.265258,-0.384105
01324188,1523964197252,-10.3378,-0.0364851,-1.39316,0.364527,-0.167304,-0.5143,0.822819,-0.44386,-0.025595
01324185,1523964197252,-9.26596,-1.34572,-0.188125,0.63987,-0.102627,-0.425395,0.821349,0.378655,-0.331067
01324181,1523964197252,-9.69176,-0.442968,2.86702,-0.227217,0.132708,-0.264571,0.836947,0.414715,-0.0898259
01324180,1523964197252,-8.73673,-3.05902,0.598194,0.594875,0.318504,-0.851572,0.653146,0.513345,-0.409481
01324189,1523964197269,-11.0305,-1.12065,1.23905,0.632299,0.39845,-0.339268,0.799723,-0.26419,-0.375986
01324188,1523964197269,-10.3798,-0.295422,-1.58301,0.655659,-0.115814,-0.52059,0.826988,-0.437585,-0.0241768
01324185,1523964197269,-9.49487,-1.24561,-0.218177,0.644532,-0.0746454,-0.439138,0.817943,0.380514,-0.337087
01324181,1523964197269,-9.7317,-0.263767,2.69429,-0.214784,0.0654357,-0.268656,0.835285,0.416788,-0.0877254
01324180,1523964197269,-8.87809,-3.34563,0.607324,0.568701,0.246658,-0.683484,0.649889,0.517478,-0.411783
01324189,1523964197285,-10.3683,-1.11115,1.47005,0.709849,0.278305,-0.409095,0.803462,-0.262817,-0.369326
01324188,1523964197285,-10.1781,-0.048262,-1.86599,0.679864,-0.0667035,-0.528709,0.831272,-0.428645,-0.0174742
01324185,1523964197285,-9.80591,-1.22198,-0.197825,0.599737,-0.0676019,-0.478186,0.815487,0.384085,-0.34208
01324181,1523964197285,-9.79934,-0.223338,2.7124,-0.201544,0.0595642,-0.253222,0.833607,0.420843,-0.0865965
01324180,1523964197285,-9.02202,-3.43416,0.600599,0.611074,0.170202,-0.534286,0.646663,0.51841,-0.412528
01324189,1523964197302,-9.71947,-0.729253,1.61694,0.714616,0.24182,-0.442011,0.807485,-0.263179,-0.362683
01324188,1523964197302,-9.89282,0.624566,-2.03315,0.521887,-0.0394055,-0.527696,0.834482,-0.421242,-0.0148957
01324185,1523964197302,-9.99409,-1.27133,-0.148014,0.552935,-0.0372899,-0.483389,0.810864,0.388527,-0.345768
01324181,1523964197302,-9.8126,-0.264795,2.78073,-0.165207,0.0449366,-0.234493,0.831656,0.425189,-0.0854708
01324180,1523964197302,-9.17645,-3.47493,0.632703,0.61546,0.11271,-0.376391,0.644007,0.518196,-0.417359
01324189,1523964197319,-9.47958,-0.651711,1.48936,0.571873,0.220765,-0.456714,0.810268,-0.259771,-0.356933
01324188,1523964197319,-9.79833,0.675562,-2.13543,0.166898,-0.00990892,-0.5112,0.837691,-0.413555,-0.0121646
01324185,1523964197319,-10.1415,-1.4076,-0.0917741,0.523534,-0.0316541,-0.473153,0.807729,0.390387,-0.351788
01324181,1523964197319,-9.72527,-0.380158,2.71105,-0.126168,0.0684056,-0.21029,0.831197,0.426851,-0.0817795
01324180,1523964197319,-9.25154,-3.48602,0.685081,0.634384,0.0472669,-0.257152,0.641643,0.514914,-0.419553
01324189,1523964197335,-9.47312,-0.733925,0.895159,0.334667,0.207624,-0.446832,0.812396,-0.257362,-0.353191
01324188,1523964197335,-9.67493,0.0154789,-2.28443,-0.0214207,-0.00470624,-0.488493,0.84119,-0.408482,-0.012834
01324185,1523964197335,-10.0712,-1.37422,0.0261929,0.553747,-0.0209055,-0.425646,0.805414,0.393144,-0.355075
01324181,1523964197335,-9.6917,-0.37006,2.7159,-0.11197,0.0880365,-0.201555,0.83047,0.430317,-0.0807811
01324180,1523964197335,-9.19645,-3.43685,0.66172,0.630481,-0.00123466,-0.155536,0.639017,0.512676,-0.425506
01324189,1523964197352,-9.67536,-0.314185,0.159257,0.116465,0.185684,-0.435061,0.816001,-0.25197,-0.349175
01324188,1523964197352,-9.56994,-0.359725,-2.12782,0.00653631,0.0192158,-0.480049,0.845088,-0.402297,-0.0124958
01324185,1523964197352,-9.91183,-1.39434,0.165158,0.567499,-0.0238297,-0.352539,0.803366,0.393885,-0.360566
01324181,1523964197352,-9.66651,-0.360169,2.85111,-0.117383,0.0491883,-0.198433,0.82986,0.434795,-0.0792735
01324180,1523964197352,-9.10543,-3.37313,0.672626,0.633362,-0.0285504,-0.0607668,0.638556,0.508361,-0.430452
01324189,1523964197369,-9.864,0.586974,0.239702,0.000455495,0.147293,-0.394484,0.820852,-0.247051,-0.34705
01324188,1523964197369,-9.3839,0.288065,-2.10867,0.165115,0.0297583,-0.508047,0.847211,-0.394503,-0.0116305
01324185,1523964197369,-9.78113,-1.35647,0.343578,0.612776,-0.0552749,-0.281831,0.799014,0.395911,-0.365277
01324181,1523964197369,-9.61348,-0.386214,2.83263,-0.0853935,0.0511152,-0.191633,0.828622,0.436124,-0.0782251
01324180,1523964197369,-8.96182,-3.24057,0.624002,0.622495,-0.050879,0.00230691,0.640015,0.502592,-0.44032
01324189,1523964197385,-9.89345,0.922166,0.360213,-0.0643464,0.0755117,-0.375018,0.822981,-0.243065,-0.344366
01324188,1523964197385,-9.52306,0.567207,-2.30265,0.0569587,0.0339502,-0.492837,0.852461,-0.387317,-0.0113813
01324185,1523964197385,-9.69868,-1.22693,0.38239,0.618884,-0.0749781,-0.22135,0.79778,0.395094,-0.371147
01324181,1523964197385,-9.75134,-0.443716,2.91979,-0.058859,0.0108173,-0.174787,0.826959,0.439031,-0.0772053
01324180,1523964197385,-8.85903,-3.30628,0.559389,0.632171,-0.0550873,0.0831806,0.641435,0.497806,-0.444762
01324189,1523964197402,-9.85103,0.493778,0.0908075,-0.191981,0.0517631,-0.373631,0.822941,-0.23544,-0.344974
01324188,1523964197402,-9.56566,0.141156,-2.38509,-0.0477725,0.0361053,-0.505912,0.853767,-0.379218,-0.0104867
01324185,1523964197402,-9.66959,-1.13086,0.317071,0.602511,-0.0838054,-0.152397,0.797368,0.392781,-0.37413
01324181,1523964197402,-9.71958,-0.53063,2.85887,-0.0268965,-0.0421251,-0.170174,0.827331,0.441461,-0.077127
01324180,1523964197402,-8.88688,-3.19003,0.492083,0.590039,-0.0815355,0.128479,0.63966,0.492078,-0.45188
01324189,1523964197419,-9.75354,-0.451043,0.0530129,-0.316898,0.0383599,-0.375809,0.82345,-0.228262,-0.345726
01324188,1523964197419,-9.40517,-0.278546,-2.44751,-0.135022,0.0429768,-0.509935,0.855487,-0.371974,-0.0101895
01324185,1523964197419,-9.71803,-1.11623,0.187971,0.560879,-0.06172,-0.0989026,0.796275,0.391149,-0.378424
01324181,1523964197419,-9.55691,-0.650022,2.87185,0.0264276,-0.0942346,-0.169099,0.824221,0.444313,-0.0795462
01324180,1523964197419,-8.91606,-3.15592,0.429147,0.522183,-0.0862233,0.176385,0.640173,0.485875,-0.45931
01324189,1523964197435,-9.56007,-1.35572,0.138002,-0.295749,0.0225734,-0.375733,0.825322,-0.222699,-0.345569
01324188,1523964197435,-9.39679,-0.635887,-2.38176,-0.127921,0.0265873,-0.495894,0.858436,-0.365874,-0.0107877
01324185,1523964197435,-9.71815,-1.09225,0.0906743,0.473386,-0.0517503,-0.0682536,0.793823,0.388787,-0.384014
01324181,1523964197435,-9.47791,-0.755902,2.95167,0.0763421,-0.11315,-0.190976,0.822703,0.447476,-0.0798622
01324180,1523964197435,-8.92807,-3.15087,0.395221,0.424362,-0.0878409,0.239937,0.642006,0.480212,-0.463776
01324189,1523964197452,-9.5769,-1.90254,0.24162,-0.0936043,0.00844186,-0.353695,0.828845,-0.216471,-0.347701
01324188,1523964197452,-9.38291,-0.802986,-2.28409,-0.0546251,0.023355,-0.497193,0.862474,-0.360027,-0.0126278
01324185,1523964197452,-9.6676,-1.0878,0.0350841,0.387436,-0.0251109,-0.0428268,0.796659,0.385725,-0.389223
01324181,1523964197452,-9.31914,-0.79766,2.91002,0.103095,-0.125738,-0.202411,0.822435,0.450673,-0.0843118
01324180,1523964197452,-8.88795,-3.25166,0.382975,0.324241,-0.105068,0.293656,0.646427,0.470872,-0.467542
01324189,1523964197469,-9.61793,-1.94287,0.0668916,0.154643,0.00754711,-0.374178,0.831409,-0.214805,-0.346379
01324188,1523964197469,-9.35872,-0.813879,-2.46468,0.0240182,0.00590861,-0.459668,0.865685,-0.352548,-0.0116611
01324185,1523964197469,-9.52314,-1.15855,0.00293753,0.30979,-0.0319303,-0.00870969,0.794347,0.383683,-0.392856
01324181,1523964197469,-9.2814,-0.865217,2.99849,0.156581,-0.140265,-0.226842,0.820003,0.453644,-0.087405
01324180,1523964197469,-8.7903,-3.29822,0.328085,0.24413,-0.122423,0.358051,0.646773,0.46522,-0.469553
01324189,1523964197485,-9.7597,-1.73995,0.0670804,0.340383,0.0418914,-0.38248,0.8319,-0.20977,-0.343936
01324188,1523964197485,-9.4888,-0.669813,-2.30854,0.0904532,-0.00369983,-0.438105,0.867142,-0.346758,-0.0113171
01324185,1523964197485,-9.39088,-1.31585,0.0280097,0.288138,-0.0206784,0.0379907,0.794752,0.383385,-0.393639
01324181,1523964197485,-9.27841,-0.867656,3.05652,0.204581,-0.16673,-0.227224,0.819592,0.456306,-0.0902472
01324180,1523964197485,-8.63484,-3.33468,0.295566,0.170999,-0.127214,0.408501,0.649076,0.46197,-0.466543
01324189,1523964197502,-9.99646,-1.42698,0.246651,0.479687,-0.0147009,-0.371202,0.833365,-0.206062,-0.342853
01324188,1523964197502,-9.56081,-0.522661,-2.28043,0.148945,0.000926098,-0.42351,0.870625,-0.33924,-0.0112943
01324185,1523964197502,-9.28016,-1.44168,0.0925024,0.310043,0.000623552,0.0752276,0.796651,0.379982,-0.394658
01324181,1523964197502,-9.21285,-0.820685,2.93529,0.274031,-0.177467,-0.237905,0.819457,0.458809,-0.0936205
01324180,1523964197502,-8.54547,-3.32399,0.296497,0.117211,-0.128186,0.446819,0.651302,0.455846,-0.468051
01324189,1523964197519,-9.95142,-1.27768,0.411842,0.58964,-0.084855,-0.351165,0.83498,-0.205091,-0.341525
01324188,1523964197519,-9.54829,-0.382173,-2.03152,0.0974733,0.0374139,-0.425237,0.874124,-0.334596,-0.00902688
01324185,1523964197519,-9.10926,-1.58237,0.118176,0.37847,0.0113023,0.150739,0.797459,0.376387,-0.398287
01324181,1523964197519,-9.04223,-0.750601,2.77082,0.366518,-0.175463,-0.229617,0.816902,0.461616,-0.0977722
01324180,1523964197519,-8.36882,-3.33664,0.319904,0.106879,-0.118804,0.500405,0.65486,0.451307,-0.471438
01324189,1523964197535,-9.65108,-1.3564,0.711378,0.69226,-0.149841,-0.36319,0.833876,-0.203333,-0.341097
01324188,1523964197535,-9.44049,-0.653232,-1.94326,0.0940641,0.0606157,-0.404627,0.873812,-0.328171,-0.00915967
01324185,1523964197535,-8.9933,-1.53972,0.151595,0.453972,0.0120459,0.208455,0.797728,0.369984,-0.401363
01324181,1523964197535,-8.85658,-0.670698,2.68353,0.410976,-0.201061,-0.228315,0.812775,0.464067,-0.10602
01324180,1523964197535,-8.17106,-3.30578,0.360675,0.132781,-0.10053,0.51033,0.658368,0.442308,-0.481131
01324189,1523964197552,-9.44677,-1.37452,0.7618,0.719477,-0.227841,-0.357661,0.832787,-0.203017,-0.341216
01324188,1523964197552,-9.04484,-0.866086,-1.70857,0.0871659,0.106312,-0.383754,0.875805,-0.321449,-0.00714739
01324185,1523964197552,-8.83608,-1.39622,0.170078,0.494057,-0.0226137,0.302145,0.80057,0.363701,-0.405495
01324181,1523964197552,-8.63524,-0.585704,2.81856,0.446357,-0.2794,-0.210209,0.811598,0.466226,-0.112698
01324180,1523964197552,-7.95629,-3.2845,0.413643,0.181315,-0.0662133,0.510835,0.661814,0.434708,-0.481875
01324189,1523964197569,-9.38568,-1.53531,1.23027,0.808911,-0.335796,-0.390924,0.834838,-0.201928,-0.342837
01324188,1523964197569,-9.16259,-0.647997,-1.45454,0.121949,0.185705,-0.386213,0.87836,-0.317668,-0.00478739
01324185,1523964197569,-8.59942,-1.27974,0.146617,0.51404,-0.0820996,0.358579,0.803146,0.358301,-0.407674
01324181,1523964197569,-8.51125,-0.499331,2.82736,0.460433,-0.271813,-0.182648,0.81123,0.468929,-0.120192
01324180,1523964197569,-7.70505,-3.27479,0.459653,0.275298,-0.0237449,0.506397,0.666176,0.42765,-0.478972
01324189,1523964197585,-9.27997,-1.45,1.54287,0.810613,-0.53092,-0.427887,0.834601,-0.200935,-0.347109
01324188,1523964197585,-9.03387,-0.493371,-1.56765,0.100874,0.274369,-0.371207,0.881164,-0.31065,-7.24667e-05
01324185,1523964197585,-8.44004,-1.19167,0.114625,0.527942,-0.135559,0.396289,0.803961,0.348658,-0.41059
01324181,1523964197585,-8.68946,-0.402046,2.92095,0.456764,-0.253766,-0.165207,0.808333,0.468543,-0.126533
01324180,1523964197585,-7.70867,-3.18552,0.460108,0.329067,0.0223247,0.492138,0.669214,0.421669,-0.48238
01324189,1523964197602,-9.13215,-1.26808,1.79421,0.754036,-0.734091,-0.466816,0.832995,-0.198611,-0.351355
01324188,1523964197602,-8.79507,-0.630438,-1.3998,-0.0371328,0.367027,-0.388797,0.883573,-0.305648,0.00425182
01324185,1523964197602,-8.43003,-1.10019,0.166636,0.553185,-0.190463,0.391506,0.806118,0.341466,-0.41798
01324181,1523964197602,-8.99466,-0.323467,3.28457,0.429814,-0.380812,-0.15236,0.807574,0.471639,-0.135893
01324180,1523964197602,-7.83846,-3.22001,0.381311,0.380927,0.0645581,0.49542,0.674416,0.413463,-0.483973
01324189,1523964197619,-9.14857,-1.18873,2.03319,0.537618,-0.875125,-0.492149,0.826434,-0.197059,-0.363714
01324188,1523964197619,-9.13247,-0.996838,-1.23501,-0.136685,0.442882,-0.395767,0.882714,-0.29915,0.00898011
01324185,1523964197619,-8.63232,-0.94971,0.110662,0.658435,-0.214645,0.366074,0.806521,0.328944,-0.424004
01324181,1523964197619,-8.99035,-0.236128,3.34813,0.418883,-0.48824,-0.12741,0.804726,0.469889,-0.145661
01324180,1523964197619,-8.13659,-3.31394,0.257041,0.425996,0.0838125,0.508191,0.677489,0.404433,-0.487173
01324189,1523964197635,-9.46541,-1.51429,2.09075,0.222783,-1.00294,-0.473355,0.822856,-0.194145,-0.375694
01324188,1523964197635,-9.78688,-1.47985,-1.471,-0.119401,0.528385,-0.380629,0.884302,-0.293363,0.0155192
01324185,1523964197635,-9.00367,-0.846373,0.00417861,0.737392,-0.200904,0.321756,0.807596,0.31978,-0.43137
01324181,1523964197635,-8.84747,-0.14708,3.3256,0.413475,-0.470295,-0.111769,0.802651,0.470572,-0.154956
01324180,1523964197635,-8.61996,-3.32374,0.189429,0.483322,0.0976795,0.529857,0.68299,0.394788,-0.491637
01324189,1523964197652,-9.71237,-2.00955,0.876267,-0.0298005,-1.09707,-0.455332,0.818469,-0.189062,-0.38979
01324188,1523964197652,-9.92324,-1.83161,-2.48233,0.033946,0.578322,-0.331235,0.884675,-0.28875,0.0226737
01324185,1523964197652,-9.43248,-0.598202,-0.086777,0.760621,-0.142456,0.29083,0.808806,0.311471,-0.438223
01324181,1523964197652,-8.939,-0.114216,3.34854,0.399155,-0.429243,-0.0915241,0.801649,0.471525,-0.164269
01324180,1523964197652,-9.06064,-3.27027,0.122582,0.50091,0.0673739,0.561517,0.686077,0.385039,-0.495797
01324189,1523964197669,-9.70765,-2.08833,-0.506537,-0.176034,-1.0612,-0.445247,0.811621,-0.182617,-0.403579
01324188,1523964197669,-9.44642,-2.50781,-3.59178,0.158855,0.540716,-0.277601,0.88526,-0.284979,0.0305379
01324185,1523964197669,-9.75042,-0.398853,-0.15286,0.738069,-0.0860121,0.278653,0.80934,0.303452,-0.444683
01324181,1523964197669,-9.01127,0.0739742,3.58114,0.35976,-0.417953,-0.0542394,0.800907,0.472776,-0.172925
01324180,1523964197669,-9.38782,-3.21091,0.0810435,0.477261,0.0565035,0.577204,0.6921,0.376248,-0.499171
01324189,1523964197685,-9.73254,-1.91686,-1.48181,-0.296484,-0.859808,-0.430934,0.806245,-0.173329,-0.41656
01324188,1523964197685,-8.94754,-2.35703,-4.73776,0.201693,0.399757,-0.244252,0.88495,-0.279673,0.0386854
01324185,1523964197685,-9.95723,-0.195299,-0.131542,0.645745,0.00450898,0.259507,0.811107,0.295673,-0.445921
01324181,1523964197685,-9.15401,0.258766,3.9824,0.284796,-0.399715,-0.0227939,0.799643,0.471632,-0.180198
01324180,1523964197685,-9.59999,-3.09299,0.108622,0.427533,0.035907,0.590888,0.696262,0.364863,-0.499866
01324189,1523964197702,-10.3295,-1.97593,-1.58247,-0.467574,-0.616067,-0.32168,0.802619,-0.16379,-0.42755
01324188,1523964197702,-9.28396,-1.8044,-4.97599,0.0696094,0.231381,-0.187771,0.888182,-0.276177,0.0437123
01324185,1523964197702,-10.0916,0.0294877,-0.0941325,0.575395,0.0807345,0.240412,0.812325,0.288137,-0.449251
01324181,1523964197702,-9.42216,0.364562,4.23465,0.252495,-0.343984,0.0243938,0.800283,0.46903,-0.187459
01324180,1523964197702,-9.83372,-2.99474,0.14555,0.333507,0.00498714,0.586637,0.700412,0.353759,-0.498933
01324189,1523964197719,-11.0008,-2.43674,-0.974654,-0.510262,-0.434025,-0.256274,0.800343,-0.156576,-0.436033
01324188,1523964197719,-9.70748,-1.92393,-4.89941,-0.130296,0.0727164,-0.104207,0.888173,-0.274932,0.0451372
01324185,1523964197719,-10.265,0.0883939,-0.0484929,0.492333,0.167333,0.190659,0.815311,0.281345,-0.450503
01324181,1523964197719,-9.82136,0.464072,4.34611,0.209517,-0.288179,0.0759575,0.799305,0.466594,-0.194708
01324180,1523964197719,-10.127,-2.96471,0.176688,0.228675,-0.0103334,0.589457,0.702117,0.346192,-0.500056
01324189,1523964197735,-11.1313,-2.98855,-0.521261,-0.424813,-0.303586,-0.233093,0.796831,-0.151763,-0.441843
01324188,1523964197735,-9.88549,-2.31699,-4.45164,-0.0563045,-0.0792897,-0.0363581,0.886536,-0.27354,0.0440326
01324185,1523964197735,-10.6311,0.290489,-0.0737208,0.426961,0.211506,0.144601,0.816943,0.276275,-0.450198
01324181,1523964197735,-10.0452,0.604437,4.50137,0.162899,-0.269406,0.134921,0.799739,0.467493,-0.199117
01324180,1523964197735,-10.5238,-2.97461,0.216263,0.115177,-0.0165113,0.572079,0.706536,0.337732,-0.505427
01324189,1523964197752,-10.8312,-3.02345,0.111849,-0.196699,-0.216992,-0.201443,0.798196,-0.14764,-0.44477
01324188,1523964197752,-9.75335,-1.858,-4.298,0.162209,-0.197788,0.0116304,0.888449,-0.275246,0.0424204
01324185,1523964197752,-11.0744,0.509863,-0.158905,0.323982,0.262053,0.0832527,0.819118,0.272627,-0.449255
01324181,1523964197752,-9.88849,0.752073,4.23873,0.100405,-0.219003,0.189797,0.799529,0.465972,-0.203335
01324180,1523964197752,-10.9036,-2.97682,0.231877,0.00572804,-0.0423153,0.529091,0.710377,0.330999,-0.5067
01324189,1523964197769,-10.3401,-2.51328,0.631404,0.0677886,-0.144649,-0.169689,0.797665,-0.144764,-0.447953
01324188,1523964197769,-9.73172,-1.19248,-3.96729,0.26724,-0.298708,0.0351141,0.888721,-0.275105,0.0393281
01324185,1523964197769,-11.4358,0.738341,-0.262251,0.141862,0.245082,0.0632276,0.821296,0.271558,-0.446115
01324181,1523964197769,-9.95672,0.882214,4.31308,0.0359713,-0.137174,0.266564,0.801999,0.463887,-0.205444
01324180,1523964197769,-11.1167,-2.97231,0.25399,-0.0882115,-0.059546,0.497656,0.712854,0.325438,-0.506036
01324189,1523964197785,-9.9762,-1.7639,0.829719,0.290417,-0.0641171,-0.137185,0.798202,-0.142765,-0.448345
01324188,1523964197785,-9.50845,-0.965658,-4.11067,0.316184,-0.401465,0.0228439,0.889689,-0.277427,0.0356689
01324185,1523964197785,-11.4212,0.786381,-0.287632,-0.0776385,0.269307,0.0718152,0.825104,0.271088,-0.441156
01324181,1523964197785,-9.92876,0.926243,4.2786,-0.0462208,-0.0731506,0.339769,0.80303,0.45839,-0.207466
01324180,1523964197785,-11.0699,-2.8733,0.303329,-0.168058,-0.0513849,0.425132,0.715054,0.320461,-0.505087
01324189,1523964197802,-9.87112,-1.38012,0.894764,0.334121,0.0683977,-0.0928871,0.797639,-0.143459,-0.446069
01324188,1523964197802,-9.52678,-0.672311,-3.98323,0.260598,-0.500849,0.025784,0.89051,-0.277517,0.027976
01324185,1523964197802,-11.2088,0.785152,-0.185102,-0.307832,0.284802,0.0770252,0.827552,0.272851,-0.43739
01324181,1523964197802,-9.94753,0.969604,4.38391,-0.0776887,-0.0100828,0.404199,0.805114,0.453492,-0.207652
01324180,1523964197802,-10.8763,-2.71727,0.373748,-0.272327,-0.0287748,0.326162,0.716951,0.318978,-0.50528
01324189,1523964197819,-9.91954,-1.74015,0.738859,0.308474,0.19474,-0.0469978,0.799399,-0.1435,-0.445019
01324188,1523964197819,-9.75613,-1.23316,-3.65146,0.191182,-0.60243,0.0374483,0.890227,-0.275225,0.0227356
01324185,1523964197819,-10.9626,0.697149,0.0381951,-0.461273,0.307316,0.066791,0.829327,0.273369,-0.432434
01324181,1523964197819,-9.97438,0.809166,4.38198,-0.128729,0.0370891,0.472027,0.810055,0.445566,-0.207006
01324180,1523964197819,-10.6445,-2.51201,0.396473,-0.402728,-0.022193,0.235709,0.717229,0.318691,-0.506642
01324189,1523964197835,-9.81097,-2.21028,0.670383,0.315372,0.29822,-0.0418529,0.80266,-0.148174,-0.441479
01324188,1523964197835,-9.63065,-1.95401,-3.38359,0.219378,-0.65898,0.0547589,0.890117,-0.278344,0.0147302
01324185,1523964197835,-10.7456,0.582758,0.170811,-0.591251,0.294516,0.0703718,0.833134,0.275164,-0.426974
01324181,1523964197835,-9.92978,0.593889,4.23667,-0.176941,0.048347,0.511939,0.814685,0.440661,-0.205889
01324180,1523964197835,-10.3509,-2.40002,0.404788,-0.564946,0.0179084,0.128549,0.719608,0.321549,-0.506349
01324189,1523964197852,-9.50484,-2.59481,0.900951,0.360447,0.384019,-0.0472432,0.805478,-0.150235,-0.435907
01324188,1523964197852,-9.49612,-2.15104,-2.85821,0.298277,-0.719518,0.0847438,0.890806,-0.278721,0.00392324
01324185,1523964197852,-10.6684,0.563035,0.191974,-0.692025,0.283043,0.0586334,0.836811,0.2787,-0.418916
01324181,1523964197852,-9.69887,0.463312,4.08126,-0.226796,0.0777608,0.531271,0.819847,0.43465,-0.202628
01324180,1523964197852,-10.2493,-2.39873,0.39612,-0.742141,0.0523966,0.037096,0.721795,0.328166,-0.503545
01324189,1523964197869,-9.15053,-2.81176,0.851273,0.385557,0.445813,-0.0473403,0.807746,-0.153715,-0.429001
01324188,1523964197869,-9.45505,-2.14753,-2.6901,0.364996,-0.771494,0.150126,0.89069,-0.280513,-0.00750086
01324185,1523964197869,-10.6953,0.505339,0.106368,-0.837324,0.275792,0.0741559,0.838317,0.283351,-0.411645
01324181,1523964197869,-9.51984,0.283567,3.9651,-0.260541,0.145899,0.53884,0.824179,0.429533,-0.198314
01324180,1523964197869,-10.2341,-2.44175,0.371864,-0.884498,0.088506,-0.0409299,0.721269,0.333616,-0.491534
01324189,1523964197885,-8.96681,-2.67016,0.887781,0.417619,0.509321,-0.0420571,0.813936,-0.156423,-0.419725
01324188,1523964197885,-9.38186,-1.9376,-2.40379,0.365269,-0.792528,0.186183,0.890164,-0.282147,-0.0159469
01324185,1523964197885,-10.6598,0.322035,-2.49743e-05,-1.02026,0.277547,0.0726419,0.840237,0.286933,-0.401228
01324181,1523964197885,-9.40001,0.0158012,3.8261,-0.251508,0.151773,0.523348,0.827748,0.421548,-0.194729
01324180,1523964197885,-10.189,-2.55709,0.37167,-0.982541,0.136744,-0.104549,0.723544,0.342825,-0.485706
01324189,1523964197902,-8.99748,-2.32592,0.928007,0.361941,0.56344,-0.0316811,0.81811,-0.158375,-0.413766
01324188,1523964197902,-9.42056,-1.87053,-2.35112,0.333974,-0.831183,0.227152,0.891886,-0.28545,-0.025303
01324185,1523964197902,-10.5784,0.0928141,0.0182591,-1.20948,0.259262,0.0882623,0.842153,0.291898,-0.392263
01324181,1523964197902,-9.14205,-0.0975445,3.75747,-0.244215,0.153902,0.497434,0.831982,0.414544,-0.191703
01324180,1523964197902,-10.0525,-2.64759,0.406342,-1.05452,0.191874,-0.158299,0.723388,0.35338,-0.479409
01324189,1523964197919,-9.16293,-1.72758,1.30677,0.251056,0.57163,-5.41703e-05,0.822244,-0.158154,-0.404979
01324188,1523964197919,-9.41614,-1.28013,-1.95702,0.307937,-0.835047,0.233988,0.891105,-0.289405,-0.0369915
01324185,1523964197919,-10.3959,-0.226109,0.0501234,-1.37843,0.244516,0.124228,0.84569,0.300227,-0.384251
01324181,1523964197919,-8.93178,-0.070718,3.6617,-0.217278,0.167338,0.459483,0.83521,0.411868,-0.187694
01324180,1523964197919,-9.7447,-2.70476,0.447703,-1.08803,0.243442,-0.203069,0.726184,0.363444,-0.47249
01324189,1523964197935,-9.30161,-1.17903,1.5049,0.164434,0.533776,0.0210715,0.825205,-0.162231,-0.398889
01324188,1523964197935,-9.48427,-0.716619,-1.81961,0.211955,-0.812421,0.230009,0.888418,-0.293031,-0.0456717
01324185,1523964197935,-10.0111,-0.642592,0.088887,-1.46519,0.212555,0.189086,0.848964,0.306347,-0.373863
01324181,1523964197935,-8.80836,-0.0400422,3.53632,-0.19035,0.191464,0.425093,0.838217,0.406583,-0.185356
01324180,1523964197935,-9.30846,-2.79469,0.533642,-1.09535,0.293127,-0.238053,0.727065,0.375849,-0.463334
01324189,1523964197952,-9.23147,-1.0802,1.70853,0.0483775,0.518626,0.0455756,0.829794,-0.164053,-0.393602
01324188,1523964197952,-9.49823,-0.526882,-1.35675,0.0785018,-0.800945,0.204427,0.886273,-0.295864,-0.059024
01324185,1523964197952,-9.65037,-1.0108,0.0966406,-1.45567,0.168998,0.24371,0.850615,0.311218,-0.362412
01324181,1523964197952,-8.61258,-0.0327683,3.40703,-0.159886,0.162452,0.386768,0.843755,0.40188,-0.18093
01324180,1523964197952,-8.90827,-2.89695,0.60466,-1.0521,0.340858,-0.253385,0.726329,0.386803,-0.449317
01324189,1523964197969,-9.38994,-1.12607,2.11974,-0.021001,0.484913,0.0436659,0.833543,-0.163546,-0.387351
01324188,1523964197969,-9.5324,-0.582876,-0.913166,0.0286758,-0.75407,0.17096,0.884941,-0.298729,-0.0688861
01324185,1523964197969,-9.2462,-1.34081,0.0439101,-1.38989,0.114346,0.298334,0.85416,0.315777,-0.352533
01324181,1523964197969,-8.40852,0.086198,3.2853,-0.144529,0.158185,0.348691,0.846487,0.396196,-0.177384
01324180,1523964197969,-8.52882,-3.06925,0.655756,-0.96793,0.391924,-0.252623,0.727491,0.397748,-0.439383
01324189,1523964197985,-9.40582,-1.40139,2.24103,-0.00185191,0.382855,0.0226058,0.838518,-0.164363,-0.380455
01324188,1523964197985,-9.34552,-1.02515,-0.51593,0.0721587,-0.705164,0.134659,0.886864,-0.300973,-0.0807707
01324185,1523964197985,-8.97468,-1.6171,-0.0861905,-1.25619,0.106444,0.337304,0.857429,0.31803,-0.345245
01324181,1523964197985,-8.31015,0.271767,3.25823,-0.129236,0.129248,0.313867,0.849509,0.390181,-0.175695
01324180,1523964197985,-8.31575,-3.26969,0.671237,-0.834087,0.376053,-0.22561,0.731042,0.407589,-0.421802
01324189,1523964198002,-9.42773,-1.71143,2.26496,0.0748398,0.275027,0.0141879,0.840522,-0.16454,-0.376331
01324188,1523964198002,-9.2155,-1.15275,-0.265502,0.225575,-0.634117,0.129427,0.884977,-0.302161,-0.0889042
01324185,1523964198002,-8.83284,-1.70476,-0.198121,-1.02869,0.0445261,0.351028,0.859753,0.318887,-0.337287
01324181,1523964198002,-8.29116,0.514775,3.04842,-0.1273,0.112831,0.287825,0.851652,0.38851,-0.172228
01324180,1523964198002,-8.19081,-3.38652,0.671815,-0.663156,0.382696,-0.177066,0.73277,0.4165,-0.412998
01324189,1523964198019,-9.40577,-1.98709,2.32239,0.173933,0.13068,-0.0136412,0.842136,-0.164859,-0.374077
01324188,1523964198019,-9.28054,-1.07186,-0.0732011,0.323054,-0.563734,0.10253,0.88446,-0.305482,-0.0955718
01324185,1523964198019,-8.70294,-1.69131,-0.39793,-0.837588,0.0126486,0.337386,0.861933,0.32025,-0.33234
01324181,1523964198019,-8.37055,0.722469,3.06325,-0.141565,0.0827298,0.28588,0.853564,0.38453,-0.169772
01324180,1523964198019,-8.15067,-3.47979,0.633024,-0.484768,0.339849,-0.105939,0.733619,0.42079,-0.405085
01324189,1523964198035,-9.34391,-2.37113,2.7465,0.280362,-0.0223077,-0.0236616,0.840789,-0.167127,-0.374213
01324188,1523964198035,-9.35938,-0.762288,0.528659,0.347474,-0.432663,0.125346,0.881508,-0.310387,-0.101769
01324185,1523964198035,-8.60907,-1.60543,-0.626058,-0.622479,-0.0160703,0.310097,0.864244,0.320299,-0.329734
01324181,1523964198035,-8.57975,0.860773,2.9844,-0.161126,0.0339313,0.276935,0.854858,0.378212,-0.16992
01324180,1523964198035,-8.17637,-3.52032,0.555211,-0.338358,0.276089,-0.0456817,0.734496,0.426733,-0.406871
01324189,1523964198052,-9.63631,-2.98754,3.6963,0.429912,-0.206716,-0.0742692,0.841363,-0.170887,-0.374919
01324188,1523964198052,-9.3755,-1.14023,1.49244,0.251372,-0.247565,0.106361,0.880171,-0.313423,-0.104906
01324185,1523964198052,-8.63084,-1.44663,-0.89366,-0.450636,-0.000577721,0.258784,0.866289,0.317967,-0.32632
01324181,1523964198052,-8.6293,0.894245,2.87235,-0.170046,-0.0129579,0.276564,0.859044,0.37646,-0.168864
01324180,1523964198052,-8.28031,-3.49154,0.457679,-0.218314,0.212043,0.0249909,0.738071,0.427936,-0.400412
01324189,1523964198069,-9.91469,-3.67491,4.2441,0.577134,-0.54143,-0.185026,0.840849,-0.171462,-0.377728
01324188,1523964198069,-9.41272,-2.0674,1.69608,0.313847,-0.0625449,0.0955642,0.882204,-0.312718,-0.105157
01324185,1523964198069,-8.70307,-1.30666,-1.03274,-0.28406,0.00789424,0.207532,0.867378,0.31673,-0.324612
01324181,1523964198069,-8.61374,0.938161,2.79674,-0.225168,-0.0769427,0.264108,0.859594,0.374342,-0.16723
01324180,1523964198069,-8.3867,-3.46783,0.379431,-0.10957,0.11927,0.127039,0.740715,0.427694,-0.392075
01324189,1523964198085,-9.55185,-3.24617,3.72849,0.667576,-0.853476,-0.337037,0.835892,-0.171229,-0.386235
01324188,1523964198085,-9.72199,-2.0843,0.820238,0.539221,0.0907561,0.102295,0.88167,-0.314643,-0.101229
01324185,1523964198085,-8.86693,-1.2671,-1.01157,-0.148875,0.0501508,0.161223,0.869553,0.31535,-0.323038
01324181,1523964198085,-9.51658,0.86662,3.05315,-0.339772,-0.127239,0.22118,0.861391,0.371432,-0.168252
01324180,1523964198085,-8.56115,-3.39346,0.22829,-0.077982,0.0494345,0.209447,0.74153,0.426221,-0.390765
01324189,1523964198102,-9.18423,-1.98593,3.57259,0.585341,-1.04096,-0.379697,0.831527,-0.170174,-0.400095
01324188,1523964198102,-9.98602,-0.249009,0.208814,0.490715,0.243827,0.101785,0.88195,-0.316644,-0.0959696
01324185,1523964198102,-9.26498,-1.35122,-0.925727,0.0243159,0.098872,0.0978759,0.870917,0.312716,-0.320664
01324181,1523964198102,-10.0131,0.654465,3.13132,-0.310438,-0.235301,0.204786,0.861305,0.368126,-0.168979
01324180,1523964198102,-9.09349,-3.3476,0.109524,-0.0784638,-0.0399566,0.293203,0.744602,0.424041,-0.389446
01324189,1523964198119,-9.02769,-0.934549,3.46806,0.236077,-1.08397,-0.357732,0.822936,-0.166997,-0.414693
01324188,1523964198119,-10.0394,0.340574,-0.291876,0.0717534,0.356801,0.116071,0.880042,-0.316347,-0.0891914
01324185,1523964198119,-9.82208,-1.39581,-0.826201,0.223661,0.150792,0.0294106,0.871326,0.31259,-0.31988
01324181,1523964198119,-9.72471,0.483385,2.90219,-0.2961,-0.411118,0.168684,0.860685,0.366485,-0.172394
01324180,1523964198119,-9.6547,-3.33441,0.0654477,-0.12513,-0.109024,0.410359,0.747386,0.41779,-0.395288
01324189,1523964198135,-8.95275,-0.437443,3.17359,-0.120053,-1.09929,-0.332268,0.816793,-0.162735,-0.429712
01324188,1523964198135,-10.1443,0.00413984,-0.367452,-0.186549,0.42408,0.0796185,0.878774,-0.319339,-0.085473
01324185,1523964198135,-10.3258,-1.37805,-0.627697,0.36088,0.195177,0.0290848,0.873089,0.309756,-0.320643
01324181,1523964198135,-9.29218,0.190003,3.00718,-0.247977,-0.471682,0.145524,0.863166,0.365904,-0.177723
01324180,1523964198135,-9.91197,-3.27477,0.0753478,-0.166844,-0.175235,0.471244,0.748506,0.414738,-0.397528
01324189,1523964198152,-9.24538,-0.40087,3.05396,-0.452925,-1.1354,-0.274625,0.810091,-0.156873,-0.444176
01324188,1523964198152,-10.2536,-0.847822,-0.539364,-0.207661,0.446278,0.0531799,0.879051,-0.320898,-0.0803214
01324185,1523964198152,-10.4819,-1.34312,-0.35447,0.441027,0.239016,0.0916815,0.874857,0.307102,-0.319316
01324181,1523964198152,-8.74575,0.0701601,3.18685,-0.175664,-0.479637,0.0968368,0.861719,0.367235,-0.183185
01324180,1523964198152,-9.78501,-3.20395,0.139815,-0.221195,-0.190076,0.500676,0.752079,0.409629,-0.402682
01324189,1523964198169,-9.33315,-0.530421,2.95761,-0.763463,-1.17873,-0.24003,0.801216,-0.149379,-0.460343
01324188,1523964198169,-10.2013,-1.14342,-1.40346,-0.0019357,0.401103,0.0612011,0.878642,-0.32134,-0.0738791
01324185,1523964198169,-10.23,-1.22394,0.0362959,0.485106,0.250386,0.215666,0.878388,0.303179,-0.317983
01324181,1523964198169,-8.38983,0.0428437,3.17034,-0.149504,-0.409839,0.0472813,0.860193,0.364553,-0.18896
01324180,1523964198169,-9.31455,-3.15886,0.28,-0.22879,-0.155377,0.513084,0.75427,0.406409,-0.404266
01324189,1523964198185,-9.32217,-1.03782,2.8248,-0.937406,-1.10789,-0.244297,0.793968,-0.138337,-0.477838
01324188,1523964198185,-9.8517,-0.76617,-1.74894,0.108753,0.360175,0.049164,0.878502,-0.321293,-0.0686218
01324185,1523964198185,-9.78015,-1.05786,0.413255,0.478225,0.237633,0.341518,0.881245,0.295017,-0.317129
01324181,1523964198185,-8.38371,-0.0347483,3.20567,-0.0886549,-0.320474,-0.00212091,0.858615,0.364487,-0.19293
01324180,1523964198185,-8.83702,-3.1116,0.451686,-0.208178,-0.095904,0.474853,0.75754,0.401853,-0.403864
01324189,1523964198202,-9.3268,-1.6407,2.57516,-0.897689,-1.00477,-0.253235,0.78617,-0.128282,-0.494265
01324188,1523964198202,-9.99387,-0.651155,-1.91734,0.0641669,0.328462,0.0228224,0.879037,-0.320689,-0.0630687
01324185,1523964198202,-9.49465,-0.830785,0.539427,0.421975,0.210852,0.425028,0.883834,0.286317,-0.314962
01324181,1523964198202,-8.5695,-0.148569,3.23323,-0.024355,-0.307006,-0.0452446,0.857309,0.366082,-0.199328
01324180,1523964198202,-8.6019,-3.01868,0.601921,-0.191385,-0.00640263,0.426324,0.75957,0.397278,-0.396689
01324189,1523964198219,-9.59492,-2.32797,2.475,-0.710703,-0.896317,-0.309735,0.77681,-0.119295,-0.50819
01324188,1523964198219,-10.4465,-0.785734,-1.74172,-0.0962132,0.25626,0.00228104,0.879315,-0.322033,-0.0593851
01324185,1523964198219,-9.43189,-0.698913,0.365539,0.270378,0.131656,0.459705,0.885602,0.279827,-0.315167
01324181,1523964198219,-8.70787,-0.261773,3.19346,0.0398248,-0.309089,-0.0678297,0.855205,0.36544,-0.203811
01324180,1523964198219,-8.56286,-3.07715,0.696238,-0.181456,0.0680949,0.382928,0.763751,0.394584,-0.395183
01324189,1523964198235,-9.93714,-3.16196,2.89927,-0.469249,-0.843473,-0.333819,0.771289,-0.111004,-0.519434
01324188,1523964198235,-10.2669,-0.585068,-1.56685,-0.32647,0.237533,-0.0171819,0.879184,-0.322985,-0.0576922
01324185,1523964198235,-9.51439,-0.592838,-0.0445037,0.0851351,0.0343222,0.408673,0.888725,0.272904,-0.315895
01324181,1523964198235,-8.79134,-0.146282,3.16173,0.0683462,-0.295047,-0.0764115,0.854805,0.367381,-0.206904
01324180,1523964198235,-8.66612,-3.31494,0.696341,-0.150471,0.132057,0.345734,0.767279,0.390157,-0.392891
01324189,1523964198252,-9.95241,-3.86926,3.54285,-0.187686,-0.860151,-0.361253,0.766592,-0.103886,-0.530831
01324188,1523964198252,-10.2167,-0.0849041,-1.74505,-0.572363,0.228648,0.00758423,0.877821,-0.322533,-0.0544144
01324185,1523964198252,-9.67423,-0.544068,-0.455498,-0.107197,-0.0761848,0.356052,0.889815,0.268403,-0.315333
01324181,1523964198252,-8.94532,0.215847,3.12,0.0400042,-0.259144,-0.0949772,0.854554,0.369568,-0.211732
01324180,1523964198252,-8.87447,-3.62058,0.603204,-0.112554,0.192397,0.317356,0.771446,0.388624,-0.391361
01324189,1523964198269,-9.36872,-4.12187,3.76224,0.0557719,-0.88351,-0.36583,0.758771,-0.0991274,-0.541408
01324188,1523964198269,-9.57932,-0.2986,-1.51705,-0.809753,0.309657,-0.0107515,0.879302,-0.320492,-0.0549786
01324185,1523964198269,-9.81497,-0.589285,-0.832374,-0.216927,-0.164415,0.321053,0.891165,0.264667,-0.318961
01324181,1523964198269,-9.25818,0.643978,3.13877,0.00431911,-0.210129,-0.0754488,0.854304,0.370082,-0.214531
01324180,1523964198269,-9.20499,-3.82846,0.490076,-0.0651909,0.203697,0.289625,0.773879,0.385661,-0.388214
01324189,1523964198285,-8.70602,-3.66845,4.06,0.198733,-0.848809,-0.327341,0.74907,-0.0969142,-0.553054
01324188,1523964198285,-9.13151,-0.803112,-1.32344,-0.689626,0.400927,-0.0407089,0.880238,-0.318151,-0.0555173
01324185,1523964198285,-9.96544,-0.73065,-1.10108,-0.238448,-0.199735,0.290724,0.893745,0.261006,-0.318673
01324181,1523964198285,-9.63171,0.959754,3.20278,-0.027855,-0.200864,-0.0545232,0.851909,0.370329,-0.217833
01324180,1523964198285,-9.54149,-3.93954,0.346003,-0.0698886,0.180579,0.264866,0.777528,0.382099,-0.385501
01324189,1523964198302,-8.05811,-2.82269,4.34432,0.17343,-0.763968,-0.249532,0.742072,-0.0961968,-0.561799
01324188,1523964198302,-9.03875,-1.23695,-1.39724,-0.299004,0.430271,-0.0518471,0.878604,-0.317877,-0.0514392
01324185,1523964198302,-10.1351,-0.917525,-1.24234,-0.194508,-0.196191,0.248172,0.894965,0.257311,-0.32021
01324181,1523964198302,-9.71955,1.01942,3.14311,-0.0351062,-0.200416,-0.0303485,0.850333,0.369148,-0.22045
01324180,1523964198302,-9.84995,-3.96544,0.168834,-0.112612,0.11415,0.251885,0.780905,0.378978,-0.38291
01324189,1523964198319,-7.72655,-1.92559,4.55077,0.140191,-0.704889,-0.181415,0.736425,-0.0945054,-0.570017
01324188,1523964198319,-9.0505,-1.15825,-1.61446,0.0655661,0.43379,-0.0351558,0.879271,-0.316916,-0.0442492
01324185,1523964198319,-10.3284,-1.03674,-1.27651,-0.12843,-0.126577,0.228988,0.893204,0.255477,-0.320318
01324181,1523964198319,-9.79547,0.948153,3.15365,-0.0530504,-0.183079,-0.000808059,0.849108,0.371279,-0.221944
01324180,1523964198319,-10.0517,-3.99437,-0.0604793,-0.174532,0.0333911,0.250966,0.781876,0.376646,-0.383917
01324189,1523964198335,-7.70446,-1.28722,4.68339,0.0630912,-0.576266,-0.133947,0.731055,-0.0949754,-0.577452
01324188,1523964198335,-8.98578,-0.655441,-1.83371,0.363929,0.426715,-0.00221978,0.879536,-0.316453,-0.0387015
01324185,1523964198335,-10.5937,-1.06871,-1.18718,-0.105481,-0.0506092,0.189414,0.894151,0.254188,-0.321354
01324181,1523964198335,-9.88049,0.804033,3.12206,-0.0638501,-0.133865,0.0307202,0.850884,0.371195,-0.224618
01324180,1523964198335,-10.2301,-4.01002,-0.149314,-0.262944,-0.0309263,0.25351,0.784579,0.375005,-0.38426
01324189,1523964198352,-7.71692,-1.14779,4.55247,0.0475587,-0.465595,-0.103999,0.727571,-0.0933341,-0.584223
01324188,1523964198352,-8.82461,-0.244974,-2.34889,0.437223,0.416991,0.0362499,0.878715,-0.316641,-0.0281977
01324185,1523964198352,-10.8152,-1.0383,-1.03728,-0.15753,0.00401105,0.144946,0.896455,0.252475,-0.322391
01324181,1523964198352,-9.87681,0.709451,3.13114,-0.0815733,-0.0728962,0.0295922,0.849811,0.371061,-0.22487
01324180,1523964198352,-10.2571,-4.1601,-0.140735,-0.302094,-0.0648372,0.275851,0.7855,0.375703,-0.382503
01324189,1523964198369,-7.22785,-1.076,3.56434,-0.0100802,-0.254599,-0.0735991,0.722425,-0.0922079,-0.587634
01324188,1523964198369,-8.85223,0.167889,-2.06603,0.264887,0.369869,0.0814394,0.878475,-0.322494,-0.0214227
01324185,1523964198369,-10.9546,-0.969891,-0.898563,-0.279436,0.0294902,0.112629,0.895375,0.250668,-0.321063
01324181,1523964198369,-9.85441,0.629675,3.10625,-0.0708656,0.0077371,0.038018,0.850213,0.370644,-0.224068
01324180,1523964198369,-10.2407,-4.01977,0.077714,-0.398316,-0.104115,0.246866,0.787223,0.376383,-0.379947
01324189,1523964198385,-7.20825,-1.47454,3.40488,-0.09519,-0.0171852,-0.0361248,0.721598,-0.0901731,-0.587876
01324188,1523964198385,-8.95938,-0.0290087,-1.77943,0.0908462,0.280042,0.111995,0.877653,-0.321881,-0.0155826
01324185,1523964198385,-10.9498,-1.01802,-0.842466,-0.420152,0.039237,0.0718997,0.897547,0.252112,-0.319254
01324181,1523964198385,-9.96336,0.524039,3.13655,-0.0602432,0.0841998,0.0585116,0.849838,0.368361,-0.224017
01324180,1523964198385,-10.1999,-4.07984,0.326719,-0.640131,-0.12472,0.220552,0.787473,0.376503,-0.37657
01324189,1523964198402,-7.74921,-2.166,3.88361,-0.106307,0.0781721,0.0330784,0.721998,-0.0891753,-0.587605
01324188,1523964198402,-9.18994,-0.927389,-1.45181,-0.0196667,0.159323,0.0886628,0.877108,-0.321834,-0.0132832
01324185,1523964198402,-10.8586,-1.17987,-0.801035,-0.556684,0.050858,0.0455946,0.896473,0.254742,-0.314439
01324181,1523964198402,-10.0293,0.406817,3.12389,-0.0370568,0.128411,0.0562656,0.851304,0.368375,-0.222438
01324180,1523964198402,-10.1046,-4.57291,0.491705,-0.787636,-0.139006,0.201793,0.788617,0.37876,-0.36938
01324189,1523964198419,-8.39397,-2.96382,3.8379,-0.0668921,0.148806,0.113172,0.721166,-0.0908667,-0.584933
01324188,1523964198419,-9.51962,-1.15473,-1.17764,0.11396,0.0498114,0.0635473,0.877516,-0.321992,-0.0131635
01324185,1523964198419,-10.8301,-1.40871,-0.722255,-0.67335,0.044367,-0.00951673,0.898651,0.256236,-0.310016
01324181,1523964198419,-10.0454,0.450396,3.0022,-0.0299432,0.192331,0.069723,0.851395,0.369863,-0.219812
01324180,1523964198419,-10.0858,-4.90873,0.538381,-0.820359,-0.138123,0.149635,0.78762,0.382091,-0.365515
01324189,1523964198435,-8.60316,-3.32017,3.62114,-0.0431753,0.266102,0.20725,0.723617,-0.0926527,-0.583905
01324188,1523964198435,-9.59113,-0.856615,-1.01374,0.180463,-0.0608461,0.0556845,0.875364,-0.325374,-0.011732
01324185,1523964198435,-10.8256,-1.54352,-0.677388,-0.735478,0.0023367,-0.0431956,0.897298,0.260234,-0.307436
01324181,1523964198435,-9.90629,0.537093,2.8348,-0.0263249,0.218797,0.0681696,0.852982,0.36935,-0.216096
01324180,1523964198435,-9.98187,-5.0613,0.470886,-0.697494,-0.142383,0.122189,0.789045,0.385241,-0.36304
01324189,1523964198452,-8.54784,-3.12918,3.8447,0.0477944,0.401638,0.269484,0.727662,-0.0961826,-0.577824
01324188,1523964198452,-9.73497,-0.52278,-1.09506,0.0915299,-0.136507,0.0365141,0.875242,-0.327318,-0.0137377
01324185,1523964198452,-10.6811,-1.56618,-0.770689,-0.780213,-0.0433755,-0.0803044,0.895405,0.261689,-0.30509
01324181,1523964198452,-9.65202,0.644558,2.67014,-0.0476733,0.287984,0.0842734,0.855112,0.367846,-0.211569
01324180,1523964198452,-9.82238,-5.01003,0.363966,-0.551464,-0.154758,0.0676168,0.785319,0.383871,-0.365445
01324189,1523964198469,-8.30361,-2.75526,3.81269,0.106833,0.473484,0.283711,0.730646,-0.101132,-0.573616
01324188,1523964198469,-9.54203,-0.666991,-1.26372,-0.0426416,-0.212117,0.044538,0.874842,-0.328196,-0.0166159
01324185,1523964198469,-10.3386,-1.50821,-0.868443,-0.78574,-0.0660077,-0.0649215,0.896764,0.266823,-0.302007
01324181,1523964198469,-9.42413,0.778365,2.54587,-0.0600728,0.372952,0.0918702,0.85671,0.366338,-0.207567
01324180,1523964198469,-9.53169,-4.9882,0.219495,-0.372038,-0.175729,0.0105214,0.785583,0.384451,-0.366113
01324189,1523964198485,-7.89705,-2.11716,3.75,0.188724,0.55716,0.273203,0.734458,-0.104397,-0.567894
01324188,1523964198485,-8.88045,-0.989621,-2.37779,0.000719504,-0.236588,0.0438068,0.873746,-0.326301,-0.019312
01324185,1523964198485,-10.0008,-1.41403,-0.903287,-0.735472,-0.0505401,-0.0609002,0.895816,0.272517,-0.299183
01324181,1523964198485,-9.30272,0.964292,2.41509,-0.0886136,0.451227,0.120167,0.85775,0.363766,-0.200215
01324180,1523964198485,-9.27734,-4.79083,0.0998026,-0.208175,-0.203618,-0.0537026,0.785399,0.387924,-0.364284
01324189,1523964198502,-7.64738,-1.53356,4.18575,0.248572,0.632502,0.280321,0.738758,-0.108786,-0.559279
01324188,1523964198502,-8.47357,-2.1654,-2.71925,-0.186299,-0.187573,-0.0081627,0.872929,-0.325308,-0.0246269
01324185,1523964198502,-9.64845,-1.31997,-0.953307,-0.679422,-0.0493015,-0.0653017,0.894735,0.276232,-0.296601
01324181,1523964198502,-9.20738,1.13028,2.55018,-0.0886674,0.458399,0.125359,0.859834,0.364038,-0.193066
01324180,1523964198502,-8.9716,-4.47017,0.0199585,-0.107768,-0.204711,-0.111088,0.784049,0.389409,-0.365991
01324189,1523964198519,-8.03709,-1.38254,5.1072,0.137611,0.614892,0.286288,0.743082,-0.114909,-0.55215
01324188,1523964198519,-8.88831,-1.9843,-4.27713,-0.0102827,-0.0221219,-0.0689105,0.872394,-0.326202,-0.0271005
01324185,1523964198519,-9.3325,-1.27866,-1.02549,-0.610806,-0.0467743,-0.104585,0.895142,0.280209,-0.295072
01324181,1523964198519,-9.23309,1.06206,2.53683,-0.0957822,0.493881,0.131737,0.862608,0.362732,-0.185625
01324180,1523964198519,-8.74453,-4.25477,-0.00806072,-0.103637,-0.209788,-0.162965,0.780544,0.392538,-0.369661
01324189,1523964198535,-8.42739,-1.41223,5.23959,0.000188982,0.588791,0.272626,0.7471,-0.11785,-0.543386
01324188,1523964198535,-8.59265,-1.70757,-3.30969,-0.0711005,0.126798,-0.209276,0.874287,-0.325097,-0.0265163
01324185,1523964198535,-9.12032,-1.28963,-1.04902,-0.51866,-0.0588438,-0.16929,0.89216,0.285894,-0.292764
01324181,1523964198535,-9.27812,0.775087,2.73041,-0.0932759,0.458896,0.151298,0.864041,0.361153,-0.178431
01324180,1523964198535,-8.691,-4.07484,-0.0718051,-0.146563,-0.231712,-0.21259,0.77753,0.398841,-0.371787
01324189,1523964198552,-8.46299,-0.913374,4.00238,-0.0854382,0.675846,0.282821,0.753186,-0.123872,-0.535474
01324188,1523964198552,-9.36336,0.593342,-1.60384,-0.278635,0.111283,-0.296042,0.875086,-0.322874,-0.0245017
01324185,1523964198552,-9.12279,-1.30888,-1.04872,-0.428134,-0.0554493,-0.271465,0.889717,0.291266,-0.292023
01324181,1523964198552,-9.24842,0.522907,2.99384,-0.0860936,0.361059,0.119424,0.865208,0.35985,-0.171904
01324180,1523964198552,-8.7397,-4.02891,-0.13245,-0.235551,-0.23864,-0.231641,0.775068,0.403241,-0.372609
01324189,1523964198569,-8.75218,-0.477079,2.95627,-0.25721,0.855467,0.357464,0.758428,-0.126701,-0.526723
01324188,1523964198569,-8.63735,0.749408,-2.24144,-0.68009,0.0413728,-0.346349,0.876806,-0.315719,-0.0254224
01324185,1523964198569,-9.2433,-1.28404,-1.03896,-0.379012,-0.0417964,-0.354925,0.88863,0.297496,-0.290641
01324181,1523964198569,-8.85104,0.309215,3.04636,-0.044188,0.3253,0.0990831,0.866793,0.358786,-0.167247
01324180,1523964198569,-8.77736,-4.08916,-0.183903,-0.265925,-0.252613,-0.23897,0.770465,0.406654,-0.371932
01324189,1523964198585,-8.93875,-0.343549,2.1732,-0.65659,0.925228,0.411991,0.763755,-0.124343,-0.515925
01324188,1523964198585,-9.34075,0.190045,-1.1768,-1.19614,0.0611263,-0.345339,0.878814,-0.310546,-0.0307806
01324185,1523964198585,-9.34196,-1.26408,-0.947591,-0.347027,-0.0076267,-0.428297,0.886325,0.304592,-0.288218
01324181,1523964198585,-8.31991,0.106869,3.02466,0.0281666,0.372304,0.0586406,0.868264,0.355732,-0.162015
01324180,1523964198585,-8.75223,-4.14642,-0.220225,-0.257973,-0.241604,-0.26172,0.767477,0.410338,-0.372895
01324189,1523964198602,-9.63052,-1.48291,3.08154,-0.827426,0.906653,0.462254,0.77087,-0.12204,-0.506888
01324188,1523964198602,-11.6254,-1.85603,-1.15486,-0.927307,0.123373,-0.280259,0.880815,-0.304186,-0.0366031
01324185,1523964198602,-9.27908,-1.28363,-0.83119,-0.324002,0.0230053,-0.425131,0.882527,0.313524,-0.285677
01324181,1523964198602,-8.52386,-0.0460342,3.11322,0.0969391,0.460175,0.0213293,0.869557,0.355837,-0.156449
01324180,1523964198602,-8.63649,-4.10112,-0.267183,-0.193132,-0.233092,-0.280606,0.76207,0.414502,-0.374084
01324189,1523964198619,-10.6543,-3.60692,4.04853,-0.682113,0.901243,0.481646,0.778683,-0.124786,-0.49656
01324188,1523964198619,-11.1106,-2.56232,-1.10674,-0.0200504,0.220407,-0.201202,0.879431,-0.300119,-0.0357926
01324185,1523964198619,-9.17078,-1.47197,-0.681028,-0.273446,0.0796374,-0.437477,0.878186,0.321314,-0.283908
01324181,1523964198619,-8.79189,-0.0929248,3.17519,0.134424,0.463366,-0.00282276,0.868985,0.353419,-0.149615
01324180,1523964198619,-8.55956,-4.05649,-0.292773,-0.14421,-0.208759,-0.304749,0.758036,0.417651,-0.379367
01324189,1523964198635,-10.7306,-4.81497,3.60138,-0.444166,0.76056,0.431199,0.78335,-0.124286,-0.486706
01324188,1523964198635,-9.90929,-1.96483,-1.32609,0.577412,0.291782,-0.148376,0.880775,-0.298714,-0.0289873
01324185,1523964198635,-9.07198,-1.61208,-0.518823,-0.133058,0.110776,-0.446356,0.878047,0.327823,-0.282663
01324181,1523964198635,-8.46938,0.0445557,2.89448,0.180846,0.462961,-0.0237615,0.870273,0.354367,-0.144731
01324180,1523964198635,-8.46824,-4.02194,-0.262689,-0.0502987,-0.150194,-0.323977,0.753574,0.421217,-0.380311
01324189,1523964198652,-9.47117,-3.61371,1.94467,-0.217608,0.533157,0.361026,0.785083,-0.128043,-0.480599
01324188,1523964198652,-9.27845,-1.38158,-1.97164,0.698363,0.340493,-0.146928,0.882109,-0.296076,-0.0204886
01324185,1523964198652,-8.83769,-1.61338,-0.344436,0.0680432,0.128361,-0.433136,0.875064,0.332785,-0.281262
01324181,1523964198652,-8.10665,0.172664,2.78809,0.206789,0.488237,-0.041833,0.870479,0.354788,-0.138496
01324180,1523964198652,-8.1791,-3.96387,-0.182207,0.068888,-0.126137,-0.367942,0.751385,0.426059,-0.383154
01324189,1523964198669,-8.47927,-2.07579,1.02788,-0.091661,0.423526,0.318784,0.786548,-0.130647,-0.475551
01324188,1523964198669,-9.30557,-0.877694,-2.29848,0.377332,0.352879,-0.133073,0.883194,-0.296531,-0.0143352
01324185,1523964198669,-8.48984,-1.53835,-0.1854,0.289353,0.147737,-0.399566,0.874795,0.337205,-0.27869
01324181,1523964198669,-8.0246,0.183299,2.83671,0.243303,0.508506,-0.0478284,0.872043,0.354883,-0.133198
01324180,1523964198669,-7.82321,-3.81766,-0.144093,0.192839,-0.0678514,-0.412509,0.746549,0.4279,-0.385749
01324189,1523964198685,-8.26522,-2.04521,1.10261,-0.0159443,0.408808,0.262164,0.788692,-0.133699,-0.470113
01324188,1523964198685,-8.9764,-0.777077,-2.37897,-0.149549,0.410012,-0.122726,0.88182,-0.294372,-0.0101424
01324185,1523964198685,-8.12754,-1.41533,-0.102695,0.491073,0.157577,-0.371019,0.871806,0.341415,-0.279766
01324181,1523964198685,-8.18917,0.205687,2.74829,0.28612,0.488708,-0.0705092,0.871975,0.355039,-0.126157
01324180,1523964198685,-7.48236,-3.62807,-0.115556,0.315234,-0.0217982,-0.458916,0.74327,0.433182,-0.386135
01324189,1523964198702,-8.89336,-3.04118,1.11459,0.108696,0.369608,0.202374,0.791113,-0.139774,-0.463363
01324188,1523964198702,-8.43153,-1.16772,-1.96815,-0.459943,0.406094,-0.132769,0.882055,-0.289442,-0.00350674
01324185,1523964198702,-7.95343,-1.27674,-0.0751782,0.687713,0.14155,-0.377978,0.867463,0.342084,-0.281719
01324181,1523964198702,-8.69971,0.265173,2.72456,0.254111,0.369823,-0.0937273,0.871931,0.356251,-0.123125
01324180,1523964198702,-7.42175,-3.44099,-0.162274,0.405911,0.0535378,-0.526355,0.737985,0.438212,-0.387038
01324189,1523964198719,-9.63578,-3.73946,2.06369,0.353703,0.24646,0.150282,0.793686,-0.144282,-0.459146
01324188,1523964198719,-9.4049,-1.55292,-1.53591,-0.45456,0.443453,-0.109451,0.88312,-0.286427,0.00017033
01324185,1523964198719,-8.06907,-1.1894,-0.134212,0.862381,0.11405,-0.405185,0.866099,0.344292,-0.284219
01324181,1523964198719,-9.22211,0.348532,3.00218,0.200493,0.129228,-0.0998273,0.871228,0.357441,-0.121548
01324180,1523964198719,-7.64507,-3.35588,-0.241326,0.494709,0.130473,-0.584965,0.734605,0.441917,-0.390157
01324189,1523964198735,-10.282,-3.39754,2.75336,0.628324,0.0435527,0.112619,0.793004,-0.147276,-0.457154
01324188,1523964198735,-10.1848,-1.92418,-1.13178,-0.0689264,0.491997,-0.0833816,0.88435,-0.288261,0.0046194
01324185,1523964198735,-8.54188,-1.11916,-0.269981,1.03345,0.0870021,-0.474834,0.862563,0.346909,-0.2875
01324181,1523964198735,-9.68918,0.420423,3.2707,0.150465,-0.118561,-0.112047,0.871373,0.356581,-0.121532
01324180,1523964198735,-8.16434,-3.3901,-0.321507,0.590585,0.185995,-0.622544,0.729497,0.443023,-0.390195
01324189,1523964198752,-10.1098,-1.91272,2.9125,0.807204,-0.227675,0.0825793,0.791689,-0.154725,-0.457332
01324188,1523964198752,-10.0323,-1.25014,-1.75036,0.32053,0.568459,-0.0975689,0.883247,-0.286594,0.0129532
01324185,1523964198752,-9.2946,-1.05206,-0.466525,1.21392,0.0599693,-0.530823,0.859559,0.35015,-0.294973
01324181,1523964198752,-10.1229,0.577557,3.61751,0.132467,-0.259963,-0.112259,0.869526,0.357354,-0.126579
01324180,1523964198752,-8.97258,-3.5243,-0.400224,0.67948,0.232552,-0.650519,0.725175,0.445858,-0.390751
01324189,1523964198769,-9.14759,-0.619241,2.35095,0.701053,-0.28038,0.0972166,0.789551,-0.161289,-0.457494
01324188,1523964198769,-9.37432,-0.523123,-2.62846,0.324456,0.599189,-0.123667,0.882132,-0.28329,0.0236792
01324185,1523964198769,-10.2764,-0.906535,-0.72201,1.34118,0.0652392,-0.576707,0.856018,0.351587,-0.300988
01324181,1523964198769,-10.0233,0.721832,3.67092,0.127099,-0.361028,-0.125227,0.869268,0.359278,-0.130337
01324180,1523964198769,-9.97239,-3.6171,-0.497503,0.778664,0.264357,-0.638917,0.720181,0.44988,-0.393705
01324189,1523964198785,-8.8919,-0.477949,2.00423,0.256556,-0.208472,0.150621,0.785529,-0.164657,-0.461891
01324188,1523964198785,-9.32409,-0.701853,-2.95934,0.00682192,0.614569,-0.134503,0.883882,-0.282018,0.0331648
01324185,1523964198785,-11.2292,-0.790059,-0.949318,1.44105,0.0936384,-0.626116,0.853009,0.353371,-0.31093
01324181,1523964198785,-10.0121,0.746061,3.87097,0.152118,-0.315337,-0.143876,0.864484,0.360034,-0.138011
01324180,1523964198785,-10.8472,-3.66534,-0.559479,0.872218,0.248425,-0.609241,0.718457,0.450229,-0.398402
01324189,1523964198802,-9.27686,-1.21047,1.19289,-0.127061,-0.112937,0.202535,0.783111,-0.167767,-0.46336
01324188,1523964198802,-9.50218,-1.85824,-3.35417,-0.240776,0.584723,-0.108187,0.883186,-0.280206,0.0413679
01324185,1523964198802,-11.8661,-0.694781,-1.14383,1.46429,0.123593,-0.597278,0.846485,0.35353,-0.317445
01324181,1523964198802,-10.302,0.749622,4.22164,0.209028,-0.207146,-0.136147,0.863969,0.361098,-0.142015
01324180,1523964198802,-11.5003,-3.45976,-0.637233,0.92391,0.247023,-0.612243,0.713655,0.449758,-0.402395
01324189,1523964198819,-9.90721,-2.06578,0.611328,-0.308253,0.0253784,0.189355,0.780673,-0.168139,-0.464406
01324188,1523964198819,-9.63987,-2.52145,-3.6094,-0.226471,0.50782,-0.0505169,0.883171,-0.278153,0.0441902
01324185,1523964198819,-12.0996,-0.558462,-1.10612,1.39211,0.193349,-0.558475,0.844033,0.354005,-0.322148
01324181,1523964198819,-10.1722,0.637251,4.07489,0.267808,-0.174418,-0.137796,0.862909,0.363436,-0.14697
01324180,1523964198819,-11.6655,-3.56739,-0.687775,0.967361,0.228633,-0.560217,0.709143,0.448866,-0.409643
01324189,1523964198835,-10.3424,-2.72013,0.212289,-0.374965,0.178862,0.162278,0.780253,-0.168409,-0.463065
01324188,1523964198835,-9.62065,-2.5997,-4.15754,-0.105744,0.404298,0.0217585,0.880195,-0.280416,0.050012
01324185,1523964198835,-12.1709,-0.321913,-0.942933,1.27753,0.260169,-0.502636,0.841038,0.353058,-0.327488
01324181,1523964198835,-10.2518,0.544035,4.17518,0.282206,-0.080062,-0.154229,0.861005,0.366423,-0.149006
01324180,1523964198835,-11.6651,-3.26394,-0.618432,0.976947,0.243828,-0.573162,0.705154,0.447655,-0.413528
01324189,1523964198852,-10.4131,-2.97705,0.23952,-0.392768,0.281758,0.144275,0.782127,-0.166721,-0.460797
01324188,1523964198852,-9.64396,-2.34957,-4.05374,-0.0319566,0.322947,0.10101,0.87938,-0.280933,0.0551078
01324185,1523964198852,-12.0472,-0.204511,-0.731065,1.09982,0.318838,-0.443315,0.841299,0.352409,-0.331927
01324181,1523964198852,-10.2585,0.509981,4.18787,0.311022,0.00575667,-0.201839,0.85993,0.367962,-0.151286
01324180,1523964198852,-11.4713,-2.96343,-0.51338,0.935126,0.288172,-0.564294,0.702224,0.447438,-0.417002
01324189,1523964198869,-10.3391,-2.81557,0.397001,-0.292127,0.335952,0.140943,0.784689,-0.165198,-0.459209
01324188,1523964198869,-9.65071,-2.19173,-3.86259,0.0277923,0.230981,0.149962,0.880212,-0.284384,0.0599994
01324185,1523964198869,-11.9408,-0.221897,-0.589857,0.908873,0.311559,-0.385251,0.83885,0.355184,-0.334299
01324181,1523964198869,-10.3611,0.45054,4.18835,0.321075,0.0634555,-0.239262,0.85829,0.371097,-0.152929
01324180,1523964198869,-11.3093,-2.81305,-0.399797,0.83282,0.334816,-0.550547,0.698476,0.447218,-0.417763
01324189,1523964198885,-10.0478,-2.54164,0.563638,-0.198074,0.352215,0.15894,0.786964,-0.165668,-0.454822
01324188,1523964198885,-9.29357,-1.70125,-3.85057,0.0124524,0.14327,0.194954,0.879267,-0.285328,0.0618378
01324185,1523964198885,-11.7386,-0.406093,-0.538385,0.744207,0.274064,-0.330441,0.837631,0.353775,-0.334281
01324181,1523964198885,-10.1182,0.536004,4.06269,0.352414,0.0788195,-0.268607,0.856648,0.373958,-0.154035
01324180,1523964198885,-11.0872,-2.81646,-0.286472,0.753279,0.39597,-0.557706,0.696325,0.447838,-0.417989
01324189,1523964198902,-9.79102,-2.34736,0.482333,-0.100236,0.379671,0.202698,0.787054,-0.166652,-0.449478
01324188,1523964198902,-9.20022,-1.29565,-3.97531,-0.119961,0.0827592,0.214628,0.876295,-0.288046,0.0649374
01324185,1523964198902,-11.4594,-0.590813,-0.533883,0.626427,0.201648,-0.289084,0.836817,0.355185,-0.334292
01324181,1523964198902,-9.88729,0.716048,3.80956,0.325947,0.15797,-0.286881,0.855141,0.375427,-0.153252
01324180,1523964198902,-10.8497,-2.89701,-0.166168,0.705184,0.4283,-0.520933,0.695763,0.449141,-0.415928
01324189,1523964198919,-9.71725,-2.02927,0.530657,-0.0272962,0.406528,0.207317,0.789476,-0.16957,-0.44471
01324188,1523964198919,-9.40358,-1.35469,-3.69884,-0.192973,0.0109602,0.222159,0.875235,-0.292097,0.0646972
01324185,1523964198919,-11.0015,-0.742916,-0.508246,0.587138,0.153416,-0.222495,0.835998,0.355001,-0.33651
01324181,1523964198919,-9.94225,0.846446,3.76324,0.308251,0.187801,-0.298635,0.853501,0.37884,-0.1553
01324180,1523964198919,-10.5103,-2.96097,-0.131787,0.704889,0.443887,-0.513884,0.692136,0.449787,-0.416132
01324189,1523964198935,-9.79277,-1.7794,0.610281,0.0422924,0.449874,0.221697,0.79161,-0.173047,-0.437937
01324188,1523964198935,-9.35124,-1.57561,-3.50953,-0.183107,-0.0272146,0.25368,0.873906,-0.296801,0.0660357
01324185,1523964198935,-10.5528,-0.774525,-0.425222,0.634492,0.126958,-0.185057,0.835587,0.354398,-0.338594
01324181,1523964198935,-9.82143,1.03726,3.57682,0.290416,0.118788,-0.297508,0.851135,0.383494,-0.153379
01324180,1523964198935,-10.1038,-2.95101,-0.166434,0.706796,0.489338,-0.508368,0.692145,0.448915,-0.415879
01324189,1523964198952,-9.80684,-1.59089,0.557392,0.0298366,0.460336,0.20742,0.794558,-0.176257,-0.431037
01324188,1523964198952,-9.11978,-1.75237,-3.52417,-0.0546416,-0.0758124,0.289467,0.873395,-0.301101,0.0585001
01324185,1523964198952,-10.1427,-0.77223,-0.389423,0.738346,0.129075,-0.142753,0.832736,0.350535,-0.341554
01324181,1523964198952,-9.46035,1.26243,3.42508,0.238656,0.160067,-0.257456,0.84975,0.386381,-0.153159
01324180,1523964198952,-9.76111,-2.879,-0.203779,0.717846,0.510362,-0.506452,0.691349,0.450265,-0.420975
01324189,1523964198969,-9.78854,-1.38717,0.572205,-0.0410778,0.493916,0.240875,0.797104,-0.178886,-0.425198
01324188,1523964198969,-9.2148,-1.27083,-3.37377,-0.0422715,-0.118086,0.301447,0.872054,-0.303461,0.0564837
01324185,1523964198969,-9.79007,-0.610703,-0.391621,0.793361,0.147225,-0.130254,0.833543,0.347792,-0.344929
01324181,1523964198969,-9.10315,1.34913,3.4402,0.183126,0.164721,-0.190109,0.849968,0.389273,-0.151627
01324180,1523964198969,-9.4429,-2.80306,-0.183337,0.721562,0.508945,-0.524074,0.690528,0.451289,-0.419997
01324189,1523964198985,-9.67547,-1.09402,0.8146,-0.107627,0.486881,0.267297,0.799526,-0.182379,-0.420168
01324188,1523964198985,-9.19181,-0.923849,-3.35304,-0.0987775,-0.166333,0.323534,0.87182,-0.30944,0.0566513
01324185,1523964198985,-9.50017,-0.419932,-0.43511,0.82015,0.149774,-0.119312,0.832727,0.347628,-0.346101
01324181,1523964198985,-8.65802,1.52683,3.21746,0.101168,0.156185,-0.162476,0.847659,0.391157,-0.152041
01324180,1523964198985,-9.15115,-2.73207,-0.180099,0.709474,0.485776,-0.508536,0.689622,0.451051,-0.426069
01324189,1523964199002,-9.72833,-1.14726,1.15604,-0.184199,0.483488,0.315038,0.801406,-0.185715,-0.415398
01324188,1523964199002,-9.10406,-0.704027,-3.11024,-0.240814,-0.18701,0.329418,0.870223,-0.314227,0.053678
01324185,1523964199002,-9.12562,-0.0805001,-0.575954,0.825952,0.162964,-0.124594,0.832587,0.342338,-0.349971
01324181,1523964199002,-8.22769,1.66056,3.15003,0.0314425,0.157183,-0.0994495,0.846002,0.392526,-0.149394
01324180,1523964199002,-8.84492,-2.68089,-0.113989,0.70489,0.448239,-0.519434,0.687484,0.450215,-0.425514
01324189,1523964199019,-9.77008,-1.49411,1.13151,-0.313768,0.457286,0.360864,0.801629,-0.188278,-0.408729
01324188,1523964199019,-9.15128,-1.05654,-3.01523,-0.280906,-0.172556,0.333731,0.86917,-0.318999,0.0501603
01324185,1523964199019,-8.71054,0.0853343,-0.707042,0.752472,0.153091,-0.133899,0.831907,0.33962,-0.352034
01324181,1523964199019,-8.07887,1.69142,3.16971,-0.0187086,0.174149,-0.037987,0.845687,0.3943,-0.147036
01324180,1523964199019,-8.42944,-2.63743,-0.109694,0.700632,0.443911,-0.524848,0.685207,0.450112,-0.425753
01324189,1523964199035,-9.42119,-1.72112,1.03807,-0.37936,0.43892,0.387267,0.803527,-0.192915,-0.405041
01324188,1523964199035,-9.13765,-1.2802,-2.7582,-0.22667,-0.180189,0.349069,0.866644,-0.326658,0.0435173
01324185,1523964199035,-8.41343,0.30971,-0.81427,0.648914,0.12916,-0.166869,0.83081,0.339389,-0.356734
01324181,1523964199035,-8.1079,1.67171,3.12402,-0.0473791,0.190767,0.00190575,0.84595,0.392644,-0.14408
01324180,1523964199035,-8.18992,-2.46834,-0.0822579,0.654819,0.40878,-0.530671,0.685599,0.449651,-0.422525
01324189,1523964199052,-9.37572,-2.06868,1.1826,-0.455466,0.425932,0.403026,0.805686,-0.19497,-0.401736
01324188,1523964199052,-9.24148,-1.22836,-2.52924,-0.137574,-0.168905,0.371022,0.863845,-0.334635,0.0406289
01324185,1523964199052,-8.24465,0.371149,-0.933741,0.489094,0.09517,-0.200531,0.831075,0.339623,-0.359221
01324181,1523964199052,-8.52075,1.6377,3.13894,-0.0850641,0.18559,0.0555276,0.847122,0.39383,-0.141459
01324180,1523964199052,-8.10199,-2.35396,-0.0711038,0.569604,0.369895,-0.530595,0.684503,0.451997,-0.423543
01324189,1523964199069,-9.36551,-2.35902,0.923749,-0.457344,0.38964,0.386205,0.808104,-0.195735,-0.397888
01324188,1523964199069,-9.26351,-1.30975,-2.60293,-0.0798139,-0.139029,0.433698,0.863184,-0.337138,0.0383256
01324185,1523964199069,-8.33638,0.448624,-1.08832,0.29482,0.057721,-0.257888,0.828361,0.339889,-0.360129
01324181,1523964199069,-9.00795,1.45718,3.23105,-0.0873712,0.12789,0.134476,0.847759,0.394043,-0.137882
01324180,1523964199069,-8.18225,-2.30616,-0.115128,0.478788,0.30685,-0.549164,0.682032,0.455355,-0.419926
01324189,1523964199085,-9.43662,-2.61022,0.753841,-0.393063,0.356154,0.376724,0.807006,-0.19771,-0.39575
01324188,1523964199085,-9.2677,-1.13116,-2.62377,-0.0221871,-0.110893,0.463601,0.861459,-0.343086,0.0352814
01324185,1523964199085,-8.62654,0.382761,-1.36396,0.0932148,-0.00225308,-0.282728,0.827277,0.341591,-0.359619
01324181,1523964199085,-9.2334,1.28726,3.05657,-0.0912283,0.0429433,0.178646,0.848616,0.389612,-0.137134
01324180,1523964199085,-8.44877,-2.24564,-0.199572,0.354137,0.257928,-0.533517,0.679583,0.457857,-0.418758
01324189,1523964199102,-9.63237,-2.70807,0.741959,-0.274945,0.287622,0.358629,0.807939,-0.19959,-0.392564
01324188,1523964199102,-9.37305,-0.841623,-2.5967,-0.0133414,-0.0987413,0.498286,0.858648,-0.349237,0.0338543
01324185,1523964199102,-9.00377,0.201908,-1.5983,-0.136262,-0.0372683,-0.302573,0.824835,0.345554,-0.358865
01324181,1523964199102,-9.30368,1.09481,2.9946,-0.099538,0.0253519,0.231998,0.850255,0.386339,-0.135222
01324180,1523964199102,-8.77789,-2.19269,-0.323337,0.186705,0.17667,-0.485826,0.677122,0.461962,-0.41891
01324189,1523964199119,-9.71077,-2.43171,0.802217,-0.0663667,0.209513,0.349713,0.809316,-0.206807,-0.389692
01324188,1523964199119,-9.32841,-0.53709,-2.72495,-0.0115942,-0.075534,0.519792,0.854078,-0.356168,0.0310536
01324185,1523964199119,-9.41721,-0.0508652,-1.74056,-0.374774,-0.0472158,-0.288542,0.822798,0.354047,-0.35711
01324181,1523964199119,-9.4311,0.879839,2.95926,-0.0968799,0.0307713,0.237265,0.852216,0.380304,-0.135117
01324180,1523964199119,-9.05326,-2.17768,-0.45162,-0.0197163,0.116863,-0.422428,0.671213,0.463381,-0.420417
01324189,1523964199135,-9.72512,-1.92618,0.701405,0.120335,0.138493,0.338028,0.806468,-0.211329,-0.38809
01324188,1523964199135,-9.35672,-0.339526,-2.68802,-0.0141036,-0.0733506,0.544569,0.851686,-0.364474,0.0319107
01324185,1523964199135,-9.70033,-0.366925,-1.74703,-0.614254,-0.0319186,-0.216868,0.820494,0.359167,-0.354798
01324181,1523964199135,-9.4299,0.867631,3.07059,-0.0722148,-0.0305522,0.265963,0.852755,0.379324,-0.133773
01324180,1523964199135,-9.19694,-2.25568,-0.540459,-0.252488,0.0441339,-0.332965,0.668853,0.470389,-0.421052
01324189,1523964199152,-9.77675,-1.46377,0.683811,0.22209,0.0787555,0.342038,0.806619,-0.217366,-0.385864
01324188,1523964199152,-9.44392,-0.385192,-2.66286,0.0268787,-0.0475396,0.5522,0.850255,-0.37411,0.0297095
01324185,1523964199152,-9.84348,-0.743933,-1.62784,-0.834565,0.00645023,-0.109676,0.819143,0.365027,-0.350667
01324181,1523964199152,-9.33549,0.885861,2.91146,-0.0544316,-0.00206774,0.276468,0.853576,0.378308,-0.133893
01324180,1523964199152,-9.15646,-2.36559,-0.603506,-0.481987,-0.0308571,-0.218931,0.667994,0.475193,-0.421619
01324189,1523964199169,-9.80719,-1.02834,0.612284,0.232521,0.0337618,0.343933,0.806788,-0.223412,-0.385513
01324188,1523964199169,-9.48194,-0.203688,-2.73881,0.0723495,-0.0423385,0.58796,0.847175,-0.380914,0.0298611
01324185,1523964199169,-9.74018,-1.04052,-1.40841,-0.987412,0.00382945,0.0129567,0.818748,0.369945,-0.344177
01324181,1523964199169,-9.30175,0.7988,3.05824,-0.00468789,-0.0178031,0.28221,0.85578,0.373998,-0.133294
01324180,1523964199169,-8.9325,-2.46416,-0.621195,-0.692475,-0.077484,-0.118683,0.664402,0.482043,-0.416564
01324189,1523964199185,-9.70103,-0.693916,0.562795,0.217246,0.0408393,0.377605,0.805706,-0.228265,-0.383264
01324188,1523964199185,-9.41838,-0.0197397,-2.87334,0.0915364,-0.0640375,0.587858,0.84328,-0.38752,0.0292271
01324185,1523964199185,-9.50929,-1.43179,-1.17163,-1.06286,0.035299,0.0944372,0.819981,0.375436,-0.337175
01324181,1523964199185,-9.15949,0.77136,3.06934,0.0238306,-0.0339175,0.270742,0.85584,0.369554,-0.133601
01324180,1523964199185,-8.73717,-2.602,-0.610378,-0.866637,-0.115827,0.0117406,0.663786,0.486519,-0.41133
01324189,1523964199202,-9.6584,-0.447602,0.436166,0.204273,0.0616808,0.391724,0.803282,-0.23424,-0.382347
01324188,1523964199202,-9.42333,-0.0621248,-3.01731,0.0741371,-0.0795061,0.599963,0.840088,-0.397955,0.029153
01324185,1523964199202,-9.33622,-1.74572,-1.01567,-1.0337,0.0532331,0.15549,0.818919,0.37817,-0.327002
01324181,1523964199202,-9.09805,0.90789,3.13957,0.0416449,-0.0304845,0.263789,0.857827,0.363319,-0.136017
01324180,1523964199202,-8.56039,-2.80787,-0.578364,-0.970405,-0.164009,0.120549,0.663074,0.496322,-0.399232
01324189,1523964199219,-9.75164,-0.0877185,0.343501,0.124476,0.0729049,0.412771,0.800599,-0.241651,-0.381973
01324188,1523964199219,-9.50044,0.00141611,-3.09911,0.0672945,-0.115372,0.620751,0.835253,-0.405961,0.0276351
01324185,1523964199219,-9.30275,-1.924,-0.906087,-0.933248,0.049157,0.198774,0.821641,0.380378,-0.322065
01324181,1523964199219,-9.50771,0.995233,3.14493,0.0754426,-0.011794,0.263935,0.858941,0.359327,-0.134616
01324180,1523964199219,-8.48459,-3.05333,-0.566887,-1.00841,-0.162042,0.232775,0.663809,0.499755,-0.393498
01324189,1523964199235,-9.84626,0.2387,0.309194,0.01958,0.0913132,0.440829,0.799398,-0.249665,-0.37948
01324188,1523964199235,-9.61517,0.368353,-3.10155,0.0071088,-0.141046,0.611178,0.830703,-0.416278,0.0255651
01324185,1523964199235,-9.52012,-1.99733,-0.951834,-0.752512,0.033594,0.228489,0.82111,0.382024,-0.317111
01324181,1523964199235,-9.68445,0.913073,3.15503,0.119914,-0.104828,0.24925,0.858971,0.358148,-0.136186
01324180,1523964199235,-8.74684,-3.33131,-0.595143,-0.980714,-0.175879,0.36032,0.664422,0.504529,-0.393276
01324189,1523964199252,-9.89392,0.428575,0.446673,-0.0865489,0.101071,0.43691,0.798351,-0.25468,-0.380846
01324188,1523964199252,-9.71611,0.541767,-3.02051,-0.112337,-0.162842,0.607445,0.826415,-0.424641,0.0221325
01324185,1523964199252,-9.9375,-1.96833,-1.04588,-0.55279,0.00718613,0.250642,0.824372,0.382093,-0.313463
01324181,1523964199252,-9.75179,0.822405,3.28433,0.098537,-0.152688,0.243762,0.860945,0.353749,-0.139703
01324180,1523964199252,-9.10576,-3.59533,-0.682271,-0.921248,-0.202545,0.479209,0.667575,0.506747,-0.385576
01324189,1523964199269,-9.87688,0.488378,0.64615,-0.170582,0.0657302,0.448243,0.797833,-0.259701,-0.380479
01324188,1523964199269,-9.51733,0.708539,-2.83586,-0.171587,-0.182681,0.600649,0.82456,-0.431414,0.0180955
01324185,1523964199269,-10.3452,-1.92254,-1.14051,-0.418796,-0.0130476,0.298339,0.826011,0.380058,-0.309266
01324181,1523964199269,-9.65534,0.687595,3.39138,0.132554,-0.176431,0.201207,0.860739,0.35083,-0.142431
01324180,1523964199269,-9.52782,-3.84575,-0.755439,-0.810312,-0.22575,0.609894,0.669714,0.505082,-0.380235
01324189,1523964199285,-9.7242,0.388286,0.775047,-0.243514,0.0509311,0.447111,0.795135,-0.26409,-0.380349
01324188,1523964199285,-9.47878,0.683385,-2.70597,-0.190716,-0.177892,0.607655,0.81972,-0.438618,0.0150117
01324185,1523964199285,-10.5789,-1.83442,-1.15082,-0.323585,0.00584426,0.344087,0.827785,0.376171,-0.306097
01324181,1523964199285,-9.43684,0.775226,3.2293,0.114989,-0.139888,0.173069,0.860535,0.348739,-0.146505
01324180,1523964199285,-9.85403,-4.03737,-0.80318,-0.663971,-0.266109,0.727489,0.674804,0.503071,-0.37427
01324189,1523964199302,-9.6299,0.30726,0.895133,-0.334563,0.0346202,0.455706,0.793001,-0.268217,-0.382365
01324188,1523964199302,-9.4207,0.706571,-2.60315,-0.169822,-0.190643,0.586424,0.816247,-0.447102,0.0107533
01324185,1523964199302,-10.5181,-1.71915,-1.06241,-0.257624,0.0445759,0.404983,0.830103,0.372575,-0.30241
01324181,1523964199302,-9.2047,0.676063,3.24476,0.132818,-0.14177,0.167778,0.861275,0.344131,-0.147347
01324180,1523964199302,-9.87738,-4.10539,-0.789281,-0.507186,-0.283206,0.821539,0.679685,0.497752,-0.372421
01324189,1523964199319,-9.63638,0.138803,1.04331,-0.422845,0.0165952,0.473218,0.791269,-0.272208,-0.383849
01324188,1523964199319,-9.43989,0.761017,-2.44707,-0.147079,-0.183226,0.595504,0.812229,-0.455488,0.00771989
01324185,1523964199319,-10.1747,-1.58619,-0.782458,-0.184749,0.114938,0.463053,0.831327,0.371185,-0.301355
01324181,1523964199319,-8.93032,0.676848,3.28514,0.154349,-0.121086,0.139377,0.861214,0.340629,-0.150463
01324180,1523964199319,-9.62531,-4.00475,-0.665424,-0.372875,-0.308967,0.903936,0.684493,0.487065,-0.370003
01324189,1523964199335,-9.5941,0.0144885,1.23223,-0.429644,0.0149634,0.478525,0.790226,-0.276794,-0.385747
01324188,1523964199335,-9.36217,0.864055,-2.39567,-0.111309,-0.18655,0.59395,0.807941,-0.463826,0.00375018
01324185,1523964199335,-9.67181,-1.41083,-0.427276,-0.117245,0.185348,0.519391,0.836216,0.365857,-0.299751
01324181,1523964199335,-8.65577,0.71155,3.38766,0.165174,-0.100345,0.114456,0.862341,0.339667,-0.154441
01324180,1523964199335,-9.13212,-3.86817,-0.476177,-0.266538,-0.304223,0.944126,0.689131,0.481193,-0.371946
01324189,1523964199352,-9.53988,-0.0966084,1.24819,-0.367085,0.021205,0.476049,0.78591,-0.278997,-0.388659
01324188,1523964199352,-9.33766,0.960152,-2.35822,-0.0896092,-0.175827,0.572975,0.803114,-0.473077,0.000807522
01324185,1523964199352,-9.18839,-1.23061,-0.158661,-0.0601381,0.239648,0.53928,0.840298,0.360008,-0.295917
01324181,1523964199352,-8.426,0.760395,3.34955,0.170625,-0.0847485,0.098995,0.862899,0.339057,-0.155764
01324180,1523964199352,-8.67987,-3.76899,-0.219862,-0.19172,-0.260044,0.934282,0.695158,0.47153,-0.374661
01324189,1523964199369,-9.53006,-0.196179,1.21373,-0.288663,0.025582,0.489629,0.785119,-0.283293,-0.388684
01324188,1523964199369,-9.46804,1.00875,-2.34321,-0.0652102,-0.163562,0.573255,0.797746,-0.482641,-0.00147453
01324185,1523964199369,-9.00433,-1.04625,-0.0422649,-0.016756,0.232083,0.527329,0.843842,0.350214,-0.291913
01324181,1523964199369,-8.3982,0.770508,3.25294,0.169056,-0.0445929,0.0717574,0.861463,0.336196,-0.156619
01324180,1523964199369,-8.3446,-3.72239,-0.143827,-0.120739,-0.183945,0.908825,0.700987,0.456658,-0.378828
01324189,1523964199385,-9.44727,-0.261238,1.21475,-0.259144,0.0252512,0.48616,0.78354,-0.288157,-0.391382
01324188,1523964199385,-9.4485,1.06639,-2.31982,-0.0512482,-0.168654,0.571526,0.793168,-0.488194,-0.00567042
01324185,1523964199385,-8.98468,-0.885107,-0.0957173,-0.0468805,0.188114,0.503824,0.84833,0.342943,-0.288721
01324181,1523964199385,-8.46124,0.784351,3.21363,0.163709,-0.0498674,0.0734661,0.86002,0.334462,-0.158295
01324180,1523964199385,-8.35246,-3.76367,0.0999729,-0.00554054,-0.13033,0.874755,0.708354,0.446527,-0.37995
01324189,1523964199402,-9.47638,-0.0911914,1.28619,-0.280143,0.0185674,0.477222,0.779891,-0.28951,-0.393358
01324188,1523964199402,-9.40001,1.10941,-2.29171,-0.0285964,-0.159743,0.568244,0.790902,-0.494442,-0.00832261
01324185,1523964199402,-9.12432,-0.696569,-0.239687,-0.0747582,0.120925,0.451585,0.85255,0.335692,-0.284482
01324181,1523964199402,-8.57934,0.884978,3.0588,0.11564,-0.0781298,0.0785614,0.860859,0.333408,-0.160143
01324180,1523964199402,-8.53714,-3.72798,0.173289,0.0871111,-0.0834478,0.826488,0.712938,0.443827,-0.378585
01324189,1523964199419,-9.51638,0.151093,1.30684,-0.325584,0.0276655,0.465508,0.778028,-0.295507,-0.394054
01324188,1523964199419,-9.37757,1.29748,-2.30321,-0.0722003,-0.151521,0.575114,0.785255,-0.502991,-0.010403
01324185,1523964199419,-9.29302,-0.517528,-0.433269,-0.0899626,0.04469,0.387491,0.854867,0.329541,-0.281685
01324181,1523964199419,-8.88242,0.963814,3.13987,0.0985928,-0.0830283,0.098465,0.860482,0.331685,-0.160634
01324180,1523964199419,-8.82261,-3.73145,0.184984,0.130379,-0.0519252,0.749681,0.717374,0.432154,-0.379965
01324189,1523964199435,-9.60985,0.359004,1.29901,-0.365047,0.0401532,0.44671,0.77643,-0.2995,-0.395271
01324188,1523964199435,-9.43792,1.33083,-2.2116,-0.138453,-0.140717,0.581848,0.779603,-0.510497,-0.0129567
01324185,1523964199435,-9.52469,-0.410353,-0.657384,-0.157083,0.00612694,0.341938,0.856899,0.327255,-0.283239
01324181,1523964199435,-9.16032,1.02852,3.06924,0.0851846,-0.0898874,0.108852,0.861725,0.33104,-0.163159
01324180,1523964199435,-9.09414,-3.6714,0.139159,0.138803,-0.0273741,0.665584,0.722037,0.424547,-0.382889
01324189,1523964199452,-9.80927,0.469559,1.29254,-0.354043,0.000345661,0.421981,0.772954,-0.304606,-0.398752
01324188,1523964199452,-9.53432,1.41333,-2.23566,-0.129734,-0.133122,0.587284,0.775861,-0.519412,-0.0172388
01324185,1523964199452,-9.7466,-0.351273,-0.750399,-0.262565,0.00517933,0.323399,0.855819,0.322883,-0.283324
01324181,1523964199452,-9.20642,1.03286,3.03022,0.0565667,-0.0956163,0.135624,0.862045,0.328697,-0.165373
01324180,1523964199452,-9.28417,-3.56232,0.113734,0.0816342,-0.00839354,0.584544,0.726586,0.4152,-0.385576
01324189,1523964199469,-9.96264,0.506052,1.08805,-0.286732,-0.0124736,0.390273,0.770265,-0.307709,-0.400352
01324188,1523964199469,-9.64512,1.51148,-2.4234,-0.143829,-0.133828,0.567693,0.771561,-0.526069,-0.0197564
01324185,1523964199469,-9.85044,-0.389154,-0.75527,-0.346786,0.0174677,0.327689,0.859353,0.321251,-0.280183
01324181,1523964199469,-9.22923,1.0034,3.11999,0.0457738,-0.101489,0.152856,0.860191,0.327818,-0.167461
01324180,1523964199469,-9.38748,-3.43312,0.108601,-0.0182834,0.01067,0.490912,0.73108,0.408436,-0.383345
01324189,1523964199485,-10.1058,0.426151,0.86609,-0.210007,-0.0356862,0.405702,0.767978,-0.309815,-0.401948
01324188,1523964199485,-9.79965,1.56978,-2.40347,-0.201392,-0.142399,0.563639,0.766446,-0.53246,-0.0245367
01324185,1523964199485,-9.86766,-0.523858,-0.733737,-0.43421,0.03494,0.318325,0.861125,0.317779,-0.27741
01324181,1523964199485,-9.18593,0.98452,3.0989,0.0297616,-0.110364,0.152821,0.862683,0.323042,-0.168318
01324180,1523964199485,-9.44232,-3.32554,0.147327,-0.175798,0.00819449,0.410814,0.734336,0.404892,-0.382518
01324189,1523964199502,-10.2139,0.361646,0.733696,-0.166626,-0.013688,0.404938,0.76597,-0.312935,-0.403556
01324188,1523964199502,-9.82435,1.43385,-2.26005,-0.234493,-0.147537,0.5607,0.761883,-0.540394,-0.0276696
01324185,1523964199502,-9.84418,-0.733496,-0.756849,-0.536821,0.0533882,0.30301,0.862899,0.315739,-0.273474
01324181,1523964199502,-9.09503,0.990478,3.06072,0.0128142,-0.0712031,0.168705,0.862599,0.32015,-0.169719
01324180,1523964199502,-9.32611,-3.33137,0.143595,-0.310987,0.0266111,0.341487,0.736365,0.402523,-0.380433
01324189,1523964199519,-10.2579,0.216704,0.811905,-0.168312,-0.0291889,0.402307,0.763292,-0.317765,-0.40517
01324188,1523964199519,-9.94124,1.22004,-1.9636,-0.225631,-0.136199,0.577686,0.756213,-0.544905,-0.0319213
01324185,1523964199519,-9.79622,-0.842124,-0.738375,-0.58326,0.053665,0.286042,0.863724,0.312421,-0.270046
01324181,1523964199519,-9.10394,0.93215,3.05695,-0.0041557,-0.0523645,0.184447,0.861122,0.31891,-0.168481
01324180,1523964199519,-9.24816,-3.39887,0.221325,-0.443401,0.0344578,0.273856,0.737026,0.401764,-0.376674
01324189,1523964199535,-10.3005,0.203823,1.04375,-0.173701,-0.0567403,0.381918,0.760758,-0.323177,-0.407325
01324188,1523964199535,-10.0446,0.727856,-1.86447,-0.155767,-0.141666,0.586067,0.750979,-0.554162,-0.0345899
01324185,1523964199535,-9.72422,-0.958156,-0.754822,-0.59606,0.034299,0.274261,0.866309,0.312349,-0.266394
01324181,1523964199535,-9.22439,0.93075,3.02723,-0.020182,-0.0141772,0.193478,0.862231,0.318406,-0.17114
01324180,1523964199535,-9.17852,-3.54792,0.240522,-0.534248,0.0416549,0.246905,0.73873,0.404481,-0.375294
01324189,1523964199552,-10.1432,0.134306,1.31591,-0.143677,-0.0796229,0.333938,0.757615,-0.32662,-0.408461
01324188,1523964199552,-9.84319,0.245429,-1.94349,-0.124815,-0.129653,0.489989,0.746008,-0.562078,-0.0379859
01324185,1523964199552,-9.72946,-1.06412,-0.816593,-0.620442,0.0167682,0.259095,0.868216,0.311849,-0.262997
01324181,1523964199552,-9.32111,0.982973,3.03527,-0.0193174,-0.0344993,0.193317,0.862942,0.31581,-0.171625
01324180,1523964199552,-9.19131,-3.66356,0.203509,-0.561123,0.0528927,0.206347,0.74015,0.407184,-0.370666
01324189,1523964199569,-10.0072,-0.0213617,1.7784,-0.10528,-0.0818016,0.273638,0.755739,-0.327876,-0.410724
01324188,1523964199569,-9.84528,0.319244,-2.15592,-0.254399,-0.102677,0.400896,0.742366,-0.565599,-0.0392381
01324185,1523964199569,-9.77349,-1.2637,-0.836919,-0.607059,0.0118502,0.221706,0.868362,0.311784,-0.259075
01324181,1523964199569,-9.41744,1.01093,3.05344,-0.0291928,-0.0386594,0.207124,0.864191,0.312788,-0.171575
01324180,1523964199569,-9.22848,-3.76497,0.163919,-0.525969,0.0587422,0.183736,0.743248,0.405527,-0.369528
01324189,1523964199585,-9.84614,-0.364817,2.37879,-0.120375,-0.086919,0.174073,0.755643,-0.330762,-0.413021
01324188,1523964199585,-9.84292,0.298101,-2.23757,-0.591579,-0.0602327,0.305244,0.73832,-0.569158,-0.0457402
01324185,1523964199585,-9.81225,-1.28518,-0.893272,-0.535831,0.00479662,0.201271,0.869726,0.310147,-0.256188
01324181,1523964199585,-9.49372,0.973625,3.07057,-0.0114848,-0.0490115,0.219069,0.86558,0.309061,-0.17098
01324180,1523964199585,-9.30263,-3.80377,0.0977264,-0.47696,0.0733859,0.163056,0.744281,0.406636,-0.364116
01324189,1523964199602,-9.51451,-0.77286,2.68681,-0.22869,-0.146506,-0.00747691,0.755113,-0.330756,-0.41462
01324188,1523964199602,-9.36024,0.124533,-1.45522,-1.09386,0.0811246,0.137041,0.739426,-0.57123,-0.0547728
01324185,1523964199602,-9.85601,-1.35721,-0.968301,-0.472746,0.0129386,0.195207,0.869738,0.309673,-0.251478
01324181,1523964199602,-9.51765,0.907899,2.9944,-0.00177952,-0.0611145,0.233598,0.864831,0.305323,-0.172223
01324180,1523964199602,-9.34346,-3.81355,0.0634379,-0.403214,0.0588132,0.16079,0.746128,0.407743,-0.360608
01324189,1523964199619,-9.21986,-0.779135,2.95983,-0.300214,-0.20816,-0.161356,0.749812,-0.324309,-0.419325
01324188,1523964199619,-8.2646,-0.35736,-0.694095,-1.60322,0.264417,-0.0394982,0.736569,-0.568907,-0.065905
01324185,1523964199619,-9.82719,-1.38149,-0.993549,-0.401841,0.00954348,0.187491,0.870558,0.309013,-0.249121
01324181,1523964199619,-9.32275,0.876255,2.97452,-0.00448521,-0.0769624,0.239457,0.867053,0.300972,-0.173484
01324180,1523964199619,-9.33461,-3.75063,0.0590362,-0.33484,0.0547648,0.156812,0.745019,0.408602,-0.355439
01324189,1523964199635,-9.167,-0.506373,3.7191,-0.320624,-0.306415,-0.274077,0.747915,-0.318526,-0.423807
01324188,1523964199635,-7.76512,-1.32183,-0.958779,-1.77217,0.49164,-0.271699,0.739815,-0.565606,-0.0783994
01324185,1523964199635,-9.72808,-1.38681,-0.876419,-0.301795,0.018419,0.202609,0.871105,0.307482,-0.248062
01324181,1523964199635,-9.10935,0.747747,3.00249,-0.000853553,-0.094939,0.225462,0.866823,0.29894,-0.174902
01324180,1523964199635,-9.20498,-3.68168,0.0751818,-0.278546,0.0356694,0.157022,0.746901,0.407397,-0.353599
01324189,1523964199652,-9.36575,-0.450672,4.73967,-0.40876,-0.503936,-0.345028,0.749333,-0.314432,-0.43222
01324188,1523964199652,-8.35985,-1.35113,-1.28598,-1.90267,0.756902,-0.45739,0.744798,-0.558272,-0.0874308
01324185,1523964199652,-9.53756,-1.46735,-0.767281,-0.179022,0.0427028,0.193773,0.872059,0.305252,-0.246737
01324181,1523964199652,-9.06506,0.561366,3.11744,-0.00421595,-0.10269,0.189217,0.866203,0.295492,-0.175886
01324180,1523964199652,-9.04438,-3.57863,0.0966507,-0.255581,0.0289182,0.147439,0.747932,0.407915,-0.346307
01324189,1523964199669,-9.3642,-0.770288,5.37661,-0.523834,-0.72899,-0.481802,0.747198,-0.305074,-0.442424
01324188,1523964199669,-9.29794,-0.76499,-2.21293,-1.98482,1.03249,-0.504635,0.750859,-0.549679,-0.0957236
01324185,1523964199669,-9.44091,-1.51837,-0.605901,-0.0602654,0.0725797,0.21384,0.874509,0.302774,-0.243584
01324181,1523964199669,-9.02827,0.345841,3.16286,-0.00749282,-0.142608,0.13546,0.868106,0.294312,-0.17628
01324180,1523964199669,-8.98967,-3.5005,0.0734453,-0.256045,0.0487479,0.164286,0.749803,0.406845,-0.342572
01324189,1523964199685,-9.22153,-1.06511,5.3981,-0.694357,-0.924287,-0.652615,0.742089,-0.292493,-0.456717
01324188,1523964199685,-9.47235,-0.99167,-3.85562,-1.87524,1.45754,-0.481514,0.756908,-0.539968,-0.096808
01324185,1523964199685,-9.47452,-1.56617,-0.448683,0.0790846,0.122381,0.221879,0.875738,0.300568,-0.240952
01324181,1523964199685,-8.92746,0.1675,3.16451,-0.0391505,-0.193462,0.0670251,0.865207,0.292126,-0.179925
01324180,1523964199685,-9.05718,-3.5207,0.0823427,-0.238774,0.061869,0.168893,0.751126,0.407388,-0.340284
01324189,1523964199702,-9.16137,-1.59423,4.63651,-0.839382,-0.995659,-0.836004,0.733442,-0.274942,-0.474141
01324188,1523964199702,-10.469,-3.15469,-3.29877,-1.35898,1.91756,-0.338498,0.767165,-0.531554,-0.0873862
01324185,1523964199702,-9.65744,-1.49271,-0.356684,0.162239,0.16882,0.192613,0.874656,0.294908,-0.24207
01324181,1523964199702,-8.90996,0.0658623,3.10136,-0.0369503,-0.187674,-0.00187802,0.864269,0.293934,-0.182877
01324180,1523964199702,-9.20119,-3.61189,0.0997707,-0.191137,0.0790908,0.193061,0.750642,0.404076,-0.34291
01324189,1523964199719,-9.31958,-2.80261,3.88633,-0.715495,-0.96874,-0.991083,0.731317,-0.258705,-0.489642
01324188,1523964199719,-10.8498,-4.15618,-2.97386,0.198896,2.2453,-0.179131,0.770929,-0.528288,-0.0652756
01324185,1523964199719,-9.82587,-1.3953,-0.289816,0.216673,0.221099,0.190552,0.876834,0.292845,-0.239313
01324181,1523964199719,-8.7745,0.0966785,2.97847,-0.0277672,-0.186777,-0.0476204,0.863635,0.29302,-0.185775
01324180,1523964199719,-9.26319,-3.7126,0.195287,-0.106536,0.0931678,0.204234,0.751716,0.403469,-0.341587
01324189,1523964199735,-9.64443,-4.12814,3.11893,-0.205474,-0.864618,-1.11833,0.726437,-0.243526,-0.501107
01324188,1523964199735,-10.9003,-2.03995,-2.83383,1.66782,2.45033,-0.0376961,0.772541,-0.52999,-0.0266135
01324185,1523964199735,-9.87859,-1.27939,-0.281473,0.231257,0.252588,0.182689,0.879413,0.290458,-0.238775
01324181,1523964199735,-8.65984,0.234017,2.83168,-0.0185833,-0.146864,-0.0878608,0.862433,0.293572,-0.187502
01324180,1523964199735,-9.21063,-3.71345,0.335974,-0.00883072,0.132412,0.185773,0.754304,0.401118,-0.344104
01324189,1523964199752,-9.80793,-5.14824,2.58834,0.458076,-0.785437,-1.26903,0.723455,-0.231979,-0.509544
01324188,1523964199752,-11.5721,0.715479,-3.4432,2.10904,2.47266,0.0114087,0.773038,-0.528559,0.0233028
01324185,1523964199752,-9.79158,-1.26542,-0.210124,0.236725,0.252784,0.207325,0.880235,0.28825,-0.236273
01324181,1523964199752,-8.67867,0.238607,2.87977,0.0145023,-0.124345,-0.11621,0.861606,0.296683,-0.189684
01324180,1523964199752,-9.03763,-3.67424,0.473222,0.120077,0.176577,0.189506,0.756459,0.399473,-0.342277
01324189,1523964199769,-9.55013,-5.60389,2.12577,0.888148,-0.657346,-1.44201,0.721812,-0.221747,-0.514796
01324188,1523964199769,-11.5614,2.31941,-3.86936,1.80513,2.47457,-0.0384835,0.772446,-0.526308,0.0716678
01324185,1523964199769,-9.60806,-1.25444,-0.116186,0.26582,0.231598,0.2295,0.881605,0.282822,-0.232565
01324181,1523964199769,-8.64534,0.292344,2.91759,-0.00929927,-0.13751,-0.156772,0.860794,0.29837,-0.191572
01324180,1523964199769,-8.83099,-3.66496,0.741146,0.24231,0.235645,0.145812,0.759426,0.396791,-0.339132
01324189,1523964199785,-8.86174,-4.35897,1.69968,1.20495,-0.416801,-1.58726,0.721209,-0.209224,-0.516563
01324188,1523964199785,-10.7441,2.40421,-3.31818,1.3046,2.36935,-0.0995918,0.771323,-0.526549,0.123655
01324185,1523964199785,-9.43889,-1.20964,-0.00742299,0.318894,0.194181,0.237296,0.884732,0.277776,-0.230958
01324181,1523964199785,-8.63347,0.467195,2.88051,-0.0251534,-0.130953,-0.183408,0.857813,0.300123,-0.191843
01324180,1523964199785,-8.59398,-3.44884,0.655223,0.347268,0.273762,0.101027,0.760961,0.390657,-0.336574
01324189,1523964199802,-9.73126,-1.53214,1.77064,1.57058,-0.243279,-1.46717,0.723204,-0.204376,-0.514674
01324188,1523964199802,-10.1141,1.50454,-2.56407,1.17774,2.13681,-0.151577,0.767725,-0.520185,0.163156
01324185,1523964199802,-9.24578,-1.12181,-0.0602679,0.303569,0.10201,0.250616,0.884197,0.273004,-0.229865
01324181,1523964199802,-8.66674,0.457283,2.65347,-0.0561336,-0.0976748,-0.197667,0.856885,0.300936,-0.194508
01324180,1523964199802,-8.57745,-3.51921,0.937771,0.308426,0.290641,0.0340638,0.761506,0.388598,-0.333381
01324189,1523964199819,-10.5445,0.554743,1.38626,1.90839,-0.324236,-1.39469,0.72289,-0.202912,-0.511314
01324188,1523964199819,-10.0342,0.919758,-1.72671,1.35109,1.83007,-0.196222,0.764798,-0.511443,0.192158
01324185,1523964199819,-9.30362,-0.984376,-0.238757,0.291924,0.0710791,0.227025,0.887184,0.269207,-0.229315
01324181,1523964199819,-8.66432,0.51305,2.7297,-0.0481808,-0.0993125,-0.191679,0.855757,0.305652,-0.195525
01324180,1523964199819,-8.79079,-3.32934,1.00924,0.205104,0.315222,-0.0735783,0.762832,0.387526,-0.327881
01324189,1523964199835,-11.041,1.77627,1.08997,2.00542,-0.411498,-1.40301,0.724374,-0.203948,-0.509199
01324188,1523964199835,-10.1011,1.1732,-1.38194,1.62736,1.42654,-0.245692,0.760522,-0.504486,0.22551
01324185,1523964199835,-9.35921,-0.844629,-0.504715,0.210042,0.0202056,0.16622,0.886913,0.266363,-0.230594
01324181,1523964199835,-8.7187,0.655521,2.76043,-0.0589007,-0.0885695,-0.18466,0.853013,0.309141,-0.194772
01324180,1523964199835,-8.77411,-3.68188,1.03647,0.156482,0.30678,-0.10041,0.763855,0.390537,-0.325133
01324189,1523964199852,-11.0613,2.54556,1.86613,1.73591,-0.522643,-1.48543,0.722597,-0.202464,-0.509434
01324188,1523964199852,-10.0879,2.18032,-1.28048,1.8529,1.04888,-0.293463,0.758791,-0.491885,0.255681
01324185,1523964199852,-9.47772,-0.805578,-0.732974,0.0729282,-0.033847,0.0885025,0.887315,0.264339,-0.23319
01324181,1523964199852,-9.06043,0.772693,2.87192,-0.0358205,-0.0245788,-0.172901,0.853265,0.311123,-0.195613
01324180,1523964199852,-8.92723,-3.99772,1.05741,0.218263,0.293594,-0.131804,0.76439,0.389349,-0.321922
01324189,1523964199869,-10.7904,3.02729,2.89036,1.3815,-0.59494,-1.55228,0.722038,-0.200434,-0.509144
01324188,1523964199869,-10.0433,3.81285,-1.67588,1.80443,0.685749,-0.333221,0.754058,-0.4761,0.28124
01324185,1523964199869,-9.69044,-0.847758,-0.912691,-0.0437148,-0.0829876,-0.00455498,0.887997,0.263234,-0.232005
01324181,1523964199869,-9.3817,0.739746,2.91396,-0.0448268,-0.0206739,-0.155515,0.851626,0.313006,-0.195636
01324180,1523964199869,-9.17953,-4.10138,0.991534,0.301277,0.261183,-0.159608,0.764941,0.389798,-0.325975
01324189,1523964199885,-10.3096,3.00591,3.29684,0.919297,-0.622998,-1.55208,0.720801,-0.190928,-0.513737
01324188,1523964199885,-9.68999,5.22667,-1.98987,1.45618,0.314167,-0.328163,0.755193,-0.464255,0.298533
01324185,1523964199885,-9.97587,-1.0243,-1.07578,-0.0962452,-0.122905,-0.0807147,0.885825,0.265201,-0.232409
01324181,1523964199885,-9.91568,0.675099,3.0422,-0.0911333,-0.0312115,-0.153591,0.84945,0.31489,-0.195918
01324180,1523964199885,-9.48765,-3.98773,0.858639,0.347187,0.226225,-0.152432,0.763595,0.389964,-0.325411
01324189,1523964199902,-10.3384,2.27945,3.67039,0.418756,-0.595138,-1.44007,0.720479,-0.175548,-0.518161
01324188,1523964199902,-9.27891,5.23174,-2.24341,0.972035,-0.0504589,-0.29824,0.75634,-0.453458,0.307141
01324185,1523964199902,-10.493,-1.29567,-1.19401,-0.0581345,-0.137111,-0.136675,0.885279,0.265883,-0.23359
01324181,1523964199902,-10.5155,0.633784,3.3531,-0.0983466,-0.0469575,-0.15096,0.849554,0.316488,-0.194756
01324180,1523964199902,-10.0938,-4.01499,0.70756,0.336527,0.168304,-0.145742,0.763728,0.391577,-0.328894
01324189,1523964199919,-10.5454,1.05698,4.22557,0.138581,-0.557294,-1.24378,0.719513,-0.16318,-0.52434
01324188,1523964199919,-9.1274,4.31632,-2.44325,0.705738,-0.435534,-0.330784,0.760762,-0.444231,0.307663
01324185,1523964199919,-11.1211,-1.612,-1.21239,0.0254964,-0.13294,-0.157911,0.882291,0.266695,-0.235418
01324181,1523964199919,-10.758,0.543443,3.51508,-0.0744021,-0.0839837,-0.14956,0.847904,0.320479,-0.19655
01324180,1523964199919,-10.7363,-4.0131,0.49828,0.271561,0.113757,-0.141115,0.762381,0.392036,-0.328865
01324189,1523964199935,-10.6576,-0.021656,4.53626,0.0705589,-0.516513,-1.03437,0.716895,-0.151047,-0.52863
01324188,1523964199935,-9.18501,3.73258,-2.7263,0.691288,-0.794063,-0.391447,0.765191,-0.43582,0.303824
01324185,1523964199935,-11.7535,-1.80065,-1.18338,0.160391,-0.123913,-0.172432,0.881602,0.269167,-0.238839
01324181,1523964199935,-10.6988,0.427686,3.52009,-0.0574414,-0.0690664,-0.156381,0.846802,0.321939,-0.195905
01324180,1523964199935,-11.2706,-4.16766,0.366537,0.207571,0.0377278,-0.116476,0.759984,0.39107,-0.329931
01324189,1523964199952,-10.6867,-0.53106,4.47707,0.129858,-0.425348,-0.831765,0.711713,-0.13857,-0.535295
01324188,1523964199952,-9.2896,3.52591,-3.11829,0.72569,-1.1361,-0.432141,0.769477,-0.425125,0.291779
01324185,1523964199952,-12.1225,-1.81998,-1.13584,0.26303,-0.082545,-0.159121,0.879552,0.272018,-0.244611
01324181,1523964199952,-10.7511,0.407628,3.55878,-0.0342161,0.00779464,-0.162667,0.845442,0.323658,-0.196724
01324180,1523964199952,-11.5249,-4.31002,0.305269,0.172811,-0.0212805,-0.063459,0.760782,0.391047,-0.328456
01324189,1523964199969,-10.8369,-0.354465,4.21688,0.23707,-0.365816,-0.671573,0.709127,-0.131331,-0.539757
01324188,1523964199969,-9.70101,3.41583,-3.02023,0.713997,-1.46285,-0.465959,0.778243,-0.414272,0.277802
01324185,1523964199969,-12.221,-1.70857,-1.0891,0.321149,-0.0228017,-0.117026,0.879141,0.27298,-0.245926
01324181,1523964199969,-10.8528,0.43073,3.50456,-0.0127484,0.0784141,-0.171583,0.843541,0.324554,-0.196191
01324180,1523964199969,-11.5629,-4.37866,0.362525,0.157626,-0.0761154,-0.0428481,0.759966,0.391931,-0.328291
01324189,1523964199985,-10.6328,0.0791154,3.78644,0.254935,-0.335741,-0.557899,0.7075,-0.128996,-0.541861
01324188,1523964199985,-9.93796,3.39376,-3.18905,0.791398,-1.75963,-0.438628,0.786757,-0.406636,0.264166
01324185,1523964199985,-12.0851,-1.51665,-0.929469,0.29971,0.0270738,-0.0833382,0.879549,0.272708,-0.245402
01324181,1523964199985,-10.67,0.379556,3.45841,0.0219932,0.113783,-0.172289,0.844015,0.328585,-0.194818
01324180,1523964199985,-11.4181,-4.38764,0.460564,0.140754,-0.134488,-0.0222992,0.758513,0.389041,-0.325761
01324189,1523964200002,-10.2799,0.330382,3.50666,0.171553,-0.273599,-0.474855,0.70492,-0.12592,-0.544483
01324188,1523964200002,-10.1267,3.33735,-3.30017,0.738124,-2.03452,-0.371232,0.793769,-0.396467,0.240606
01324185,1523964200002,-11.7174,-1.24194,-0.807303,0.231722,-0.000648165,-0.106985,0.87602,0.272246,-0.247477
01324181,1523964200002,-10.3959,0.322202,3.38881,0.0513634,0.193605,-0.158825,0.841841,0.329772,-0.194289
01324180,1523964200002,-10.974,-4.34969,0.561783,0.0903169,-0.144971,-0.0368484,0.757592,0.388638,-0.328458
01324189,1523964200019,-9.74601,0.137383,3.32532,0.123932,-0.217036,-0.393485,0.701783,-0.121961,-0.546289
01324188,1523964200019,-10.173,3.24155,-3.36873,0.659613,-2.27945,-0.280647,0.803516,-0.389357,0.216013
01324185,1523964200019,-11.186,-0.977985,-0.793946,0.108098,-0.0489878,-0.135577,0.874388,0.275187,-0.248546
01324181,1523964200019,-10.1904,0.363513,3.31206,0.101157,0.275331,-0.140232,0.841348,0.333732,-0.190246
01324180,1523964200019,-10.3846,-4.3098,0.640262,0.0716701,-0.149385,-0.0863519,0.755865,0.388541,-0.331407
01324189,1523964200035,-9.13714,-0.43819,3.13464,0.113152,-0.121137,-0.288976,0.702604,-0.120837,-0.54736
01324188,1523964200035,-10.225,2.87183,-3.57194,0.58425,-2.51389,-0.257178,0.811108,-0.383822,0.182324
01324185,1523964200035,-10.6066,-0.798596,-0.781773,-0.0456263,-0.111178,-0.169159,0.874112,0.274729,-0.250371
01324181,1523964200035,-9.87549,0.394094,3.1058,0.124319,0.319652,-0.13225,0.841691,0.336229,-0.187113
01324180,1523964200035,-9.81199,-4.27211,0.679896,0.0508221,-0.134828,-0.119909,0.751737,0.389239,-0.3389
01324189,1523964200052,-8.63247,-0.778396,3.04346,0.163323,-0.035315,-0.17534,0.700704,-0.122224,-0.547082
01324188,1523964200052,-10.3105,2.59443,-3.85755,0.402527,-2.72735,-0.207662,0.817078,-0.379435,0.148852
01324185,1523964200052,-10.0953,-0.780143,-0.818411,-0.214798,-0.146933,-0.215632,0.872481,0.279095,-0.250669
01324181,1523964200052,-9.64495,0.34352,3.01647,0.156189,0.362784,-0.0949683,0.841626,0.337211,-0.181551
01324180,1523964200052,-9.38023,-4.16278,0.636375,0.0549489,-0.13181,-0.18323,0.75039,0.39058,-0.340745
01324189,1523964200069,-8.3201,-0.797897,2.86101,0.258915,0.0621868,-0.0366657,0.701228,-0.121081,-0.545741
01324188,1523964200069,-10.1197,1.86505,-3.78503,0.183129,-2.91803,-0.214745,0.821692,-0.375114,0.114182
01324185,1523964200069,-9.72417,-0.87398,-0.85517,-0.303959,-0.183296,-0.243445,0.870713,0.282466,-0.251349
01324181,1523964200069,-9.36389,0.283844,2.9204,0.188203,0.391259,-0.0845451,0.84213,0.337837,-0.178778
01324180,1523964200069,-9.09064,-4.06138,0.499581,0.0328633,-0.126912,-0.255465,0.748744,0.393213,-0.339722
01324189,1523964200085,-8.01901,-0.781852,2.58389,0.39207,0.166131,0.0577004,0.701373,-0.124675,-0.544433
01324188,1523964200085,-9.88812,0.99685,-4.57795,0.229418,-3.03402,-0.208547,0.824126,-0.369082,0.0749319
01324185,1523964200085,-9.45453,-1.05623,-0.845429,-0.372237,-0.209374,-0.277277,0.868129,0.287652,-0.252959
01324181,1523964200085,-9.07871,0.287287,2.83522,0.211318,0.40908,-0.0759182,0.841397,0.338263,-0.172932
01324180,1523964200085,-8.83936,-3.98195,0.342957,0.0174065,-0.122687,-0.292493,0.745488,0.395873,-0.33827
01324189,1523964200102,-7.97507,-0.836067,2.75104,0.538625,0.275177,0.109513,0.702313,-0.130718,-0.539407
01324188,1523964200102,-9.84706,0.209738,-5.83699,0.522018,-2.96397,-0.205727,0.82414,-0.366781,0.035344
01324185,1523964200102,-9.31289,-1.28344,-0.856434,-0.40161,-0.207616,-0.307049,0.865686,0.29161,-0.252466
01324181,1523964200102,-8.87106,0.318949,2.72244,0.221153,0.405412,-0.0812102,0.842287,0.339619,-0.169248
01324180,1523964200102,-8.69353,-3.97365,0.175246,0.00919166,-0.125158,-0.343584,0.742086,0.401318,-0.341354
01324189,1523964200119,-8.03529,-1.32924,3.22786,0.746268,0.338771,0.158979,0.704895,-0.141684,-0.532164
01324188,1523964200119,-9.69349,-0.18476,-6.74911,0.654077,-2.73887,-0.166903,0.827955,-0.364241,-0.00454589
01324185,1523964200119,-9.16643,-1.52752,-0.84321,-0.362232,-0.202966,-0.333514,0.86269,0.298317,-0.255658
01324181,1523964200119,-8.6381,0.312024,2.69267,0.225649,0.412354,-0.0863938,0.843592,0.339003,-0.163933
01324180,1523964200119,-8.62014,-3.99829,0.074319,0.00585933,-0.12837,-0.357716,0.736719,0.403764,-0.346361
01324189,1523964200135,-7.96038,-1.78652,4.18709,0.849018,0.372339,0.154824,0.705719,-0.152037,-0.526502
01324188,1523964200135,-8.93007,-0.385406,-7.42709,0.808522,-2.37802,-0.149364,0.826343,-0.363746,-0.0330476
01324185,1523964200135,-9.01254,-1.69461,-0.8408,-0.29036,-0.159673,-0.340705,0.85848,0.303942,-0.256482
01324181,1523964200135,-8.45021,0.193035,2.57781,0.256011,0.443994,-0.0965937,0.842985,0.341251,-0.159721
01324180,1523964200135,-8.47625,-4.06852,0.0270008,0.0167046,-0.145651,-0.368368,0.732677,0.406903,-0.350022
01324189,1523964200152,-7.66729,-1.70347,4.72566,0.764382,0.315335,0.115505,0.710331,-0.159035,-0.52059
01324188,1523964200152,-7.99856,-0.159095,-7.1765,0.642122,-2.00536,-0.156903,0.820239,-0.361602,-0.0577534
01324185,1523964200152,-8.82455,-1.78721,-0.779957,-0.178135,-0.124713,-0.349597,0.85657,0.310666,-0.258763
01324181,1523964200152,-8.37198,0.0581315,2.53743,0.266984,0.482104,-0.139398,0.842538,0.341494,-0.155469
01324180,1523964200152,-8.30839,-4.12903,-0.000694973,0.0537348,-0.164795,-0.369199,0.729993,0.410186,-0.357484
01324189,1523964200169,-7.28311,-1.22714,4.70152,0.432441,0.307395,0.0663511,0.711671,-0.164223,-0.51516
01324188,1523964200169,-7.30546,-0.391058,-7.4734,0.466451,-1.55226,-0.222048,0.8167,-0.357859,-0.0771387
01324185,1523964200169,-8.66307,-1.87003,-0.722933,-0.027548,-0.0602536,-0.366369,0.854664,0.315152,-0.260107
01324181,1523964200169,-8.27909,0.0300127,2.66414,0.261828,0.45751,-0.177537,0.842971,0.344507,-0.14836
01324180,1523964200169,-8.1632,-4.12719,-0.0137686,0.102986,-0.178565,-0.373412,0.725925,0.414912,-0.359627
01324189,1523964200185,-7.22207,-0.999398,4.66706,0.125424,0.304419,-0.00576327,0.713405,-0.165541,-0.510641
01324188,1523964200185,-6.8577,-0.270345,-7.73309,0.304567,-1.00538,-0.282577,0.815058,-0.354072,-0.0919657
01324185,1523964200185,-8.54486,-1.90922,-0.654799,0.144057,-0.0074697,-0.384782,0.850323,0.319669,-0.259874
01324181,1523964200185,-8.58285,-0.133862,2.85854,0.258448,0.401024,-0.222738,0.843337,0.344726,-0.144647
01324180,1523964200185,-8.04214,-4.13045,-0.0271057,0.172922,-0.178467,-0.365964,0.722942,0.418456,-0.361404
01324189,1523964200202,-7.1872,-1.09157,4.02372,-0.161096,0.292491,-0.100892,0.712974,-0.168388,-0.506645
01324188,1523964200202,-6.68986,0.0316394,-7.55905,0.153479,-0.435456,-0.282651,0.817896,-0.351339,-0.0984298
01324185,1523964200202,-8.57391,-1.98122,-0.601861,0.321561,0.032644,-0.429451,0.848692,0.32404,-0.259911
01324181,1523964200202,-8.6394,-0.304271,2.75277,0.312027,0.318905,-0.267545,0.842618,0.346368,-0.142016
01324180,1523964200202,-8.115,-4.10213,-0.0469964,0.263774,-0.169438,-0.361786,0.71594,0.420605,-0.360447
01324189,1523964200219,-7.22398,-0.92491,3.06079,-0.242042,0.321626,-0.147425,0.715915,-0.164996,-0.503173
01324188,1523964200219,-6.69968,0.0106162,-7.30369,-0.107501,0.0513615,-0.326889,0.81828,-0.347328,-0.100204
01324185,1523964200219,-8.73795,-2.03311,-0.538498,0.507139,0.0588057,-0.450197,0.844616,0.328942,-0.261644
01324181,1523964200219,-8.57607,-0.45385,2.64253,0.322834,0.224552,-0.300288,0.839461,0.350579,-0.141273
01324180,1523964200219,-8.15855,-4.09273,-0.0715386,0.359757,-0.163322,-0.342662,0.712325,0.42156,-0.363888
01324189,1523964200235,-7.84271,-0.349933,2.57008,-0.225812,0.439897,-0.0693033,0.718021,-0.159421,-0.499139
01324188,1523964200235,-6.63202,0.0185152,-7.08769,-0.438239,0.434049,-0.411677,0.81933,-0.341709,-0.099192
01324185,1523964200235,-8.91124,-1.9982,-0.395562,0.653277,0.0890996,-0.447114,0.842842,0.33141,-0.265322
01324181,1523964200235,-8.24706,-0.614942,2.65256,0.346175,0.174227,-0.342234,0.839386,0.355058,-0.139373
01324180,1523964200235,-8.21731,-4.05027,-0.0428768,0.493858,-0.132651,-0.317839,0.709571,0.421685,-0.376683
01324189,1523964200252,-8.49034,0.200695,2.07975,-0.31277,0.475612,0.072601,0.72001,-0.158013,-0.494601
01324188,1523964200252,-6.86629,-0.444598,-5.19971,-0.693261,0.686942,-0.501851,0.823085,-0.335006,-0.0943751
01324185,1523964200252,-8.99281,-1.93497,-0.261697,0.747675,0.116621,-0.420164,0.84039,0.333878,-0.268998
01324181,1523964200252,-8.00896,-0.631529,2.64474,0.394467,0.21069,-0.380054,0.83663,0.359686,-0.138909
01324180,1523964200252,-8.18973,-3.97859,0.0592945,0.60816,-0.105987,-0.316918,0.704512,0.420055,-0.380154
01324189,1523964200269,-8.48096,0.105911,0.50942,-0.503905,0.582918,0.238766,0.723352,-0.155775,-0.489671
01324188,1523964200269,-9.70167,0.104415,0.237053,-0.68411,0.506466,-0.420215,0.830359,-0.326371,-0.0916363
01324185,1523964200269,-8.91035,-1.83668,-0.169183,0.837368,0.124975,-0.379515,0.838754,0.336361,-0.271892
01324181,1523964200269,-8.06447,-0.632165,2.62024,0.461469,0.279036,-0.41931,0.834687,0.364154,-0.138716
01324180,1523964200269,-8.12398,-3.87037,0.171707,0.70835,-0.0615831,-0.329148,0.701055,0.419859,-0.385513
01324189,1523964200285,-9.95029,-1.31841,0.119296,-0.864632,0.804587,0.312956,0.731967,-0.152367,-0.481714
01324188,1523964200285,-11.9027,-4.24676,0.216681,0.0474931,0.41492,-0.320825,0.825703,-0.320657,-0.0843516
01324185,1523964200285,-8.84241,-1.7239,-0.129577,0.895819,0.139497,-0.369485,0.834405,0.33883,-0.275561
01324181,1523964200285,-8.61411,-0.522192,2.5953,0.490888,0.332107,-0.425715,0.833145,0.367787,-0.137181
01324180,1523964200285,-8.10189,-3.74802,0.269269,0.793674,-0.0063879,-0.357209,0.698416,0.417898,-0.389432
01324189,1523964200302,-11.9953,-4.13318,2.52155,-0.646615,0.759852,0.210283,0.735291,-0.148972,-0.475704
01324188,1523964200302,-12.3074,-3.23624,-0.646074,1.15688,0.445305,-0.247492,0.828386,-0.316766,-0.0751179
01324185,1523964200302,-8.9627,-1.55951,-0.211041,0.930494,0.106474,-0.379493,0.831958,0.339918,-0.277655
01324181,1523964200302,-9.1465,-0.232508,2.60083,0.465052,0.301153,-0.42925,0.830921,0.372562,-0.136194
01324180,1523964200302,-8.28166,-3.72205,0.354664,0.842215,0.0414528,-0.374103,0.695519,0.415807,-0.394972
01324189,1523964200319,-11.3557,-6.60188,3.12671,0.0953637,0.460868,-0.0301908,0.737924,-0.149283,-0.466237
01324188,1523964200319,-9.87168,-0.969059,-2.03573,1.22291,0.474801,-0.19153,0.832856,-0.316298,-0.0650434
01324185,1523964200319,-9.18432,-1.36083,-0.356458,0.961541,0.0527999,-0.431866,0.830047,0.340383,-0.282882
01324181,1523964200319,-8.98186,0.211027,2.55475,0.439161,0.204693,-0.430098,0.82829,0.378184,-0.136018
01324180,1523964200319,-8.53285,-3.77145,0.409945,0.918204,0.0900352,-0.42247,0.690865,0.414762,-0.40033
01324189,1523964200335,-9.64979,-6.00412,2.42814,0.740363,0.3179,-0.206686,0.739268,-0.153326,-0.462002
01324188,1523964200335,-9.12575,0.785354,-1.60262,0.68387,0.445803,-0.230886,0.834336,-0.315344,-0.054901
01324185,1523964200335,-9.32128,-1.13371,-0.420869,1.0304,-0.0327411,-0.463684,0.825958,0.342061,-0.290989
01324181,1523964200335,-9.09524,0.461764,2.84384,0.387239,0.139904,-0.394292,0.824983,0.382986,-0.134489
01324180,1523964200335,-8.70575,-3.69406,0.43285,0.996571,0.0894171,-0.464119,0.688239,0.412818,-0.407087
01324189,1523964200352,-9.29881,-2.97222,2.08476,1.0527,0.181663,-0.1956,0.742134,-0.157441,-0.456251
01324188,1523964200352,-10.3884,0.641245,-1.01389,0.250459,0.459864,-0.24628,0.835531,-0.312312,-0.0454331
01324185,1523964200352,-9.37626,-0.979251,-0.393414,1.21521,-0.104946,-0.459165,0.824041,0.342199,-0.298566
01324181,1523964200352,-9.41009,0.520844,3.1788,0.375253,0.0666136,-0.344821,0.823733,0.38712,-0.136025
01324180,1523964200352,-8.92872,-3.47432,0.407712,1.07067,0.101648,-0.533792,0.684553,0.409878,-0.413848
01324189,1523964200369,-9.22428,-1.08108,2.20497,1.1047,0.00329588,-0.202237,0.743089,-0.163206,-0.452828
01324188,1523964200369,-10.2688,-1.06707,-0.903058,0.0263953,0.503415,-0.227793,0.835638,-0.308833,-0.0357889
01324185,1523964200369,-9.458,-0.916102,-0.349315,1.36786,-0.185777,-0.466453,0.818325,0.34231,-0.307568
01324181,1523964200369,-9.29912,0.585338,3.05269,0.366911,-0.00145488,-0.293707,0.821709,0.389936,-0.139385
01324180,1523964200369,-9.17041,-3.10468,0.33971,1.06828,0.0696019,-0.593668,0.681091,0.410263,-0.419465
01324189,1523964200385,-9.22615,-0.138979,2.15369,0.9566,-0.064253,-0.2195,0.743778,-0.166958,-0.451393
01324188,1523964200385,-9.17776,-1.5474,-1.06123,0.286066,0.543678,-0.260795,0.837245,-0.3062,-0.0272939
01324185,1523964200385,-9.70805,-0.7146,-0.233923,1.5044,-0.241877,-0.479801,0.813417,0.340685,-0.318908
01324181,1523964200385,-9.12887,0.655241,3.10316,0.323956,-0.0397452,-0.256028,0.820609,0.393338,-0.141571
01324180,1523964200385,-9.31037,-2.7534,0.294352,0.988451,0.0796867,-0.671349,0.674274,0.410118,-0.423422
01324189,1523964200402,-9.06944,0.156815,2.4003,0.651167,-0.233702,-0.210465,0.742294,-0.17123,-0.450206
01324188,1523964200402,-9.20789,-0.51905,-1.21713,0.268362,0.566228,-0.292565,0.840198,-0.301574,-0.0213848
01324185,1523964200402,-9.93775,-0.173694,-0.0695122,1.56125,-0.30394,-0.462417,0.809458,0.340612,-0.330136
01324181,1523964200402,-9.15799,0.649657,3.574,0.224039,-0.0923439,-0.226846,0.817675,0.39415,-0.145544
01324180,1523964200402,-9.40674,-2.6149,0.330425,0.880057,0.070397,-0.752046,0.6705,0.411486,-0.422798
01324189,1523964200419,-9.04725,0.243323,2.29794,0.399594,-0.319118,-0.188056,0.738791,-0.174169,-0.452197
01324188,1523964200419,-9.92677,-0.122425,-1.70366,-0.00741544,0.554037,-0.300893,0.840572,-0.297259,-0.0141159
01324185,1523964200419,-9.99453,0.171022,-0.00268843,1.51074,-0.339906,-0.407696,0.804273,0.336948,-0.344855
01324181,1523964200419,-9.29992,0.652629,3.81936,0.230895,-0.079183,-0.187929,0.816282,0.397749,-0.145471
01324180,1523964200419,-9.64543,-2.4921,0.323935,0.79715,0.0930871,-0.804197,0.662463,0.413259,-0.42859
01324189,1523964200435,-9.60755,-0.312509,2.16877,0.0497212,-0.335109,-0.110903,0.736117,-0.174984,-0.456723
01324188,1523964200435,-9.9285,-0.666796,-2.47844,-0.267607,0.520389,-0.33576,0.841624,-0.292703,-0.00603234
01324185,1523964200435,-10.3576,0.462343,0.145736,1.41914,-0.363556,-0.38866,0.801258,0.333431,-0.35919
01324181,1523964200435,-9.61677,0.522621,3.94541,0.157825,-0.0371813,-0.162239,0.815192,0.400015,-0.147235
01324180,1523964200435,-10.0502,-2.25049,0.311643,0.62654,0.0591729,-0.845803,0.658173,0.41525,-0.433622
01324189,1523964200452,-9.94,-1.7472,1.99999,-0.360415,-0.305686,-0.0624995,0.733395,-0.171183,-0.459204
01324188,1523964200452,-9.94966,-1.15995,-2.28368,-0.516985,0.491818,-0.35016,0.84499,-0.288918,-0.000989088
01324185,1523964200452,-10.6108,0.367765,0.312836,1.30357,-0.429936,-0.437377,0.793765,0.3296,-0.375338
01324181,1523964200452,-10.1076,0.443952,4.0452,0.105985,-0.0532884,-0.125879,0.812251,0.401676,-0.151625
01324180,1523964200452,-10.3171,-2.0347,0.382729,0.461579,0.0343061,-0.771301,0.653068,0.419744,-0.442376
01324189,1523964200469,-10.4056,-3.03081,1.40033,-0.560733,-0.331172,-0.0488113,0.731239,-0.165686,-0.464891
01324188,1523964200469,-10.1095,-2.59644,-2.28143,-0.450409,0.457651,-0.309347,0.845229,-0.284146,0.00280831
01324185,1523964200469,-10.6512,0.160386,-0.304453,1.03708,-0.393495,-0.580176,0.787908,0.329243,-0.386687
01324181,1523964200469,-10.1089,0.410125,3.85747,0.0543217,-0.0619007,-0.108549,0.811851,0.40195,-0.152424
01324180,1523964200469,-10.8254,-2.02161,0.40684,0.324137,0.0176719,-0.664035,0.647669,0.423623,-0.444381
01324189,1523964200485,-9.95261,-3.58454,0.992985,-0.501864,-0.293986,-0.0629844,0.728533,-0.160459,-0.469904
01324188,1523964200485,-9.72396,-2.98964,-2.80792,-0.169056,0.352068,-0.209379,0.846416,-0.278877,0.00500864
01324185,1523964200485,-10.9023,0.416694,-0.815583,0.73096,-0.18128,-0.621966,0.782738,0.333505,-0.392463
01324181,1523964200485,-10.1544,0.317271,4.00869,0.0133138,-0.0155903,-0.0890297,0.812635,0.403244,-0.151661
01324180,1523964200485,-11.2383,-2.07947,0.397658,0.241485,-0.0301476,-0.565471,0.641743,0.427229,-0.447735
01324189,1523964200502,-9.77448,-3.99066,0.402722,-0.319954,-0.214901,-0.0909901,0.726656,-0.157698,-0.474545
01324188,1523964200502,-9.69321,-2.5469,-3.38735,-0.0701057,0.219845,-0.137582,0.84614,-0.278626,0.00906831
01324185,1523964200502,-11.3593,0.602897,-0.409716,0.486964,-0.016058,-0.530811,0.777573,0.336671,-0.396528
01324181,1523964200502,-10.3932,0.285438,3.88219,-1.19333e-05,0.0429522,-0.0797985,0.812351,0.405365,-0.153032
01324180,1523964200502,-11.2789,-1.92266,0.361869,0.148394,-0.0697912,-0.48365,0.637534,0.432096,-0.448792
01324189,1523964200519,-9.96589,-3.80782,0.647018,-0.201766,-0.100365,-0.0738891,0.724475,-0.15477,-0.476103
01324188,1523964200519,-9.90515,-2.31967,-3.35888,-0.0382156,0.0986516,-0.0785517,0.84641,-0.278328,0.00881426
01324185,1523964200519,-11.6724,0.422305,0.07141,0.187375,-0.00166808,-0.425046,0.775126,0.340163,-0.398253
01324181,1523964200519,-10.9004,0.257433,4.08959,-0.028517,0.051868,-0.079497,0.812323,0.406124,-0.151054
01324180,1523964200519,-11.2502,-1.69979,0.31987,-0.0130833,-0.100911,-0.402201,0.633475,0.435951,-0.450817
01324189,1523964200535,-10.3193,-3.13835,0.624736,-0.103926,0.0229993,-0.067513,0.725004,-0.150472,-0.477145
01324188,1523964200535,-9.85619,-2.15769,-3.44736,-0.0334522,-0.0347032,-0.0392679,0.848035,-0.27802,0.0109681
01324185,1523964200535,-11.6297,0.0225552,0.282362,-0.0481247,0.00841935,-0.34321,0.773767,0.345394,-0.397514
01324181,1523964200535,-11.1379,0.218232,4.09123,-0.0367274,-0.0184096,-0.0558823,0.809757,0.406178,-0.150231
01324180,1523964200535,-11.2082,-1.75202,0.28374,-0.178712,-0.112579,-0.287306,0.629933,0.440361,-0.450136
01324189,1523964200552,-10.572,-2.65361,0.780615,-0.0494223,0.126098,-0.0621472,0.725532,-0.149043,-0.476337
01324188,1523964200552,-9.90861,-1.92952,-3.29019,-0.0137737,-0.159756,0.00903846,0.848047,-0.279473,0.00777927
01324185,1523964200552,-11.4763,-0.495801,0.557731,-0.145129,0.0474096,-0.232819,0.772951,0.349351,-0.397027
01324181,1523964200552,-11.1272,0.184337,4.15957,-0.0600171,-0.0232624,-0.0299903,0.809085,0.406462,-0.150761
01324180,1523964200552,-11.1305,-1.9564,0.293043,-0.225293,-0.11211,-0.189201,0.627466,0.444753,-0.449741
01324189,1523964200569,-10.4932,-2.50913,0.930681,-0.00561701,0.216329,-0.0230917,0.727697,-0.150815,-0.473833
01324188,1523964200569,-10.1446,-1.65946,-3.16566,0.0232584,-0.284644,0.0397362,0.848712,-0.277039,0.00536425
01324185,1523964200569,-11.5248,-0.719228,0.761067,-0.0922653,0.0705626,-0.152219,0.772542,0.351604,-0.397178
01324181,1523964200569,-10.8736,0.143818,3.9736,-0.0761902,-0.0173696,0.00625172,0.809342,0.407319,-0.150649
01324180,1523964200569,-11.0425,-2.06517,0.404481,-0.159914,-0.0916413,-0.10781,0.626081,0.446931,-0.446029
01324189,1523964200585,-10.5168,-2.50642,0.979724,0.0415208,0.242634,-0.00520859,0.729449,-0.149991,-0.472508
01324188,1523964200585,-10.2558,-1.64272,-3.08793,0.069005,-0.395078,0.0759899,0.848718,-0.277361,-0.000178014
01324185,1523964200585,-11.51,-0.59412,0.761572,-0.0487081,0.0598196,-0.039944,0.773088,0.353338,-0.394974
01324181,1523964200585,-10.6377,0.175657,4.05178,-0.101265,0.0150131,0.0393035,0.810832,0.406169,-0.149976
01324180,1523964200585,-10.9277,-2.00699,0.509847,-0.06004,-0.0531277,-0.00142268,0.626322,0.448659,-0.444646
01324189,1523964200602,-10.1867,-2.41249,0.731558,0.0516202,0.297645,-0.0142299,0.731992,-0.149749,-0.468119
01324188,1523964200602,-10.0056,-1.979,-3.05795,0.0938216,-0.529468,0.101283,0.846829,-0.27853,-0.00561481
01324185,1523964200602,-11.2971,-0.311439,0.650071,-0.143835,0.0223521,0.0802629,0.774724,0.352129,-0.391831
01324181,1523964200602,-10.2138,0.229475,3.70812,-0.131658,0.0270985,0.0790362,0.811772,0.405604,-0.149044
01324180,1523964200602,-10.6962,-1.97347,0.565462,0.0251309,-0.0160978,0.0890042,0.624994,0.447522,-0.44465
01324189,1523964200619,-9.926,-2.25012,0.55241,0.0639592,0.345723,-0.000239458,0.735206,-0.150362,-0.46608
01324188,1523964200619,-9.70153,-2.14633,-3.08047,0.170112,-0.641231,0.144881,0.847258,-0.281089,-0.0133226
01324185,1523964200619,-10.9302,-0.106822,0.474547,-0.310451,-0.0243525,0.174212,0.773772,0.353383,-0.392624
01324181,1523964200619,-10.0498,0.326083,3.64694,-0.174509,0.0905084,0.117594,0.811215,0.405933,-0.14745
01324180,1523964200619,-10.3674,-1.94276,0.537421,0.0739846,-0.00890572,0.175453,0.627458,0.445037,-0.44879
01324189,1523964200635,-9.75582,-2.06073,0.511346,0.0114972,0.423896,-0.00592738,0.74034,-0.151051,-0.461595
01324188,1523964200635,-9.5706,-2.02066,-2.84437,0.164359,-0.748308,0.163149,0.84498,-0.28464,-0.0237522
01324185,1523964200635,-10.4475,0.0586355,0.391522,-0.480374,-0.0396711,0.232219,0.775536,0.353397,-0.391846
01324181,1523964200635,-9.9246,0.417422,3.5349,-0.199615,0.0911478,0.15556,0.813501,0.404517,-0.145318
01324180,1523964200635,-10.046,-1.74601,0.551308,0.0291799,0.012295,0.245626,0.628569,0.442564,-0.450747
01324189,1523964200652,-9.53396,-2.07978,0.43493,-0.0965648,0.461187,-0.0197293,0.741795,-0.151785,-0.456801
01324188,1523964200652,-9.55308,-1.8344,-2.5911,0.0425999,-0.840233,0.186082,0.845408,-0.286833,-0.0330532
01324185,1523964200652,-9.975,0.0507885,0.293729,-0.597166,-0.0769782,0.257146,0.776627,0.353875,-0.388978
01324181,1523964200652,-9.76293,0.497037,3.4523,-0.246056,0.0420356,0.182812,0.816175,0.404663,-0.143488
01324180,1523964200652,-9.60135,-1.692,0.502775,-0.0432881,0.0142922,0.306636,0.632775,0.440195,-0.455046
01324189,1523964200669,-9.35675,-1.99481,0.666126,-0.202769,0.486433,-0.029937,0.747173,-0.149885,-0.451094
01324188,1523964200669,-9.52361,-1.66887,-2.13799,-0.0442853,-0.90747,0.204213,0.844894,-0.290021,-0.0456371
01324185,1523964200669,-9.57513,-0.0673563,0.200182,-0.697711,-0.0791406,0.290353,0.778671,0.354521,-0.384678
01324181,1523964200669,-9.43147,0.486641,3.15999,-0.281749,-0.0107497,0.204793,0.815898,0.403295,-0.140799
01324180,1523964200669,-9.28647,-1.71715,0.49121,-0.145538,0.0197197,0.365732,0.637755,0.438215,-0.454077
01324189,1523964200685,-9.22591,-2.17149,0.926608,-0.242799,0.464392,-0.0442645,0.753108,-0.147575,-0.446862
01324188,1523964200685,-9.46304,-1.59099,-1.57843,-0.14,-0.941654,0.204951,0.843287,-0.291965,-0.0594764
01324185,1523964200685,-9.24999,-0.170589,0.107254,-0.792796,-0.093654,0.327901,0.78207,0.35289,-0.381405
01324181,1523964200685,-9.09788,0.456698,3.0661,-0.283607,-0.070786,0.213678,0.817556,0.399284,-0.139935
01324180,1523964200685,-9.0052,-1.762,0.479208,-0.250891,0.00789119,0.410624,0.640606,0.434823,-0.453106
01324189,1523964200702,-9.18808,-2.43662,1.08119,-0.218581,0.395065,-0.0707093,0.755749,-0.144018,-0.440709
01324188,1523964200702,-9.43957,-1.75323,-1.14396,-0.0786911,-0.976155,0.219155,0.838428,-0.29465,-0.0749374
01324185,1523964200702,-8.90548,-0.259484,0.0279081,-0.850651,-0.0864368,0.372068,0.783436,0.354395,-0.376457
01324181,1523964200702,-8.68066,0.369623,2.84343,-0.289041,-0.139573,0.229378,0.820286,0.396939,-0.140712
01324180,1523964200702,-8.66369,-1.78181,0.448598,-0.333201,-0.0231001,0.453762,0.644732,0.433828,-0.444538
01324189,1523964200719,-9.22398,-2.35254,1.3156,-0.105906,0.27994,-0.112753,0.758456,-0.143938,-0.439133
01324188,1523964200719,-9.53037,-1.43171,-0.867004,-0.00185238,-0.974474,0.224981,0.835882,-0.298348,-0.0883359
01324185,1523964200719,-8.51506,-0.391904,0.0562309,-0.897047,-0.089706,0.436691,0.78697,0.353326,-0.373321
01324181,1523964200719,-8.43636,0.280492,2.63419,-0.320962,-0.143394,0.219912,0.820576,0.394109,-0.139061
01324180,1523964200719,-8.25774,-1.73567,0.416562,-0.421951,-0.0674509,0.462481,0.647581,0.43058,-0.443429
01324189,1523964200735,-9.3757,-1.84941,1.59657,0.00663767,0.140673,-0.160954,0.761673,-0.139551,-0.436727
01324188,1523964200735,-9.61522,-0.797052,-0.549617,0.0538845,-0.940236,0.20623,0.835502,-0.301077,-0.101431
01324185,1523964200735,-8.15867,-0.610794,0.0796203,-0.895419,-0.110265,0.492876,0.788334,0.354105,-0.369412
01324181,1523964200735,-8.3782,0.276292,2.67811,-0.34428,-0.226199,0.239079,0.821003,0.393773,-0.141052
01324180,1523964200735,-7.88354,-1.67069,0.393986,-0.488848,-0.0648366,0.493657,0.65024,0.430504,-0.438605
01324189,1523964200752,-9.67055,-1.46019,1.64576,0.114188,-0.00542242,-0.193141,0.762205,-0.137837,-0.436452
01324188,1523964200752,-9.81221,-0.429041,-0.315574,0.0851783,-0.921249,0.179171,0.834181,-0.305597,-0.113281
01324185,1523964200752,-7.86982,-0.814846,0.07178,-0.875486,-0.12772,0.525223,0.792954,0.351913,-0.366008
01324181,1523964200752,-8.83008,0.38728,2.82523,-0.395946,-0.34314,0.226265,0.822116,0.392146,-0.142757
01324180,1523964200752,-7.55403,-1.69043,0.343924,-0.574105,-0.0802312,0.54568,0.654528,0.429248,-0.43518
01324189,1523964200769,-9.89295,-1.26638,1.76154,0.147396,-0.16108,-0.203359,0.766147,-0.134639,-0.437809
01324188,1523964200769,-9.75872,-0.331538,-0.148414,0.0815692,-0.873456,0.162858,0.832028,-0.307222,-0.124399
01324185,1523964200769,-7.81286,-1.07532,-0.0250344,-0.77879,-0.138838,0.5626,0.794865,0.349312,-0.361937
01324181,1523964200769,-9.66204,0.49865,2.94094,-0.453097,-0.463116,0.237671,0.823554,0.388444,-0.14748
01324180,1523964200769,-7.57162,-1.78613,0.241718,-0.662113,-0.0885986,0.598673,0.660153,0.428549,-0.432033
01324189,1523964200785,-10.0652,-0.670012,2.50795,0.0907213,-0.357124,-0.187155,0.763315,-0.133144,-0.441512
01324188,1523964200785,-10.0467,0.301992,0.440105,0.0883184,-0.795903,0.113237,0.828233,-0.307152,-0.133775
01324185,1523964200785,-8.23103,-1.27512,-0.194335,-0.576548,-0.133808,0.559891,0.799888,0.346953,-0.359839
01324181,1523964200785,-9.85185,0.486916,2.67913,-0.51205,-0.634321,0.260553,0.824144,0.387764,-0.15199
01324180,1523964200785,-8.13832,-2.04708,0.0897402,-0.730384,-0.0831541,0.668674,0.66377,0.428185,-0.430472
01324189,1523964200802,-9.98316,0.1281,3.50413,-0.0236479,-0.597439,-0.140903,0.759975,-0.132084,-0.44869
01324188,1523964200802,-10.4795,1.00106,0.694642,-0.0952159,-0.697776,0.0607508,0.826763,-0.309503,-0.145217
01324185,1523964200802,-9.0203,-1.36185,-0.353764,-0.405222,-0.0664982,0.594316,0.802744,0.341344,-0.358226
01324181,1523964200802,-9.07934,0.311777,2.54736,-0.576263,-0.770407,0.278366,0.82491,0.385318,-0.158592
01324180,1523964200802,-8.88708,-2.4778,0.0389774,-0.761943,-0.0732264,0.738937,0.670083,0.425731,-0.426831
01324189,1523964200819,-9.87552,0.552662,4.43333,-0.240104,-0.820265,-0.0648186,0.757736,-0.12862,-0.458539
01324188,1523964200819,-10.4701,1.58575,0.518397,-0.354791,-0.595997,-0.00187414,0.82717,-0.308322,-0.15498
01324185,1523964200819,-9.64754,-1.42052,-0.331161,-0.28099,0.00223758,0.638102,0.806952,0.33698,-0.357806
01324181,1523964200819,-8.42757,0.280668,2.5473,-0.615527,-0.747033,0.30784,0.823491,0.384503,-0.164009
01324180,1523964200819,-9.38518,-2.83795,-0.0137844,-0.730263,-0.0932792,0.828693,0.674596,0.425889,-0.41811
01324189,1523964200835,-9.6122,0.783742,5.3232,-0.604919,-0.986316,0.0355108,0.75131,-0.126067,-0.47129
01324188,1523964200835,-9.92068,1.73061,0.199942,-0.611008,-0.467606,-0.0782474,0.826082,-0.306964,-0.164848
01324185,1523964200835,-9.81392,-1.53007,-0.14336,-0.219102,0.0491355,0.724517,0.812116,0.329125,-0.355656
01324181,1523964200835,-8.11693,0.420001,2.79295,-0.661971,-0.723579,0.337405,0.824523,0.38234,-0.170619
01324180,1523964200835,-9.4257,-3.06538,-0.0105954,-0.720166,-0.103919,0.879626,0.681073,0.421555,-0.41586
01324189,1523964200852,-9.19459,0.832496,5.74784,-1.05306,-1.05921,0.162007,0.743658,-0.119751,-0.486138
01324188,1523964200852,-9.61113,1.71862,-0.322186,-0.855983,-0.374312,-0.179738,0.825109,-0.302316,-0.173434
01324185,1523964200852,-9.56511,-1.60838,0.167075,-0.176543,0.0650435,0.771939,0.816736,0.319696,-0.354666
01324181,1523964200852,-7.81686,0.311684,3.11572,-0.640791,-0.733802,0.357877,0.824919,0.378016,-0.178241
01324180,1523964200852,-9.08603,-3.17343,0.0839684,-0.748568,-0.0949755,0.90578,0.688877,0.417475,-0.411597
01324189,1523964200869,-8.77505,0.500364,5.804,-1.35745,-1.08449,0.258688,0.731674,-0.11233,-0.504273
01324188,1523964200869,-9.13007,0.983117,-0.911286,-1.16727,-0.250256,-0.275985,0.826699,-0.295046,-0.182966
01324185,1523964200869,-9.13477,-1.47111,0.486932,-0.110486,0.0505741,0.795672,0.822578,0.311697,-0.352648
01324181,1523964200869,-7.61588,0.15862,3.3228,-0.551801,-0.673592,0.356362,0.825831,0.374293,-0.184286
01324180,1523964200869,-8.51397,-3.34301,0.320641,-0.805082,-0.036942,0.879284,0.695135,0.409527,-0.410767
01324189,1523964200885,-8.43372,-0.641898,5.79126,-1.58929,-1.08812,0.31295,0.721974,-0.103376,-0.520147
01324188,1523964200885,-9.21009,0.174384,-1.7697,-1.48372,-0.107516,-0.327888,0.828955,-0.28553,-0.193982
01324185,1523964200885,-8.81535,-1.19369,0.615986,-0.0645695,0.00619894,0.802632,0.828691,0.300433,-0.351775
01324181,1523964200885,-7.52106,-0.0926015,3.3572,-0.469684,-0.605205,0.319638,0.824577,0.371321,-0.190059
01324180,1523964200885,-8.10093,-3.58517,0.625452,-0.857698,0.00742177,0.835152,0.701838,0.407346,-0.405369
01324189,1523964200902,-8.43373,-2.85617,5.82494,-1.6321,-1.10501,0.254228,0.716047,-0.0906292,-0.534429
01324188,1523964200902,-9.40993,-0.457125,-4.13049,-1.48303,0.192946,-0.289159,0.82849,-0.275856,-0.198084
01324185,1523964200902,-8.83426,-0.928902,0.424816,-0.108867,-0.0673769,0.79805,0.832632,0.29057,-0.351432
01324181,1523964200902,-8.40611,-0.307416,4.03185,-0.424905,-0.592136,0.246602,0.826274,0.369028,-0.19561
01324180,1523964200902,-8.13583,-3.94011,0.823762,-0.867909,0.0366137,0.771914,0.708569,0.404755,-0.404439
01324189,1523964200919,-8.88624,-5.01157,5.58081,-1.47688,-1.06362,0.079757,0.707964,-0.0781235,-0.550829
01324188,1523964200919,-10.1585,-0.315628,-5.36292,-1.31276,0.584522,-0.184671,0.831304,-0.269932,-0.198018
01324185,1523964200919,-9.65815,-1.03506,-0.150267,-0.227006,-0.13234,0.710336,0.835893,0.282388,-0.351625
01324181,1523964200919,-11.0118,-0.654066,4.5676,-0.310831,-0.543015,0.190479,0.825795,0.368065,-0.200635
01324180,1523964200919,-9.16948,-4.35806,0.618025,-0.837428,0.0727195,0.732048,0.713929,0.401712,-0.396471
01324189,1523964200935,-10.0297,-6.16769,5.22779,-1.15744,-1.02723,-0.0780438,0.697406,-0.0668316,-0.563999
01324188,1523964200935,-10.797,0.941933,-5.91324,-1.29897,0.921595,-0.0261237,0.834667,-0.265553,-0.193207
01324185,1523964200935,-11.6025,-1.46668,-0.916672,-0.345557,-0.168426,0.529144,0.83752,0.276996,-0.353409
01324181,1523964200935,-11.5783,-0.849648,4.13786,-0.240266,-0.701472,0.126119,0.825593,0.368471,-0.20835
01324180,1523964200935,-11.3233,-4.90622,0.294294,-0.754627,0.0584042,0.775019,0.721853,0.398643,-0.391784
01324189,1523964200952,-10.2028,-5.82556,4.46692,-0.81353,-0.970603,-0.1907,0.687682,-0.0567172,-0.578124
01324188,1523964200952,-9.60683,2.48526,-5.87395,-1.47521,1.22953,0.10451,0.842371,-0.261601,-0.180935
01324185,1523964200952,-13.3024,-1.87776,-1.25701,-0.547129,-0.194606,0.38024,0.840511,0.271233,-0.352448
01324181,1523964200952,-10.0146,-1.13159,3.64612,-0.20769,-0.722574,0.0522047,0.822217,0.365733,-0.217826
01324180,1523964200952,-12.6933,-5.47955,0.026416,-0.560729,0.00105269,0.881508,0.727378,0.392398,-0.382531
01324189,1523964200969,-8.90302,-4.3662,3.86659,-0.543191,-0.883885,-0.0782875,0.678215,-0.0476063,-0.590119
01324188,1523964200969,-9.02956,3.07108,-5.12328,-1.70656,1.44261,0.303572,0.846297,-0.261155,-0.170182
01324185,1523964200969,-13.4181,-2.01406,-1.02743,-0.751613,-0.221069,0.449549,0.842675,0.271907,-0.354031
01324181,1523964200969,-8.84786,-0.884616,3.32042,-0.181089,-0.488319,-0.0375383,0.820231,0.368184,-0.224767
01324180,1523964200969,-12.4415,-5.84826,0.0171811,-0.358601,-0.0974803,0.933818,0.733756,0.385606,-0.38141
01324189,1523964200985,-7.25483,-2.89802,3.57989,-0.352265,-0.75481,0.135001,0.673234,-0.0459254,-0.596873
01324188,1523964200985,-10.2194,4.36728,-4.34603,-1.75461,1.67834,0.555179,0.848058,-0.262335,-0.155058
01324185,1523964200985,-12.1629,-2.0647,-0.464342,-0.82064,-0.113386,0.660418,0.845533,0.267307,-0.351251
01324181,1523964200985,-8.67499,-0.499442,3.55805,-0.125353,-0.24643,-0.111554,0.819735,0.368094,-0.229145
01324180,1523964200985,-11.3622,-5.60645,0.2659,-0.215453,-0.170282,0.910293,0.740838,0.374284,-0.376471
01324189,1523964201002,-6.33376,-2.24214,3.91074,-0.0868624,-0.574333,0.435669,0.665424,-0.0480574,-0.604293
01324188,1523964201002,-9.99357,5.362,-3.95973,-1.68151,1.84847,0.975279,0.850534,-0.269642,-0.13696
01324185,1523964201002,-10.6527,-2.38651,0.177962,-0.719403,0.0423753,0.820564,0.848531,0.260038,-0.347923
01324181,1523964201002,-8.68819,-0.368628,3.60618,-0.023541,-0.0968917,-0.162309,0.817,0.372675,-0.230807
01324180,1523964201002,-9.86055,-5.15601,0.660066,-0.166997,-0.197087,0.845129,0.746575,0.365482,-0.376731
01324189,1523964201019,-6.25109,-2.37158,4.04306,0.157391,-0.331429,0.654581,0.661166,-0.0554536,-0.609923
01324188,1523964201019,-9.62564,4.18019,-3.4104,-1.42343,1.99716,1.37968,0.848986,-0.285052,-0.115548
01324185,1523964201019,-9.44202,-2.76438,0.663821,-0.593348,0.148947,0.844142,0.853569,0.252396,-0.341984
01324181,1523964201019,-8.90356,-0.337327,3.7491,0.0511807,-0.0117234,-0.155723,0.816722,0.373531,-0.231088
01324180,1523964201019,-8.6181,-4.86816,1.07498,-0.185735,-0.151586,0.746656,0.751123,0.356133,-0.379148
01324189,1523964201035,-6.30415,-2.46784,3.84891,0.542878,-0.141062,0.779909,0.659644,-0.0721076,-0.611108
01324188,1523964201035,-9.73369,2.41313,-2.70524,-0.67186,2.03521,1.68264,0.845456,-0.30933,-0.0907593
01324185,1523964201035,-8.95456,-2.85866,0.927808,-0.446568,0.155343,0.740927,0.859009,0.239894,-0.339529
01324181,1523964201035,-8.87906,-0.220543,3.69872,0.138223,0.00653583,-0.130868,0.816705,0.375099,-0.231386
01324180,1523964201035,-8.15514,-4.84111,1.3165,-0.17831,-0.120364,0.671218,0.753794,0.348879,-0.386629
01324189,1523964201052,-6.62952,-2.03711,3.64795,0.96034,0.010958,0.835274,0.659212,-0.0905124,-0.611383
01324188,1523964201052,-9.22469,1.44298,-2.50307,0.455918,2.07715,1.89359,0.840306,-0.335711,-0.0609642
01324185,1523964201052,-9.05264,-2.48258,0.794688,-0.337467,0.0171117,0.585224,0.861593,0.233709,-0.338562
01324181,1523964201052,-8.85841,-0.077022,3.53188,0.162833,0.0217564,-0.0739525,0.816301,0.375522,-0.231923
01324180,1523964201052,-8.2363,-4.98884,1.50099,-0.133807,-0.10631,0.587182,0.759224,0.343273,-0.386822
01324189,1523964201069,-7.09723,-1.0804,3.55018,1.25249,0.124607,0.881429,0.658734,-0.108033,-0.607503
01324188,1523964201069,-9.05434,1.74253,-2.67557,1.31089,2.08245,1.96501,0.83244,-0.362578,-0.0260474
01324185,1523964201069,-9.39189,-1.77798,0.185667,-0.233845,-0.173208,0.407798,0.864718,0.231205,-0.336719
01324181,1523964201069,-9.01346,-0.178319,3.52317,0.183965,0.0686296,-0.0287431,0.817274,0.374049,-0.233231
01324180,1523964201069,-8.4799,-5.22842,1.51422,-0.0421928,-0.0976188,0.520124,0.76253,0.338024,-0.391975
01324189,1523964201085,-7.59194,-0.103229,3.60379,1.4235,0.210239,0.958332,0.65881,-0.130879,-0.601262
01324188,1523964201085,-9.50474,2.85636,-3.11294,1.61613,2.05283,1.98437,0.823354,-0.389986,0.0115444
01324185,1523964201085,-9.6421,-1.08845,-0.504655,-0.242978,-0.2916,0.265736,0.864983,0.227893,-0.340348
01324181,1523964201085,-9.053,-0.236855,3.33084,0.227469,0.102744,-0.00357626,0.817293,0.373173,-0.23401
01324180,1523964201085,-9.01434,-5.38318,1.40181,0.0587497,-0.11648,0.433677,0.765555,0.332323,-0.393485
01324189,1523964201102,-7.96263,0.669175,3.43354,1.41814,0.334686,0.984795,0.65714,-0.156272,-0.595825
01324188,1523964201102,-9.84648,3.94036,-3.47869,1.19199,1.97694,1.92215,0.809639,-0.415245,0.0485206
01324185,1523964201102,-9.87317,-0.692462,-0.840953,-0.360653,-0.277479,0.15186,0.863354,0.22518,-0.342146
01324181,1523964201102,-9.03089,-0.243697,3.11859,0.237347,0.185916,-0.000308457,0.818109,0.371474,-0.232654
01324180,1523964201102,-9.5908,-5.27235,1.23727,0.14593,-0.161908,0.360219,0.765642,0.326101,-0.396179
01324189,1523964201119,-8.27882,1.40977,3.50092,1.29251,0.484537,0.987701,0.661839,-0.183397,-0.586461
01324188,1523964201119,-9.84846,4.05215,-3.60484,0.305655,1.84085,1.82255,0.793789,-0.4458,0.0811517
01324185,1523964201119,-10.1025,-0.85223,-0.7106,-0.590812,-0.18448,0.0750308,0.863348,0.229389,-0.343233
01324181,1523964201119,-9.25155,-0.29239,3.10362,0.265853,0.260345,0.0037545,0.819437,0.372331,-0.231889
01324180,1523964201119,-9.76907,-4.8908,1.02495,0.16589,-0.210851,0.274859,0.766769,0.321144,-0.395214
01324189,1523964201135,-8.31967,2.17033,3.18692,1.13107,0.672707,1.05166,0.663791,-0.206565,-0.577033
01324188,1523964201135,-9.79462,2.92689,-3.04635,-0.543674,1.60378,1.70974,0.77818,-0.47006,0.100705
01324185,1523964201135,-10.1729,-1.21266,-0.40301,-0.793054,-0.118929,0.0119216,0.863614,0.231624,-0.344301
01324181,1523964201135,-9.54535,-0.249767,3.10093,0.269574,0.300637,-0.0199732,0.820211,0.372676,-0.228715
01324180,1523964201135,-9.68652,-4.48721,0.844287,0.0774478,-0.259996,0.17821,0.766437,0.316822,-0.399079
01324189,1523964201152,-8.24903,2.59921,2.58358,0.804025,0.886732,1.09557,0.668457,-0.224679,-0.567424
01324188,1523964201152,-9.22486,1.38584,-2.60844,-1.01272,1.33314,1.58863,0.766081,-0.490373,0.112516
01324185,1523964201152,-10.1352,-1.68457,-0.14743,-0.833074,-0.0284153,-0.0430436,0.864426,0.236728,-0.342784
01324181,1523964201152,-9.46677,-0.0425723,3.04433,0.244832,0.305385,-0.0474796,0.822115,0.370384,-0.227623
01324180,1523964201152,-9.61875,-4.30276,0.826626,-0.0338167,-0.278742,0.13169,0.764865,0.315864,-0.404075
01324189,1523964201169,-8.61609,2.51049,2.28708,0.316779,1.1154,1.09713,0.673603,-0.241873,-0.553969
01324188,1523964201169,-8.89612,0.0507936,-2.19458,-1.14498,0.998055,1.47085,0.751693,-0.512789,0.117219
01324185,1523964201169,-9.97138,-1.92614,0.0882538,-0.712244,0.0332755,-0.0980339,0.865518,0.241615,-0.337868
01324181,1523964201169,-9.12256,0.0731389,2.99602,0.256508,0.306788,-0.0648438,0.823291,0.371559,-0.225534
01324180,1523964201169,-9.44811,-4.25099,0.915584,-0.132886,-0.286839,0.0782326,0.76541,0.315571,-0.40517
01324189,1523964201185,-9.03461,2.14273,1.65967,-0.212455,1.24429,1.0641,0.680353,-0.252926,-0.541286
01324188,1523964201185,-8.81571,-1.06837,-1.48715,-0.949166,0.669807,1.37304,0.73892,-0.532402,0.117499
01324185,1523964201185,-9.71583,-2.09129,0.265843,-0.496384,0.0696334,-0.130876,0.864436,0.246177,-0.335294
01324181,1523964201185,-8.90975,-0.00200966,3.03263,0.27357,0.327554,-0.0888956,0.823802,0.370644,-0.221267
01324180,1523964201185,-9.16326,-4.25639,1.05851,-0.180905,-0.310458,0.0196745,0.765019,0.315593,-0.407596
01324189,1523964201202,-9.20401,1.69958,1.47619,-0.673323,1.34231,1.05796,0.690049,-0.259439,-0.526192
01324188,1523964201202,-8.55645,-2.23595,-1.1946,-0.462389,0.360273,1.22967,0.72519,-0.550318,0.113048
01324185,1523964201202,-9.49349,-2.01793,0.386594,-0.269314,0.062027,-0.146438,0.862409,0.249918,-0.331401
01324181,1523964201202,-8.7795,-0.0586735,3.00557,0.268373,0.324452,-0.111342,0.823925,0.370528,-0.219937
01324180,1523964201202,-8.85955,-4.20546,1.14635,-0.190631,-0.3118,-0.0490253,0.760344,0.315993,-0.412114
01324189,1523964201219,-9.28221,0.994244,1.78969,-0.93206,1.35542,1.06065,0.697754,-0.265066,-0.516956
01324188,1523964201219,-8.70035,-3.22975,-0.71277,0.240472,0.095216,1.04748,0.714422,-0.56544,0.116278
01324185,1523964201219,-9.33828,-1.78767,0.484342,-0.0821646,0.0564997,-0.16876,0.862411,0.251214,-0.329976
01324181,1523964201219,-8.58149,-0.143658,2.98914,0.24717,0.291151,-0.139184,0.82551,0.371411,-0.217846
01324180,1523964201219,-8.64772,-4.14062,1.18503,-0.146719,-0.260972,-0.129304,0.758974,0.319513,-0.414726
01324189,1523964201235,-9.64356,-0.248403,1.71673,-0.933756,1.39089,1.04823,0.703662,-0.268049,-0.506608
01324188,1523964201235,-9.01141,-3.67276,-0.641347,0.925677,-0.178249,0.843803,0.709185,-0.575323,0.123806
01324185,1523964201235,-9.22638,-1.50899,0.566461,0.042813,0.0391027,-0.204536,0.862272,0.254879,-0.330011
01324181,1523964201235,-8.48509,-0.181317,2.96633,0.239442,0.29558,-0.184822,0.825844,0.374066,-0.214051
01324180,1523964201235,-8.57149,-4.04785,1.17178,-0.0778291,-0.233407,-0.223617,0.757472,0.323922,-0.419885
01324189,1523964201252,-9.97399,-1.52527,1.58968,-0.808382,1.39397,1.04339,0.710245,-0.272625,-0.494675
01324188,1523964201252,-9.42375,-4.00108,-0.0166604,1.48338,-0.444906,0.572039,0.704323,-0.580271,0.131638
01324185,1523964201252,-9.23533,-1.33548,0.674246,0.0998806,0.0273654,-0.265758,0.861995,0.256535,-0.331856
01324181,1523964201252,-8.38699,-0.345123,2.95561,0.236921,0.305768,-0.206279,0.825135,0.376937,-0.214103
01324180,1523964201252,-8.57942,-3.98978,1.15027,0.00422532,-0.177676,-0.277199,0.754517,0.326175,-0.424121
01324189,1523964201269,-10.4673,-2.04059,2.25553,-0.525878,1.39122,1.02668,0.7197,-0.279148,-0.48279
01324188,1523964201269,-10.1936,-4.2193,0.915452,1.9171,-0.73294,0.240719,0.704324,-0.581623,0.14179
01324185,1523964201269,-9.32641,-1.16634,0.72008,0.121626,0.0159311,-0.330327,0.861453,0.261079,-0.330199
01324181,1523964201269,-8.44449,-0.399134,2.90315,0.205232,0.343718,-0.25582,0.826273,0.379312,-0.209513
01324180,1523964201269,-8.6884,-3.97644,1.13719,0.102283,-0.119604,-0.357025,0.752741,0.329257,-0.424844
01324189,1523964201285,-11.1539,-2.06883,3.34169,-0.153111,1.33065,0.994431,0.726421,-0.288894,-0.467821
01324188,1523964201285,-11.5363,-3.79095,1.05199,2.432,-1.08801,-0.0483957,0.705351,-0.57337,0.151856
01324185,1523964201285,-9.44433,-1.04285,0.675331,0.0955285,0.022495,-0.403455,0.859272,0.26809,-0.33222
01324181,1523964201285,-8.84118,-0.406444,3.13742,0.172437,0.318396,-0.288584,0.825813,0.381946,-0.207171
01324180,1523964201285,-8.83364,-3.96847,1.13582,0.195926,-0.06523,-0.428107,0.74905,0.335417,-0.425477
01324189,1523964201302,-11.5918,-2.32806,5.1075,0.21902,1.19916,0.830784,0.729475,-0.299983,-0.453089
01324188,1523964201302,-11.822,-2.88425,-2.98504,2.53223,-1.0903,-0.198204,0.711256,-0.563771,0.162484
01324185,1523964201302,-9.59182,-1.13588,0.629221,0.126608,0.0392509,-0.457991,0.856697,0.270371,-0.330926
01324181,1523964201302,-9.31465,-0.433853,3.10593,0.120118,0.328507,-0.315789,0.825051,0.385215,-0.202182
01324180,1523964201302,-9.13396,-3.93807,1.12339,0.291333,-0.031517,-0.472908,0.745409,0.337811,-0.426997
01324189,1523964201319,-11.6594,-2.66988,6.64847,0.5428,0.932364,0.548102,0.737164,-0.312774,-0.437754
01324188,1523964201319,-12.4148,-1.0371,-3.39426,1.46202,-0.911348,-0.488681,0.71759,-0.55718,0.168743
01324185,1523964201319,-9.97557,-1.20574,0.602694,0.195741,0.0576224,-0.487014,0.855466,0.276536,-0.332942
01324181,1523964201319,-9.56809,-0.351934,3.10274,0.0827958,0.291102,-0.329731,0.823608,0.390735,-0.199358
01324180,1523964201319,-9.54593,-3.88997,1.13896,0.375803,-0.00961735,-0.542448,0.742437,0.340191,-0.428122
01324189,1523964201335,-11.1157,-1.97252,5.6902,0.675853,0.777523,0.251969,0.743091,-0.321219,-0.425978
01324188,1523964201335,-12.2457,0.346511,-2.72947,0.118086,-0.801524,-0.854249,0.726224,-0.548074,0.164086
01324185,1523964201335,-10.2678,-1.33877,0.580179,0.29827,0.0510108,-0.516783,0.855189,0.28146,-0.333512
01324181,1523964201335,-9.66445,-0.263385,3.19703,0.0232328,0.287323,-0.339902,0.823399,0.394799,-0.196916
01324180,1523964201335,-9.79336,-3.85966,1.19472,0.477574,0.021814,-0.604819,0.738253,0.343765,-0.431232
01324189,1523964201352,-10.6322,-0.537895,4.24048,0.5508,0.697081,0.0507786,0.747908,-0.326755,-0.413898
01324188,1523964201352,-10.9112,0.390789,-2.17233,-1.04113,-0.740288,-1.08965,0.738383,-0.536652,0.146062
01324185,1523964201352,-10.5092,-1.371,0.564151,0.444164,0.0433828,-0.519393,0.852875,0.286787,-0.335124
01324181,1523964201352,-9.89992,-0.195894,3.29566,-0.052423,0.227039,-0.345303,0.82208,0.401453,-0.194516
01324180,1523964201352,-10.0038,-3.68356,1.20088,0.533883,0.0469027,-0.663978,0.73609,0.346431,-0.434119
01324189,1523964201369,-10.0592,0.0271296,3.077,0.166613,0.63675,-0.0553671,0.751624,-0.327808,-0.403242
01324188,1523964201369,-11.1245,0.235126,-2.21257,-1.70427,-0.640029,-1.10904,0.75218,-0.526312,0.12566
01324185,1523964201369,-10.5379,-1.32984,0.618337,0.639979,0.0240078,-0.505872,0.850284,0.291777,-0.339608
01324181,1523964201369,-9.42559,-0.0566542,3.05935,-0.10751,0.196665,-0.352424,0.820103,0.40558,-0.190329
01324180,1523964201369,-10.0781,-3.56413,1.23948,0.580013,0.06534,-0.744393,0.730422,0.350903,-0.43746
01324189,1523964201385,-9.6368,-0.0258332,2.28186,-0.464605,0.606743,-0.126817,0.758097,-0.326369,-0.397684
01324188,1523964201385,-10.9267,0.112342,-1.9964,-1.61788,-0.513923,-1.05748,0.762584,-0.5157,0.100739
01324185,1523964201385,-10.4383,-1.1065,0.665156,0.79096,-0.0114234,-0.47012,0.845938,0.294276,-0.341709
01324181,1523964201385,-9.1576,0.0166892,3.28184,-0.1432,0.212804,-0.336729,0.820301,0.409075,-0.18748
01324180,1523964201385,-9.94052,-3.39444,1.32635,0.62928,0.0911342,-0.799275,0.727686,0.356476,-0.43974
01324189,1523964201402,-9.43425,-0.227976,1.12458,-1.01169,0.64846,-0.135001,0.760185,-0.315906,-0.394814
01324188,1523964201402,-10.2744,0.0197589,-1.85626,-1.04111,-0.4388,-0.974725,0.771351,-0.504935,0.0855444
01324185,1523964201402,-10.0972,-0.78596,0.695786,0.860455,-0.0542798,-0.466602,0.844708,0.295193,-0.345374
01324181,1523964201402,-8.94372,0.0872846,3.11764,-0.171796,0.23807,-0.304592,0.818288,0.415645,-0.182812
01324180,1523964201402,-9.57902,-3.29368,1.33043,0.668434,0.0996832,-0.870235,0.722802,0.362969,-0.443862
01324189,1523964201419,-9.61109,-0.563399,0.474122,-1.34418,0.719253,-0.0926842,0.76636,-0.306412,-0.391598
01324188,1523964201419,-9.93956,1.00842,-2.04592,-0.271252,-0.382242,-0.791811,0.779312,-0.49621,0.0768321
01324185,1523964201419,-9.75864,-0.451019,0.663289,0.849108,-0.118352,-0.461157,0.842386,0.295205,-0.352163
01324181,1523964201419,-8.9193,0.0754227,3.14217,-0.202073,0.287797,-0.29114,0.817124,0.418777,-0.177815
01324180,1523964201419,-9.2681,-3.01943,1.30839,0.685667,0.136913,-0.975365,0.71861,0.367415,-0.44736
01324189,1523964201435,-9.60705,-1.3803,0.730129,-1.40893,0.713936,-0.0822168,0.771461,-0.296036,-0.390503
01324188,1523964201435,-9.62094,0.836257,-2.42227,0.205702,-0.331721,-0.575528,0.782113,-0.487929,0.0732746
01324185,1523964201435,-9.43484,-0.154599,0.534765,0.74791,-0.171217,-0.479493,0.839654,0.2976,-0.359629
01324181,1523964201435,-8.95909,0.0750675,3.00186,-0.216491,0.252968,-0.260359,0.815921,0.425751,-0.173828
01324180,1523964201435,-9.06672,-2.85698,1.23632,0.647617,0.159309,-1.0493,0.712239,0.37392,-0.449028
01324189,1523964201452,-9.46709,-1.86094,1.15283,-1.14466,0.668898,-0.100808,0.777674,-0.289288,-0.38945
01324188,1523964201452,-9.17963,-0.166819,-2.65246,0.605237,-0.29991,-0.536943,0.789113,-0.478822,0.0753729
01324185,1523964201452,-9.28498,0.0946822,0.331676,0.572762,-0.229976,-0.540193,0.834618,0.299574,-0.367082
01324181,1523964201452,-8.86359,0.0689815,2.9253,-0.237905,0.318812,-0.23561,0.81583,0.429293,-0.168984
01324180,1523964201452,-9.03809,-2.79785,1.15475,0.60847,0.184902,-1.10739,0.705452,0.381003,-0.449327
01324189,1523964201469,-9.60164,-2.02577,1.82627,-0.633888,0.622232,-0.13984,0.782749,-0.281912,-0.383828
01324188,1523964201469,-9.19182,-0.208944,-2.83007,0.704342,-0.276045,-0.589104,0.795038,-0.471049,0.0752463
01324185,1523964201469,-9.23212,0.161578,0.124911,0.35547,-0.270734,-0.600937,0.831347,0.303698,-0.372601
01324181,1523964201469,-9.08284,-0.0113223,3.01721,-0.26478,0.262618,-0.214398,0.815448,0.433307,-0.162419
01324180,1523964201469,-9.00577,-2.99395,1.01381,0.608486,0.175149,-1.10048,0.701474,0.389794,-0.452335
01324189,1523964201485,-9.84976,-2.27761,1.9779,-0.114353,0.51674,-0.176941,0.787295,-0.279264,-0.3769
01324188,1523964201485,-9.54617,0.756853,-2.83366,0.437367,-0.264881,-0.596201,0.799718,-0.459805,0.0761606
01324185,1523964201485,-9.30762,-0.00180035,-0.0109065,0.185185,-0.287049,-0.634642,0.826041,0.313356,-0.376336
01324181,1523964201485,-9.14142,-0.0676771,2.84886,-0.290641,0.26111,-0.197933,0.815105,0.435286,-0.157273
01324180,1523964201485,-9.24546,-2.56801,0.873635,0.488643,0.157722,-1.16625,0.694684,0.396432,-0.450886
01324189,1523964201502,-9.88258,-2.29707,1.3747,0.216183,0.431083,-0.284066,0.792925,-0.274776,-0.370505
01324188,1523964201502,-9.8249,1.23073,-2.87189,-0.0581958,-0.24821,-0.620704,0.804963,-0.451565,0.0725699
01324185,1523964201502,-9.41237,-0.261321,-0.163894,0.0452081,-0.291246,-0.659945,0.821143,0.32245,-0.380068
01324181,1523964201502,-9.38937,-0.0804755,3.04555,-0.309499,0.192419,-0.184611,0.814489,0.437137,-0.151591
01324180,1523964201502,-9.36044,-2.77773,0.716681,0.390258,0.120798,-1.08892,0.689076,0.405667,-0.450619
01324189,1523964201519,-9.91274,-1.91653,0.796755,0.38149,0.397217,-0.382963,0.795578,-0.274237,-0.363572
01324188,1523964201519,-9.87518,0.71309,-2.60689,-0.256802,-0.225093,-0.574012,0.80994,-0.443902,0.0689465
01324185,1523964201519,-9.55334,-0.592768,-0.232094,-0.0248805,-0.284396,-0.656472,0.814888,0.330684,-0.384571
01324181,1523964201519,-9.3855,-0.0536906,2.98227,-0.30777,0.240494,-0.166966,0.814014,0.439669,-0.147386
01324180,1523964201519,-9.40837,-2.75987,0.5713,0.327397,0.0975781,-1.07627,0.682017,0.41378,-0.452515
01324189,1523964201535,-10.2895,-1.54819,0.701088,0.509403,0.372594,-0.428621,0.802838,-0.270508,-0.356398
01324188,1523964201535,-10.1902,0.539424,-2.08303,-0.0359005,-0.145712,-0.516807,0.811267,-0.438428,0.0636157
01324185,1523964201535,-9.65071,-0.888334,-0.258855,-0.0358206,-0.249675,-0.62774,0.810527,0.340168,-0.390007
01324181,1523964201535,-9.64678,-0.0495684,3.06263,-0.316917,0.204029,-0.132711,0.812811,0.445668,-0.142183
01324180,1523964201535,-9.3967,-2.67116,0.412388,0.229549,0.0274493,-1.00352,0.674689,0.423223,-0.457623
01324189,1523964201552,-10.7673,-1.16512,0.98913,0.646711,0.275492,-0.442104,0.805902,-0.269981,-0.349737
01324188,1523964201552,-10.267,-0.643759,-2.1439,0.425712,-0.106351,-0.450354,0.817196,-0.43164,0.0658516
01324185,1523964201552,-9.72886,-1.23455,-0.251948,0.0431846,-0.192872,-0.594149,0.805634,0.348303,-0.392291
01324181,1523964201552,-10.002,-0.102275,3.04205,-0.329467,0.142288,-0.126216,0.812738,0.44778,-0.137309
01324180,1523964201552,-9.44632,-2.71136,0.276338,0.0944446,-0.0131637,-0.923773,0.668958,0.432326,-0.459248
01324189,1523964201569,-10.5655,-0.331423,0.90774,0.668947,0.133597,-0.473799,0.809112,-0.268889,-0.344412
01324188,1523964201569,-9.84117,-0.58945,-2.55202,0.781367,-0.0842768,-0.459116,0.820287,-0.426941,0.0670497
01324185,1523964201569,-9.94877,-1.38005,-0.255595,0.150604,-0.144203,-0.552855,0.802638,0.353454,-0.39573
01324181,1523964201569,-10.0308,-0.088082,3.07057,-0.305539,0.105341,-0.117987,0.814424,0.450821,-0.134599
01324180,1523964201569,-9.53889,-2.80795,0.175812,0.00166075,-0.0908722,-0.822926,0.662803,0.443766,-0.462171
01324189,1523964201585,-10.0272,0.407652,0.935447,0.53568,0.0779473,-0.429832,0.812172,-0.265203,-0.339332
01324188,1523964201585,-9.65815,0.531378,-2.94385,0.742709,-0.0895608,-0.493072,0.824304,-0.418428,0.0704951
01324185,1523964201585,-10.1249,-1.37896,-0.260201,0.200525,-0.0904274,-0.497936,0.798699,0.357942,-0.397067
01324181,1523964201585,-9.87366,-0.0959983,3.15625,-0.277313,0.0954495,-0.0802763,0.813842,0.451761,-0.131291
01324180,1523964201585,-9.5394,-2.93295,0.124366,-0.0620826,-0.137481,-0.695331,0.656005,0.452014,-0.463122
01324189,1523964201602,-9.52828,0.798538,0.768196,0.205642,0.0691802,-0.406148,0.814018,-0.260344,-0.336103
01324188,1523964201602,-9.51495,1.34756,-3.19303,0.226252,-0.0785353,-0.496484,0.827517,-0.411665,0.0742451
01324185,1523964201602,-10.1415,-1.34509,-0.189471,0.24006,-0.0426622,-0.438752,0.795163,0.363816,-0.399595
01324181,1523964201602,-9.82358,-0.333079,3.05244,-0.246277,0.0958808,-0.0579473,0.813541,0.452533,-0.128911
01324180,1523964201602,-9.41174,-3.06151,0.0959042,-0.0925781,-0.180417,-0.571047,0.649758,0.45968,-0.465444
01324189,1523964201619,-9.46266,0.604193,0.362689,-0.167033,0.0437346,-0.334513,0.816439,-0.254941,-0.336355
01324188,1523964201619,-9.45967,0.580487,-3.17688,-0.260395,-0.0848129,-0.500734,0.830711,-0.401502,0.0738982
01324185,1523964201619,-10.0231,-1.31924,-0.0880479,0.261209,-0.0165053,-0.357326,0.792175,0.364625,-0.401554
01324181,1523964201619,-9.74776,-0.562734,3.13944,-0.194706,0.0729436,-0.0583011,0.811364,0.452199,-0.125958
01324180,1523964201619,-9.29981,-3.09847,0.0629579,-0.100785,-0.191748,-0.444616,0.645377,0.465829,-0.462013
01324189,1523964201635,-9.47098,-0.0772018,-0.0087818,-0.463586,0.0623681,-0.290226,0.817928,-0.250959,-0.337947
01324188,1523964201635,-9.32234,-0.207804,-2.92533,-0.423423,-0.0577634,-0.495315,0.832993,-0.39701,0.0705142
01324185,1523964201635,-9.9023,-1.30069,-0.0351754,0.253325,0.00621108,-0.296258,0.790541,0.366277,-0.403656
01324181,1523964201635,-9.49189,-0.65432,3.13317,-0.153783,0.0641058,-0.0585616,0.812393,0.4541,-0.123483
01324180,1523964201635,-9.06304,-3.08634,0.0919218,-0.0798052,-0.220462,-0.321654,0.640783,0.4694,-0.463496
01324189,1523964201652,-9.58536,-0.861749,0.112783,-0.553656,0.0935771,-0.279002,0.817483,-0.244472,-0.338158
01324188,1523964201652,-9.30037,-0.798632,-2.576,-0.364763,-0.0521083,-0.468283,0.837301,-0.390738,0.0657346
01324185,1523964201652,-9.68981,-1.32353,0.120956,0.217643,0.0160563,-0.227442,0.790399,0.369637,-0.404864
01324181,1523964201652,-9.33972,-0.715597,3.13049,-0.10387,0.0904523,-0.0705901,0.812049,0.458583,-0.12158
01324180,1523964201652,-8.74966,-3.02786,0.160558,-0.0594399,-0.188264,-0.221134,0.63701,0.470327,-0.4618
01324189,1523964201669,-9.70412,-1.6412,0.268503,-0.458078,0.0753455,-0.299936,0.820184,-0.237359,-0.340274
01324188,1523964201669,-9.31066,-0.9766,-2.63687,-0.11873,-0.0356045,-0.439864,0.839582,-0.38636,0.0647679
01324185,1523964201669,-9.44602,-1.35382,0.258839,0.181303,0.0101109,-0.153429,0.788771,0.369057,-0.405768
01324181,1523964201669,-9.21299,-0.738277,3.03031,-0.0664112,0.100858,-0.0827166,0.812839,0.459167,-0.120537
01324180,1523964201669,-8.49814,-3.0374,0.201631,-0.0395111,-0.18221,-0.127835,0.635382,0.472688,-0.463756
01324189,1523964201685,-9.68509,-1.90369,0.111467,-0.282857,0.0448964,-0.342062,0.821574,-0.230715,-0.339122
01324188,1523964201685,-9.28081,-0.762626,-2.91099,0.0513774,-0.0297886,-0.410314,0.84335,-0.380939,0.0627702
01324185,1523964201685,-9.27007,-1.43191,0.307917,0.175131,0.0178241,-0.0939773,0.789716,0.370451,-0.406569
01324181,1523964201685,-9.10258,-0.741806,3.00935,-0.0281874,0.0761541,-0.0813566,0.812682,0.460331,-0.119762
01324180,1523964201685,-8.35527,-3.05526,0.222263,-0.01323,-0.13503,-0.0289107,0.634815,0.475308,-0.463695
01324189,1523964201702,-9.55203,-1.80486,-0.0241802,-0.116452,0.0499831,-0.369973,0.823994,-0.223592,-0.340431
01324188,1523964201702,-9.21033,-0.665928,-2.98462,0.104703,-0.0246114,-0.374482,0.843979,-0.373128,0.0637898
01324185,1523964201702,-9.14957,-1.46156,0.303063,0.180303,0.0289361,-0.0362495,0.78781,0.369536,-0.410214
01324181,1523964201702,-9.07383,-0.692989,3.06414,0.0243442,0.0689253,-0.093666,0.813368,0.458903,-0.119208
01324180,1523964201702,-8.24576,-3.10221,0.21824,0.00321511,-0.109994,0.0363891,0.634605,0.473618,-0.471428
01324189,1523964201719,-9.62148,-1.43891,0.0239852,0.0551632,0.0663139,-0.394295,0.824767,-0.218857,-0.338797
01324188,1523964201719,-9.07277,-0.738232,-3.06204,0.118708,-0.0356214,-0.363863,0.847476,-0.367949,0.0639354
01324185,1523964201719,-9.07245,-1.46207,0.268224,0.200344,0.0513376,0.0196979,0.788487,0.369815,-0.41035
01324181,1523964201719,-9.04523,-0.680513,3.05442,0.0971982,0.0391359,-0.0838227,0.811847,0.461657,-0.118585
01324180,1523964201719,-8.17713,-3.15904,0.189596,0.0260677,-0.0662422,0.131758,0.634363,0.471888,-0.472541
01324189,1523964201735,-9.7069,-1.24512,0.0646803,0.177353,0.0815279,-0.353031,0.827331,-0.214323,-0.339325
01324188,1523964201735,-9.02655,-0.636748,-2.76972,0.150131,-0.0450927,-0.380568,0.850163,-0.363483,0.0640465
01324185,1523964201735,-9.06048,-1.45257,0.211807,0.171628,0.0545375,0.0469211,0.7893,0.367678,-0.411509
01324181,1523964201735,-9.05366,-0.639308,2.98113,0.147009,0.00375426,-0.08774,0.811185,0.462194,-0.120583
01324180,1523964201735,-8.16629,-3.24581,0.189225,0.0791382,-0.0503299,0.221854,0.635313,0.469825,-0.469893
01324189,1523964201752,-9.70338,-1.19587,0.162106,0.247308,0.0670413,-0.326116,0.829602,-0.210919,-0.336916
01324188,1523964201752,-9.09633,-0.560226,-2.98887,0.153692,-0.0823538,-0.365917,0.851755,-0.357703,0.0645228
01324185,1523964201752,-9.04361,-1.36612,0.0743193,0.178061,0.0486059,0.0741618,0.790654,0.364687,-0.413053
01324181,1523964201752,-9.09555,-0.547622,2.99359,0.191333,-0.0205577,-0.0674066,0.809566,0.462781,-0.120977
01324180,1523964201752,-8.1703,-3.3211,0.227442,0.133781,-0.0185763,0.308561,0.638844,0.466432,-0.470824
01324189,1523964201769,-9.90539,-1.00629,0.345727,0.371114,0.00543388,-0.307778,0.831728,-0.207219,-0.333833
01324188,1523964201769,-9.23874,-0.470515,-2.63721,0.17475,-0.0690399,-0.352381,0.853885,-0.351029,0.064375
01324185,1523964201769,-9.00986,-1.29421,-0.0443306,0.160317,0.0165843,0.111798,0.791605,0.363282,-0.412781
01324181,1523964201769,-9.05427,-0.425789,2.94564,0.232054,-0.0535788,-0.0385434,0.811883,0.462964,-0.124195
01324180,1523964201769,-8.17511,-3.33353,0.25633,0.212125,-0.0245375,0.357365,0.642131,0.461308,-0.472461
01324189,1523964201785,-9.79887,-0.881637,0.73143,0.481012,-0.0664416,-0.295742,0.8305,-0.206182,-0.334212
01324188,1523964201785,-9.37434,-0.514862,-2.42879,0.174676,-0.0402493,-0.369788,0.85765,-0.345266,0.064419
01324185,1523964201785,-8.964,-1.19349,-0.173501,0.162435,0.020607,0.161085,0.793777,0.359606,-0.413276
01324181,1523964201785,-8.96095,-0.274188,2.84915,0.265718,-0.0495402,-0.0128012,0.811517,0.462881,-0.128176
01324180,1523964201785,-8.19534,-3.26612,0.251668,0.235841,-0.00795642,0.409522,0.645178,0.455045,-0.477091
01324189,1523964201802,-9.70816,-0.889916,1.47243,0.531858,-0.144564,-0.289214,0.831163,-0.204613,-0.333405
01324188,1523964201802,-9.5513,-0.62036,-2.07268,0.185189,0.0182276,-0.355827,0.860061,-0.340101,0.0652508
01324185,1523964201802,-8.86502,-1.1027,-0.261169,0.158719,0.011348,0.197695,0.79527,0.357212,-0.413127
01324181,1523964201802,-8.89141,-0.161664,2.72669,0.261988,-0.0551669,0.0190202,0.811535,0.463257,-0.130576
01324180,1523964201802,-8.18197,-3.18895,0.273975,0.228754,-0.0315818,0.449768,0.648759,0.44774,-0.478777
01324189,1523964201819,-9.80685,-1.21799,1.70681,0.638147,-0.261286,-0.299275,0.831305,-0.204476,-0.334074
01324188,1523964201819,-9.46364,-0.433428,-1.95473,0.222593,0.0775649,-0.358454,0.860302,-0.335265,0.0646075
01324185,1523964201819,-8.75372,-0.949338,-0.306333,0.134922,0.0430349,0.257873,0.796626,0.350967,-0.415294
01324181,1523964201819,-8.8705,-0.00119826,2.61024,0.293818,-0.0518286,0.0542601,0.81132,0.460636,-0.132778
01324180,1523964201819,-8.12468,-3.12534,0.257965,0.179288,-0.0308264,0.490783,0.651308,0.439473,-0.486412
01324189,1523964201835,-9.58224,-1.27488,1.13371,0.664841,-0.372216,-0.326571,0.829691,-0.20473,-0.335931
01324188,1523964201835,-9.24958,-0.109728,-2.50323,0.169087,0.135092,-0.365239,0.860807,-0.329625,0.0684559
01324185,1523964201835,-8.71971,-0.848451,-0.33309,0.100528,0.0523732,0.276551,0.798392,0.346445,-0.415779
01324181,1523964201835,-8.81086,0.188783,2.5611,0.255425,-0.0638403,0.0775119,0.812026,0.459995,-0.13543
01324180,1523964201835,-8.09618,-3.08888,0.265694,0.127,-0.052206,0.498218,0.654728,0.434934,-0.489256
01324189,1523964201852,-9.16367,-0.883471,0.770517,0.543676,-0.456598,-0.352675,0.830268,-0.203184,-0.340207
01324188,1523964201852,-8.74278,-0.377719,-2.72134,0.0607906,0.170663,-0.372582,0.863777,-0.327369,0.0720616
01324185,1523964201852,-8.64257,-0.868257,-0.348244,0.0465615,0.0511853,0.288452,0.802405,0.343841,-0.415454
01324181,1523964201852,-8.74302,0.21862,2.65756,0.231121,-0.107343,0.117703,0.813551,0.458902,-0.138613
01324180,1523964201852,-8.04322,-3.05899,0.237373,0.0488704,-0.0664312,0.53806,0.658977,0.427466,-0.490008
01324189,1523964201869,-8.8216,-0.746892,0.699957,0.432499,-0.477107,-0.347747,0.82786,-0.201277,-0.345784
01324188,1523964201869,-8.26592,-0.905859,-2.96093,-0.0501639,0.18466,-0.399646,0.864535,-0.318739,0.0742083
01324185,1523964201869,-8.57988,-0.902316,-0.306903,0.0308772,0.0511682,0.271447,0.803227,0.33993,-0.413589
01324181,1523964201869,-8.62125,0.166605,2.75593,0.236367,-0.15498,0.124146,0.816316,0.456615,-0.143246
01324180,1523964201869,-8.14349,-2.98556,0.258549,-0.0269302,-0.0975773,0.547953,0.661575,0.421595,-0.48611
01324189,1523964201885,-8.85799,-0.899156,0.461608,0.361263,-0.486746,-0.346186,0.825848,-0.199374,-0.350028
01324188,1523964201885,-8.61462,-1.03269,-2.56719,-0.164397,0.233105,-0.39818,0.866388,-0.311435,0.0762583
01324185,1523964201885,-8.63275,-0.906705,-0.200261,0.0348694,0.0386837,0.262179,0.806213,0.335991,-0.413169
01324181,1523964201885,-8.55848,0.109159,2.70914,0.218417,-0.182843,0.149809,0.816949,0.453333,-0.148898
01324180,1523964201885,-8.14504,-3.0632,0.294361,-0.079726,-0.096538,0.573102,0.665408,0.414854,-0.485761
01324189,1523964201902,-9.1802,-1.81782,0.892682,0.161178,-0.532839,-0.328922,0.825083,-0.195938,-0.357485
01324188,1523964201902,-9.44801,-1.52138,-2.58514,-0.181698,0.257106,-0.354777,0.867173,-0.307044,0.0786782
01324185,1523964201902,-8.68068,-0.858173,-0.113785,0.0543817,0.0665041,0.245829,0.80798,0.331629,-0.412741
01324181,1523964201902,-8.78381,0.120985,2.78958,0.177511,-0.204235,0.141191,0.816993,0.451289,-0.150717
01324180,1523964201902,-8.22901,-3.11238,0.28602,-0.118277,-0.098543,0.579005,0.668383,0.411005,-0.481558
01324189,1523964201919,-9.57299,-2.71178,0.808861,0.148217,-0.596517,-0.348307,0.822674,-0.191879,-0.364249
01324188,1523964201919,-9.50308,-2.0646,-2.80118,-0.108243,0.266379,-0.296634,0.868241,-0.304415,0.0812536
01324185,1523964201919,-9.05906,-0.79316,-0.0521545,0.0348981,0.0914663,0.262782,0.811643,0.329664,-0.412212
01324181,1523964201919,-9.22569,0.164201,2.88735,0.136601,-0.229157,0.13087,0.816658,0.449329,-0.155457
01324180,1523964201919,-8.65719,-3.10509,0.262545,-0.162013,-0.100403,0.578814,0.671405,0.405743,-0.4836
01324189,1523964201935,-9.88425,-3.31872,1.12854,0.182764,-0.601979,-0.380093,0.818664,-0.190519,-0.372622
01324188,1523964201935,-9.46401,-1.94969,-2.70386,-0.0113678,0.293316,-0.275319,0.86984,-0.300101,0.0850052
01324185,1523964201935,-9.62862,-0.888361,-0.0850253,-0.0137941,0.118874,0.233873,0.812862,0.32682,-0.413495
01324181,1523964201935,-9.64718,0.20271,3.10127,0.120412,-0.283661,0.144343,0.81752,0.448222,-0.159695
01324180,1523964201935,-9.24323,-3.23743,0.256096,-0.207189,-0.0853395,0.608623,0.675177,0.403341,-0.481271
01324189,1523964201952,-9.94174,-3.30646,1.17812,0.308899,-0.665504,-0.443509,0.816796,-0.183461,-0.38084
01324188,1523964201952,-9.43913,-1.75649,-2.76116,0.0105988,0.308173,-0.22633,0.869819,-0.297226,0.0889565
01324185,1523964201952,-10.2922,-0.958913,-0.133535,-0.0555294,0.147068,0.20327,0.81572,0.32237,-0.410326
01324181,1523964201952,-9.66259,0.243812,3.05208,0.106167,-0.304908,0.144203,0.81923,0.444648,-0.164954
01324180,1523964201952,-9.86428,-3.30562,0.307663,-0.232425,-0.104957,0.622515,0.678929,0.394902,-0.487846
01324189,1523964201969,-9.606,-2.44178,0.654222,0.369041,-0.695674,-0.473541,0.813602,-0.181119,-0.389884
01324188,1523964201969,-9.32812,-1.85878,-3.36756,0.0542268,0.293301,-0.190765,0.869796,-0.294105,0.0938661
01324185,1523964201969,-10.7119,-0.937063,-0.159469,-0.0908413,0.168461,0.199863,0.81763,0.31962,-0.406646
01324181,1523964201969,-9.56178,0.252286,3.04773,0.0759867,-0.236863,0.144863,0.820119,0.442784,-0.171038
01324180,1523964201969,-10.2001,-3.36842,0.39588,-0.279869,-0.116331,0.656482,0.683128,0.390905,-0.486772
01324189,1523964201985,-9.59469,-1.72162,0.412357,0.336359,-0.629703,-0.422258,0.811595,-0.176923,-0.395982
01324188,1523964201985,-9.38742,-1.58024,-3.86538,0.103134,0.254377,-0.159007,0.87113,-0.290817,0.0978262
01324185,1523964201985,-10.7984,-0.893103,-0.0688671,-0.140663,0.200017,0.226948,0.820617,0.32208,-0.403282
01324181,1523964201985,-9.77129,0.186626,3.17323,0.0545496,-0.162135,0.168051,0.822352,0.438545,-0.173631
01324180,1523964201985,-10.2802,-3.37731,0.462722,-0.330542,-0.11549,0.648271,0.686282,0.386519,-0.490285
01324189,1523964202002,-10.318,-1.35133,0.136939,0.196522,-0.545125,-0.330356,0.80865,-0.174289,-0.402752
01324188,1523964202002,-9.69385,-1.42813,-4.08096,0.11812,0.187262,-0.136678,0.869879,-0.286537,0.100265
01324185,1523964202002,-10.7691,-0.89794,0.104628,-0.135203,0.240903,0.270896,0.823882,0.319899,-0.399351
01324181,1523964202002,-10.0524,0.149162,3.38467,0.0438586,-0.155952,0.164769,0.821707,0.437655,-0.175466
01324180,1523964202002,-10.233,-3.31732,0.550519,-0.386938,-0.0921942,0.655115,0.691681,0.382788,-0.488682
01324189,1523964202019,-10.8574,-1.2208,0.0821071,0.0739853,-0.453852,-0.250875,0.805973,-0.171373,-0.409254
01324188,1523964202019,-9.63002,-1.19349,-4.57212,0.104251,0.0910631,-0.127199,0.870693,-0.286646,0.102268
01324185,1523964202019,-10.8317,-0.926316,0.243473,-0.145529,0.250231,0.315936,0.826203,0.316193,-0.394095
01324181,1523964202019,-10.3394,0.252274,3.68031,0.0366347,-0.182348,0.168074,0.823511,0.435008,-0.177556
01324180,1523964202019,-10.2136,-3.33948,0.613425,-0.408729,-0.036203,0.655359,0.695483,0.378658,-0.488415
01324189,1523964202035,-10.9252,-1.05576,0.154111,0.0509546,-0.379295,-0.206657,0.803292,-0.168885,-0.415091
01324188,1523964202035,-9.5759,-0.933375,-4.55806,0.0287344,-0.0255762,-0.0953651,0.872865,-0.286493,0.101307
01324185,1523964202035,-11.0293,-0.915415,0.285792,-0.190402,0.227925,0.335732,0.830684,0.311853,-0.3925
01324181,1523964202035,-10.4124,0.42113,3.81185,0.00798759,-0.204935,0.190379,0.822773,0.432636,-0.181751
01324180,1523964202035,-10.3148,-3.39201,0.674987,-0.397335,0.00705366,0.597721,0.698165,0.37552,-0.48095
01324189,1523964202052,-10.5322,-1.12182,0.167493,-0.0157907,-0.281985,-0.180483,0.802243,-0.16816,-0.419623
01324188,1523964202052,-9.57758,-1.40559,-4.61152,0.011526,-0.14052,-0.0931888,0.873947,-0.285752,0.100667
01324185,1523964202052,-11.367,-0.812345,0.117212,-0.248586,0.180878,0.33362,0.835171,0.309409,-0.387526
01324181,1523964202052,-10.2849,0.573093,3.76628,-0.0187454,-0.165806,0.205406,0.82472,0.429409,-0.184097
01324180,1523964202052,-10.6017,-3.67129,0.743158,-0.3166,0.0600843,0.589807,0.703293,0.372083,-0.479203
01324189,1523964202069,-10.3863,-1.74555,0.263605,-0.0641566,-0.153715,-0.151584,0.801292,-0.165267,-0.421596
01324188,1523964202069,-9.54317,-1.9086,-4.4147,0.113099,-0.242709,-0.0635065,0.872706,-0.282415,0.0983322
01324185,1523964202069,-11.6422,-0.695304,-0.143966,-0.289336,0.149506,0.327972,0.837213,0.306494,-0.385152
01324181,1523964202069,-10.2102,0.714732,3.71575,-0.0774737,-0.101962,0.219901,0.825731,0.425071,-0.185478
01324180,1523964202069,-11.0041,-3.6432,0.836058,-0.246726,0.119451,0.527463,0.709064,0.368308,-0.471255
01324189,1523964202085,-10.1903,-2.33056,0.327409,-0.084608,-0.0602737,-0.119872,0.802113,-0.163283,-0.423329
01324188,1523964202085,-9.41572,-2.07969,-4.14942,0.204241,-0.329947,-0.0213385,0.874463,-0.280801,0.0943706
01324185,1523964202085,-11.7531,-0.50944,-0.381341,-0.376104,0.139678,0.316247,0.840886,0.304046,-0.380436
01324181,1523964202085,-10.0865,0.755073,3.64332,-0.111248,-0.0240283,0.230129,0.826832,0.423751,-0.18626
01324180,1523964202085,-11.2433,-3.86132,0.880862,-0.199303,0.110916,0.524187,0.712466,0.363011,-0.468709
01324189,1523964202102,-9.87144,-2.41319,0.736187,0.0300454,0.0161975,-0.120573,0.802916,-0.160428,-0.423583
01324188,1523964202102,-9.4006,-1.89302,-3.95629,0.276133,-0.428732,0.00903854,0.874199,-0.281498,0.0906939
01324185,1523964202102,-11.6176,-0.315343,-0.471632,-0.439794,0.136739,0.309499,0.842527,0.302168,-0.375457
01324181,1523964202102,-10.1976,0.845899,3.70607,-0.1824,0.0645101,0.239761,0.830496,0.419884,-0.184091
01324180,1523964202102,-11.2507,-3.85673,0.895316,-0.165309,0.0926309,0.480319,0.717726,0.359275,-0.465888
01324189,1523964202119,-9.60233,-2.19308,0.849482,0.102961,0.0879045,-0.113408,0.80154,-0.161533,-0.421435
01324188,1523964202119,-9.36486,-1.35376,-3.85317,0.183909,-0.494334,0.0289153,0.876108,-0.282092,0.0840333
01324185,1523964202119,-11.4101,-0.26128,-0.495631,-0.525139,0.144438,0.289086,0.846332,0.301391,-0.371803
01324181,1523964202119,-10.3043,0.946511,3.73244,-0.196655,0.10002,0.247025,0.831324,0.417049,-0.182313
01324180,1523964202119,-11.0911,-3.65889,0.854458,-0.18168,0.0587438,0.41933,0.720474,0.35504,-0.469257
01324189,1523964202135,-9.63157,-2.04609,1.06934,0.0836086,0.159775,-0.118931,0.804533,-0.16161,-0.421202
01324188,1523964202135,-9.41325,-1.33688,-3.47992,0.039457,-0.548291,0.0565279,0.877345,-0.283648,0.0763782
01324185,1523964202135,-11.1618,-0.322996,-0.471657,-0.625632,0.148499,0.243193,0.84797,0.302336,-0.36659
01324181,1523964202135,-10.1589,0.797867,3.66618,-0.202057,0.100266,0.262539,0.834395,0.415398,-0.177393
01324180,1523964202135,-10.8272,-3.46929,0.795237,-0.255417,0.0525556,0.36518,0.724532,0.351479,-0.467766
01324189,1523964202152,-9.65185,-2.22039,1.09844,0.0176711,0.20796,-0.106797,0.80694,-0.159357,-0.418135
01324188,1523964202152,-9.41057,-1.91307,-3.14502,-0.00741862,-0.561601,0.0755458,0.878438,-0.283925,0.0694783
01324185,1523964202152,-10.9377,-0.488005,-0.353382,-0.705431,0.124934,0.187255,0.850154,0.300183,-0.361218
01324181,1523964202152,-10.0029,0.518402,3.52281,-0.216134,0.111377,0.245434,0.836667,0.416098,-0.176634
01324180,1523964202152,-10.5341,-3.31371,0.789285,-0.343165,0.0588652,0.296069,0.72708,0.351286,-0.467402
01324189,1523964202169,-9.46062,-2.49682,0.968323,-0.0673628,0.264044,-0.0912294,0.810449,-0.158717,-0.41536
01324188,1523964202169,-9.36835,-2.26614,-3.017,0.0957705,-0.592907,0.113095,0.878998,-0.285747,0.0615456
01324185,1523964202169,-10.7641,-0.604527,-0.214033,-0.772261,0.115481,0.146531,0.852873,0.303654,-0.356556
01324181,1523964202169,-9.871,0.311361,3.46966,-0.229246,0.128408,0.212862,0.838319,0.41113,-0.173757
01324180,1523964202169,-10.2649,-3.19496,0.816735,-0.437256,0.0755175,0.23402,0.729727,0.353257,-0.465239
01324189,1523964202185,-9.44344,-2.55145,0.792682,-0.0803148,0.293515,-0.0788946,0.812031,-0.155577,-0.412008
01324188,1523964202185,-9.36998,-2.05324,-3.11999,0.176283,-0.63033,0.167216,0.878877,-0.287046,0.0520379
01324185,1523964202185,-10.6148,-0.754626,-0.0975642,-0.839758,0.114207,0.130424,0.855598,0.30703,-0.34954
01324181,1523964202185,-9.4589,0.233946,3.22745,-0.199713,0.119972,0.190188,0.840467,0.409307,-0.170684
01324180,1523964202185,-10.0186,-3.17801,0.857903,-0.517399,0.0867044,0.184308,0.73238,0.353762,-0.460538
01324189,1523964202202,-9.36368,-2.34344,0.704346,-0.0714703,0.327946,-0.0576256,0.814152,-0.154314,-0.406938
01324188,1523964202202,-9.30788,-1.59046,-3.12949,0.148505,-0.67632,0.180677,0.878765,-0.289666,0.0427169
01324185,1523964202202,-10.287,-0.867396,-0.0716138,-0.875666,0.118341,0.153329,0.857237,0.310101,-0.343694
01324181,1523964202202,-9.35299,0.116434,3.0879,-0.201304,0.17088,0.171658,0.843446,0.405616,-0.167449
01324180,1523964202202,-9.65523,-3.23715,0.91913,-0.550192,0.100911,0.122564,0.734183,0.356876,-0.45307
01324189,1523964202219,-9.41136,-1.91177,0.779114,-0.03386,0.388042,-0.0247341,0.819148,-0.154425,-0.402714
01324188,1523964202219,-9.30215,-1.33531,-3.06928,0.0178245,-0.715617,0.194389,0.878245,-0.292317,0.0342072
01324185,1523964202219,-9.97857,-0.992084,-0.0447134,-0.887211,0.0904691,0.170464,0.857113,0.312466,-0.337966
01324181,1523964202219,-9.31963,0.109584,3.04719,-0.176347,0.163667,0.162888,0.843557,0.404973,-0.164114
01324180,1523964202219,-9.34554,-3.24326,0.926954,-0.582332,0.127346,0.064451,0.734926,0.360613,-0.449628
01324189,1523964202235,-9.52683,-1.6214,0.793718,-0.0808339,0.445542,-0.0134302,0.820463,-0.154579,-0.39778
01324188,1523964202235,-9.44168,-1.12858,-2.90401,-0.114672,-0.736694,0.193222,0.879223,-0.295473,0.0234921
01324185,1523964202235,-9.70381,-1.07324,-0.0313776,-0.888438,0.0659695,0.182469,0.860378,0.314832,-0.332119
01324181,1523964202235,-9.29318,0.257935,2.99138,-0.153258,0.163818,0.169686,0.845281,0.404038,-0.159993
01324180,1523964202235,-9.04528,-3.26385,0.924939,-0.575835,0.147873,0.00214419,0.736718,0.364302,-0.441202
01324189,1523964202252,-9.59946,-1.48287,1.19189,-0.167452,0.46035,0.00581564,0.824209,-0.153211,-0.391924
01324188,1523964202252,-9.5033,-0.74146,-2.36797,-0.250674,-0.737733,0.17455,0.879522,-0.298631,0.0130549
01324185,1523964202252,-9.42912,-1.12076,-0.105734,-0.837397,0.023254,0.183477,0.860928,0.316875,-0.328481
01324181,1523964202252,-9.20406,0.363388,2.89816,-0.140993,0.162682,0.204078,0.848246,0.4026,-0.158399
01324180,1523964202252,-8.75912,-3.30854,0.903319,-0.56178,0.187644,-0.0564662,0.739055,0.36858,-0.436016
01324189,1523964202269,-9.46354,-1.32872,1.61373,-0.231524,0.421345,0.0127592,0.828237,-0.151567,-0.38714
01324188,1523964202269,-9.54647,-0.613811,-1.97651,-0.320407,-0.745604,0.15627,0.880218,-0.299962,0.000841293
01324185,1523964202269,-9.2076,-1.14155,-0.270291,-0.791346,-0.026386,0.191351,0.862837,0.317111,-0.323523
01324181,1523964202269,-9.01223,0.375388,2.86535,-0.133961,0.122163,0.213997,0.849597,0.399791,-0.155165
01324180,1523964202269,-8.61393,-3.29674,0.861297,-0.521096,0.194033,-0.105426,0.740187,0.372883,-0.431352
01324189,1523964202285,-9.23905,-1.53816,1.97009,-0.222494,0.39882,0.0234575,0.832001,-0.150495,-0.382893
01324188,1523964202285,-9.34618,-0.676045,-1.45288,-0.334387,-0.718124,0.128179,0.878492,-0.304508,-0.0134286
01324185,1523964202285,-8.99571,-1.16949,-0.419803,-0.70719,-0.073009,0.185558,0.864742,0.317452,-0.320396
01324181,1523964202285,-8.77,0.383143,2.81845,-0.1163,0.106635,0.236153,0.85154,0.393796,-0.1532
01324180,1523964202285,-8.48244,-3.32306,0.756094,-0.464966,0.203544,-0.131414,0.74182,0.381547,-0.429851
01324189,1523964202302,-9.13838,-2.11918,1.97692,-0.180436,0.339675,0.0272505,0.834122,-0.148801,-0.378087
01324188,1523964202302,-9.35497,-1.06978,-0.996798,-0.219282,-0.659872,0.11722,0.877697,-0.306314,-0.0243063
01324185,1523964202302,-8.84166,-1.16579,-0.586577,-0.619745,-0.100341,0.174547,0.865699,0.317798,-0.317005
01324181,1523964202302,-8.71522,0.422609,2.81805,-0.141202,0.0994866,0.234429,0.854508,0.391519,-0.150791
01324180,1523964202302,-8.40369,-3.37378,0.616407,-0.366585,0.183085,-0.140636,0.743341,0.386121,-0.423025
01324189,1523964202319,-9.1551,-2.69645,1.90765,-0.0448491,0.26573,0.0065295,0.836267,-0.148698,-0.374766
01324188,1523964202319,-9.32823,-1.68855,-0.794053,0.0266522,-0.609748,0.117703,0.878918,-0.304982,-0.0344742
01324185,1523964202319,-8.71412,-1.19318,-0.703367,-0.516071,-0.105255,0.131915,0.866105,0.320066,-0.316374
01324181,1523964202319,-8.70142,0.505224,2.86244,-0.123447,0.0729809,0.234129,0.85548,0.387827,-0.148863
01324180,1523964202319,-8.37391,-3.39163,0.510257,-0.268483,0.178273,-0.143577,0.741949,0.391674,-0.426001
01324189,1523964202335,-9.2513,-3.07091,1.79138,0.133991,0.175795,-0.026443,0.838283,-0.148451,-0.372245
01324188,1523964202335,-9.43946,-1.70205,-0.874887,0.371099,-0.556617,0.133017,0.877858,-0.308451,-0.0408735
01324185,1523964202335,-8.68298,-1.2103,-0.787021,-0.383657,-0.0979953,0.1028,0.865291,0.320061,-0.316633
01324181,1523964202335,-8.6452,0.61507,2.85345,-0.119879,0.00730528,0.221454,0.858181,0.386659,-0.148203
01324180,1523964202335,-8.33973,-3.36562,0.370556,-0.18416,0.134246,-0.1161,0.743522,0.39425,-0.424891
01324189,1523964202352,-9.24728,-3.19998,2.01251,0.318374,0.10312,-0.03457,0.839772,-0.150207,-0.370269
01324188,1523964202352,-9.49619,-1.33579,-0.810382,0.460969,-0.500669,0.165201,0.876797,-0.311814,-0.0464579
01324185,1523964202352,-8.67332,-1.17188,-0.836357,-0.231243,-0.0881386,0.0889592,0.867733,0.319083,-0.316109
01324181,1523964202352,-8.59438,0.724905,2.78163,-0.110947,-0.0389114,0.208931,0.858766,0.382931,-0.148131
01324180,1523964202352,-8.32585,-3.28731,0.284114,-0.128435,0.0834127,-0.104658,0.743214,0.396267,-0.421738
01324189,1523964202369,-9.44459,-3.18991,2.77737,0.46803,-0.0277827,-0.0550984,0.840202,-0.154245,-0.370038
01324188,1523964202369,-9.41716,-0.799695,0.0745748,0.417454,-0.387016,0.184718,0.87464,-0.313831,-0.0492507
01324185,1523964202369,-8.65889,-1.14795,-0.895454,-0.114744,-0.0657732,0.0580677,0.866648,0.319215,-0.316629
01324181,1523964202369,-8.39413,0.814659,2.72565,-0.0860891,-0.0777526,0.212763,0.859061,0.380925,-0.148092
01324180,1523964202369,-8.29778,-3.18468,0.197945,-0.0871364,0.0425176,-0.0668614,0.744003,0.39491,-0.415291
01324189,1523964202385,-9.44559,-2.95902,3.47894,0.572453,-0.249784,-0.0880882,0.838454,-0.157079,-0.370576
01324188,1523964202385,-9.20544,-1.0453,0.609414,0.394722,-0.252092,0.195811,0.873562,-0.314704,-0.0519855
01324185,1523964202385,-8.56934,-1.03776,-0.90042,-0.0119035,-0.0634259,0.0375064,0.867053,0.318641,-0.317148
01324181,1523964202385,-8.28503,0.893625,2.67654,-0.128876,-0.128952,0.221899,0.859649,0.378163,-0.149635
01324180,1523964202385,-8.13858,-3.1266,0.132146,-0.050446,0.0245481,-0.0377649,0.744249,0.396644,-0.41499
01324189,1523964202402,-9.32728,-2.741,3.71621,0.49702,-0.494253,-0.174975,0.838499,-0.15825,-0.374466
01324188,1523964202402,-9.22414,-1.54424,0.594833,0.460696,-0.103739,0.188169,0.87549,-0.319057,-0.0530902
01324185,1523964202402,-8.41721,-1.0242,-0.829429,0.105786,-0.0363959,0.0337673,0.867054,0.31779,-0.317401
01324181,1523964202402,-8.20279,0.860623,2.68735,-0.134132,-0.154057,0.204444,0.860747,0.376852,-0.150018
01324180,1523964202402,-8.01882,-3.03086,0.114506,0.00596521,-0.0105027,-0.0279863,0.743838,0.397229,-0.414702
01324189,1523964202419,-9.26201,-2.70699,3.38671,0.459405,-0.725399,-0.283967,0.834622,-0.158757,-0.381383
01324188,1523964202419,-9.81199,-1.7059,-0.121091,0.51442,0.0188998,0.20928,0.873339,-0.322661,-0.0500563
01324185,1523964202419,-8.33005,-0.976489,-0.726891,0.249327,-0.030884,0.0182447,0.868135,0.316632,-0.318962
01324181,1523964202419,-9.04396,0.94277,2.80598,-0.224821,-0.201306,0.182116,0.861863,0.375078,-0.151853
01324180,1523964202419,-8.03944,-2.90215,0.0183369,0.0410996,-0.0415756,0.000187242,0.74438,0.397373,-0.416058
01324189,1523964202435,-9.34111,-2.43792,2.22263,0.464946,-0.8224,-0.375283,0.831437,-0.157854,-0.390438
01324188,1523964202435,-9.83453,-1.30534,-0.848932,0.470603,0.0985204,0.247021,0.872288,-0.32862,-0.0469142
01324185,1523964202435,-8.66299,-1.06102,-0.646257,0.419302,-0.0117979,-0.0177094,0.868397,0.316139,-0.322618
01324181,1523964202435,-10.217,0.564565,3.31286,-0.239378,-0.394578,0.191176,0.862994,0.37383,-0.155826
01324180,1523964202435,-8.51369,-2.83102,-0.159917,0.0356162,-0.0490643,0.028357,0.743454,0.397259,-0.418479
01324189,1523964202452,-9.57347,-2.39551,1.58365,0.415827,-0.849577,-0.400238,0.825694,-0.155177,-0.403464
01324188,1523964202452,-9.84558,-0.356115,-1.07886,0.194812,0.153293,0.251017,0.870541,-0.332015,-0.0422562
01324185,1523964202452,-9.45918,-1.13794,-0.657482,0.596616,0.0105546,-0.0671969,0.868665,0.31313,-0.325203
01324181,1523964202452,-9.96955,0.084398,3.67624,-0.0634506,-0.771645,0.159764,0.863129,0.36963,-0.164511
01324180,1523964202452,-9.2527,-2.87692,-0.293061,0.0384521,-0.0402579,0.0760651,0.743979,0.398706,-0.419539
01324189,1523964202469,-9.63542,-2.0261,1.14733,0.412187,-0.906564,-0.40725,0.821839,-0.15254,-0.414638
01324188,1523964202469,-9.56065,-0.500018,-1.68865,-0.032117,0.183207,0.264011,0.869883,-0.335435,-0.0405763
01324185,1523964202469,-10.2311,-1.18608,-0.633646,0.712818,0.0408469,-0.0860577,0.865948,0.311093,-0.328573
01324181,1523964202469,-8.94715,-0.230765,3.34831,-0.0293671,-0.855755,0.115607,0.860822,0.368979,-0.176035
01324180,1523964202469,-9.73987,-2.98639,-0.298419,0.0849473,-0.0343127,0.139782,0.745352,0.39622,-0.420149
01324189,1523964202485,-9.43261,-1.48098,1.34029,0.294945,-0.936347,-0.338332,0.815792,-0.149121,-0.424845
01324188,1523964202485,-9.87951,-0.43974,-1.8672,-0.143748,0.144062,0.261,0.867582,-0.336812,-0.038344
01324185,1523964202485,-10.491,-1.11204,-0.429172,0.780939,0.0690118,-0.0165212,0.867164,0.308083,-0.331162
01324181,1523964202485,-8.39884,-0.248547,3.35457,0.0306963,-0.655015,0.0687534,0.859987,0.36819,-0.186376
01324180,1523964202485,-9.73557,-2.96019,-0.259563,0.138602,-0.0173108,0.175411,0.74763,0.394559,-0.415892
01324189,1523964202502,-9.29103,-1.09163,2.08877,0.103151,-0.958354,-0.266102,0.810457,-0.146311,-0.437874
01324188,1523964202502,-10.1739,-0.27381,-1.64741,-0.269195,0.133415,0.277673,0.865714,-0.341816,-0.0397112
01324185,1523964202502,-10.1377,-0.935758,-0.0894346,0.837833,0.126202,0.119039,0.869058,0.30238,-0.334511
01324181,1523964202502,-7.92082,-0.000319422,3.39876,0.0658644,-0.576785,-0.00323026,0.85767,0.366591,-0.195489
01324180,1523964202502,-9.36525,-2.8364,-0.139258,0.213289,0.00872336,0.198871,0.747664,0.391951,-0.416485
01324189,1523964202519,-9.10403,-1.22139,2.73553,-0.0417384,-0.996425,-0.206127,0.804033,-0.143185,-0.451156
01324188,1523964202519,-10.0405,-0.0844803,-0.855995,-0.36864,0.186046,0.247482,0.865594,-0.344518,-0.0379932
01324185,1523964202519,-9.46863,-0.814435,0.222793,0.910647,0.17998,0.276646,0.870413,0.296133,-0.336808
01324181,1523964202519,-7.78742,0.166364,3.23944,0.0787056,-0.462691,-0.0488809,0.856636,0.36873,-0.202965
01324180,1523964202519,-8.78813,-2.64079,0.0390482,0.261542,0.0864864,0.171507,0.748816,0.385995,-0.418243
01324189,1523964202535,-9.07689,-1.45748,3.50372,-0.0369968,-1.05161,-0.203334,0.794371,-0.143431,-0.465364
01324188,1523964202535,-10.154,-0.0822675,-1.11504,-0.241723,0.223599,0.185027,0.863985,-0.347909,-0.036569
01324185,1523964202535,-8.98774,-0.646279,0.443113,0.975275,0.227879,0.368006,0.873941,0.28509,-0.339327
01324181,1523964202535,-8.0825,0.288849,3.46222,0.0681299,-0.377977,-0.061841,0.853353,0.367614,-0.210217
01324180,1523964202535,-8.37455,-2.51462,0.210543,0.291274,0.176537,0.140614,0.751592,0.380468,-0.423935
01324189,1523964202552,-9.1481,-1.6413,4.1932,0.016191,-1.08831,-0.211058,0.786048,-0.139397,-0.479822
01324188,1523964202552,-10.0228,0.106541,-1.29105,-0.217568,0.256711,0.151055,0.861952,-0.348703,-0.0344383
01324185,1523964202552,-8.86653,-0.437553,0.455188,0.99094,0.203472,0.406385,0.876115,0.274056,-0.341319
01324181,1523964202552,-8.14381,0.465351,3.31354,0.102023,-0.37819,-0.0757495,0.853526,0.368219,-0.215148
01324180,1523964202552,-8.22972,-2.54842,0.373701,0.343835,0.268648,0.0993522,0.754175,0.376934,-0.422692
01324189,1523964202569,-9.13591,-1.72474,4.66502,-0.006704,-1.08115,-0.239573,0.781128,-0.136171,-0.493923
01324188,1523964202569,-9.75951,0.0377037,-1.23954,-0.339909,0.314561,0.118149,0.862786,-0.352021,-0.0323668
01324185,1523964202569,-8.98196,-0.150545,0.209689,0.922323,0.128033,0.368695,0.879912,0.265554,-0.343602
01324181,1523964202569,-8.27384,0.723562,3.12422,0.031795,-0.357079,-0.077067,0.851572,0.366985,-0.220418
01324180,1523964202569,-8.25713,-2.69929,0.457195,0.421981,0.348718,0.0529024,0.756583,0.374972,-0.416957
01324189,1523964202585,-8.86193,-1.55322,4.75865,-0.109695,-1.0301,-0.260501,0.773347,-0.132294,-0.507986
01324188,1523964202585,-9.21203,-0.308372,-0.9976,-0.445019,0.407933,0.0371212,0.861427,-0.352157,-0.0289911
01324185,1523964202585,-9.18448,0.12726,-0.160585,0.740285,0.0235492,0.311775,0.883032,0.255915,-0.346395
01324181,1523964202585,-8.89968,0.769563,3.09036,0.00249302,-0.366096,-0.0898296,0.849061,0.367607,-0.226252
01324180,1523964202585,-8.59158,-2.84349,0.48214,0.502013,0.403914,0.0257022,0.759699,0.371717,-0.415446
01324189,1523964202602,-8.52068,-1.39146,4.80987,-0.278593,-0.969741,-0.269243,0.764732,-0.127526,-0.520962
01324188,1523964202602,-9.18032,-0.928624,-1.2786,-0.307584,0.415297,-0.0308621,0.861687,-0.35074,-0.0251346
01324185,1523964202602,-9.63336,0.322285,-0.577694,0.525771,-0.0720403,0.235331,0.881811,0.249946,-0.348947
01324181,1523964202602,-9.78143,0.695895,3.28657,0.0201081,-0.416959,-0.0771658,0.846535,0.369791,-0.23265
01324180,1523964202602,-9.27886,-3.0011,0.469731,0.538831,0.420438,-0.00196628,0.762558,0.367305,-0.413685
01324189,1523964202619,-8.2877,-1.56527,4.76456,-0.398446,-0.904665,-0.255594,0.752816,-0.117491,-0.533591
01324188,1523964202619,-9.26207,-0.833862,-1.68795,-0.153608,0.463166,-0.0735446,0.861541,-0.349657,-0.0202164
01324185,1523964202619,-10.3314,0.210724,-0.944586,0.275117,-0.0931973,0.173818,0.882621,0.244103,-0.352292
01324181,1523964202619,-10.423,0.557222,3.37931,0.0699783,-0.502194,-0.105467,0.844946,0.373366,-0.240284
01324180,1523964202619,-10.1232,-3.15516,0.402636,0.563086,0.427375,0.0106954,0.763679,0.363076,-0.413245
01324189,1523964202635,-8.44809,-2.16656,4.79963,-0.426039,-0.81972,-0.238037,0.746086,-0.111328,-0.54524
01324188,1523964202635,-9.95072,-0.0885052,-2.06236,-0.147611,0.49195,-0.0538385,0.862223,-0.350995,-0.0137092
01324185,1523964202635,-11.1554,-0.138302,-1.18718,-0.0259313,-0.0750401,0.124048,0.882614,0.243902,-0.355426
01324181,1523964202635,-10.5262,0.386143,3.41573,0.102016,-0.484446,-0.105368,0.842575,0.374946,-0.248
01324180,1523964202635,-10.8201,-3.31522,0.382869,0.538793,0.373741,0.0612734,0.768155,0.358792,-0.413397
01324189,1523964202652,-8.75324,-2.98963,4.44204,-0.338687,-0.742868,-0.204063,0.742746,-0.107255,-0.554268
01324188,1523964202652,-10.0286,-0.238485,-2.29864,-0.215597,0.492244,-0.0295228,0.861799,-0.349074,-0.00792693
01324185,1523964202652,-11.7698,-0.724409,-1.23735,-0.285123,-0.0380934,0.144656,0.884108,0.242507,-0.354634
01324181,1523964202652,-10.4387,0.367705,3.49393,0.12431,-0.383534,-0.101135,0.841155,0.375383,-0.255038
01324180,1523964202652,-11.2069,-3.51532,0.385244,0.502704,0.333627,0.132891,0.771854,0.354554,-0.419077
01324189,1523964202669,-8.811,-3.2841,4.00408,-0.216654,-0.606872,-0.155922,0.734359,-0.101611,-0.563226
01324188,1523964202669,-9.64783,-0.596007,-2.40426,-0.215625,0.449815,-0.0520445,0.861925,-0.348173,-0.00235009
01324185,1523964202669,-12.0922,-1.36277,-1.15389,-0.457488,0.0175583,0.179441,0.885471,0.242564,-0.351633
01324181,1523964202669,-10.1227,0.420012,3.43699,0.113692,-0.279084,-0.091663,0.83916,0.376187,-0.258755
01324180,1523964202669,-11.4723,-3.58666,0.445099,0.397201,0.254737,0.201166,0.776698,0.352134,-0.416764
01324189,1523964202685,-8.56623,-3.01467,3.62862,-0.10695,-0.457005,-0.107914,0.73167,-0.098688,-0.56839
01324188,1523964202685,-9.51349,-0.863874,-2.09483,-0.143924,0.367395,-0.0692503,0.862588,-0.346074,0.00235219
01324185,1523964202685,-12.0378,-1.85892,-0.959437,-0.517582,0.0839698,0.248816,0.885209,0.240078,-0.348994
01324181,1523964202685,-10.0211,0.44055,3.52418,0.109272,-0.126687,-0.0748396,0.838122,0.376111,-0.262862
01324180,1523964202685,-11.3812,-3.55762,0.540406,0.264067,0.194538,0.292199,0.778931,0.344256,-0.415603
01324189,1523964202702,-8.15075,-2.47642,3.4508,0.0167456,-0.26671,-0.0457516,0.727933,-0.104938,-0.572277
01324188,1523964202702,-9.38937,-1.28817,-1.82241,0.0274971,0.246031,-0.0357508,0.862308,-0.345229,0.0061797
01324185,1523964202702,-11.7391,-2.1447,-0.75819,-0.453227,0.130448,0.290058,0.887796,0.238609,-0.344676
01324181,1523964202702,-9.996,0.41167,3.60218,0.123711,0.0455761,-0.0854606,0.835994,0.373859,-0.262527
01324180,1523964202702,-11.1267,-3.65774,0.704271,0.115213,0.125278,0.392671,0.780441,0.338091,-0.407912
01324189,1523964202719,-7.9783,-2.1388,3.46361,0.107422,-0.0621821,0.0127713,0.726318,-0.105049,-0.574133
01324188,1523964202719,-9.224,-1.70493,-1.96432,0.305212,0.119748,-0.00333632,0.862859,-0.34702,0.00996654
01324185,1523964202719,-11.4111,-2.18038,-0.679666,-0.36508,0.17656,0.314256,0.889701,0.2381,-0.341802
01324181,1523964202719,-10.0189,0.566817,3.42276,0.116809,0.166436,-0.0999203,0.8357,0.375031,-0.261485
01324180,1523964202719,-10.8564,-3.85949,0.908818,-0.0107389,0.0527487,0.484445,0.782536,0.331387,-0.408617
01324189,1523964202735,-8.1516,-2.2289,3.50009,0.14926,0.153274,0.0534133,0.725902,-0.104604,-0.573589
01324188,1523964202735,-9.47473,-1.48437,-1.6491,0.553408,-0.020405,0.0304046,0.861636,-0.34712,0.0125346
01324185,1523964202735,-11.1549,-2.02786,-0.663083,-0.309784,0.199637,0.292726,0.892291,0.234807,-0.337074
01324181,1523964202735,-10.1477,0.720729,3.22338,0.107014,0.268522,-0.0783068,0.836585,0.377374,-0.258487
01324180,1523964202735,-10.5632,-4.13796,1.089,-0.0698671,-0.0315335,0.562469,0.786621,0.32624,-0.408916
01324189,1523964202752,-8.25957,-2.50464,3.6179,0.154778,0.317314,0.0940204,0.729689,-0.106556,-0.569902
01324188,1523964202752,-9.1645,-0.628462,-2.15264,0.652777,-0.123421,0.00873941,0.862174,-0.346528,0.0152585
01324185,1523964202752,-10.9032,-1.66352,-0.726136,-0.331906,0.200188,0.232302,0.895285,0.232767,-0.333144
01324181,1523964202752,-10.0975,0.799105,3.04349,0.0971939,0.299726,-0.0625148,0.837867,0.380559,-0.256042
01324180,1523964202752,-10.3814,-4.3955,1.21987,-0.0732316,-0.087229,0.625251,0.789936,0.318207,-0.409396
01324189,1523964202769,-8.11232,-2.62718,3.36224,0.111775,0.435152,0.146045,0.732249,-0.109622,-0.565272
01324188,1523964202769,-8.86084,0.448968,-2.26104,0.443696,-0.228638,0.0309485,0.861362,-0.346945,0.015108
01324185,1523964202769,-10.6562,-1.29912,-0.76472,-0.413516,0.21595,0.13868,0.896113,0.231749,-0.327386
01324181,1523964202769,-9.84358,0.855704,2.77355,0.0597132,0.348053,-0.0249878,0.839189,0.378651,-0.250833
01324180,1523964202769,-10.2202,-4.5367,1.28351,-0.0476028,-0.167886,0.628293,0.793646,0.311628,-0.411609
01324189,1523964202785,-7.65781,-2.22721,3.14213,0.149981,0.579667,0.176903,0.737622,-0.110301,-0.557445
01324188,1523964202785,-8.47347,0.586512,-2.4819,0.0652075,-0.316605,0.0132909,0.860547,-0.346432,0.0107057
01324185,1523964202785,-10.4333,-0.953795,-0.758403,-0.54452,0.200436,0.0419164,0.896391,0.233785,-0.324139
01324181,1523964202785,-9.57858,0.912307,2.65824,-0.00617758,0.419161,0.00248382,0.840743,0.380577,-0.246902
01324180,1523964202785,-9.9986,-4.4766,1.32467,-0.00142732,-0.211521,0.625607,0.794976,0.301898,-0.41331
01324189,1523964202802,-7.18283,-1.61259,3.09261,0.192036,0.703477,0.231798,0.741233,-0.113806,-0.548683
01324188,1523964202802,-7.92612,0.177632,-2.57151,-0.227695,-0.396613,0.0122761,0.861099,-0.347205,0.00526309
01324185,1523964202802,-10.0468,-0.811666,-0.679355,-0.71091,0.189128,-0.0208496,0.897488,0.236585,-0.317766
01324181,1523964202802,-9.20495,0.868368,2.45861,-0.017848,0.464789,0.0364404,0.843132,0.378538,-0.240506
01324180,1523964202802,-9.62434,-4.25031,1.34407,0.0106627,-0.27872,0.56804,0.79564,0.293213,-0.418224
01324189,1523964202819,-7.2223,-1.14367,3.58356,0.147318,0.788671,0.279474,0.747581,-0.120976,-0.539045
01324188,1523964202819,-7.38286,-1.50509,-4.29081,-0.402857,-0.377547,-0.0505047,0.859604,-0.346112,-0.0019227
01324185,1523964202819,-9.56431,-0.821829,-0.610131,-0.83205,0.136757,-0.0953271,0.898035,0.241733,-0.313897
01324181,1523964202819,-8.97566,0.570277,2.41749,-0.0133488,0.482417,0.0356947,0.844276,0.378119,-0.232801
01324180,1523964202819,-9.16239,-3.88781,1.36265,-0.0437272,-0.333494,0.490813,0.796782,0.286509,-0.416078
01324189,1523964202835,-7.7398,-1.1087,3.99308,0.116241,0.873794,0.302416,0.754601,-0.126295,-0.529801
01324188,1523964202835,-8.81132,-0.700116,-3.82972,-0.336914,-0.242733,-0.0877622,0.86028,-0.344778,-0.0088512
01324185,1523964202835,-9.13762,-0.942404,-0.547088,-0.881664,0.105283,-0.124078,0.897503,0.246066,-0.308448
01324181,1523964202835,-8.9978,0.22288,2.66309,-0.000924074,0.46385,0.0338207,0.843935,0.380372,-0.228193
01324180,1523964202835,-8.71069,-3.47201,1.35243,-0.16979,-0.357703,0.36325,0.795663,0.281045,-0.420765
01324189,1523964202852,-8.76871,-1.54865,4.6745,0.012038,0.921822,0.298636,0.760766,-0.129851,-0.51759
01324188,1523964202852,-9.17978,-1.52076,-2.12036,-0.407487,-0.11711,-0.129402,0.863266,-0.344215,-0.0126245
01324185,1523964202852,-8.96646,-1.03488,-0.456409,-0.888408,0.0680223,-0.157887,0.898321,0.251924,-0.304325
01324181,1523964202852,-8.76016,0.155226,2.7939,0.0294192,0.431573,0.0092607,0.846856,0.37848,-0.221273
01324180,1523964202852,-8.42895,-3.18354,1.32293,-0.347185,-0.338135,0.229523,0.795165,0.279482,-0.424708
01324189,1523964202869,-10.2684,-2.13744,4.55943,-0.0329598,0.83113,0.290063,0.768306,-0.134598,-0.506207
01324188,1523964202869,-11.9982,-0.542546,0.174196,-0.26479,-0.103356,-0.132303,0.861491,-0.342005,-0.0186595
01324185,1523964202869,-8.99114,-1.24899,-0.43374,-0.885136,0.00604812,-0.184699,0.897377,0.262891,-0.298416
01324181,1523964202869,-8.74953,0.126183,2.86215,5.19203e-05,0.449292,0.0129575,0.849224,0.377878,-0.21464
01324180,1523964202869,-8.31213,-3.2054,1.23694,-0.514223,-0.334947,0.128235,0.79194,0.283799,-0.433628
01324189,1523964202885,-11.1634,-2.28624,4.91336,0.0953756,0.843834,0.263995,0.773672,-0.137855,-0.495992
01324188,1523964202885,-11.2663,-0.0873646,-0.48542,0.118284,-0.0254933,-0.210147,0.863096,-0.338058,-0.0195101
01324185,1523964202885,-9.13171,-1.45281,-0.483858,-0.831215,-0.0492543,-0.199677,0.895484,0.267753,-0.294797
01324181,1523964202885,-9.06273,0.141725,3.06029,0.0150767,0.458423,0.023411,0.850525,0.376435,-0.207846
01324180,1523964202885,-8.51209,-3.41436,1.142,-0.580528,-0.296857,0.0542279,0.790835,0.286428,-0.433424
01324189,1523964202902,-10.9588,-2.23942,5.51403,0.0262967,0.766053,0.274538,0.78027,-0.140718,-0.486857
01324188,1523964202902,-10.0375,1.36674,-1.50933,0.0322749,0.0996451,-0.203898,0.864298,-0.335115,-0.0174554
01324185,1523964202902,-9.2287,-1.56546,-0.580455,-0.671036,-0.078488,-0.237912,0.892913,0.272757,-0.291177
01324181,1523964202902,-8.89353,0.26987,3.07582,0.00698576,0.387697,0.0262137,0.85184,0.375795,-0.203594
01324180,1523964202902,-8.82677,-3.72104,1.02849,-0.555195,-0.293245,-0.0317475,0.788124,0.289089,-0.433871
01324189,1523964202919,-9.44057,-1.12676,4.46171,0.00457059,0.618271,0.347274,0.782115,-0.144465,-0.478211
01324188,1523964202919,-9.7918,1.0676,-2.31234,-0.446007,0.16346,-0.20287,0.864963,-0.332959,-0.0170595
01324185,1523964202919,-9.2287,-1.53901,-0.619549,-0.48733,-0.0725437,-0.260265,0.893451,0.278119,-0.290838
01324181,1523964202919,-8.66232,0.340627,2.96486,0.0363672,0.407175,0.0279447,0.8515,0.375684,-0.19588
01324180,1523964202919,-8.88177,-3.91375,0.927799,-0.510362,-0.308936,-0.114248,0.784312,0.294678,-0.435595
01324189,1523964202935,-8.14491,-0.00212284,2.59494,-0.119895,0.589776,0.439019,0.786432,-0.15044,-0.470547
01324188,1523964202935,-9.13398,-0.191129,-1.95228,-0.491602,0.183027,-0.284256,0.865892,-0.329626,-0.0169973
01324185,1523964202935,-9.11725,-1.37597,-0.601733,-0.281217,-0.0607292,-0.292063,0.891277,0.284326,-0.29063
01324181,1523964202935,-8.62589,0.321636,2.97994,0.11106,0.414439,0.0329341,0.852952,0.374338,-0.191083
01324180,1523964202935,-8.80342,-3.94798,0.826868,-0.443014,-0.298009,-0.208719,0.781583,0.299966,-0.438692
01324189,1523964202952,-7.85692,0.18635,1.15252,-0.395917,0.678781,0.503595,0.791548,-0.157287,-0.460491
01324188,1523964202952,-8.75761,-1.06239,-1.68499,-0.32516,0.187954,-0.339626,0.868313,-0.326008,-0.01734
01324185,1523964202952,-8.8876,-1.2425,-0.535293,-0.112861,-0.0289536,-0.302712,0.887072,0.287705,-0.290909
01324181,1523964202952,-8.10067,0.357233,2.64935,0.15911,0.411884,0.0412375,0.855174,0.375851,-0.185954
01324180,1523964202952,-8.51402,-3.84453,0.72392,-0.358003,-0.308344,-0.289175,0.777791,0.30352,-0.439646
01324189,1523964202969,-8.5348,-1.28952,0.864721,-0.722337,0.747921,0.518509,0.795295,-0.15764,-0.453579
01324188,1523964202969,-8.81168,-2.00131,-1.86377,-0.0921602,0.194378,-0.302536,0.869771,-0.320542,-0.0163428
01324185,1523964202969,-8.51801,-1.12431,-0.416455,-0.0100337,-0.0283458,-0.323325,0.885847,0.292207,-0.291341
01324181,1523964202969,-7.47146,0.308973,2.52873,0.220713,0.477759,0.0190488,0.857018,0.375361,-0.181046
01324180,1523964202969,-7.99878,-3.6424,0.672056,-0.263002,-0.271066,-0.383326,0.774227,0.310847,-0.441609
01324189,1523964202985,-9.42605,-3.42463,1.27715,-0.739478,0.620566,0.470916,0.794953,-0.15774,-0.446351
01324188,1523964202985,-9.25118,-2.50407,-1.45147,0.143574,0.223388,-0.26172,0.870962,-0.316057,-0.0129794
01324185,1523964202985,-8.03998,-1.02127,-0.333645,0.029245,-0.0667936,-0.348743,0.883946,0.296866,-0.290987
01324181,1523964202985,-7.27736,0.250523,2.64218,0.228774,0.507689,0.0123472,0.858363,0.372847,-0.177419
01324180,1523964202985,-7.41151,-3.41575,0.664533,-0.153757,-0.260332,-0.463517,0.768398,0.319407,-0.449189
01324189,1523964203002,-9.75691,-4.77287,1.9264,-0.270584,0.470739,0.383123,0.797638,-0.159656,-0.441312
01324188,1523964203002,-9.59215,-1.843,-1.32967,0.225613,0.240163,-0.243348,0.873106,-0.311886,-0.00951282
01324185,1523964203002,-7.58412,-1.06258,-0.272666,0.0663691,-0.096521,-0.384413,0.880681,0.302741,-0.293385
01324181,1523964203002,-7.55878,0.307802,2.69724,0.207451,0.456132,-0.00348194,0.859546,0.370673,-0.171406
01324180,1523964203002,-7.00734,-3.23686,0.633209,-0.0556632,-0.182408,-0.57317,0.763234,0.325302,-0.449536
01324189,1523964203019,-9.98208,-5.19745,2.93684,0.223957,0.259418,0.277857,0.799171,-0.164606,-0.436618
01324188,1523964203019,-9.79809,-0.626048,-1.46906,0.0144557,0.294224,-0.221256,0.873081,-0.308638,-0.00419133
01324185,1523964203019,-7.41281,-1.04197,-0.270506,0.161137,-0.163232,-0.448763,0.877419,0.306505,-0.295632
01324181,1523964203019,-8.32182,0.550922,2.90505,0.128989,0.28805,-0.00969563,0.85894,0.371946,-0.165978
01324180,1523964203019,-6.96622,-3.21151,0.56366,0.0493488,-0.120765,-0.654716,0.757535,0.332679,-0.453493
01324189,1523964203035,-9.54854,-4.487,3.07803,0.608701,0.0368105,0.172858,0.800979,-0.170985,-0.436556
01324188,1523964203035,-10.2911,-0.563336,-1.21068,-0.325481,0.393734,-0.142915,0.872941,-0.308402,0.000135072
01324185,1523964203035,-7.69768,-1.06196,-0.374571,0.33823,-0.244083,-0.521516,0.872516,0.314837,-0.302231
01324181,1523964203035,-9.146,0.907314,3.15135,-0.0028859,0.0747769,-0.0178522,0.86001,0.371391,-0.164515
01324180,1523964203035,-7.46509,-3.29782,0.40847,0.17345,-0.0610552,-0.720237,0.751776,0.341455,-0.448908
01324189,1523964203052,-9.09606,-2.69764,2.99269,0.843609,-0.179966,0.067325,0.798708,-0.178982,-0.436192
01324188,1523964203052,-10.2737,-1.09623,-1.21561,-0.257365,0.479677,-0.088384,0.872923,-0.306171,0.00539283
01324185,1523964203052,-8.45534,-0.980457,-0.653548,0.5562,-0.283187,-0.604683,0.868297,0.319674,-0.30736
01324181,1523964203052,-9.9319,1.27144,3.3905,-0.0707296,-0.0496882,-0.00993931,0.859205,0.371396,-0.164773
01324180,1523964203052,-8.49763,-3.43816,0.204269,0.289022,-0.0440887,-0.750839,0.747414,0.348215,-0.450736
01324189,1523964203069,-8.60094,-0.688478,3.1044,0.802858,-0.234938,0.0387421,0.796832,-0.18526,-0.435417
01324188,1523964203069,-9.46167,-1.1921,-1.38232,-0.0910242,0.580825,-0.0913189,0.873596,-0.30605,0.0118568
01324185,1523964203069,-9.66673,-0.951562,-0.995057,0.800451,-0.251291,-0.691634,0.8638,0.323889,-0.315489
01324181,1523964203069,-10.3924,1.3677,3.6272,-0.0708853,-0.0563695,0.00562475,0.859334,0.372101,-0.165187
01324180,1523964203069,-10.0233,-3.58861,-0.0483061,0.411589,-0.0522475,-0.748057,0.742557,0.352826,-0.455572
01324189,1523964203085,-8.75777,-0.387788,2.6085,0.428122,-0.256887,0.0988494,0.794147,-0.188652,-0.437287
01324188,1523964203085,-9.07951,-1.18481,-1.94128,0.0404093,0.60782,-0.105104,0.873297,-0.302634,0.019886
01324185,1523964203085,-11.1334,-0.738165,-1.41488,0.99343,-0.157312,-0.783975,0.856729,0.330813,-0.322066
01324181,1523964203085,-10.5313,1.45811,3.80088,-0.0888389,-0.0506264,0.028168,0.8591,0.370913,-0.167287
01324180,1523964203085,-11.5106,-3.72438,-0.276257,0.477117,-0.133084,-0.716259,0.736607,0.359052,-0.460359
01324189,1523964203102,-9.09507,-0.705,1.59053,-0.0439753,-0.175982,0.170912,0.790367,-0.192011,-0.438475
01324188,1523964203102,-9.3752,-1.47976,-3.06258,0.07325,0.599386,-0.107646,0.873013,-0.30158,0.0285752
01324185,1523964203102,-12.2376,-0.437744,-1.62304,1.06694,-0.0335314,-0.832235,0.850741,0.336589,-0.329682
01324181,1523964203102,-10.5189,1.53113,3.68364,-0.0889753,-0.0306381,0.0576334,0.859639,0.369793,-0.165807
01324180,1523964203102,-12.3188,-3.6426,-0.462546,0.495504,-0.215758,-0.691904,0.728784,0.364433,-0.46392
01324189,1523964203119,-9.77678,-1.33469,1.07357,-0.379016,-0.0445935,0.219428,0.789855,-0.192589,-0.441552
01324188,1523964203119,-9.73421,-1.86924,-3.7301,-0.0277107,0.535153,-0.0471206,0.872862,-0.300277,0.0380865
01324185,1523964203119,-12.6808,-0.283195,-1.50861,1.04459,0.114706,-0.82116,0.845843,0.34326,-0.334696
01324181,1523964203119,-10.5297,1.29804,3.75324,-0.117281,0.0122824,0.0374416,0.858003,0.369305,-0.162989
01324180,1523964203119,-12.5289,-3.26978,-0.568892,0.408534,-0.257247,-0.689088,0.722609,0.36689,-0.468375
01324189,1523964203135,-10.3279,-2.22409,0.427447,-0.634925,0.1221,0.213037,0.789865,-0.192881,-0.442357
01324188,1523964203135,-9.70039,-1.89654,-3.98521,-0.114758,0.460739,-0.0255122,0.872724,-0.300717,0.0443908
01324185,1523964203135,-12.562,-0.293279,-1.19816,0.884804,0.238226,-0.775878,0.842302,0.348668,-0.339441
01324181,1523964203135,-10.4419,0.813651,4.00458,-0.0709079,0.072229,0.0240621,0.858284,0.368721,-0.163378
01324180,1523964203135,-12.3496,-2.76606,-0.520871,0.230006,-0.251632,-0.695369,0.714794,0.371987,-0.473022
01324189,1523964203152,-10.2552,-2.5814,-0.0613123,-0.729159,0.230016,0.205396,0.786864,-0.190647,-0.443108
01324188,1523964203152,-9.56506,-1.9205,-4.0775,-0.248669,0.360186,0.0273627,0.870133,-0.299252,0.0482861
01324185,1523964203152,-12.3319,-0.258163,-0.727953,0.715371,0.319768,-0.709081,0.838908,0.354729,-0.339488
01324181,1523964203152,-10.1884,0.496653,3.70075,-0.0756902,0.115839,-0.0514227,0.859608,0.370004,-0.162754
01324180,1523964203152,-11.7931,-2.4568,-0.383229,0.0324143,-0.198868,-0.699814,0.708029,0.379538,-0.478717
01324189,1523964203169,-9.99663,-2.48691,0.105393,-0.718949,0.298914,0.199922,0.787774,-0.186632,-0.441213
01324188,1523964203169,-9.54573,-1.89856,-3.77462,-0.256876,0.259961,0.0810763,0.869869,-0.30065,0.0502222
01324185,1523964203169,-12.0032,-0.288724,-0.317098,0.484973,0.306045,-0.62802,0.835651,0.360803,-0.338882
01324181,1523964203169,-10.0762,0.420284,3.77538,-0.0432583,0.228053,-0.105734,0.858323,0.371856,-0.157464
01324180,1523964203169,-11.1615,-2.3696,-0.1639,-0.122063,-0.0806175,-0.729975,0.702571,0.388496,-0.48116
01324189,1523964203185,-9.96245,-2.11705,0.285876,-0.590093,0.344238,0.226914,0.789635,-0.184076,-0.438136
01324188,1523964203185,-9.50608,-1.62194,-3.70043,-0.193686,0.174071,0.130124,0.868245,-0.301963,0.0539315
01324185,1523964203185,-11.6076,-0.437879,-0.126255,0.276268,0.255281,-0.534,0.833482,0.366903,-0.336843
01324181,1523964203185,-9.89114,0.461456,3.57291,0.0141055,0.251624,-0.171272,0.857228,0.371632,-0.155321
01324180,1523964203185,-10.5856,-2.46672,0.073209,-0.16919,0.049145,-0.7471,0.697225,0.397131,-0.478206
01324189,1523964203202,-9.8269,-1.76154,0.435587,-0.50653,0.386542,0.246633,0.79302,-0.185303,-0.435374
01324188,1523964203202,-9.28716,-1.24683,-3.66703,-0.142052,0.110913,0.142194,0.868805,-0.304404,0.0529636
01324185,1523964203202,-11.0922,-0.725138,-0.0628709,0.121253,0.16988,-0.41943,0.830234,0.367936,-0.334489
01324181,1523964203202,-9.79661,0.637411,3.38178,0.0250408,0.300511,-0.204545,0.857411,0.374744,-0.150338
01324180,1523964203202,-10.1092,-2.69468,0.245789,-0.114874,0.180986,-0.760942,0.690373,0.406932,-0.471963
01324189,1523964203219,-9.99707,-1.71132,0.749835,-0.478181,0.398465,0.28228,0.794199,-0.182872,-0.432156
01324188,1523964203219,-9.45549,-0.984338,-3.53092,-0.140995,0.0683489,0.1594,0.868825,-0.307785,0.0535599
01324185,1523964203219,-10.671,-1.02873,-0.0729279,0.104022,0.0918879,-0.311842,0.82942,0.371903,-0.333479
01324181,1523964203219,-10.011,0.916459,3.19152,0.058932,0.296769,-0.219321,0.856246,0.379546,-0.147502
01324180,1523964203219,-9.80256,-2.86084,0.320376,0.0097791,0.304784,-0.795441,0.687035,0.416261,-0.46997
01324189,1523964203235,-9.99995,-1.83778,0.997852,-0.491907,0.402106,0.289341,0.796082,-0.184918,-0.428446
01324188,1523964203235,-9.47941,-0.88965,-3.26447,-0.166084,0.0225738,0.169335,0.866124,-0.309926,0.0535945
01324185,1523964203235,-10.2977,-1.15634,-0.170093,0.161694,0.0112738,-0.21962,0.826165,0.376569,-0.332729
01324181,1523964203235,-9.92439,1.10692,2.94934,0.0215159,0.289881,-0.204656,0.855601,0.383131,-0.141059
01324180,1523964203235,-9.62279,-2.9067,0.29046,0.148944,0.393682,-0.832672,0.68382,0.422928,-0.459655
01324189,1523964203252,-9.79425,-1.81512,0.9948,-0.373808,0.412906,0.284346,0.797145,-0.187229,-0.424328
01324188,1523964203252,-9.30639,-1.1733,-3.13329,-0.178948,0.00177488,0.199143,0.867371,-0.313769,0.0511835
01324185,1523964203252,-9.92872,-1.10097,-0.29807,0.228805,-0.0610524,-0.171687,0.825881,0.377607,-0.337443
01324181,1523964203252,-9.78716,1.27837,2.94693,-0.0107166,0.207113,-0.182054,0.855815,0.385756,-0.138723
01324180,1523964203252,-9.46667,-2.96655,0.18773,0.249304,0.458519,-0.812292,0.681195,0.428765,-0.457877
01324189,1523964203269,-9.77649,-2.04182,1.11813,-0.33029,0.434912,0.286229,0.799549,-0.187412,-0.419405
01324188,1523964203269,-9.29258,-1.34855,-2.90318,-0.178788,-0.0247633,0.207708,0.865629,-0.317208,0.0505861
01324185,1523964203269,-9.59327,-0.968326,-0.401143,0.288196,-0.0788523,-0.139398,0.823711,0.37788,-0.337961
01324181,1523964203269,-9.50711,1.39347,2.72193,-0.0634922,0.163712,-0.130634,0.853351,0.386993,-0.136066
01324180,1523964203269,-9.19776,-3.1186,0.0251739,0.39394,0.483129,-0.788444,0.678148,0.43547,-0.45432
01324189,1523964203285,-9.77686,-2.1488,1.02747,-0.312446,0.394969,0.300457,0.800687,-0.186805,-0.41614
01324188,1523964203285,-9.32879,-1.3406,-2.9872,-0.126341,-0.0534723,0.227218,0.864012,-0.319235,0.0508836
01324185,1523964203285,-9.24093,-0.826158,-0.509891,0.354373,-0.0795561,-0.153154,0.82248,0.37552,-0.343423
01324181,1523964203285,-9.08547,1.45673,2.65821,-0.144687,0.160854,-0.0839703,0.853438,0.390019,-0.135066
01324180,1523964203285,-8.97618,-3.02115,-0.0422166,0.528384,0.4848,-0.759475,0.675292,0.440475,-0.458232
01324189,1523964203302,-9.65397,-2.31263,1.07878,-0.313938,0.405342,0.315515,0.800391,-0.189797,-0.411879
01324188,1523964203302,-9.20987,-1.21313,-3.00372,-0.124475,-0.0601174,0.253722,0.862137,-0.323051,0.0490521
01324185,1523964203302,-8.96573,-0.669065,-0.620343,0.396236,-0.0639098,-0.139756,0.820037,0.373795,-0.345228
01324181,1523964203302,-8.7275,1.49975,2.69831,-0.191166,0.173886,-0.0424313,0.852737,0.389396,-0.131325
01324180,1523964203302,-8.67314,-2.8623,-0.118142,0.603604,0.468805,-0.734525,0.673653,0.44238,-0.456683
01324189,1523964203319,-9.66402,-2.34801,1.20542,-0.353137,0.412749,0.368681,0.803506,-0.192596,-0.408458
01324188,1523964203319,-9.32837,-1.20697,-2.78626,-0.180061,-0.0758659,0.28678,0.860798,-0.325474,0.0452808
01324185,1523964203319,-8.63266,-0.449824,-0.830966,0.414432,-0.0270506,-0.144341,0.81921,0.376244,-0.349823
01324181,1523964203319,-8.50356,1.52175,2.76936,-0.25906,0.153404,0.00409354,0.852792,0.391384,-0.12552
01324180,1523964203319,-8.44591,-2.66395,-0.131752,0.593216,0.440156,-0.706661,0.670501,0.446033,-0.451834
01324189,1523964203335,-9.40748,-2.34107,1.02631,-0.380579,0.388815,0.393458,0.803206,-0.19573,-0.403662
01324188,1523964203335,-9.2681,-1.24664,-2.66123,-0.157205,-0.0690125,0.322421,0.859211,-0.332119,0.0446155
01324185,1523964203335,-8.40089,-0.268422,-0.983483,0.348354,-0.00190391,-0.165745,0.816762,0.377031,-0.352959
01324181,1523964203335,-8.36695,1.45049,2.88752,-0.289612,0.138343,0.0531656,0.853286,0.392034,-0.121684
01324180,1523964203335,-8.25654,-2.53876,-0.117131,0.540978,0.390034,-0.665155,0.666719,0.448421,-0.452001
01324189,1523964203352,-9.23377,-2.37718,0.962749,-0.420699,0.397802,0.385277,0.805645,-0.198657,-0.40077
01324188,1523964203352,-9.22952,-1.27566,-2.66849,-0.122106,-0.0629701,0.374066,0.859517,-0.337242,0.0418669
01324185,1523964203352,-8.25116,-0.124998,-1.09813,0.26972,0.01624,-0.193024,0.814994,0.378119,-0.355055
01324181,1523964203352,-8.24573,1.38397,2.90889,-0.30946,0.139208,0.102344,0.852446,0.391424,-0.11741
01324180,1523964203352,-8.14723,-2.40262,-0.0863139,0.455888,0.331562,-0.650269,0.665188,0.453383,-0.452554
01324189,1523964203368,-9.22031,-2.45795,0.852821,-0.43241,0.396224,0.417222,0.806432,-0.200958,-0.396248
01324188,1523964203368,-9.33629,-1.38179,-2.60653,-0.0521106,-0.0464702,0.427814,0.855219,-0.34436,0.0398592
01324185,1523964203368,-8.20757,-0.00256052,-1.1886,0.148066,0.0205003,-0.238853,0.813905,0.381491,-0.355606
01324181,1523964203368,-8.71505,1.28133,2.96098,-0.28833,0.172779,0.142346,0.854068,0.38847,-0.114043
01324180,1523964203368,-8.0797,-2.37739,-0.114518,0.330464,0.265653,-0.620763,0.662209,0.456931,-0.455007
01324189,1523964203385,-9.43008,-2.63956,0.673002,-0.404578,0.37956,0.41561,0.807225,-0.202114,-0.393055
01324188,1523964203385,-9.466,-1.14511,-2.59322,0.0300109,-0.0394146,0.463828,0.853078,-0.349214,0.0385048
01324185,1523964203385,-8.41505,0.0852634,-1.34562,-0.0144536,0.0252289,-0.274378,0.812549,0.38433,-0.354584
01324181,1523964203385,-9.42142,1.15664,2.82603,-0.238786,0.176497,0.190677,0.856498,0.385225,-0.110412
01324180,1523964203385,-8.25422,-2.33053,-0.17397,0.187412,0.192281,-0.570261,0.658545,0.460182,-0.454077
01324189,1523964203402,-9.65783,-2.69893,0.642223,-0.29344,0.332688,0.400121,0.807636,-0.20686,-0.390421
01324188,1523964203402,-9.44071,-0.840711,-2.69244,0.0589618,-0.0180082,0.520898,0.851218,-0.355634,0.0393386
01324185,1523964203402,-8.84009,0.037157,-1.55258,-0.239194,0.051904,-0.286111,0.808619,0.386599,-0.353939
01324181,1523964203402,-9.70754,0.939793,2.78247,-0.201738,0.132391,0.239403,0.858369,0.383564,-0.106676
01324180,1523964203402,-8.61709,-2.29512,-0.273993,0.000156325,0.121549,-0.483057,0.655116,0.466623,-0.453898
01324189,1523964203418,-9.82889,-2.54974,0.603781,-0.0989626,0.27198,0.379594,0.80763,-0.210012,-0.387904
01324188,1523964203418,-9.44016,-0.690977,-2.7275,0.0529472,-0.000580466,0.552905,0.846928,-0.364274,0.038717
01324185,1523964203418,-9.28524,-0.287719,-1.77039,-0.485159,0.0701144,-0.282449,0.80754,0.393173,-0.349294
01324181,1523964203418,-9.8001,0.686349,2.82537,-0.171687,0.0896192,0.266571,0.858915,0.381177,-0.10424
01324180,1523964203418,-8.9164,-2.31217,-0.364016,-0.217134,0.0609691,-0.383691,0.652386,0.470145,-0.452706
01324189,1523964203435,-9.74965,-2.03833,0.277637,0.12317,0.190164,0.355588,0.805727,-0.215988,-0.38445
01324188,1523964203435,-9.37461,-0.625108,-2.873,0.087911,0.00232118,0.581508,0.844266,-0.372715,0.0394343
01324185,1523964203435,-9.64091,-0.675556,-1.77544,-0.70588,0.113741,-0.265389,0.805918,0.400305,-0.344913
01324181,1523964203435,-9.86294,0.69533,2.80065,-0.133495,0.0756705,0.2741,0.860305,0.376058,-0.101888
01324180,1523964203435,-9.12832,-2.35235,-0.453313,-0.402439,-0.000265186,-0.24635,0.648267,0.477457,-0.450607
01324189,1523964203452,-9.70409,-1.28247,0.242235,0.287114,0.155623,0.341968,0.805738,-0.222879,-0.381428
01324188,1523964203452,-9.24017,-0.217614,-2.94513,0.101863,0.0113203,0.59233,0.84012,-0.382698,0.0394004
01324185,1523964203452,-9.89515,-1.12888,-1.61431,-0.86646,0.134352,-0.200646,0.804302,0.409898,-0.337159
01324181,1523964203452,-9.6112,0.773695,2.58341,-0.127295,0.0439023,0.280625,0.861544,0.3732,-0.100911
01324180,1523964203452,-9.19435,-2.45872,-0.512546,-0.584169,-0.055974,-0.123062,0.647898,0.483668,-0.445207
01324189,1523964203468,-9.72003,-0.501744,0.319787,0.364762,0.103074,0.367198,0.804673,-0.228313,-0.380522
01324188,1523964203468,-9.18547,0.195342,-3.06723,0.0809557,-0.00232226,0.602655,0.836232,-0.39036,0.0395084
01324185,1523964203468,-9.94167,-1.51604,-1.40452,-0.967025,0.129324,-0.0899269,0.80486,0.416128,-0.328334
01324181,1523964203468,-9.3995,0.861002,2.71833,-0.0988797,0.0484371,0.285683,0.863078,0.368612,-0.1003
01324180,1523964203468,-9.03285,-2.60183,-0.497254,-0.73218,-0.0908236,0.0128324,0.645787,0.490057,-0.440318
01324189,1523964203485,-9.6062,0.0371628,0.387503,0.309537,0.0846856,0.40078,0.803731,-0.234892,-0.37762
01324188,1523964203485,-9.24275,0.41413,-2.94603,-0.000147195,-0.0150303,0.593093,0.833022,-0.398261,0.0413439
01324185,1523964203485,-9.70338,-1.8688,-1.13934,-0.936418,0.115377,0.044453,0.805421,0.417551,-0.320246
01324181,1523964203485,-9.3186,0.937156,2.73188,-0.0544185,0.0618149,0.289076,0.86522,0.366664,-0.0964273
01324180,1523964203485,-8.77497,-2.72973,-0.442268,-0.822246,-0.13236,0.141996,0.64543,0.494222,-0.432392
01324189,1523964203502,-9.70218,0.309564,0.56972,0.181787,0.0731991,0.462583,0.80307,-0.24263,-0.374864
01324188,1523964203502,-9.46095,0.24576,-2.88986,-0.0252927,-0.0547712,0.604847,0.829412,-0.40685,0.0393702
01324185,1523964203502,-9.38313,-2.17881,-0.963033,-0.803549,0.144568,0.184378,0.806795,0.420816,-0.311656
01324181,1523964203502,-9.12308,1.05593,2.72361,-0.0294551,0.0474408,0.276741,0.8666,0.363235,-0.095307
01324180,1523964203502,-8.61873,-2.8888,-0.291771,-0.856385,-0.164924,0.269832,0.645366,0.496793,-0.425583
01324189,1523964203518,-9.78749,0.302946,0.697563,0.0224596,0.058544,0.499409,0.80053,-0.250905,-0.374499
01324188,1523964203518,-9.58411,0.28251,-2.90848,-0.0148461,-0.0486232,0.604967,0.825525,-0.414802,0.0394601
01324185,1523964203518,-9.20722,-2.33868,-0.813632,-0.57285,0.164339,0.269856,0.807625,0.421225,-0.304998
01324181,1523964203518,-9.19248,1.14475,2.8736,0.00250731,0.0405008,0.280036,0.867887,0.357209,-0.0951946
01324180,1523964203518,-8.50499,-3.10569,-0.200011,-0.858322,-0.171552,0.378708,0.646643,0.500076,-0.420536
01324189,1523964203535,-9.75576,0.102743,0.79397,-0.144102,0.0413106,0.513096,0.798696,-0.259213,-0.376819
01324188,1523964203535,-9.68271,0.445136,-2.66372,-0.0444735,-0.0448343,0.598587,0.819351,-0.425635,0.03657
01324185,1523964203535,-9.30797,-2.17428,-0.764909,-0.336081,0.183643,0.315415,0.811166,0.416812,-0.29987
01324181,1523964203535,-9.87686,1.02734,3.04052,0.0292114,0.0316005,0.267994,0.868056,0.353517,-0.0937903
01324180,1523964203535,-8.62765,-3.34384,-0.188015,-0.797727,-0.16619,0.515365,0.648249,0.500044,-0.419885
01324189,1523964203552,-9.78915,-0.100016,0.908393,-0.253296,0.0131394,0.525231,0.795467,-0.264597,-0.37736
01324188,1523964203552,-9.73615,0.375501,-2.67711,-0.0932363,-0.0475975,0.615918,0.816689,-0.433798,0.0344764
01324185,1523964203552,-9.79002,-1.96675,-0.896842,-0.171382,0.170636,0.322223,0.813346,0.413207,-0.296706
01324181,1523964203552,-10.0096,0.882982,2.80079,0.0835492,-0.0748156,0.251371,0.868705,0.349796,-0.0955915
01324180,1523964203552,-9.1352,-3.55734,-0.194143,-0.704361,-0.17343,0.632892,0.652008,0.498069,-0.416061
01324189,1523964203568,-9.63116,-0.108765,0.942498,-0.326286,-0.034482,0.517938,0.793461,-0.268722,-0.378574
01324188,1523964203568,-9.58852,0.422859,-2.63056,-0.129831,-0.046312,0.621897,0.813617,-0.441726,0.0337494
01324185,1523964203568,-10.296,-1.66762,-1.07722,-0.110501,0.147863,0.308802,0.81715,0.412,-0.29344
01324181,1523964203568,-9.5952,0.827205,2.83107,0.0737799,-0.128124,0.242224,0.869418,0.348446,-0.0979623
01324180,1523964203568,-9.64276,-3.7808,-0.171323,-0.583045,-0.171693,0.744502,0.657223,0.498252,-0.413701
01324189,1523964203585,-9.61801,-0.0851567,0.857164,-0.370069,-0.0694689,0.491199,0.790784,-0.272261,-0.381113
01324188,1523964203585,-9.4895,0.398087,-2.58779,-0.16294,-0.0364571,0.630644,0.809329,-0.450285,0.0313821
01324185,1523964203585,-10.4929,-1.37744,-1.04266,-0.186186,0.130966,0.309881,0.817705,0.406991,-0.289995
01324181,1523964203585,-9.59141,0.9267,2.85576,0.0650898,-0.098668,0.209741,0.869348,0.344548,-0.0996075
01324180,1523964203585,-9.78615,-3.91287,-0.168615,-0.442007,-0.204123,0.857697,0.661309,0.492077,-0.411723
01324189,1523964203602,-9.69948,-0.0266675,0.943725,-0.40498,-0.08204,0.478683,0.786766,-0.276491,-0.385249
01324188,1523964203602,-9.54701,0.556175,-2.40587,-0.155913,-0.0228788,0.637905,0.80477,-0.459193,0.0303431
01324185,1523964203602,-10.4346,-1.30064,-0.910069,-0.25419,0.111018,0.364498,0.820974,0.403562,-0.285007
01324181,1523964203602,-9.721,0.874259,2.80763,0.0830261,-0.0990761,0.185585,0.870891,0.340636,-0.100871
01324180,1523964203602,-9.85416,-3.90934,-0.120922,-0.298788,-0.208749,0.895511,0.668096,0.484993,-0.411424
01324189,1523964203618,-9.72232,-0.011414,1.04634,-0.446946,-0.121325,0.453745,0.783835,-0.281035,-0.388998
01324188,1523964203618,-9.63345,0.711614,-2.52212,-0.132444,-0.00532382,0.636472,0.798173,-0.467739,0.0285442
01324185,1523964203618,-10.28,-1.33998,-0.75614,-0.250004,0.129143,0.419623,0.823825,0.399766,-0.284457
01324181,1523964203618,-9.54424,0.728403,2.75118,0.0813881,-0.136744,0.159379,0.87004,0.335715,-0.103948
01324180,1523964203618,-9.85148,-3.77243,-0.052472,-0.220092,-0.217672,0.917078,0.673573,0.474587,-0.409551
01324189,1523964203635,-9.7321,-0.00178189,1.04407,-0.520845,-0.141277,0.449094,0.780084,-0.283406,-0.393791
01324188,1523964203635,-9.53637,0.808482,-2.63446,-0.103651,-0.00411644,0.647316,0.793466,-0.474622,0.0279032
01324185,1523964203635,-10.2314,-1.39781,-0.476168,-0.221889,0.129229,0.458701,0.827769,0.394902,-0.280764
01324181,1523964203635,-9.2532,0.712437,2.75094,0.102973,-0.139271,0.119569,0.870616,0.33451,-0.10632
01324180,1523964203635,-9.61727,-3.60446,0.0764143,-0.208371,-0.188166,0.931414,0.679031,0.4671,-0.410592
01324189,1523964203652,-9.934,-0.137936,1.09304,-0.570296,-0.133797,0.453398,0.776181,-0.284186,-0.3979
01324188,1523964203652,-9.66708,0.765418,-2.6138,-0.0582918,0.00452743,0.651243,0.788501,-0.483814,0.0268515
01324185,1523964203652,-9.76807,-1.48233,-0.233087,-0.183075,0.171584,0.500807,0.832253,0.390874,-0.277604
01324181,1523964203652,-9.05366,0.656628,2.68083,0.0978506,-0.111562,0.090476,0.871317,0.333881,-0.10844
01324180,1523964203652,-9.36546,-3.69544,0.286224,-0.184639,-0.156438,0.965994,0.686005,0.457724,-0.415612
01324189,1523964203668,-9.95931,-0.165387,1.00573,-0.551106,-0.146944,0.457045,0.774334,-0.287035,-0.402183
01324188,1523964203668,-9.62552,0.87769,-2.83173,-0.0165205,-0.0120301,0.637192,0.783945,-0.493247,0.0276652
01324185,1523964203668,-9.65872,-1.32393,-0.0404354,-0.17644,0.176242,0.533059,0.836336,0.384047,-0.27337
01324181,1523964203668,-9.08858,0.707009,2.86801,0.0890542,-0.135038,0.0635864,0.868922,0.332185,-0.109044
01324180,1523964203668,-8.93017,-3.37316,0.427588,-0.196031,-0.101855,0.81771,0.690385,0.450692,-0.416763
01324189,1523964203685,-9.80707,-0.154109,0.818475,-0.48512,-0.124384,0.458968,0.771942,-0.28901,-0.406989
01324188,1523964203685,-9.6318,1.13009,-3.06501,-0.084544,-0.0386129,0.64351,0.778831,-0.499997,0.0243439
01324185,1523964203685,-9.44853,-1.25294,0.032333,-0.160273,0.157697,0.541616,0.838521,0.378202,-0.2694
01324181,1523964203685,-9.01431,0.841406,2.7669,0.0927397,-0.156712,0.0400789,0.870037,0.331527,-0.112231
01324180,1523964203685,-8.86957,-3.26324,0.602798,-0.291093,-0.0421543,0.792925,0.697959,0.443278,-0.412159
01324189,1523964203702,-9.90018,-0.271799,0.69303,-0.424285,-0.0991101,0.462697,0.765731,-0.290737,-0.411213
01324188,1523964203702,-9.94771,1.36628,-2.88179,-0.209969,-0.0674982,0.659978,0.774556,-0.51097,0.0237109
01324185,1523964203702,-9.45763,-1.03381,-0.00350047,-0.167726,0.0978117,0.534352,0.841114,0.369821,-0.265407
01324181,1523964203702,-9.02467,0.928593,2.8038,0.0916756,-0.172146,0.0657986,0.868749,0.330024,-0.116305
01324180,1523964203702,-8.84552,-3.65024,0.702415,-0.275534,0.000682748,0.75454,0.700719,0.435084,-0.40831
01324189,1523964203718,-10.229,-0.326347,0.712469,-0.389074,-0.106344,0.430908,0.762517,-0.29283,-0.415341
01324188,1523964203718,-10.0495,1.32191,-2.68806,-0.290024,-0.0844863,0.682238,0.767823,-0.519172,0.0208578
01324185,1523964203718,-9.50552,-0.821762,-0.139507,-0.189473,0.0204056,0.522122,0.845598,0.362241,-0.26365
01324181,1523964203718,-9.1698,0.997237,2.79914,0.0595869,-0.171969,0.0762736,0.86932,0.329108,-0.11855
01324180,1523964203718,-8.84637,-3.61737,0.789595,-0.235001,0.0517113,0.663731,0.706416,0.428589,-0.406091
01324189,1523964203735,-10.1705,-0.216494,0.784869,-0.31562,-0.103699,0.402707,0.760394,-0.296961,-0.418427
01324188,1523964203735,-9.55045,0.933439,-2.56569,-0.201834,-0.101997,0.685389,0.762175,-0.527329,0.016647
01324185,1523964203735,-9.53439,-0.646024,-0.360878,-0.271642,-0.045981,0.495428,0.848177,0.358158,-0.263358
01324181,1523964203735,-9.24184,1.02789,2.84639,0.0406068,-0.206522,0.120869,0.868278,0.328209,-0.121045
01324180,1523964203735,-8.9475,-3.64736,0.773941,-0.197855,0.0796265,0.590329,0.710369,0.423593,-0.40706
01324189,1523964203752,-9.92581,-0.133866,0.9907,-0.190929,-0.110253,0.367554,0.758539,-0.300954,-0.421247
01324188,1523964203752,-9.42508,0.84097,-2.51048,-0.0682928,-0.102639,0.703132,0.755996,-0.537467,0.0144739
01324185,1523964203752,-9.4864,-0.610373,-0.540424,-0.319254,-0.0829074,0.453184,0.851167,0.353821,-0.261627
01324181,1523964203752,-9.23378,1.11051,2.79173,-0.0120594,-0.197112,0.155583,0.868602,0.325858,-0.123657
01324180,1523964203752,-9.01827,-3.75854,0.707384,-0.161983,0.0886866,0.49566,0.714964,0.420171,-0.40625
01324189,1523964203768,-9.71915,-0.0680085,1.24088,-0.0804464,-0.133943,0.307517,0.755857,-0.30449,-0.423251
01324188,1523964203768,-9.5265,0.875063,-2.50519,0.0258911,-0.0920652,0.705646,0.75171,-0.546563,0.0142279
01324185,1523964203768,-9.49158,-0.651387,-0.665951,-0.339644,-0.0901839,0.409032,0.85361,0.349016,-0.262243
01324181,1523964203768,-9.2863,1.13894,2.86813,-0.0548931,-0.223364,0.172741,0.870038,0.321188,-0.126896
01324180,1523964203768,-9.12611,-3.61875,0.608008,-0.147549,0.116667,0.416883,0.7193,0.415145,-0.403307
01324189,1523964203785,-9.70461,-0.0215189,1.59614,0.0127864,-0.148749,0.256329,0.751408,-0.308841,-0.424974
01324188,1523964203785,-9.57144,0.47059,-2.56855,-0.0161931,-0.103218,0.651256,0.743737,-0.552179,0.0126296
01324185,1523964203785,-9.5836,-0.737549,-0.729064,-0.338285,-0.0713278,0.358755,0.853887,0.344801,-0.261549
01324181,1523964203785,-9.29109,1.1195,2.84432,-0.0862268,-0.226289,0.208157,0.869429,0.319384,-0.131237
01324180,1523964203785,-9.2526,-3.51989,0.476805,-0.162789,0.124919,0.355358,0.722231,0.414187,-0.397153
01324189,1523964203802,-10.0154,-0.0643724,1.85874,0.0659835,-0.183799,0.197999,0.751052,-0.311153,-0.429003
01324188,1523964203802,-9.55706,0.416679,-2.79921,-0.156253,-0.0880681,0.554888,0.737959,-0.561465,0.0107741
01324185,1523964203802,-9.73815,-0.799194,-0.736372,-0.346384,-0.0752452,0.313751,0.856607,0.342884,-0.258534
01324181,1523964203802,-9.33694,1.04606,2.98068,-0.127286,-0.224154,0.229877,0.869611,0.317049,-0.133183
01324180,1523964203802,-9.38409,-3.42641,0.393861,-0.219591,0.0987218,0.298603,0.725164,0.414407,-0.394219
01324189,1523964203818,-9.84942,-0.165064,1.90468,0.0247573,-0.233604,0.100194,0.748225,-0.313102,-0.430993
01324188,1523964203818,-9.60133,0.202531,-2.84024,-0.547328,-0.0969226,0.473349,0.73487,-0.566094,0.00500111
01324185,1523964203818,-9.74803,-0.885802,-0.727779,-0.356261,-0.057795,0.28814,0.856884,0.339527,-0.257196
01324181,1523964203818,-9.30204,0.959119,2.99706,-0.152172,-0.240208,0.224648,0.869112,0.315857,-0.135677
01324180,1523964203818,-9.38857,-3.43063,0.330956,-0.271618,0.100422,0.249053,0.726265,0.411332,-0.39254
01324189,1523964203835,-9.4656,-0.311362,1.58211,-0.0988201,-0.217964,-0.028262,0.745257,-0.314185,-0.433108
01324188,1523964203835,-9.64703,-0.347484,-2.08163,-1.08928,-0.0542456,0.363906,0.730568,-0.571538,-0.00471342
01324185,1523964203835,-9.76754,-0.957916,-0.733481,-0.333592,-0.0439766,0.28293,0.858238,0.338238,-0.258233
01324181,1523964203835,-9.19052,0.819793,2.9135,-0.161107,-0.247135,0.234947,0.867535,0.314262,-0.13762
01324180,1523964203835,-9.40914,-3.33912,0.328841,-0.324708,0.0917964,0.23286,0.728125,0.41216,-0.391064
01324189,1523964203852,-9.29902,-0.190722,1.42897,-0.229036,-0.198693,-0.13183,0.745295,-0.312341,-0.438179
01324188,1523964203852,-8.89277,-0.968114,-1.29974,-1.46611,0.056184,0.143175,0.729504,-0.573712,-0.0169577
01324185,1523964203852,-9.7146,-1.01601,-0.710886,-0.327089,0.00163636,0.269863,0.860686,0.335886,-0.255866
01324181,1523964203852,-9.12948,0.665331,2.80818,-0.133504,-0.218742,0.239416,0.869753,0.311169,-0.140236
01324180,1523964203852,-9.28881,-3.29183,0.327859,-0.375826,0.087196,0.19029,0.730529,0.411517,-0.387734
01324189,1523964203868,-9.34238,-0.246228,2.09155,-0.32699,-0.212327,-0.188087,0.742602,-0.309272,-0.443074
01324188,1523964203868,-8.13708,-1.25529,-1.31747,-1.65037,0.224048,-0.0366668,0.729249,-0.57444,-0.0323539
01324185,1523964203868,-9.72918,-1.11214,-0.621925,-0.342695,0.0264729,0.273978,0.859885,0.332859,-0.252044
01324181,1523964203868,-9.01298,0.543013,2.76538,-0.115511,-0.217568,0.207463,0.870907,0.30681,-0.142549
01324180,1523964203868,-9.18302,-3.23981,0.31951,-0.456296,0.0942026,0.175753,0.732109,0.412042,-0.383153
01324189,1523964203885,-9.25068,-0.778437,3.67591,-0.409109,-0.370221,-0.276901,0.741797,-0.301225,-0.44929
01324188,1523964203885,-8.12154,-0.965851,-1.33947,-1.84663,0.400473,-0.159984,0.72978,-0.571239,-0.0448206
01324185,1523964203885,-9.5944,-1.30067,-0.494732,-0.366664,0.0338786,0.287537,0.861789,0.328361,-0.251354
01324181,1523964203885,-8.8351,0.38011,2.80345,-0.0753815,-0.235587,0.188192,0.870714,0.303304,-0.145928
01324180,1523964203885,-8.94493,-3.3341,0.369654,-0.459794,0.104945,0.161663,0.732865,0.414028,-0.377989
01324189,1523964203902,-8.69478,-0.976507,4.67718,-0.416147,-0.624949,-0.403588,0.74099,-0.291455,-0.456295
01324188,1523964203902,-8.33771,-0.578622,-1.43275,-1.94706,0.581549,-0.299447,0.733156,-0.566987,-0.0559102
01324185,1523964203902,-9.30032,-1.4757,-0.330823,-0.323735,0.0230587,0.302805,0.863564,0.327607,-0.246517
01324181,1523964203902,-8.57333,0.269111,2.88695,-0.0414484,-0.255519,0.162002,0.870093,0.301944,-0.149614
01324180,1523964203902,-8.61621,-3.34569,0.462223,-0.421685,0.142934,0.150665,0.734669,0.415525,-0.366905
01324189,1523964203918,-8.25928,-0.717198,4.75641,-0.491918,-0.760847,-0.55471,0.736693,-0.282765,-0.467683
01324188,1523964203918,-8.64698,-0.549176,-1.69051,-2.04744,0.718226,-0.437627,0.737475,-0.561688,-0.067889
01324185,1523964203918,-9.01587,-1.63624,-0.176356,-0.221469,-0.0021279,0.347867,0.864248,0.324112,-0.245048
01324181,1523964203918,-8.48375,0.141462,3.0397,-0.0269523,-0.277688,0.110044,0.870249,0.302032,-0.152009
01324180,1523964203918,-8.31595,-3.3812,0.501213,-0.3486,0.19004,0.129402,0.736791,0.415164,-0.361268
01324189,1523964203935,-8.27426,-0.370052,4.54326,-0.618784,-0.778705,-0.66794,0.732668,-0.271645,-0.480662
01324188,1523964203935,-8.87293,-0.286094,-3.00032,-1.82171,0.975493,-0.473994,0.742182,-0.553667,-0.0759311
01324185,1523964203935,-8.85198,-1.76716,-0.051002,-0.0357505,-0.0318728,0.37078,0.867366,0.321415,-0.245947
01324181,1523964203935,-8.60238,0.01633,3.0365,-0.0142097,-0.305178,0.0563706,0.868694,0.300667,-0.156481
01324180,1523964203935,-8.22774,-3.44972,0.458194,-0.258074,0.223665,0.130173,0.739979,0.416247,-0.357779
01324189,1523964203952,-8.82323,-0.600466,4.50232,-0.737523,-0.791216,-0.710852,0.725354,-0.254115,-0.495157
01324188,1523964203952,-9.83496,-0.314568,-3.94797,-1.45619,1.35898,-0.419622,0.751487,-0.54396,-0.0750363
01324185,1523964203952,-8.9342,-1.81964,-0.0809118,0.1519,-0.0281332,0.397783,0.869671,0.31461,-0.247981
01324181,1523964203952,-8.81373,-0.0176863,3.00924,-0.020973,-0.3595,-0.0129755,0.867934,0.300847,-0.161792
01324180,1523964203952,-8.41571,-3.49264,0.427121,-0.111702,0.27339,0.126204,0.741588,0.417102,-0.359948
01324189,1523964203968,-9.15263,-1.88185,4.10993,-0.774193,-0.803103,-0.862804,0.721561,-0.23796,-0.507028
01324188,1523964203968,-11.144,-1.27704,-3.54157,-0.857768,1.71354,-0.264894,0.755248,-0.538646,-0.0654578
01324185,1523964203968,-9.26457,-1.72619,-0.184195,0.330988,-0.0281909,0.390854,0.870759,0.308389,-0.24897
01324181,1523964203968,-8.96422,0.046096,2.93943,-0.0348919,-0.394194,-0.0718131,0.866096,0.300905,-0.166823
01324180,1523964203968,-8.76716,-3.5974,0.355442,0.027791,0.287353,0.157128,0.743737,0.415301,-0.356232
01324189,1523964203985,-9.45192,-3.24653,3.58545,-0.547713,-0.721158,-1.07358,0.720458,-0.220424,-0.516376
01324188,1523964203985,-11.0494,-1.82344,-3.03197,0.191754,1.92849,-0.136739,0.759016,-0.535911,-0.044458
01324185,1523964203985,-9.73446,-1.46818,-0.331726,0.41929,0.00937563,0.359999,0.87198,0.301865,-0.251002
01324181,1523964203985,-9.01047,0.312389,2.9775,-0.077358,-0.384401,-0.113846,0.864655,0.301666,-0.172138
01324180,1523964203985,-9.26447,-3.66575,0.330876,0.175832,0.315334,0.190005,0.746809,0.412582,-0.347278
01324189,1523964204002,-9.8262,-4.14136,2.77113,-0.0988391,-0.562111,-1.26598,0.717458,-0.206286,-0.524525
01324188,1523964204002,-10.5968,-1.01236,-3.0573,1.27762,2.02909,-0.0821437,0.761704,-0.535502,-0.0107952
01324185,1523964204002,-10.1248,-1.21551,-0.50687,0.432444,0.0671677,0.340136,0.872661,0.29579,-0.25173
01324181,1523964204002,-9.05043,0.365363,2.88929,-0.0923149,-0.31574,-0.129577,0.862772,0.304051,-0.17549
01324180,1523964204002,-9.66528,-3.73851,0.374901,0.272127,0.286905,0.22741,0.748172,0.409937,-0.345459
01324189,1523964204018,-10.3554,-3.93517,2.77961,0.351101,-0.425263,-1.38013,0.716322,-0.191316,-0.528943
01324188,1523964204018,-10.7938,0.678551,-3.3984,1.7346,1.98649,-0.0742541,0.762214,-0.534703,0.0277679
01324185,1523964204018,-10.3077,-1.01943,-0.593258,0.403396,0.123618,0.320283,0.875648,0.289437,-0.252201
01324181,1523964204018,-9.19082,0.3856,2.81314,-0.0850014,-0.268434,-0.155016,0.859554,0.305179,-0.17827
01324180,1523964204018,-9.91801,-3.68944,0.476628,0.324553,0.268849,0.26285,0.751715,0.40494,-0.345071
01324189,1523964204035,-10.8851,-3.14573,3.01099,0.690657,-0.416474,-1.32561,0.71657,-0.180409,-0.533141
01324188,1523964204035,-10.8446,2.00129,-3.57606,1.58627,1.86186,-0.12359,0.762712,-0.532924,0.073396
01324185,1523964204035,-10.3846,-0.941848,-0.527681,0.350817,0.188931,0.284219,0.876737,0.282235,-0.25292
01324181,1523964204035,-9.15509,0.344643,2.97838,-0.0840594,-0.259802,-0.167013,0.857954,0.307528,-0.183086
01324180,1523964204035,-9.94881,-3.60927,0.624196,0.33337,0.258077,0.275165,0.755292,0.398512,-0.34782
01324189,1523964204052,-10.6627,-2.21669,2.72018,0.967637,-0.417633,-1.26254,0.716271,-0.172355,-0.535348
01324188,1523964204052,-10.2782,2.87136,-3.47526,1.21633,1.69607,-0.231433,0.763754,-0.529701,0.106717
01324185,1523964204052,-10.3794,-0.953735,-0.328818,0.28882,0.205254,0.273976,0.880407,0.278196,-0.250279
01324181,1523964204052,-9.19332,0.455651,3.14988,-0.0742266,-0.229883,-0.177129,0.855511,0.310525,-0.184983
01324180,1523964204052,-9.76715,-3.52249,0.839131,0.312571,0.243795,0.280188,0.758301,0.392939,-0.346489
01324189,1523964204068,-10.4164,-1.05653,2.84093,1.15014,-0.355664,-1.23457,0.71584,-0.16846,-0.535446
01324188,1523964204068,-10.0075,2.8865,-3.02025,0.731426,1.50069,-0.343065,0.763821,-0.521698,0.131729
01324185,1523964204068,-10.2923,-0.992622,-0.135611,0.207549,0.177751,0.265718,0.881497,0.274554,-0.249072
01324181,1523964204068,-9.22761,0.484383,3.12013,-0.0492298,-0.160956,-0.181778,0.855374,0.312893,-0.187954
01324180,1523964204068,-9.604,-3.47881,1.00048,0.306819,0.244345,0.248481,0.761551,0.388359,-0.342034
01324189,1523964204085,-10.4739,-0.0721591,3.00026,1.16402,-0.314241,-1.20338,0.713544,-0.166426,-0.535224
01324188,1523964204085,-10.227,2.39649,-2.47743,0.51345,1.28228,-0.463803,0.764569,-0.513707,0.153634
01324185,1523964204085,-10.2005,-0.98109,-0.064443,0.157614,0.100573,0.250938,0.881371,0.268235,-0.247834
01324181,1523964204085,-9.25643,0.48404,3.12237,-0.0446714,-0.1347,-0.197072,0.852532,0.31533,-0.189569
01324180,1523964204085,-9.46394,-3.51003,1.14185,0.320062,0.257094,0.223998,0.764415,0.383657,-0.340414
01324189,1523964204102,-10.5084,1.06741,3.12033,1.11863,-0.334463,-1.20172,0.713654,-0.161537,-0.535454
01324188,1523964204102,-10.1026,2.0554,-2.0349,0.658456,1.05393,-0.545833,0.766537,-0.504958,0.171397
01324185,1523964204102,-10.1283,-0.998458,-0.135292,0.108133,0.0323154,0.246312,0.882594,0.265985,-0.247555
01324181,1523964204102,-9.31892,0.483301,3.12198,-0.0695765,-0.120539,-0.19513,0.851423,0.318474,-0.190421
01324180,1523964204102,-9.40538,-3.57533,1.2194,0.350094,0.271174,0.18118,0.766323,0.380424,-0.338885
01324189,1523964204118,-10.8767,2.10425,3.90725,1.11212,-0.398038,-1.17401,0.711868,-0.156604,-0.536867
01324188,1523964204118,-9.84924,1.94668,-1.79042,0.981343,0.822362,-0.624896,0.766343,-0.497563,0.187755
01324185,1523964204118,-10.1141,-1.01312,-0.271625,0.0467246,-0.0414248,0.210281,0.884631,0.260911,-0.247513
01324181,1523964204118,-9.56328,0.533661,3.27401,-0.0821225,-0.093707,-0.18101,0.847754,0.32138,-0.190709
01324180,1523964204118,-9.5134,-3.64687,1.24454,0.39581,0.283429,0.146395,0.765606,0.37348,-0.339825
01324189,1523964204135,-10.5094,2.13958,4.19388,0.914382,-0.499598,-1.16478,0.70915,-0.152662,-0.539883
01324188,1523964204135,-9.87678,2.37454,-1.58471,1.29558,0.560744,-0.692902,0.768952,-0.482905,0.206687
01324185,1523964204135,-10.2398,-0.96437,-0.475413,0.0269925,-0.110407,0.162296,0.883949,0.260021,-0.249855
01324181,1523964204135,-9.79123,0.613331,3.42076,-0.101771,-0.0740266,-0.170384,0.846363,0.324558,-0.190229
01324180,1523964204135,-9.73651,-3.77466,1.21024,0.445461,0.261473,0.114925,0.76887,0.369506,-0.339682
01324189,1523964204152,-9.82309,1.64586,4.20182,0.615813,-0.486271,-1.14372,0.709014,-0.148354,-0.542524
01324188,1523964204152,-9.73924,2.99465,-1.37241,1.59775,0.29399,-0.730937,0.773861,-0.467155,0.226332
01324185,1523964204152,-10.4426,-0.886273,-0.705317,0.0298273,-0.140045,0.107248,0.885707,0.257861,-0.252192
01324181,1523964204152,-9.97135,0.686317,3.53413,-0.109102,-0.0698462,-0.137533,0.845302,0.324955,-0.192352
01324180,1523964204152,-10.0445,-3.87415,1.14385,0.480397,0.216399,0.0981713,0.77092,0.369811,-0.348355
01324189,1523964204168,-9.5089,1.05623,4.22975,0.335257,-0.459165,-1.07813,0.705855,-0.139075,-0.545358
01324188,1523964204168,-9.58556,3.3797,-1.34822,1.78143,-0.0337461,-0.756279,0.779847,-0.44904,0.238703
01324185,1523964204168,-10.6791,-0.803085,-0.86347,0.0572179,-0.137361,0.0502719,0.883671,0.256989,-0.253614
01324181,1523964204168,-10.0006,0.727204,3.54765,-0.109231,-0.0517026,-0.113239,0.845248,0.328411,-0.191361
01324180,1523964204168,-10.412,-3.86826,1.09196,0.481622,0.143186,0.0801673,0.772043,0.364849,-0.346444
01324189,1523964204185,-9.42074,0.233135,4.27027,0.166349,-0.395141,-0.982869,0.703793,-0.128108,-0.550065
01324188,1523964204185,-9.4882,3.55374,-1.46126,1.8377,-0.385058,-0.802222,0.78502,-0.430754,0.247729
01324185,1523964204185,-10.901,-0.756032,-0.944229,0.0607792,-0.124591,0.0111139,0.883807,0.25486,-0.254378
01324181,1523964204185,-10.047,0.644119,3.6069,-0.0844323,-0.0052195,-0.0887594,0.844171,0.328427,-0.19135
01324180,1523964204185,-10.6787,-3.78078,0.96899,0.419038,0.0501336,0.0792013,0.772897,0.360775,-0.346808
01324189,1523964204202,-9.53717,-0.727609,4.17239,0.11188,-0.339125,-0.848079,0.70022,-0.118098,-0.552889
01324188,1523964204202,-9.71446,3.8209,-1.62076,1.77921,-0.746976,-0.765923,0.790843,-0.407209,0.250072
01324185,1523964204202,-11.0578,-0.767106,-0.956812,0.0252941,-0.095678,-0.0366226,0.880817,0.254939,-0.257636
01324181,1523964204202,-9.83132,0.472022,3.56811,-0.0327881,0.0656535,-0.0831722,0.842849,0.326723,-0.191566
01324180,1523964204202,-10.8151,-3.68998,0.905319,0.311602,-0.0255434,0.0762865,0.771864,0.356721,-0.344982
01324189,1523964204218,-9.7368,-1.29176,4.02315,0.206662,-0.270847,-0.719909,0.698864,-0.113331,-0.556315
01324188,1523964204218,-9.87216,4.28885,-2.25911,1.60213,-1.09776,-0.683395,0.798208,-0.390539,0.246174
01324185,1523964204218,-11.0602,-0.771862,-0.908136,-0.0480131,-0.05758,-0.0844107,0.878914,0.256885,-0.259086
01324181,1523964204218,-9.74938,0.252228,3.55352,-0.0460141,0.12206,-0.0912544,0.84185,0.329645,-0.189491
01324180,1523964204218,-10.7425,-3.67898,0.857751,0.198865,-0.110368,0.0899111,0.772173,0.353824,-0.346396
01324189,1523964204235,-9.79601,-1.3315,3.93145,0.340507,-0.234076,-0.591582,0.698178,-0.109293,-0.558283
01324188,1523964204235,-10.0276,4.08128,-2.49427,1.11822,-1.45142,-0.594132,0.806694,-0.37927,0.238961
01324185,1523964204235,-10.9733,-0.832477,-0.780209,-0.169229,-0.035655,-0.121856,0.878639,0.259699,-0.259374
01324181,1523964204235,-9.78657,0.181399,3.59328,-0.0165767,0.201642,-0.0940876,0.842292,0.33472,-0.186147
01324180,1523964204235,-10.53,-3.66733,0.90581,0.0951164,-0.173183,0.0544834,0.770708,0.352685,-0.345587
01324189,1523964204252,-9.62151,-1.07078,3.71767,0.454799,-0.219655,-0.489982,0.694775,-0.10863,-0.558774
01324188,1523964204252,-10.0879,3.41528,-2.73563,0.675721,-1.72129,-0.576209,0.813954,-0.366035,0.221382
01324185,1523964204252,-10.8092,-0.888778,-0.67504,-0.221427,-0.0479525,-0.169381,0.87918,0.261961,-0.259006
01324181,1523964204252,-9.78302,0.222749,3.51523,-0.00396953,0.252628,-0.110931,0.841732,0.335195,-0.184424
01324180,1523964204252,-10.2737,-3.66468,0.939746,-0.023969,-0.213512,0.0314123,0.7694,0.351277,-0.348839
01324189,1523964204268,-9.3537,-0.730061,3.45886,0.515074,-0.190035,-0.393054,0.693679,-0.107163,-0.559018
01324188,1523964204268,-10.1662,3.15524,-2.7471,0.320459,-2.00418,-0.570241,0.82206,-0.356819,0.195997
01324185,1523964204268,-10.631,-1.01985,-0.618237,-0.271384,-0.0661268,-0.186255,0.877279,0.266758,-0.258784
01324181,1523964204268,-9.75089,0.215989,3.34652,0.0584984,0.315982,-0.131277,0.842074,0.336302,-0.179401
01324180,1523964204268,-10.084,-3.747,0.94598,-0.122238,-0.221678,-0.0176823,0.768852,0.353038,-0.350688
01324189,1523964204285,-9.04297,-0.383335,3.32356,0.431025,-0.140787,-0.298429,0.692088,-0.110012,-0.561699
01324188,1523964204285,-10.139,2.6346,-2.78591,-0.0575334,-2.22366,-0.548663,0.830984,-0.347225,0.162276
01324185,1523964204285,-10.5012,-1.18438,-0.612395,-0.277766,-0.0804112,-0.212546,0.875655,0.269899,-0.256718
01324181,1523964204285,-9.76086,0.201362,3.28878,0.0754655,0.376125,-0.131668,0.841597,0.339114,-0.175469
01324180,1523964204285,-9.98602,-3.82024,0.903031,-0.203768,-0.240331,-0.064084,0.765673,0.352849,-0.358212
01324189,1523964204302,-8.79971,-0.143451,3.50058,0.270601,-0.0811886,-0.201396,0.689483,-0.110221,-0.559663
01324188,1523964204302,-9.92011,1.65055,-2.86051,-0.242031,-2.40548,-0.541235,0.836386,-0.338658,0.126919
01324185,1523964204302,-10.4242,-1.26671,-0.600286,-0.294652,-0.102509,-0.237065,0.873211,0.274128,-0.25675
01324181,1523964204302,-9.63711,0.212625,3.17343,0.09422,0.361758,-0.143091,0.841527,0.340388,-0.169649
01324180,1523964204302,-9.80977,-3.9477,0.824295,-0.24152,-0.26507,-0.105008,0.762562,0.35552,-0.359059
01324189,1523964204318,-8.35593,-0.0113169,3.42604,0.144129,-0.0764927,-0.168155,0.688937,-0.110206,-0.559523
01324188,1523964204318,-9.94784,0.6705,-2.68535,-0.110855,-2.58503,-0.559985,0.841805,-0.333087,0.0932592
01324185,1523964204318,-10.2554,-1.29663,-0.58294,-0.284213,-0.134926,-0.299839,0.8709,0.277481,-0.258343
01324181,1523964204318,-9.36549,0.225735,2.93825,0.0853748,0.398917,-0.137642,0.839462,0.341354,-0.16606
01324180,1523964204318,-9.67211,-4.07043,0.711372,-0.269359,-0.253054,-0.140326,0.759996,0.355839,-0.356177
01324189,1523964204335,-7.93883,0.126186,2.5146,0.0165022,0.0593248,-0.120955,0.688934,-0.108483,-0.560312
01324188,1523964204335,-10.1155,-0.217445,-2.50512,0.266395,-2.76539,-0.550534,0.844372,-0.326912,0.0571142
01324185,1523964204335,-10.0384,-1.29319,-0.604399,-0.238285,-0.142535,-0.315197,0.868997,0.283401,-0.258394
01324181,1523964204335,-9.21949,0.232361,2.8811,0.0766425,0.467573,-0.152571,0.841124,0.344308,-0.160825
01324180,1523964204335,-9.49686,-4.10567,0.584796,-0.247946,-0.268309,-0.161445,0.757023,0.359541,-0.360248
01324189,1523964204352,-7.92405,-0.0657188,2.09491,-0.105085,0.264297,-0.0294741,0.6901,-0.108756,-0.556755
01324188,1523964204352,-10.231,-1.50086,-3.39023,0.772534,-2.94319,-0.518897,0.845973,-0.317979,0.0184602
01324185,1523964204352,-9.75393,-1.31907,-0.643001,-0.208189,-0.132568,-0.351075,0.866276,0.288722,-0.260266
01324181,1523964204352,-9.09578,0.229086,2.74189,0.0714728,0.525615,-0.167598,0.840754,0.346488,-0.153027
01324180,1523964204352,-9.27674,-4.06822,0.483225,-0.249041,-0.284998,-0.202929,0.753781,0.362661,-0.362975
01324189,1523964204368,-8.01627,-0.889974,2.3913,-0.102125,0.406014,0.0591486,0.694677,-0.10713,-0.552513
01324188,1523964204368,-10.2238,-0.958396,-4.779,1.45087,-2.94554,-0.475338,0.848535,-0.310849,-0.019376
01324185,1523964204368,-9.4742,-1.3545,-0.620642,-0.203687,-0.0869547,-0.369293,0.86247,0.295451,-0.262278
01324181,1523964204368,-9.00213,0.186578,2.67568,0.0963239,0.524079,-0.155643,0.840649,0.349784,-0.146319
01324180,1523964204368,-9.01831,-3.98894,0.348422,-0.260599,-0.29442,-0.258492,0.75081,0.36622,-0.367185
01324189,1523964204385,-8.25199,-2.07055,3.66263,0.0604569,0.420135,0.0855102,0.696546,-0.109169,-0.547466
01324188,1523964204385,-10.3388,0.568376,-6.52951,1.70014,-2.66562,-0.264388,0.847177,-0.306966,-0.051844
01324185,1523964204385,-9.23791,-1.39208,-0.61096,-0.161936,-0.0385118,-0.420728,0.859756,0.301673,-0.261283
01324181,1523964204385,-8.94943,-0.00202173,2.66031,0.139062,0.50984,-0.162789,0.840578,0.350086,-0.139149
01324180,1523964204385,-8.80017,-3.99779,0.285248,-0.249639,-0.293465,-0.304183,0.74593,0.371246,-0.368634
01324189,1523964204402,-8.24732,-3.35102,4.42867,0.31974,0.32429,0.0554882,0.699096,-0.109935,-0.543219
01324188,1523964204402,-9.97711,1.60313,-7.1217,1.17139,-2.28458,-0.09829,0.839717,-0.305059,-0.0772211
01324185,1523964204402,-9.08119,-1.45079,-0.55398,-0.123284,-0.00405662,-0.462698,0.856771,0.307326,-0.260544
01324181,1523964204402,-8.80357,-0.170083,2.61134,0.153413,0.488231,-0.182864,0.840633,0.352073,-0.133345
01324180,1523964204402,-8.60132,-4.02413,0.258043,-0.212796,-0.269749,-0.344275,0.741339,0.375851,-0.373204
01324189,1523964204418,-7.93937,-3.81722,4.74908,0.508195,0.299739,-0.0327281,0.701002,-0.116009,-0.539543
01324188,1523964204418,-8.77737,1.71067,-7.96712,0.495312,-1.82037,-0.0719629,0.834983,-0.305017,-0.101133
01324185,1523964204418,-8.987,-1.48257,-0.44122,-0.05126,0.00891491,-0.505404,0.853242,0.313679,-0.26007
01324181,1523964204418,-8.63207,-0.274762,2.56131,0.165089,0.486136,-0.199327,0.839595,0.354528,-0.126477
01324180,1523964204418,-8.41191,-4.08738,0.28613,-0.105827,-0.252817,-0.383979,0.736589,0.381457,-0.375048
01324189,1523964204435,-7.82819,-3.21124,5.33301,0.498231,0.344663,-0.112826,0.703687,-0.11979,-0.533315
01324188,1523964204435,-7.85631,1.04031,-7.75163,-0.168648,-1.26624,-0.0994708,0.831064,-0.305456,-0.121314
01324185,1523964204435,-8.90759,-1.63704,-0.312007,0.0314576,0.0107474,-0.505522,0.851335,0.321695,-0.261056
01324181,1523964204435,-8.60087,-0.327705,2.48524,0.14125,0.480256,-0.227747,0.83935,0.358951,-0.12072
01324180,1523964204435,-8.28624,-4.07619,0.280168,0.0132469,-0.212681,-0.440994,0.732265,0.386203,-0.379754
01324189,1523964204452,-7.89486,-2.38446,5.44065,0.208852,0.309646,-0.16348,0.703657,-0.122643,-0.52852
01324188,1523964204452,-7.46439,-0.194421,-7.23329,-0.515052,-0.707643,-0.127479,0.830511,-0.302357,-0.134312
01324185,1523964204452,-8.90047,-1.79823,-0.131103,0.172372,0.00851315,-0.502261,0.845363,0.328734,-0.261627
01324181,1523964204452,-8.58286,-0.405146,2.50858,0.130733,0.470868,-0.256233,0.839005,0.361349,-0.115984
01324180,1523964204452,-8.31632,-4.00184,0.292367,0.130474,-0.183549,-0.473431,0.726991,0.390069,-0.380005
01324189,1523964204468,-7.83386,-1.41124,4.39053,-0.0605626,0.301884,-0.191061,0.705786,-0.120954,-0.524517
01324188,1523964204468,-7.04821,-1.42318,-6.89328,-0.369508,-0.157431,-0.138048,0.828869,-0.299518,-0.141387
01324185,1523964204468,-8.92697,-1.84373,-0.0470045,0.328349,0.0176316,-0.495682,0.841962,0.335308,-0.264292
01324181,1523964204468,-8.46822,-0.452197,2.36773,0.133449,0.444175,-0.263394,0.837971,0.364907,-0.110998
01324180,1523964204468,-8.37583,-3.90635,0.328563,0.259944,-0.140003,-0.52326,0.720527,0.393976,-0.383615
01324189,1523964204485,-7.70778,-0.580035,3.42428,-0.0429298,0.405202,-0.127274,0.710362,-0.118896,-0.520405
01324188,1523964204485,-6.73654,-2.12607,-6.53316,0.25756,0.328316,-0.154915,0.827493,-0.296602,-0.140917
01324185,1523964204485,-8.97248,-1.76155,-0.00465318,0.398333,0.0307624,-0.5239,0.839246,0.340521,-0.264464
01324181,1523964204485,-8.44451,-0.480971,2.29598,0.161123,0.474078,-0.273569,0.837499,0.366181,-0.10544
01324180,1523964204485,-8.44524,-3.79658,0.371992,0.352426,-0.0934338,-0.555714,0.717022,0.39843,-0.390501
01324189,1523964204502,-8.0105,-0.230313,3.07918,0.104727,0.483212,-0.0486925,0.712478,-0.118203,-0.514403
01324188,1523964204502,-6.88945,-1.62781,-6.67607,0.874038,0.687787,-0.214052,0.829239,-0.294723,-0.131933
01324185,1523964204502,-9.03471,-1.61667,0.0329161,0.439201,0.0353498,-0.553729,0.83788,0.344128,-0.2675
01324181,1523964204502,-8.67529,-0.527524,2.48377,0.208234,0.491034,-0.271783,0.8355,0.37008,-0.0985911
01324180,1523964204502,-8.46165,-3.68166,0.444969,0.395024,-0.0425666,-0.593739,0.712566,0.402004,-0.392796
01324189,1523964204518,-8.23971,-0.247642,1.62704,0.119496,0.577136,0.0489348,0.715959,-0.118553,-0.508157
01324188,1523964204518,-8.67564,0.714164,-4.0939,0.862263,0.836818,-0.189866,0.833031,-0.295121,-0.115574
01324185,1523964204518,-9.13066,-1.41385,0.00582162,0.437575,0.0314858,-0.589404,0.833801,0.349143,-0.270672
01324181,1523964204518,-8.8498,-0.592679,2.49839,0.28917,0.458366,-0.276582,0.835158,0.372889,-0.0946602
01324180,1523964204518,-8.5451,-3.60828,0.490478,0.418494,0.00670389,-0.64244,0.70635,0.407648,-0.396646
01324189,1523964204535,-8.56893,-0.226015,-0.358999,-0.137569,0.768747,0.124157,0.72433,-0.122181,-0.498915
01324188,1523964204535,-10.7209,0.934111,-1.34606,0.452916,0.517194,0.0300399,0.832213,-0.296264,-0.100281
01324185,1523964204535,-9.26281,-1.19157,-0.0563191,0.379581,-0.00179861,-0.626522,0.827281,0.358402,-0.273091
01324181,1523964204535,-8.61124,-0.638173,2.24721,0.343397,0.471054,-0.260327,0.832086,0.378324,-0.0902241
01324180,1523964204535,-8.61847,-3.57369,0.562457,0.432346,0.0424296,-0.673727,0.699567,0.414442,-0.39695
01324189,1523964204552,-10.5385,-0.942506,0.479573,-0.46473,0.887659,0.21386,0.729686,-0.121703,-0.490008
01324188,1523964204552,-11.1502,-1.42273,-0.60898,0.304921,0.420119,-0.0145198,0.831679,-0.298682,-0.0920752
01324185,1523964204552,-9.32312,-1.1335,-0.148963,0.292478,-0.0522425,-0.646501,0.823063,0.365516,-0.277066
01324181,1523964204552,-8.91895,-0.544866,2.36662,0.306969,0.547988,-0.2612,0.832025,0.379991,-0.0860066
01324180,1523964204552,-8.68237,-3.51703,0.612899,0.446354,0.0748691,-0.715581,0.696039,0.418575,-0.398437
01324189,1523964204568,-12.0145,-2.8764,2.74876,-0.336181,0.721303,0.234487,0.733139,-0.12046,-0.481875
01324188,1523964204568,-11.1335,-2.21938,-1.17465,0.391369,0.44481,-0.149917,0.835593,-0.29514,-0.0913639
01324185,1523964204568,-9.3235,-1.29718,-0.103588,0.259859,-0.0552954,-0.629433,0.816821,0.371284,-0.277754
01324181,1523964204568,-9.42396,-0.364204,2.57969,0.280123,0.549271,-0.243757,0.830565,0.383051,-0.0779504
01324180,1523964204568,-8.8282,-3.46064,0.597284,0.491674,0.117912,-0.754508,0.689838,0.420117,-0.395478
01324189,1523964204585,-10.9387,-4.78657,3.27807,0.160505,0.575138,0.136742,0.736335,-0.122947,-0.472967
01324188,1523964204585,-9.33673,-0.0589797,-1.42967,0.191285,0.424536,-0.213255,0.839101,-0.2924,-0.0858491
01324185,1523964204585,-9.41035,-1.38321,0.0126272,0.382664,-0.0808492,-0.597067,0.812471,0.376581,-0.280927
01324181,1523964204585,-9.38165,-0.0360384,2.40704,0.240949,0.492598,-0.244175,0.829031,0.384304,-0.0739745
01324180,1523964204585,-8.99145,-3.35583,0.547928,0.516459,0.130294,-0.79728,0.683602,0.426326,-0.396613
01324189,1523964204602,-9.4017,-4.50791,2.15047,0.443997,0.48003,0.0327182,0.739294,-0.126163,-0.467407
01324188,1523964204602,-9.46191,-0.544328,-0.914093,-0.208808,0.45326,-0.182941,0.839894,-0.289639,-0.0797602
01324185,1523964204602,-9.5211,-1.38723,0.12417,0.570522,-0.099982,-0.564811,0.809072,0.381464,-0.283577
01324181,1523964204602,-9.53314,0.148991,2.39286,0.208705,0.457783,-0.21333,0.829461,0.388991,-0.0687622
01324180,1523964204602,-9.08766,-3.22192,0.562226,0.556871,0.151435,-0.838142,0.678199,0.430641,-0.398879
01324189,1523964204618,-8.74806,-2.40556,1.70747,0.571315,0.340279,-0.03694,0.740731,-0.128321,-0.459814
01324188,1523964204618,-10.3436,-1.65288,-0.531359,0.0182391,0.448903,-0.150562,0.836899,-0.289438,-0.0705516
01324185,1523964204618,-9.75405,-1.15448,0.304021,0.757512,-0.132113,-0.510336,0.801728,0.386813,-0.291445
01324181,1523964204618,-9.82945,0.162305,2.59357,0.208364,0.42511,-0.166993,0.827238,0.389735,-0.062377
01324180,1523964204618,-9.22,-3.10055,0.580935,0.623549,0.177193,-0.885833,0.672279,0.435578,-0.406531
01324189,1523964204635,-9.0261,-1.59086,1.93267,0.590437,0.208963,-0.0463575,0.743181,-0.133119,-0.456802
01324188,1523964204635,-9.70242,-2.19092,-0.473721,0.370562,0.47084,-0.15842,0.839055,-0.287857,-0.0615906
01324185,1523964204635,-10.0496,-0.904462,0.500933,0.935321,-0.25233,-0.463778,0.796823,0.389453,-0.300864
01324181,1523964204635,-9.72747,0.0567881,2.56244,0.274021,0.285623,-0.158083,0.824763,0.39322,-0.0616267
01324180,1523964204635,-9.40617,-2.96378,0.681377,0.702427,0.201026,-0.923774,0.664449,0.441834,-0.410885
01324189,1523964204652,-9.42478,-1.75601,2.09651,0.582962,0.148667,-0.0977192,0.743031,-0.138559,-0.452027
01324188,1523964204652,-9.46858,-1.75744,-1.21589,0.659905,0.476548,-0.155461,0.841339,-0.285128,-0.05229
01324185,1523964204652,-10.0302,-1.00791,0.721965,1.05687,-0.426607,-0.418576,0.793816,0.388834,-0.311173
01324181,1523964204652,-9.63069,-0.0877393,2.6914,0.268474,0.146125,-0.145489,0.824482,0.39339,-0.0605644
01324180,1523964204652,-9.32196,-2.733,0.637546,0.798613,0.211134,-0.928331,0.658402,0.446342,-0.419084
01324189,1523964204668,-9.7877,-1.55113,1.54508,0.466547,0.0601213,-0.0961081,0.744123,-0.140597,-0.451119
01324188,1523964204668,-9.5294,-0.543935,-1.63073,0.494156,0.461182,-0.134679,0.842674,-0.282655,-0.0433975
01324185,1523964204668,-9.70744,-1.17362,0.741394,1.09237,-0.522853,-0.411263,0.787543,0.390242,-0.326064
01324181,1523964204668,-9.39946,-0.119186,2.95431,0.229183,0.0205023,-0.14478,0.824593,0.395111,-0.0603357
01324180,1523964204668,-9.33957,-2.47659,0.568693,0.8924,0.230819,-0.885334,0.654095,0.448459,-0.42087
01324189,1523964204685,-9.71557,-1.34226,1.26457,0.39668,-0.065279,-0.131667,0.741933,-0.140533,-0.449889
01324188,1523964204685,-9.66882,-0.996693,-1.63516,0.129388,0.467917,-0.180473,0.844834,-0.281579,-0.0360844
01324185,1523964204685,-9.16186,-0.938752,0.640405,1.10724,-0.450469,-0.391457,0.781823,0.387195,-0.338039
01324181,1523964204685,-9.24383,-0.0908455,3.18177,0.195312,-0.0557017,-0.150543,0.823111,0.396938,-0.06275
01324180,1523964204685,-9.30188,-2.08149,0.687241,0.953087,0.226209,-0.819837,0.64859,0.45105,-0.425467
01324189,1523964204702,-9.54647,-1.71355,1.40474,0.361935,-0.151282,-0.152971,0.743031,-0.141428,-0.45031
01324188,1523964204702,-9.6104,-1.56129,-1.61125,-0.0206727,0.461575,-0.200128,0.844806,-0.277718,-0.0313979
01324185,1523964204702,-9.09532,-0.498482,0.722804,1.13827,-0.332436,-0.363356,0.776775,0.383253,-0.352622
01324181,1523964204702,-9.53032,-0.169526,3.28287,0.149853,-0.0838448,-0.14194,0.821506,0.397909,-0.0651451
01324180,1523964204702,-9.08668,-1.88562,0.666249,0.991088,0.200148,-0.73714,0.642697,0.450869,-0.42633
01324189,1523964204718,-9.72951,-2.07336,1.65492,0.215773,-0.201514,-0.181755,0.741158,-0.141969,-0.45337
01324188,1523964204718,-9.78553,-1.87282,-1.79477,-0.00312924,0.451467,-0.171812,0.844245,-0.2757,-0.0245304
01324185,1523964204718,-9.28485,-0.157795,0.746825,1.17983,-0.279528,-0.31608,0.773093,0.380522,-0.362777
01324181,1523964204718,-9.55595,-0.199189,3.58273,0.123832,-0.206556,-0.13084,0.820161,0.399315,-0.0671533
01324180,1523964204718,-9.25594,-1.53034,0.666548,0.927681,0.200066,-0.698733,0.637758,0.450692,-0.43045
01324189,1523964204735,-9.77744,-2.50497,1.33333,0.144512,-0.221527,-0.187277,0.738988,-0.142202,-0.454016
01324188,1523964204735,-10.0057,-1.90639,-1.70611,0.0285956,0.414055,-0.118937,0.846661,-0.271925,-0.0189371
01324185,1523964204735,-9.63414,0.0730121,0.640512,1.09945,-0.273357,-0.30235,0.76927,0.379883,-0.374128
01324181,1523964204735,-9.60627,-0.146688,3.92192,0.0888471,-0.373427,-0.11665,0.818558,0.401949,-0.0719748
01324180,1523964204735,-9.51478,-1.34491,0.650538,0.788808,0.181346,-0.618758,0.633642,0.450962,-0.439167
01324189,1523964204752,-9.92913,-2.62448,1.00917,0.16184,-0.254523,-0.193351,0.737911,-0.140172,-0.45653
01324188,1523964204752,-9.9243,-2.16919,-2.09904,0.114144,0.357781,-0.103898,0.84679,-0.271504,-0.0124476
01324185,1523964204752,-10.0173,0.21983,0.609304,0.968091,-0.258109,-0.309025,0.765042,0.379393,-0.385088
01324181,1523964204752,-9.53881,-0.126726,4.21901,0.0486546,-0.415657,-0.103113,0.81833,0.40422,-0.0794603
01324180,1523964204752,-9.98355,-1.35931,0.57821,0.661822,0.157534,-0.500062,0.630987,0.450896,-0.444535
01324189,1523964204768,-9.75583,-2.29148,0.744467,0.2071,-0.234332,-0.175509,0.73575,-0.139263,-0.458773
01324188,1523964204768,-9.55372,-2.03492,-2.88288,0.229358,0.286362,-0.0657742,0.846368,-0.269848,-0.00722069
01324185,1523964204768,-10.4363,0.439154,0.634691,0.853126,-0.184963,-0.322885,0.762045,0.376722,-0.392109
01324181,1523964204768,-9.66103,-0.0845795,4.31402,0.0415587,-0.261454,-0.0862117,0.818104,0.403569,-0.0831646
01324180,1523964204768,-10.5953,-1.51473,0.440873,0.559616,0.0839789,-0.342879,0.629648,0.452246,-0.448002
01324189,1523964204785,-9.98035,-1.70498,0.885558,0.155901,-0.173276,-0.151768,0.733873,-0.13722,-0.463017
01324188,1523964204785,-9.72738,-1.25239,-2.98008,0.168446,0.199058,-0.0601183,0.848945,-0.269676,-0.00562605
01324185,1523964204785,-10.9183,0.653941,0.53665,0.741613,-0.0766287,-0.338661,0.757963,0.375461,-0.399141
01324181,1523964204785,-9.92028,-0.0585901,4.38431,0.0308333,-0.11055,-0.0572249,0.815684,0.407067,-0.0882612
01324180,1523964204785,-11.155,-1.58766,0.323832,0.490888,-0.00166392,-0.189077,0.626595,0.448954,-0.446401
01324189,1523964204802,-10.4047,-1.44578,0.800087,0.0458631,-0.118475,-0.11307,0.733074,-0.137638,-0.464617
01324188,1523964204802,-10.1825,-1.41504,-2.92692,0.0221663,0.0856982,-0.0580019,0.846627,-0.268273,-0.00362361
01324185,1523964204802,-11.3783,0.859068,0.554236,0.518291,0.0243346,-0.316852,0.75565,0.376675,-0.40202
01324181,1523964204802,-10.2802,-0.14529,4.33054,0.0280896,-0.0392964,-0.0323648,0.815711,0.405339,-0.0887569
01324180,1523964204802,-11.4835,-1.58555,0.214295,0.389262,-0.0885595,-0.0671735,0.62598,0.446091,-0.450774
01324189,1523964204818,-10.7888,-1.74347,0.741892,-0.0837745,-0.0582697,-0.0566799,0.732374,-0.134885,-0.464319
01324188,1523964204818,-10.3583,-1.93313,-3.22649,0.0223828,-0.0314586,-0.0451314,0.846772,-0.26993,-0.00251701
01324185,1523964204818,-11.6889,1.00075,0.665553,0.247368,0.0961873,-0.257417,0.753883,0.376638,-0.403974
01324181,1523964204818,-10.4882,-0.118766,4.48809,0.0207882,-0.040542,-0.00644381,0.816228,0.405936,-0.0873132
01324180,1523964204818,-11.5907,-1.51638,0.174958,0.283922,-0.132733,0.0198064,0.622659,0.444864,-0.453993
01324189,1523964204835,-10.8478,-2.31447,0.264351,-0.152844,0.0235943,-0.0144068,0.731831,-0.135158,-0.464315
01324188,1523964204835,-10.2017,-2.08756,-3.29369,0.0403411,-0.183783,0.00733579,0.846495,-0.268795,-0.00486679
01324185,1523964204835,-11.843,0.963355,0.84966,-0.0299338,0.131451,-0.163753,0.754966,0.380176,-0.403228
01324181,1523964204835,-10.6045,-0.178428,4.56094,-0.00328274,0.0145757,0.00966272,0.815788,0.407971,-0.0861553
01324180,1523964204835,-11.5998,-1.39384,0.219046,0.160125,-0.164593,0.0997137,0.624712,0.443113,-0.458382
01324189,1523964204852,-10.7188,-2.67473,-0.0159357,-0.140682,0.106277,-0.00388315,0.734272,-0.134357,-0.463802
01324188,1523964204852,-10.0759,-2.0674,-3.48497,-0.0114999,-0.343243,0.060124,0.847586,-0.269097,-0.00813178
01324185,1523964204852,-11.8046,0.741832,1.09293,-0.232521,0.135838,-0.0921247,0.753746,0.384578,-0.401567
01324181,1523964204852,-10.7145,-0.225828,4.56597,-0.0353746,0.0502494,0.0273461,0.816346,0.407502,-0.0876129
01324180,1523964204852,-11.5923,-1.42808,0.269685,0.0512621,-0.147546,0.190565,0.62355,0.440246,-0.460585
01324189,1523964204868,-10.1955,-2.42228,-0.237432,-0.07911,0.195265,0.00848878,0.736172,-0.135551,-0.462495
01324188,1523964204868,-9.55192,-2.2528,-3.45369,-0.0320602,-0.46227,0.0870821,0.845979,-0.271781,-0.0155525
01324185,1523964204868,-11.6672,0.538929,1.30751,-0.356094,0.139856,0.0168163,0.755792,0.385807,-0.396227
01324181,1523964204868,-10.6285,-0.129835,4.12999,-0.109994,0.0216316,0.018678,0.816651,0.405054,-0.0880964
01324180,1523964204868,-11.378,-1.55405,0.32184,-0.028142,-0.123894,0.218282,0.623866,0.437944,-0.464554
01324189,1523964204885,-9.9087,-2.60043,-0.247054,-0.0818125,0.300538,0.015338,0.738323,-0.133586,-0.460898
01324188,1523964204885,-9.6101,-2.26279,-3.02477,-0.0960598,-0.607518,0.118667,0.846537,-0.273129,-0.0242636
01324185,1523964204885,-11.3516,0.349247,1.39786,-0.42367,0.153682,0.0992297,0.75797,0.386591,-0.39206
01324181,1523964204885,-10.5003,0.177592,3.85927,-0.163435,0.0112088,0.035062,0.81826,0.404352,-0.0865042
01324180,1523964204885,-11.1259,-1.62203,0.410935,-0.0884041,-0.111232,0.272423,0.626037,0.435583,-0.464228
01324189,1523964204902,-9.94931,-2.71567,-0.090935,-0.189853,0.350006,-0.000208516,0.740728,-0.132766,-0.456771
01324188,1523964204902,-9.96342,-2.34287,-2.76378,-0.0833393,-0.726366,0.166072,0.844924,-0.274555,-0.0336257
01324185,1523964204902,-11.1398,0.251568,1.34127,-0.495959,0.148322,0.1954,0.760013,0.388233,-0.387247
01324181,1523964204902,-10.2668,0.301706,3.80042,-0.211608,0.0275497,0.0637265,0.817529,0.406855,-0.0837586
01324180,1523964204902,-10.802,-1.63859,0.510681,-0.150311,-0.0713725,0.281025,0.627753,0.434782,-0.456702
01324189,1523964204918,-9.99075,-2.43881,0.012579,-0.155484,0.396257,-0.0170541,0.743818,-0.133688,-0.451997
01324188,1523964204918,-10.0006,-1.90787,-2.53881,-0.0235539,-0.83148,0.217521,0.844538,-0.276842,-0.0437306
01324185,1523964204918,-10.8409,0.259224,1.21678,-0.608002,0.127965,0.248317,0.762191,0.390572,-0.382833
01324181,1523964204918,-9.94367,0.368856,3.49692,-0.266901,0.0351383,0.100076,0.818348,0.40515,-0.0826687
01324180,1523964204918,-10.4673,-1.7222,0.571494,-0.231703,-0.0229869,0.298337,0.63046,0.432852,-0.457321
01324189,1523964204935,-9.96346,-2.3192,0.109813,-0.0185884,0.380987,-0.0485564,0.748812,-0.132076,-0.448563
01324188,1523964204935,-9.79309,-1.3243,-2.30988,-0.0589704,-0.930215,0.240985,0.84253,-0.279872,-0.0560165
01324185,1523964204935,-10.4623,0.348223,1.06863,-0.720226,0.0970234,0.29788,0.763558,0.391799,-0.377622
01324181,1523964204935,-9.55836,0.368914,3.0671,-0.299049,0.0729144,0.142638,0.81834,0.404059,-0.0802542
01324180,1523964204935,-10.0597,-1.83393,0.632865,-0.298667,0.00284732,0.305887,0.63314,0.432066,-0.454944
01324189,1523964204952,-9.79584,-1.86952,0.507537,0.0837507,0.31085,-0.0729913,0.753364,-0.12972,-0.442173
01324188,1523964204952,-9.67754,-0.753677,-1.90443,-0.181831,-0.99105,0.21823,0.841472,-0.28264,-0.0711264
01324185,1523964204952,-9.93442,0.32071,0.905588,-0.891476,0.0694796,0.364466,0.767915,0.38854,-0.371071
01324181,1523964204952,-9.07942,0.272942,2.75081,-0.334713,0.0785839,0.171131,0.822526,0.400358,-0.0767662
01324180,1523964204952,-9.53503,-1.84561,0.722513,-0.386393,0.0164312,0.307944,0.63581,0.434063,-0.457375
01324189,1523964204968,-9.61484,-1.36206,0.851646,0.143045,0.215293,-0.0708736,0.755536,-0.130491,-0.441134
01324188,1523964204968,-9.6428,-0.432168,-0.997931,-0.359516,-1.0398,0.19522,0.837705,-0.286191,-0.087194
01324185,1523964204968,-9.28395,0.147994,0.765479,-1.08768,0.0209594,0.422684,0.77227,0.391235,-0.362747
01324181,1523964204968,-8.68741,0.23414,2.46909,-0.357919,0.0531906,0.191574,0.82345,0.399554,-0.0737031
01324180,1523964204968,-8.79256,-1.8545,0.790135,-0.47739,0.0286436,0.289702,0.639548,0.434271,-0.454723
01324189,1523964204985,-9.58639,-1.06322,0.939553,0.233716,0.102155,-0.065036,0.757562,-0.130393,-0.439551
01324188,1523964204985,-9.4317,-0.884467,-0.90643,-0.354338,-1.04041,0.172283,0.837858,-0.28709,-0.102202
01324185,1523964204985,-8.59538,-0.203123,0.632852,-1.23693,-0.0334371,0.467276,0.776221,0.389831,-0.355036
01324181,1523964204985,-8.74341,0.189918,2.33434,-0.40242,0.0524024,0.200346,0.82454,0.396313,-0.0707238
01324180,1523964204985,-8.06492,-1.83195,0.836033,-0.568345,0.0454602,0.260955,0.643704,0.434048,-0.453978
01324189,1523964205002,-9.40701,-0.833838,1.04936,0.314192,-0.0143434,-0.0450389,0.758242,-0.132132,-0.438368
01324188,1523964205002,-9.53333,-0.883973,-0.57594,-0.26462,-1.01561,0.135977,0.835982,-0.289061,-0.118464
01324185,1523964205002,-8.14106,-0.620247,0.445421,-1.30128,-0.0832921,0.522004,0.781254,0.391102,-0.347485
01324181,1523964205002,-9.41208,0.284053,2.1568,-0.484436,-0.0977681,0.209802,0.825889,0.395317,-0.0696542
01324180,1523964205002,-7.66083,-1.83182,0.81581,-0.677048,0.0618231,0.254137,0.644987,0.436897,-0.44921
01324189,1523964205018,-9.47764,-0.694201,1.58625,0.198136,-0.14597,-0.043386,0.759208,-0.132737,-0.439321
01324188,1523964205018,-9.85942,-0.774757,-0.158048,-0.15647,-1.01225,0.112799,0.832198,-0.29028,-0.131422
01324185,1523964205018,-8.17915,-1.13787,0.217018,-1.25554,-0.173605,0.51915,0.782219,0.390804,-0.340951
01324181,1523964205018,-10.0747,0.36361,2.09066,-0.550609,-0.375138,0.225002,0.827253,0.392896,-0.0682892
01324180,1523964205018,-7.83755,-1.96306,0.702188,-0.800351,0.0996258,0.272091,0.648932,0.440851,-0.442973
01324189,1523964205035,-9.74565,-0.582564,2.36459,0.054622,-0.273749,-0.0204679,0.757921,-0.135036,-0.445613
01324188,1523964205035,-10.2375,-0.345806,0.0768551,-0.129513,-0.971455,0.101852,0.828962,-0.292127,-0.146717
01324185,1523964205035,-8.76493,-1.62573,-0.143533,-1.13295,-0.194377,0.50313,0.787925,0.391053,-0.335222
01324181,1523964205035,-9.92265,0.297496,2.06875,-0.621249,-0.682661,0.243217,0.829058,0.393021,-0.0744225
01324180,1523964205035,-8.42642,-2.36397,0.520223,-0.895735,0.0960365,0.35062,0.654217,0.443015,-0.432467
01324189,1523964205052,-10.0304,-0.571881,2.94822,-0.130648,-0.354498,0.00844345,0.754969,-0.133258,-0.451051
01324188,1523964205052,-10.6578,0.400307,-0.200986,-0.192486,-0.91628,0.110795,0.825727,-0.294051,-0.160399
01324185,1523964205052,-9.44874,-1.91781,-0.349038,-0.985177,-0.178966,0.520886,0.792273,0.390568,-0.33105
01324181,1523964205052,-9.35751,0.124602,2.12398,-0.595701,-0.775882,0.274097,0.830095,0.389875,-0.0802138
01324180,1523964205052,-8.9361,-2.934,0.43961,-0.942223,0.0833101,0.453949,0.659122,0.444623,-0.424939
01324189,1523964205068,-10.1315,-0.524011,3.84559,-0.423934,-0.449611,0.0743032,0.75594,-0.132002,-0.453728
01324188,1523964205068,-10.3164,1.25467,0.19772,-0.35309,-0.82421,0.103645,0.826141,-0.29376,-0.172912
01324185,1523964205068,-9.73887,-2.13033,-0.392665,-0.81246,-0.156229,0.586953,0.795404,0.387969,-0.326853
01324181,1523964205068,-9.10866,-0.112699,2.19774,-0.590316,-0.660747,0.285389,0.831697,0.385964,-0.0878551
01324180,1523964205068,-9.10854,-3.42859,0.449711,-0.931589,-0.0118306,0.565797,0.663081,0.448595,-0.421675
01324189,1523964205085,-9.63699,-0.723018,4.4559,-0.641044,-0.525006,0.121609,0.753688,-0.127671,-0.462766
01324188,1523964205085,-9.9388,2.09064,0.447102,-0.606992,-0.698324,0.126328,0.823703,-0.293119,-0.185636
01324185,1523964205085,-9.63555,-2.30188,-0.346796,-0.635287,-0.118298,0.674942,0.798398,0.38267,-0.323806
01324181,1523964205085,-9.09046,-0.430284,2.17496,-0.542173,-0.657431,0.270644,0.832845,0.384258,-0.0931461
01324180,1523964205085,-9.04635,-3.73685,0.448625,-0.928875,-0.0890876,0.658372,0.669605,0.449744,-0.414991
01324189,1523964205102,-8.89368,-0.906767,5.02355,-0.77954,-0.590106,0.138014,0.751032,-0.12534,-0.471147
01324188,1523964205102,-9.39851,1.68828,-0.232119,-0.437239,-0.515442,0.173852,0.819366,-0.293002,-0.195811
01324185,1523964205102,-9.36562,-2.42868,-0.264846,-0.488775,-0.0520366,0.745736,0.803025,0.375996,-0.318922
01324181,1523964205102,-8.94419,-0.656747,2.34445,-0.52242,-0.743187,0.223287,0.831476,0.379995,-0.0991547
01324180,1523964205102,-8.74444,-3.88797,0.465244,-0.910619,-0.15593,0.758137,0.674142,0.448754,-0.408321
01324189,1523964205118,-8.16989,-1.3957,5.6151,-0.836898,-0.661283,0.108511,0.740335,-0.117341,-0.481933
01324188,1523964205118,-8.82544,0.927169,-1.6977,-0.158589,-0.283217,0.262516,0.818982,-0.29606,-0.201923
01324185,1523964205118,-9.14845,-2.49731,-0.115724,-0.387159,-0.00690217,0.775904,0.808997,0.368399,-0.318085
01324181,1523964205118,-8.71851,-0.899453,2.75627,-0.458099,-0.751251,0.165242,0.833065,0.377921,-0.107897
01324180,1523964205118,-8.44002,-4.05381,0.505975,-0.855019,-0.188994,0.840787,0.679231,0.446742,-0.40222
01324189,1523964205135,-7.77946,-2.13355,6.15999,-0.714562,-0.718738,0.0627711,0.736325,-0.112826,-0.492288
01324188,1523964205135,-9.17699,-0.0818888,-2.38372,0.0681222,0.0167425,0.42223,0.815621,-0.301222,-0.202473
01324185,1523964205135,-9.01317,-2.5221,0.0267483,-0.361427,-0.00533926,0.780938,0.814431,0.359121,-0.316707
01324181,1523964205135,-8.58188,-1.05069,2.7697,-0.338586,-0.725514,0.115076,0.831524,0.377773,-0.115584
01324180,1523964205135,-8.20581,-4.21065,0.531569,-0.787647,-0.1833,0.916768,0.686107,0.442544,-0.399703
01324189,1523964205152,-8.50255,-2.91224,6.73619,-0.432029,-0.736118,0.0425844,0.734772,-0.1101,-0.502284
01324188,1523964205152,-10.0255,-2.13894,-2.9312,0.320447,0.314018,0.43867,0.814985,-0.308376,-0.198873
01324185,1523964205152,-9.10533,-2.65641,-0.0358633,-0.394157,-0.024666,0.755608,0.820945,0.353081,-0.315494
01324181,1523964205152,-8.83651,-1.07795,2.74927,-0.242217,-0.669575,0.0705009,0.831586,0.378741,-0.123577
01324180,1523964205152,-8.29343,-4.36662,0.57336,-0.716792,-0.181217,0.999851,0.694042,0.436397,-0.389808
01324189,1523964205168,-9.73507,-3.98308,6.79606,-0.0472632,-0.763947,0.0619456,0.729133,-0.107696,-0.511834
01324188,1523964205168,-9.24488,-1.61616,-3.97687,0.857849,0.634517,0.284018,0.816241,-0.315006,-0.188528
01324185,1523964205168,-9.54016,-2.74059,-0.263872,-0.429021,-0.0349926,0.661411,0.826108,0.345224,-0.313475
01324181,1523964205168,-9.28832,-1.1758,3.13465,-0.134516,-0.65383,0.047152,0.833026,0.377258,-0.131533
01324180,1523964205168,-8.79326,-4.63867,0.634658,-0.654551,-0.180682,1.07238,0.702433,0.428397,-0.386443
01324189,1523964205185,-10.0641,-4.87946,5.76199,0.162719,-0.842194,0.02554,0.72256,-0.109867,-0.520473
01324188,1523964205185,-8.74642,1.79051,-5.23902,0.757405,1.00939,0.324602,0.817486,-0.320815,-0.17086
01324185,1523964205185,-10.1459,-2.76102,-0.393018,-0.411339,-0.0316137,0.582413,0.829647,0.339384,-0.309249
01324181,1523964205185,-9.71175,-1.03051,3.28613,-0.0366057,-0.624711,0.0316682,0.831768,0.376796,-0.140279
01324180,1523964205185,-9.40661,-5.09525,0.669666,-0.595941,-0.162362,1.13181,0.708693,0.420157,-0.385349
01324189,1523964205202,-9.1222,-4.63477,4.3366,0.0316687,-0.886179,-0.00345166,0.71329,-0.111119,-0.532285
01324188,1523964205202,-9.28524,5.25278,-5.27585,-0.177953,1.33149,0.410054,0.822684,-0.329406,-0.15126
01324185,1523964205202,-10.8675,-2.83851,-0.52632,-0.275065,-0.0755083,0.560593,0.833453,0.33066,-0.308393
01324181,1523964205202,-10.2032,-0.837497,3.42177,0.0141532,-0.53354,0.027227,0.828919,0.374913,-0.149644
01324180,1523964205202,-10.1742,-5.58717,0.678804,-0.470859,-0.193498,1.17903,0.71741,0.409572,-0.38731
01324189,1523964205218,-8.07848,-3.10848,3.14639,-0.399047,-0.792324,0.0213469,0.706032,-0.109827,-0.542629
01324188,1523964205218,-9.7763,5.79461,-5.96041,-1.58788,1.5973,0.465201,0.825408,-0.332472,-0.136671
01324185,1523964205218,-11.3934,-2.84248,-0.552294,-0.0958623,-0.0984922,0.555557,0.836029,0.324423,-0.310172
01324181,1523964205218,-10.4512,-0.801821,3.67549,0.101407,-0.547986,0.00102709,0.828185,0.375034,-0.157611
01324180,1523964205218,-10.8737,-5.92873,0.699101,-0.278805,-0.237945,1.20286,0.723707,0.399023,-0.388155
01324189,1523964205235,-7.47657,-1.49131,3.26772,-0.578542,-0.659203,0.158961,0.699698,-0.104529,-0.552549
01324188,1523964205235,-10.0986,4.30237,-5.13334,-2.67465,1.77258,0.4703,0.824868,-0.334081,-0.127068
01324185,1523964205235,-11.6144,-2.64113,-0.399321,0.0729444,-0.0279345,0.554963,0.840233,0.318616,-0.311567
01324181,1523964205235,-10.0629,-0.835918,3.51924,0.188907,-0.488582,-0.0402044,0.82836,0.376884,-0.164427
01324180,1523964205235,-11.1703,-6.00481,0.715123,-0.0763761,-0.308872,1.19314,0.731361,0.386261,-0.386767
01324189,1523964205252,-7.43236,-0.493692,4.08239,-0.316997,-0.561331,0.419073,0.695971,-0.107342,-0.559487
01324188,1523964205252,-10.243,3.21198,-3.93587,-2.65116,1.94242,0.647557,0.829086,-0.33683,-0.116653
01324185,1523964205252,-11.6322,-2.26519,-0.150085,0.156402,0.106207,0.574417,0.843629,0.310582,-0.311501
01324181,1523964205252,-9.36287,-0.948664,3.17812,0.271194,-0.314219,-0.0770459,0.82629,0.375749,-0.171822
01324180,1523964205252,-11.1271,-5.8463,0.842092,0.0943066,-0.349881,1.16935,0.738249,0.372384,-0.390659
01324189,1523964205268,-7.81052,-0.83516,4.9173,-0.109329,-0.466276,0.655119,0.691684,-0.110133,-0.564946
01324188,1523964205268,-10.163,2.64733,-3.21902,-2.02852,2.08491,1.04104,0.82791,-0.345846,-0.101175
01324185,1523964205268,-11.252,-1.9254,0.13344,0.0881422,0.209167,0.583946,0.8492,0.301603,-0.309212
01324181,1523964205268,-8.90489,-0.923769,3.09364,0.335671,-0.107115,-0.115223,0.826299,0.378229,-0.176126
01324180,1523964205268,-10.5444,-5.57734,1.16828,0.229923,-0.346311,1.09632,0.744364,0.356793,-0.396737
01324189,1523964205285,-7.75085,-1.46355,5.08286,0.0290129,-0.365661,0.78955,0.685136,-0.122501,-0.56992
01324188,1523964205285,-10.1706,1.91667,-2.85616,-1.17219,2.18503,1.42504,0.825269,-0.360251,-0.079012
01324185,1523964205285,-10.515,-1.60714,0.372794,-0.0886995,0.195792,0.565347,0.853146,0.292635,-0.306394
01324181,1523964205285,-8.6472,-0.639231,3.01738,0.380336,0.0297608,-0.126345,0.82553,0.377318,-0.179022
01324180,1523964205285,-9.51462,-5.29412,1.55693,0.283215,-0.309012,0.984225,0.746217,0.340137,-0.406017
01324189,1523964205302,-7.33487,-2.12878,4.07704,0.241511,-0.20661,0.848517,0.680735,-0.13161,-0.573688
01324188,1523964205302,-10.2018,1.32136,-2.52803,-0.136478,2.23278,1.72295,0.818869,-0.381835,-0.0515947
01324185,1523964205302,-9.67026,-1.49191,0.478602,-0.264574,0.121064,0.487589,0.856277,0.286211,-0.303206
01324181,1523964205302,-8.52801,-0.453138,2.65233,0.414392,0.135531,-0.144556,0.826058,0.379557,-0.180934
01324180,1523964205302,-8.64048,-4.93497,1.89613,0.251528,-0.272249,0.797796,0.750541,0.328347,-0.411722
01324189,1523964205318,-7.18822,-2.09432,2.84327,0.497422,0.0520133,0.815085,0.677128,-0.142738,-0.573869
01324188,1523964205318,-9.72564,1.31338,-2.32471,0.865399,2.25395,1.86109,0.810855,-0.406601,-0.0178915
01324185,1523964205318,-8.87939,-1.5787,0.472328,-0.379308,0.00688093,0.398976,0.859267,0.282299,-0.301349
01324181,1523964205318,-8.72868,-0.443499,2.79576,0.451603,0.151965,-0.122071,0.825255,0.37928,-0.181053
01324180,1523964205318,-8.07924,-4.6755,2.18339,0.142171,-0.196424,0.618228,0.754807,0.319428,-0.412369
01324189,1523964205335,-7.1904,-1.19639,2.41705,0.816189,0.270444,0.797961,0.677735,-0.159423,-0.569994
01324188,1523964205335,-9.45498,1.94537,-2.50583,1.57458,2.22129,1.88684,0.798918,-0.434588,0.0237404
01324185,1523964205335,-8.44596,-1.78372,0.397648,-0.410401,-0.0708721,0.250588,0.861443,0.279658,-0.29937
01324181,1523964205335,-8.87989,-0.311805,2.73914,0.451506,0.111496,-0.112058,0.825267,0.380085,-0.183462
01324180,1523964205335,-7.78414,-4.70184,2.26346,0.0103571,-0.154122,0.448822,0.756247,0.312461,-0.415773
01324189,1523964205352,-7.38148,-0.0507862,2.77072,1.09906,0.380668,0.79873,0.680235,-0.179595,-0.56269
01324188,1523964205352,-9.33984,3.03574,-2.64176,1.71317,2.12844,1.84073,0.783966,-0.457912,0.0665099
01324185,1523964205352,-8.45673,-2.08234,0.255599,-0.32719,-0.144514,0.100446,0.861981,0.278488,-0.301583
01324181,1523964205352,-8.87382,0.0375514,2.82909,0.421099,0.037388,-0.10144,0.824746,0.379914,-0.185047
01324180,1523964205352,-7.86839,-4.90287,2.23253,-0.0564689,-0.158758,0.318223,0.758974,0.309525,-0.417899
01324189,1523964205368,-7.75104,1.15017,2.86678,1.23705,0.417413,0.872035,0.684366,-0.200669,-0.554609
01324188,1523964205368,-9.22562,3.87692,-2.6575,1.26472,1.99622,1.75478,0.766726,-0.484009,0.104017
01324185,1523964205368,-8.67467,-2.26654,0.0775669,-0.163523,-0.219524,-0.019115,0.860617,0.28098,-0.303954
01324181,1523964205368,-8.63324,0.188414,2.79876,0.406614,-0.0248116,-0.0666736,0.824758,0.381137,-0.187996
01324180,1523964205368,-8.0876,-5.08449,2.04088,-0.0807879,-0.183756,0.164928,0.757421,0.306678,-0.422257
01324189,1523964205385,-7.94269,2.04699,2.40204,1.17066,0.468325,1.00145,0.683552,-0.219869,-0.543111
01324188,1523964205385,-8.99372,3.80978,-2.83438,0.458652,1.79027,1.63022,0.749574,-0.501647,0.135183
01324185,1523964205385,-8.93571,-2.29162,-0.168195,0.0424343,-0.257709,-0.11599,0.860069,0.281504,-0.306049
01324181,1523964205385,-8.44144,0.21011,2.77542,0.377075,0.0156498,-0.0266313,0.825351,0.378227,-0.189801
01324180,1523964205385,-8.45857,-5.11524,1.7954,-0.0896064,-0.216338,0.0451564,0.75796,0.30726,-0.424145
01324189,1523964205401,-7.88336,2.58986,2.38783,0.975803,0.629353,1.14618,0.683734,-0.239834,-0.535511
01324188,1523964205401,-8.74468,3.15651,-2.64028,-0.44341,1.55387,1.45159,0.737053,-0.520462,0.155577
01324185,1523964205401,-9.14327,-2.24231,-0.310251,0.265546,-0.212082,-0.182818,0.85857,0.283284,-0.308805
01324181,1523964205401,-8.49887,0.112262,2.92665,0.372556,0.0796826,-0.00793325,0.826327,0.377857,-0.192992
01324180,1523964205401,-8.85963,-5.07415,1.57178,-0.0528773,-0.261311,-0.0603232,0.755995,0.3075,-0.434247
01324189,1523964205418,-8.02543,2.84964,2.22507,0.630687,0.798712,1.17494,0.684698,-0.258512,-0.525234
01324188,1523964205418,-8.98661,1.78969,-2.20965,-1.16191,1.22935,1.30682,0.72223,-0.538783,0.163236
01324185,1523964205418,-9.34045,-2.03882,-0.29905,0.444442,-0.145149,-0.274403,0.855575,0.283613,-0.313765
01324181,1523964205418,-8.61797,0.00170608,2.8942,0.358391,0.142458,-0.00816299,0.826347,0.377256,-0.194309
01324180,1523964205418,-9.12085,-5.01751,1.40278,0.0206319,-0.313371,-0.156856,0.752767,0.310342,-0.439007
01324189,1523964205435,-8.92777,2.85835,1.97341,0.0707286,1.02476,1.13727,0.688927,-0.27541,-0.515783
01324188,1523964205435,-9.06645,-0.221577,-1.76963,-1.55923,0.869144,1.1931,0.70743,-0.559537,0.160641
01324185,1523964205435,-9.60195,-1.63258,-0.165862,0.558393,-0.0858893,-0.401577,0.854344,0.285375,-0.317437
01324181,1523964205435,-8.82369,0.0088835,3.00867,0.329909,0.198316,-0.000640175,0.82849,0.377806,-0.193944
01324180,1523964205435,-9.23805,-4.90199,1.30559,0.121732,-0.34279,-0.242524,0.750115,0.310425,-0.445182
01324189,1523964205451,-10.2197,2.69185,1.83674,-0.545048,1.1047,1.05801,0.695673,-0.285884,-0.503098
01324188,1523964205451,-9.32975,-2.12193,-0.883966,-1.48028,0.504224,1.06132,0.693994,-0.580345,0.149407
01324185,1523964205451,-9.80559,-1.25076,-0.0179155,0.58185,-0.0678112,-0.506287,0.851069,0.289036,-0.325042
01324181,1523964205451,-8.91128,0.0612568,2.96605,0.305126,0.245799,-0.0139249,0.827679,0.376437,-0.191648
01324180,1523964205451,-9.39634,-4.62075,1.24275,0.187732,-0.367141,-0.324811,0.744443,0.312538,-0.442084
01324189,1523964205468,-10.5837,2.03216,1.33681,-1.06945,1.10487,0.970147,0.701608,-0.289168,-0.495431
01324188,1523964205468,-9.38631,-3.08447,-1.1323,-0.670923,0.169606,0.916288,0.684312,-0.594298,0.142864
01324185,1523964205468,-9.8238,-1.0193,0.208562,0.576719,-0.00864521,-0.582352,0.848753,0.294765,-0.327703
01324181,1523964205468,-8.96022,0.0559073,2.86682,0.244711,0.309397,-0.013169,0.829694,0.375028,-0.189381
01324180,1523964205468,-9.49232,-4.30776,1.21453,0.225349,-0.367137,-0.403598,0.740959,0.315252,-0.449005
01324189,1523964205485,-10.1654,0.995791,1.49842,-1.33875,1.14547,0.903359,0.705229,-0.290241,-0.489193
01324188,1523964205485,-8.85496,-3.86176,-0.590315,-0.0323672,-0.157845,0.756081,0.678933,-0.602579,0.144298
01324185,1523964205485,-9.87598,-0.888714,0.473926,0.58157,0.0436268,-0.632011,0.846709,0.299932,-0.330229
01324181,1523964205485,-9.01651,0.137727,2.86972,0.211137,0.360055,-0.0453711,0.831161,0.374345,-0.186991
01324180,1523964205485,-9.39995,-3.97336,1.19794,0.231533,-0.341913,-0.522884,0.736397,0.318861,-0.456973
01324189,1523964205501,-10.1939,-0.210564,1.85135,-1.23632,1.23852,0.882231,0.710186,-0.289471,-0.481483
01324188,1523964205501,-9.2781,-3.81325,0.288543,0.703101,-0.386592,0.45053,0.675441,-0.608668,0.144904
01324185,1523964205501,-9.89472,-0.849864,0.702408,0.538447,0.0647425,-0.672918,0.843178,0.307262,-0.330288
01324181,1523964205501,-9.03758,0.113194,2.89662,0.160523,0.349062,-0.0625346,0.831796,0.374561,-0.183282
01324180,1523964205501,-9.21521,-3.66917,1.17241,0.216359,-0.27782,-0.661402,0.729513,0.324667,-0.46162
01324189,1523964205518,-10.3358,-1.32994,1.92872,-1.03267,1.27531,0.886441,0.71829,-0.291229,-0.473829
01324188,1523964205518,-9.36152,-4.09311,1.05221,1.18026,-0.791258,0.0369108,0.675433,-0.607594,0.146857
01324185,1523964205518,-9.87521,-0.885945,0.871789,0.518308,0.0596469,-0.671167,0.839096,0.314527,-0.333742
01324181,1523964205518,-8.93106,0.0271424,2.86273,0.14027,0.350173,-0.0952299,0.831886,0.375774,-0.180119
01324180,1523964205518,-9.18477,-3.40298,1.14516,0.232829,-0.169995,-0.788838,0.724371,0.330589,-0.466426
01324189,1523964205535,-10.6975,-1.72533,2.37137,-0.764055,1.25115,0.933667,0.724723,-0.292926,-0.462409
01324188,1523964205535,-9.7309,-4.69807,0.170146,1.97431,-1.1545,-0.388256,0.67974,-0.602201,0.15145
01324185,1523964205535,-9.89914,-0.916965,1.01386,0.4893,0.0484522,-0.671058,0.835559,0.320956,-0.336668
01324181,1523964205535,-8.83783,-0.282331,2.90548,0.111143,0.342337,-0.133115,0.832899,0.377295,-0.175378
01324180,1523964205535,-9.24112,-3.17942,1.17243,0.259641,-0.0606745,-0.902124,0.718243,0.338823,-0.467117
01324189,1523964205551,-11.2806,-2.08106,4.26816,-0.420618,1.12104,0.887227,0.729304,-0.302203,-0.451831
01324188,1523964205551,-10.5567,-3.41956,-4.34736,2.88216,-1.07293,-0.668001,0.690498,-0.588027,0.168364
01324185,1523964205551,-9.9039,-0.960184,1.11156,0.468368,0.0286173,-0.647094,0.833105,0.328225,-0.339866
01324181,1523964205551,-9.17643,-0.577589,3.05387,0.0802142,0.344314,-0.170801,0.833656,0.377956,-0.170882
01324180,1523964205551,-9.26933,-3.03665,1.10768,0.30831,0.0469565,-1.01355,0.711589,0.34708,-0.469961
01324189,1523964205568,-11.4824,-2.50753,6.20527,0.0651792,0.855352,0.683302,0.736054,-0.309524,-0.441529
01324188,1523964205568,-13.7297,1.76022,-3.44307,1.95916,-0.940536,-0.675284,0.700047,-0.574767,0.17729
01324185,1523964205568,-9.96657,-0.940539,1.10434,0.463417,-0.00297394,-0.639219,0.830116,0.332713,-0.341076
01324181,1523964205568,-9.45601,-0.488735,3.09143,-0.00671732,0.319479,-0.218946,0.834503,0.382883,-0.16754
01324180,1523964205568,-9.42759,-2.9364,1.03901,0.295513,0.146788,-1.09639,0.707029,0.357591,-0.467927
01324189,1523964205585,-11.2148,-1.6329,6.66821,0.625347,0.61355,0.44214,0.738734,-0.318753,-0.431464
01324188,1523964205585,-12.1604,2.54118,-2.84631,0.379573,-0.968259,-0.942849,0.711107,-0.562948,0.172908
01324185,1523964205585,-10.0727,-0.88217,1.02093,0.452908,-0.0139083,-0.597442,0.827392,0.33815,-0.344255
01324181,1523964205585,-9.55811,-0.203665,3.09498,-0.0938142,0.253462,-0.245107,0.83334,0.386568,-0.163353
01324180,1523964205585,-9.6401,-2.93814,0.966841,0.294934,0.239404,-1.16691,0.702066,0.368402,-0.466286
01324189,1523964205601,-10.5066,-0.624417,4.8295,0.680022,0.500985,0.282438,0.740045,-0.327942,-0.42058
01324188,1523964205601,-10.6749,2.91419,-2.1393,-1.05507,-0.872995,-1.12842,0.725435,-0.551214,0.156761
01324185,1523964205601,-10.2078,-0.787585,0.851047,0.451642,-0.00584167,-0.585557,0.823315,0.343605,-0.346516
01324181,1523964205601,-9.83781,0.0453544,3.07876,-0.136489,0.301218,-0.244516,0.831774,0.389284,-0.157946
01324180,1523964205601,-9.85801,-2.90637,0.91655,0.276198,0.321558,-1.24376,0.694949,0.380125,-0.465271
01324189,1523964205618,-10.1365,-0.341137,3.07694,0.360898,0.515829,0.123097,0.740264,-0.333371,-0.411795
01324188,1523964205618,-11.154,1.45285,-2.20895,-2.1438,-0.749089,-1.13807,0.73814,-0.53925,0.130145
01324185,1523964205618,-10.3478,-0.69297,0.681367,0.406554,0.00356091,-0.570229,0.817202,0.349316,-0.35021
01324181,1523964205618,-9.80814,0.181763,2.83966,-0.19894,0.26457,-0.211909,0.832078,0.393676,-0.153257
01324180,1523964205618,-10.1336,-2.89441,0.84867,0.250692,0.36813,-1.2954,0.690758,0.393236,-0.462649
01324189,1523964205635,-9.75846,-0.486216,1.68834,-0.321397,0.515495,-0.0436427,0.745809,-0.334503,-0.407318
01324188,1523964205635,-11.331,-0.665743,-1.53857,-2.2028,-0.593557,-1.05708,0.747614,-0.531542,0.102225
01324185,1523964205635,-10.3719,-0.615881,0.565141,0.393128,0.023236,-0.555028,0.814888,0.35478,-0.351954
01324181,1523964205635,-9.50632,0.243582,2.81143,-0.282829,0.219216,-0.169022,0.832391,0.397489,-0.148823
01324180,1523964205635,-10.1707,-2.99557,0.784914,0.22399,0.419467,-1.32424,0.684159,0.406546,-0.461745
01324189,1523964205651,-9.6616,-0.644087,1.28245,-0.921128,0.566369,-0.156826,0.749552,-0.328973,-0.403704
01324188,1523964205651,-10.9201,-2.01481,-0.884567,-1.41745,-0.439214,-0.949029,0.758714,-0.523753,0.0781952
01324185,1523964205651,-10.1646,-0.626873,0.488444,0.341618,0.0187736,-0.526072,0.81284,0.358785,-0.356298
01324181,1523964205651,-9.43079,0.0939237,2.97417,-0.302528,0.249709,-0.14456,0.831619,0.401338,-0.143447
01324180,1523964205651,-10.0065,-2.96454,0.772186,0.244744,0.446071,-1.33626,0.679038,0.416595,-0.453495
01324189,1523964205668,-9.75737,-1.57486,1.28655,-1.21531,0.559028,-0.203968,0.755477,-0.319056,-0.403158
01324188,1523964205668,-10.1827,-2.04057,-1.38584,-0.136746,-0.360482,-0.802992,0.765986,-0.513469,0.0706665
01324185,1523964205668,-9.89472,-0.676744,0.448285,0.312145,0.0334868,-0.496427,0.812022,0.363008,-0.356598
01324181,1523964205668,-9.46407,0.0498758,2.95548,-0.361165,0.242336,-0.15649,0.831955,0.402737,-0.138166
01324180,1523964205668,-9.74765,-2.78274,0.761211,0.258715,0.465852,-1.3589,0.672833,0.429445,-0.449633
01324189,1523964205685,-9.84616,-2.23211,1.55895,-1.32314,0.518741,-0.230878,0.76125,-0.305398,-0.40325
01324188,1523964205685,-9.68466,-0.066516,-2.24513,0.671068,-0.301448,-0.66581,0.772441,-0.503815,0.0706509
01324185,1523964205685,-9.70702,-0.800742,0.407556,0.261889,0.0343608,-0.459846,0.808897,0.367776,-0.35794
01324181,1523964205685,-9.21631,-0.0223402,2.87876,-0.386024,0.255486,-0.158075,0.832529,0.40601,-0.132128
01324180,1523964205685,-9.5912,-2.91646,0.79584,0.278901,0.465216,-1.28148,0.66596,0.44231,-0.446437
01324189,1523964205701,-9.54009,-1.95558,1.73997,-1.16055,0.473845,-0.231198,0.766901,-0.291457,-0.405077
01324188,1523964205701,-9.49363,1.23108,-3.09829,0.688277,-0.288383,-0.649618,0.779159,-0.49313,0.0733902
01324185,1523964205701,-9.72175,-0.856075,0.355375,0.168561,0.0144961,-0.422192,0.806451,0.372269,-0.35889
01324181,1523964205701,-9.19857,-0.0779495,2.90167,-0.39326,0.244329,-0.139184,0.83192,0.407014,-0.125898
01324180,1523964205701,-9.39665,-2.81779,0.812782,0.279029,0.455524,-1.27981,0.659375,0.455195,-0.447298
01324189,1523964205718,-9.43469,-1.01508,1.73575,-0.742465,0.465183,-0.212932,0.770506,-0.284058,-0.402384
01324188,1523964205718,-9.40598,2.04416,-3.566,0.206465,-0.295511,-0.702559,0.784257,-0.483245,0.0720593
01324185,1523964205718,-9.56318,-1.00162,0.248176,0.0953413,-0.033551,-0.367406,0.804547,0.37648,-0.359839
01324181,1523964205718,-9.26824,-0.234086,2.95252,-0.40044,0.240987,-0.12881,0.83144,0.409417,-0.121027
01324180,1523964205718,-9.2401,-2.75778,0.790472,0.250737,0.442271,-1.23614,0.652535,0.46604,-0.445899
01324189,1523964205735,-9.56675,-0.668881,1.46595,-0.337709,0.451464,-0.222194,0.7729,-0.28108,-0.398373
01324188,1523964205735,-9.33774,2.2114,-3.38034,-0.458142,-0.319394,-0.726835,0.788836,-0.476719,0.0648679
01324185,1523964205735,-9.52035,-1.16567,0.184945,0.0258684,-0.0377698,-0.328187,0.801155,0.380281,-0.360126
01324181,1523964205735,-9.34881,-0.385391,2.87279,-0.34354,0.191551,-0.128522,0.832141,0.412706,-0.114194
01324180,1523964205735,-9.03087,-2.85205,0.806498,0.217571,0.458631,-1.18532,0.647057,0.476151,-0.446832
01324189,1523964205751,-9.67916,-0.851391,0.814886,-0.102027,0.416087,-0.271077,0.77909,-0.277765,-0.393066
01324188,1523964205751,-9.3714,0.91842,-3.2769,-0.784108,-0.345009,-0.70276,0.795981,-0.467854,0.0565787
01324185,1523964205751,-9.44858,-1.31547,0.100916,-0.0213389,-0.0317618,-0.302672,0.800606,0.384771,-0.361213
01324181,1523964205751,-9.29185,-0.428277,2.73874,-0.319373,0.214217,-0.146513,0.83153,0.416768,-0.112014
01324180,1523964205751,-9.06933,-2.87186,0.810847,0.163784,0.403637,-1.07527,0.643026,0.487673,-0.445731
01324189,1523964205768,-9.85491,-0.993031,0.157574,0.0674853,0.469461,-0.313227,0.783911,-0.272688,-0.387996
01324188,1523964205768,-9.92086,0.789784,-2.51578,-0.607447,-0.347592,-0.641488,0.801354,-0.457557,0.046381
01324185,1523964205768,-9.52629,-1.4547,0.032884,-0.0939707,-0.0167062,-0.275454,0.79735,0.38929,-0.360853
01324181,1523964205768,-9.502,-0.39695,2.92516,-0.282889,0.231882,-0.15332,0.831719,0.418894,-0.106347
01324180,1523964205768,-8.93134,-3.04853,0.777388,0.140097,0.376569,-0.95436,0.637143,0.495875,-0.441696
01324189,1523964205785,-10.3928,-1.32122,0.00183333,0.265233,0.517544,-0.337426,0.789833,-0.269511,-0.382954
01324188,1523964205785,-10.4025,-0.686405,-2.18096,-0.0782749,-0.348699,-0.527282,0.807006,-0.448869,0.0393114
01324185,1523964205785,-9.6233,-1.58419,-0.0538329,-0.182139,-0.00847914,-0.241367,0.796939,0.39352,-0.360762
01324181,1523964205785,-9.86924,-0.318727,2.82954,-0.245683,0.170395,-0.136653,0.831134,0.419007,-0.10156
01324180,1523964205785,-8.87088,-3.23138,0.786642,0.128425,0.327446,-0.780767,0.632448,0.50418,-0.434164
01324189,1523964205801,-10.6389,-1.37011,0.385145,0.481418,0.484298,-0.365016,0.795179,-0.268454,-0.373373
01324188,1523964205801,-9.91094,-1.16379,-2.44519,0.640342,-0.338605,-0.523049,0.811314,-0.442857,0.03694
01324185,1523964205801,-9.67215,-1.73806,-0.142361,-0.207875,-0.0133821,-0.227686,0.795724,0.396676,-0.357913
01324181,1523964205801,-9.92378,-0.188361,2.8267,-0.222623,0.149339,-0.130016,0.831355,0.420504,-0.0984046
01324180,1523964205801,-8.84434,-3.38244,0.718399,0.134865,0.249005,-0.626589,0.629035,0.508874,-0.432938
01324189,1523964205818,-10.3781,-1.07262,0.790836,0.642256,0.427369,-0.371527,0.797792,-0.264596,-0.364541
01324188,1523964205818,-9.90758,-0.22791,-2.49702,0.898372,-0.321615,-0.535287,0.815619,-0.436895,0.0387406
01324185,1523964205818,-9.79338,-1.84821,-0.305884,-0.187406,0.0201373,-0.20323,0.794774,0.398941,-0.357409
01324181,1523964205818,-10.0018,-0.131027,2.79129,-0.203178,0.156867,-0.10759,0.831023,0.422596,-0.0945917
01324180,1523964205818,-8.85756,-3.46673,0.683971,0.116581,0.180833,-0.464559,0.626264,0.51323,-0.425513
01324189,1523964205835,-9.83739,-0.721206,0.817585,0.63886,0.378946,-0.368002,0.802622,-0.265261,-0.356841
01324188,1523964205835,-9.88412,0.915807,-2.62791,0.70737,-0.340795,-0.526214,0.819092,-0.427988,0.0401972
01324185,1523964205835,-9.96255,-1.92426,-0.368224,-0.154636,0.0200495,-0.178563,0.793826,0.402641,-0.355612
01324181,1523964205835,-9.94401,-0.149738,2.7727,-0.165911,0.158992,-0.0904651,0.830155,0.425801,-0.0925237
01324180,1523964205835,-8.86583,-3.55814,0.644718,0.0856263,0.132528,-0.290164,0.625409,0.517892,-0.426488
01324189,1523964205851,-9.53941,-0.555907,0.725853,0.488219,0.395944,-0.381037,0.807441,-0.264486,-0.348862
01324188,1523964205851,-9.82571,1.00866,-2.83617,0.212953,-0.33805,-0.487074,0.822852,-0.42148,0.0398838
01324185,1523964205851,-9.98182,-1.9073,-0.379706,-0.136578,0.041523,-0.12769,0.794769,0.406003,-0.356693
01324181,1523964205851,-9.73758,-0.219979,2.64979,-0.116224,0.129351,-0.0685159,0.831187,0.427278,-0.0897752
01324180,1523964205851,-8.89794,-3.67146,0.595445,0.0680668,0.0685871,-0.12019,0.623786,0.518493,-0.425101
01324189,1523964205868,-9.4848,-0.557611,0.481619,0.308431,0.383969,-0.37097,0.812534,-0.262859,-0.341682
01324188,1523964205868,-9.5843,0.249345,-2.64586,-0.160303,-0.326619,-0.492984,0.827969,-0.414142,0.0338141
01324185,1523964205868,-9.85136,-1.86953,-0.322594,-0.118314,0.0295874,-0.0715333,0.79423,0.40716,-0.355134
01324181,1523964205868,-9.57952,-0.329748,2.69637,-0.0806549,0.136512,-0.0651455,0.83264,0.428294,-0.0882171
01324180,1523964205868,-8.79469,-3.76349,0.50894,0.0611936,0.0095602,0.0252452,0.626009,0.514722,-0.431696
01324189,1523964205885,-9.384,-0.555492,0.0833512,0.200029,0.345335,-0.354406,0.815993,-0.258033,-0.336331
01324188,1523964205885,-9.42964,-0.405693,-2.14777,-0.22292,-0.310049,-0.481688,0.829687,-0.40607,0.0289102
01324185,1523964205885,-9.70617,-1.80529,-0.174182,-0.101556,0.024763,-0.00947199,0.794502,0.407739,-0.354356
01324181,1523964205885,-9.52171,-0.416321,2.59455,-0.0361289,0.122269,-0.072312,0.831411,0.42849,-0.086614
01324180,1523964205885,-8.65981,-3.67365,0.38024,0.0172347,-0.0431176,0.110746,0.626147,0.514724,-0.432508
01324189,1523964205901,-9.50317,-0.913444,0.227909,0.0893984,0.374124,-0.376124,0.817948,-0.254455,-0.329635
01324188,1523964205901,-9.34922,-0.894006,-2.0092,-0.0256373,-0.288896,-0.445565,0.833324,-0.400868,0.0223213
01324185,1523964205901,-9.53668,-1.65215,-0.0641211,-0.114955,0.00785941,0.0475904,0.795724,0.408461,-0.353453
01324181,1523964205901,-9.56225,-0.39744,2.65431,-0.0245288,0.115931,-0.0818763,0.830859,0.427278,-0.083527
01324180,1523964205901,-8.45092,-3.67915,0.217902,-0.0709731,-0.055444,0.186539,0.627223,0.512943,-0.428776
01324189,1523964205918,-9.58169,-0.655276,0.439037,0.0892313,0.29991,-0.398182,0.823322,-0.250257,-0.324846
01324188,1523964205918,-9.26162,-0.717486,-1.78046,0.206383,-0.270065,-0.445538,0.837899,-0.394304,0.0205197
01324185,1523964205918,-9.50972,-1.50785,-0.0522014,-0.150233,-0.00461425,0.0868213,0.796139,0.406681,-0.350692
01324181,1523964205918,-9.52537,-0.25146,2.68073,-0.0057584,0.067732,-0.107376,0.832023,0.42987,-0.0819989
01324180,1523964205918,-8.35908,-3.65087,0.156116,-0.193932,-0.069278,0.242796,0.629666,0.510287,-0.42846
01324189,1523964205935,-9.55854,-0.628791,0.711364,0.181225,0.205727,-0.426129,0.826941,-0.246595,-0.32138
01324188,1523964205935,-9.28342,-0.0451813,-1.70937,0.302233,-0.21526,-0.440766,0.841127,-0.389316,0.0186364
01324185,1523964205935,-9.42561,-1.54218,-0.164635,-0.153198,0.00389213,0.139481,0.796677,0.406794,-0.352133
01324181,1523964205935,-9.49806,-0.217076,2.56432,0.0191887,0.0188966,-0.119097,0.831472,0.431297,-0.0825544
01324180,1523964205935,-8.25976,-3.81552,0.0836751,-0.312044,-0.0676467,0.314966,0.632218,0.509658,-0.427835
01324189,1523964205951,-9.77702,-0.731875,0.967559,0.181401,0.0987688,-0.436544,0.828503,-0.241724,-0.316944
01324188,1523964205951,-9.30739,-0.00722316,-1.955,0.249767,-0.173852,-0.437131,0.843129,-0.383815,0.0186862
01324185,1523964205951,-9.41908,-1.7253,-0.260086,-0.103219,0.0176617,0.154648,0.799795,0.406514,-0.35201
01324181,1523964205951,-9.5739,-0.218066,2.67736,0.0459015,-0.0450587,-0.137816,0.830345,0.436426,-0.0842441
01324180,1523964205951,-8.35263,-4.09384,0.0474036,-0.326813,-0.0790293,0.399143,0.635723,0.507852,-0.427382
01324189,1523964205968,-9.90836,-1.06583,0.78376,0.117543,0.0286871,-0.418831,0.832953,-0.236369,-0.315882
01324188,1523964205968,-9.43979,0.147748,-1.97944,0.111806,-0.135074,-0.452719,0.844852,-0.377096,0.0177382
01324185,1523964205968,-9.48944,-1.84528,-0.294662,-0.0626474,0.0225624,0.156291,0.801154,0.40455,-0.351473
01324181,1523964205968,-9.43967,-0.182519,2.68478,0.0903667,-0.0911088,-0.143567,0.829253,0.438977,-0.0860132
01324180,1523964205968,-8.49055,-4.27166,0.0450804,-0.306039,-0.110898,0.462337,0.641513,0.505424,-0.426434
01324189,1523964205985,-9.81226,-1.38899,0.922716,0.095558,-0.0884519,-0.402707,0.832649,-0.229891,-0.316629
01324188,1523964205985,-9.58805,-0.060123,-1.82719,-0.0695525,-0.108364,-0.439524,0.84915,-0.369492,0.0156011
01324185,1523964205985,-9.55208,-1.81119,-0.311742,0.00675967,0.0396917,0.174828,0.803463,0.402173,-0.350412
01324181,1523964205985,-9.30108,-0.137188,2.65824,0.0922062,-0.109045,-0.155835,0.828198,0.438385,-0.0875842
01324180,1523964205985,-8.51277,-4.40674,0.0102854,-0.250541,-0.116156,0.51625,0.643239,0.505225,-0.422545
01324189,1523964206001,-9.64837,-1.78991,0.690488,0.173885,-0.132496,-0.405946,0.834679,-0.226209,-0.317694
01324188,1523964206001,-9.56192,-0.85235,-1.64453,-0.0921247,-0.0680058,-0.415313,0.851829,-0.363427,0.0127146
01324185,1523964206001,-9.52524,-1.71022,-0.296945,0.0483671,0.0325223,0.202034,0.804006,0.399627,-0.350912
01324181,1523964206001,-9.21885,-0.145954,2.69999,0.109977,-0.102776,-0.152409,0.828609,0.440031,-0.0905459
01324180,1523964206001,-8.46312,-4.49281,-0.0138712,-0.170455,-0.124785,0.567654,0.647849,0.501379,-0.423636
01324189,1523964206018,-9.57206,-2.13793,0.454839,0.26252,-0.174048,-0.416246,0.834124,-0.221455,-0.319523
01324188,1523964206018,-9.3268,-1.38149,-1.95923,0.0333904,-0.0201258,-0.396171,0.853559,-0.357896,0.0122309
01324185,1523964206018,-9.38253,-1.58108,-0.277693,0.109295,0.0258606,0.208779,0.805501,0.395685,-0.350618
01324181,1523964206018,-9.22448,-0.0247775,2.77491,0.125804,-0.119069,-0.126755,0.827931,0.441996,-0.0927057
01324180,1523964206018,-8.33517,-4.47694,-0.00286735,-0.0692941,-0.121536,0.598183,0.652489,0.495067,-0.424776
01324189,1523964206035,-9.59454,-2.31479,0.162672,0.299196,-0.212431,-0.408942,0.834114,-0.216573,-0.321491
01324188,1523964206035,-9.40369,-1.23755,-1.81314,0.129439,0.00304985,-0.368727,0.855032,-0.354787,0.0137539
01324185,1523964206035,-9.11693,-1.48883,-0.270601,0.149977,0.0107977,0.235134,0.80835,0.390314,-0.35136
01324181,1523964206035,-9.31084,0.0444682,2.88412,0.137965,-0.139452,-0.0838603,0.825646,0.444521,-0.0964548
01324180,1523964206035,-8.16425,-4.42205,0.0184378,0.0321693,-0.114116,0.595335,0.656362,0.486461,-0.428114
01324189,1523964206051,-9.70669,-2.3665,0.424686,0.313229,-0.275532,-0.41497,0.836559,-0.212476,-0.323494
01324188,1523964206051,-9.52911,-1.13729,-1.60129,0.195888,0.0435849,-0.325371,0.857441,-0.349533,0.0158033
01324185,1523964206051,-8.92612,-1.36726,-0.309136,0.222745,0.00148686,0.251228,0.809709,0.385225,-0.352099
01324181,1523964206051,-9.23931,0.0865621,2.87894,0.144882,-0.192025,-0.0576419,0.825538,0.444738,-0.099647
01324180,1523964206051,-8.09836,-4.28615,0.0246612,0.159879,-0.121011,0.612817,0.661832,0.478254,-0.430115
01324189,1523964206068,-9.52765,-2.34373,0.755502,0.393038,-0.32818,-0.438623,0.835621,-0.210881,-0.326013
01324188,1523964206068,-9.37563,-1.49833,-1.77489,0.258663,0.134377,-0.281427,0.85891,-0.345842,0.0173627
01324185,1523964206068,-8.88979,-1.23277,-0.433393,0.260004,0.00124055,0.259683,0.812279,0.384333,-0.354452
01324181,1523964206068,-9.11414,0.104989,2.92286,0.160608,-0.221277,-0.014021,0.826111,0.445486,-0.104319
01324180,1523964206068,-8.10035,-4.14144,0.0351041,0.240426,-0.118879,0.608982,0.66665,0.471699,-0.439641
01324189,1523964206085,-9.38207,-2.60776,0.991214,0.441823,-0.390849,-0.449025,0.836046,-0.206884,-0.330134
01324188,1523964206085,-9.18263,-1.60587,-1.66712,0.258726,0.184951,-0.252519,0.860775,-0.340636,0.0206281
01324185,1523964206085,-8.93786,-1.0785,-0.57365,0.280723,-0.00253924,0.252039,0.81499,0.378939,-0.35637
01324181,1523964206085,-9.02835,0.132725,2.88182,0.185333,-0.185182,0.024112,0.825217,0.444278,-0.107739
01324180,1523964206085,-8.131,-4.00373,-0.0103592,0.301611,-0.118778,0.616443,0.671732,0.462045,-0.440991
01324189,1523964206101,-9.34919,-2.67846,1.22422,0.465893,-0.465355,-0.484346,0.83525,-0.202427,-0.33504
01324188,1523964206101,-9.2985,-0.86859,-1.52851,0.228979,0.264346,-0.241274,0.861027,-0.338132,0.0261689
01324185,1523964206101,-8.97154,-0.96284,-0.699569,0.24693,-0.00403425,0.244437,0.816616,0.373264,-0.358281
01324181,1523964206101,-8.88002,0.124843,2.79839,0.201024,-0.178786,0.0835522,0.826479,0.443171,-0.111715
01324180,1523964206101,-8.24879,-3.85722,-0.0711262,0.298958,-0.113382,0.611252,0.675613,0.453889,-0.446887
01324189,1523964206118,-9.31163,-2.36508,1.61385,0.50063,-0.560644,-0.501826,0.831481,-0.198333,-0.341922
01324188,1523964206118,-9.44866,-0.276604,-1.62898,0.143534,0.319343,-0.198813,0.860169,-0.331585,0.0298218
01324185,1523964206118,-8.94246,-0.890823,-0.735524,0.211283,0.0147159,0.234143,0.817434,0.366479,-0.359264
01324181,1523964206118,-8.69039,-0.0475914,2.79567,0.200919,-0.164241,0.106923,0.827638,0.440607,-0.116988
01324180,1523964206118,-8.30834,-3.727,-0.124163,0.254674,-0.134435,0.605595,0.679078,0.443224,-0.444179
01324189,1523964206135,-9.38751,-1.88444,1.76948,0.583787,-0.653866,-0.529793,0.83097,-0.19432,-0.347905
01324188,1523964206135,-9.36675,-0.391986,-2.07138,0.131987,0.374691,-0.194721,0.862324,-0.329574,0.0358467
01324185,1523964206135,-8.81206,-0.853091,-0.712378,0.149262,0.0319627,0.223866,0.821498,0.363624,-0.36108
01324181,1523964206135,-8.42876,-0.204626,2.80277,0.231014,-0.145101,0.137976,0.827145,0.439954,-0.120955
01324180,1523964206135,-8.22267,-3.60978,-0.156519,0.186659,-0.152192,0.605051,0.683077,0.435489,-0.447906
01324189,1523964206151,-9.50285,-1.30755,1.24927,0.621832,-0.682791,-0.529604,0.831277,-0.191047,-0.353503
01324188,1523964206151,-9.27553,-0.601811,-2.46005,0.14139,0.409692,-0.199557,0.862712,-0.32723,0.0416452
01324185,1523964206151,-8.58011,-0.796634,-0.587012,0.0932533,0.0660573,0.23046,0.821636,0.361661,-0.360538
01324181,1523964206151,-8.4567,-0.275314,2.80394,0.270179,-0.110537,0.139028,0.829217,0.437861,-0.123723
01324180,1523964206151,-8.01209,-3.43836,-0.153522,0.0784253,-0.162852,0.591978,0.68532,0.428947,-0.451989
01324189,1523964206168,-9.71258,-0.901223,0.659493,0.525147,-0.669644,-0.465069,0.827518,-0.186097,-0.361984
01324188,1523964206168,-9.41423,-0.887632,-2.89438,0.153504,0.35689,-0.21953,0.864869,-0.325674,0.0480456
01324185,1523964206168,-8.37264,-0.845994,-0.493479,0.0357458,0.104617,0.242138,0.825301,0.35829,-0.359865
01324181,1523964206168,-8.68777,-0.181077,2.89484,0.309212,-0.106641,0.152776,0.832258,0.435416,-0.128886
01324180,1523964206168,-7.801,-3.30057,-0.165205,-0.0229147,-0.161074,0.571995,0.690083,0.423356,-0.452711
01324189,1523964206185,-10.0679,-1.03007,0.489299,0.328239,-0.606978,-0.367161,0.824035,-0.183739,-0.36915
01324188,1523964206185,-9.69136,-0.667107,-3.25521,0.193669,0.319547,-0.200238,0.864842,-0.32201,0.0537973
01324185,1523964206185,-8.34638,-0.956889,-0.469199,-0.0121479,0.139323,0.231759,0.827884,0.355515,-0.357494
01324181,1523964206185,-8.97841,-0.0292186,2.86351,0.293026,-0.162848,0.172218,0.832076,0.431607,-0.133056
01324180,1523964206185,-7.80198,-3.21328,-0.203405,-0.135189,-0.134912,0.559182,0.69296,0.418671,-0.453928
01324189,1523964206201,-10.2532,-1.17743,0.338401,0.212766,-0.584937,-0.294701,0.820987,-0.180401,-0.379793
01324188,1523964206201,-9.84139,-0.714189,-3.34025,0.0543254,0.250301,-0.17896,0.864547,-0.31889,0.0588448
01324185,1523964206201,-8.65774,-1.05123,-0.442767,-0.0287444,0.172716,0.212924,0.830602,0.353294,-0.355652
01324181,1523964206201,-9.20113,0.0579554,2.81211,0.259077,-0.215604,0.189152,0.833276,0.425198,-0.137452
01324180,1523964206201,-8.11086,-3.27956,-0.197344,-0.231741,-0.107189,0.551642,0.695531,0.415356,-0.454907
01324189,1523964206218,-10.1066,-1.35114,0.352813,0.22176,-0.562591,-0.273415,0.817098,-0.178177,-0.387224
01324188,1523964206218,-9.61519,-0.991401,-3.1229,0.0109431,0.185453,-0.172848,0.86399,-0.316777,0.0606002
01324185,1523964206218,-9.21759,-1.07673,-0.542283,-0.0248476,0.178458,0.18069,0.832241,0.351119,-0.351455
01324181,1523964206218,-9.22415,0.365791,2.82055,0.212622,-0.264733,0.212977,0.834154,0.423358,-0.142472
01324180,1523964206218,-8.62633,-3.45735,-0.164684,-0.272473,-0.0740042,0.551689,0.699085,0.409638,-0.455074
01324189,1523964206235,-9.91465,-1.6159,0.77768,0.267023,-0.531977,-0.275125,0.814956,-0.176848,-0.391738
01324188,1523964206235,-9.4518,-1.27171,-3.12163,-0.00638673,0.156112,-0.162635,0.865874,-0.314623,0.0636744
01324185,1523964206235,-9.8402,-1.09706,-0.680412,-0.00101293,0.152431,0.16226,0.836042,0.34776,-0.350128
01324181,1523964206235,-9.31237,0.876661,2.81262,0.162644,-0.225314,0.242744,0.836502,0.422078,-0.14712
01324180,1523964206235,-9.14159,-3.66949,-0.079039,-0.262164,-0.0581531,0.55017,0.702313,0.405768,-0.447904
01324189,1523964206251,-9.79506,-1.57976,0.688334,0.218124,-0.49009,-0.282499,0.813091,-0.173377,-0.398112
01324188,1523964206251,-9.45334,-1.72323,-3.37744,0.0338524,0.0768172,-0.157902,0.865578,-0.310915,0.0655263
01324185,1523964206251,-10.2696,-1.0367,-0.783971,0.0687627,0.107949,0.189776,0.835641,0.346102,-0.348412
01324181,1523964206251,-9.58011,1.26154,2.97016,0.121369,-0.179987,0.301902,0.837122,0.418135,-0.150366
01324180,1523964206251,-9.66724,-3.81124,-0.0414461,-0.204132,-0.0646179,0.534751,0.707328,0.400892,-0.447535
01324189,1523964206268,-9.92546,-1.55312,1.06278,0.152178,-0.416799,-0.268612,0.811768,-0.171926,-0.402902
01324188,1523964206268,-9.59401,-1.17743,-3.42942,0.096788,0.0291244,-0.139447,0.866512,-0.30829,0.0651401
01324185,1523964206268,-10.4623,-0.895923,-0.859665,0.146412,0.121352,0.196449,0.838629,0.342457,-0.347341
01324181,1523964206268,-9.86721,1.35982,3.24175,0.0943555,-0.179079,0.348604,0.839648,0.412309,-0.15346
01324180,1523964206268,-10.0488,-3.85405,-0.0695747,-0.13924,-0.0712898,0.531673,0.711259,0.397197,-0.447396
01324189,1523964206285,-9.97956,-1.71779,1.10215,0.0858706,-0.353875,-0.219185,0.808943,-0.169001,-0.408199
01324188,1523964206285,-9.69685,-0.845808,-3.21263,-0.00772695,-0.0155442,-0.137142,0.868013,-0.309484,0.0651813
01324185,1523964206285,-10.5846,-0.635142,-0.87167,0.218225,0.152315,0.19109,0.841886,0.336242,-0.347946
01324181,1523964206285,-9.77572,1.26374,3.38424,0.0675039,-0.20435,0.370871,0.842718,0.406323,-0.156954
01324180,1523964206285,-10.3405,-3.73147,-0.115253,-0.107385,-0.0812578,0.512559,0.713478,0.392246,-0.4505
01324189,1523964206302,-9.89358,-1.633,1.0548,0.0609447,-0.334619,-0.194446,0.808833,-0.166716,-0.412327
01324188,1523964206302,-9.53437,-1.37727,-3.15372,-0.0773125,-0.0719442,-0.127576,0.868676,-0.306829,0.0642617
01324185,1523964206302,-10.7668,-0.304092,-0.804188,0.211816,0.222583,0.166868,0.843521,0.333465,-0.345703
01324181,1523964206302,-9.60069,1.18566,3.48829,0.0471302,-0.166558,0.360887,0.844694,0.401643,-0.160331
01324180,1523964206302,-10.4945,-3.59773,-0.149858,-0.110378,-0.0910642,0.478253,0.71515,0.387291,-0.4513
01324189,1523964206318,-9.74178,-1.67412,0.981826,0.0746009,-0.283031,-0.203411,0.806681,-0.164521,-0.416299
01324188,1523964206318,-9.45766,-1.5652,-3.21519,-0.00915688,-0.142215,-0.127863,0.867437,-0.303775,0.0617746
01324185,1523964206318,-10.9518,-0.117479,-0.730247,0.124915,0.260234,0.151452,0.846649,0.331274,-0.342294
01324181,1523964206318,-9.56119,1.20785,3.62819,-0.00686426,-0.1099,0.320168,0.845447,0.39742,-0.163174
01324180,1523964206318,-10.547,-3.46794,-0.154492,-0.13821,-0.0890243,0.459673,0.718794,0.384461,-0.449518
01324189,1523964206335,-9.6888,-1.99987,0.81717,0.00145628,-0.225343,-0.207326,0.806161,-0.162798,-0.419892
01324188,1523964206335,-9.53508,-1.58391,-3.25773,0.0573533,-0.184754,-0.0924837,0.869739,-0.302759,0.0610012
01324185,1523964206335,-11.1494,-0.0488354,-0.7322,-0.00673911,0.276993,0.117514,0.84801,0.331178,-0.339945
01324181,1523964206335,-9.56903,1.21751,3.57482,-0.040412,-0.0459913,0.288077,0.848997,0.392811,-0.162318
01324180,1523964206335,-10.6333,-3.34835,-0.14501,-0.185214,-0.0760966,0.419074,0.721782,0.381072,-0.44936
01324189,1523964206352,-9.67765,-2.30537,0.784633,0.00173799,-0.151084,-0.180809,0.80617,-0.15936,-0.422943
01324188,1523964206352,-9.45383,-1.86731,-3.46276,0.116734,-0.25656,-0.0972668,0.870283,-0.302603,0.0575024
01324185,1523964206352,-11.2894,-0.0239579,-0.80896,-0.169306,0.250195,0.100887,0.85046,0.328985,-0.336665
01324181,1523964206352,-9.6961,1.19174,3.5745,-0.0899573,0.0222798,0.252661,0.850936,0.389328,-0.163328
01324180,1523964206352,-10.7577,-3.31239,-0.0300183,-0.258565,-0.0473113,0.367858,0.723171,0.377134,-0.44973
01324189,1523964206368,-9.76204,-2.49626,0.894985,0.05136,-0.0548682,-0.16481,0.805621,-0.15963,-0.42227
01324188,1523964206368,-9.51627,-1.74229,-3.37677,0.169449,-0.330373,-0.0463992,0.871489,-0.299439,0.0517592
01324185,1523964206368,-11.345,-0.0405145,-0.862215,-0.335599,0.24629,0.0789965,0.854,0.327974,-0.330525
01324181,1523964206368,-9.92392,1.13569,3.5548,-0.0951099,0.0864571,0.230888,0.85285,0.386316,-0.162488
01324180,1523964206368,-10.8458,-3.28331,0.0901249,-0.316047,-0.0146528,0.300936,0.725063,0.376382,-0.450853
01324189,1523964206385,-9.87276,-2.60333,0.896403,0.113168,0.0135913,-0.148715,0.805332,-0.157606,-0.421849
01324188,1523964206385,-9.58841,-1.62702,-3.27137,0.169724,-0.39275,-0.0170069,0.872704,-0.297829,0.0480735
01324185,1523964206385,-11.362,-0.148662,-0.760894,-0.499435,0.223117,0.0725275,0.854555,0.329775,-0.324793
01324181,1523964206385,-10.0392,1.04223,3.43993,-0.11458,0.106588,0.22082,0.854221,0.383185,-0.160843
01324180,1523964206385,-10.8609,-3.2675,0.177071,-0.396207,0.0144938,0.230308,0.727982,0.37747,-0.447362
01324189,1523964206402,-9.84172,-2.34329,0.97931,0.152594,0.0771074,-0.113172,0.806675,-0.155768,-0.421047
01324188,1523964206402,-9.56363,-1.44937,-3.17209,0.168159,-0.438773,-0.00159554,0.873661,-0.298527,0.0439773
01324185,1523964206402,-11.3742,-0.283305,-0.640094,-0.643247,0.196377,0.0813667,0.856465,0.332992,-0.318688
01324181,1523964206402,-10.0658,0.978915,3.34438,-0.117938,0.130829,0.193473,0.85693,0.379219,-0.157334
01324180,1523964206402,-10.7885,-3.27682,0.226064,-0.475076,0.0644003,0.173876,0.73034,0.380009,-0.442482
01324189,1523964206418,-9.78505,-1.81735,1.27666,0.170113,0.120137,-0.0918838,0.808992,-0.157121,-0.420549
01324188,1523964206418,-9.56934,-0.999935,-2.95953,0.120307,-0.482197,-0.00418776,0.8734,-0.299395,0.0377309
01324185,1523964206418,-11.3288,-0.466517,-0.579495,-0.782797,0.171338,0.086777,0.858646,0.335643,-0.312709
01324181,1523964206418,-10.0274,0.858204,3.17306,-0.124816,0.154981,0.162678,0.857707,0.379695,-0.154695
01324180,1523964206418,-10.6235,-3.33344,0.285369,-0.505023,0.117899,0.121261,0.732184,0.381553,-0.439506
01324189,1523964206435,-9.72631,-1.30751,1.37435,0.174499,0.12701,-0.0803484,0.811431,-0.158614,-0.418448
01324188,1523964206435,-9.6096,-0.761569,-2.88918,0.0637051,-0.503613,0.00402576,0.873946,-0.299081,0.0308748
01324185,1523964206435,-11.1751,-0.734678,-0.525085,-0.931649,0.150203,0.120215,0.860017,0.33917,-0.305168
01324181,1523964206435,-10.0493,0.792535,3.05826,-0.144183,0.182752,0.136273,0.859581,0.378166,-0.151493
01324180,1523964206435,-10.3706,-3.44682,0.330719,-0.489382,0.168116,0.0653619,0.732662,0.38471,-0.435397
01324189,1523964206452,-9.67029,-1.13448,1.47127,0.0983828,0.160645,-0.0478051,0.811545,-0.159323,-0.415779
01324188,1523964206452,-9.66681,-0.516941,-2.66955,-0.026989,-0.532192,-0.0181686,0.874769,-0.299581,0.0226175
01324185,1523964206452,-10.9519,-1.15736,-0.467208,-0.993466,0.112361,0.151951,0.861929,0.341841,-0.298143
01324181,1523964206452,-10.0699,0.683147,3.02158,-0.145765,0.183925,0.104415,0.860513,0.376369,-0.148011
01324180,1523964206452,-10.159,-3.54853,0.368479,-0.429573,0.219403,0.0519605,0.735686,0.388114,-0.43159
01324189,1523964206468,-9.6237,-1.31985,1.5967,-0.0194818,0.167082,-0.0286711,0.813296,-0.159217,-0.413925
01324188,1523964206468,-9.67278,-0.812919,-2.4045,-0.138563,-0.567903,-0.0387898,0.87572,-0.298567,0.0131065
01324185,1523964206468,-10.7141,-1.49593,-0.478759,-0.964518,0.0911234,0.168168,0.864926,0.344794,-0.291124
01324181,1523964206468,-9.99475,0.587041,2.96111,-0.136861,0.155565,0.101547,0.863593,0.375252,-0.144831
01324180,1523964206468,-9.97773,-3.55676,0.435459,-0.320806,0.283344,0.0284375,0.739357,0.392065,-0.424269
01324189,1523964206485,-9.39857,-1.49025,1.68052,-0.0990804,0.147176,-0.0111717,0.816259,-0.156697,-0.412199
01324188,1523964206485,-9.5871,-1.17182,-2.15404,-0.161116,-0.573576,-0.0319054,0.876943,-0.297766,0.0049256
01324185,1523964206485,-10.4783,-1.69964,-0.472201,-0.837839,0.0524503,0.208199,0.866704,0.344493,-0.284723
01324181,1523964206485,-9.93149,0.534406,2.97219,-0.121692,0.137693,0.0909909,0.863055,0.37387,-0.142937
01324180,1523964206485,-9.78196,-3.55232,0.461563,-0.241083,0.307161,-0.00961668,0.741526,0.390439,-0.425415
01324189,1523964206502,-9.15668,-1.76415,1.53748,-0.206651,0.14219,-0.000906557,0.818429,-0.155746,-0.411949
01324188,1523964206502,-9.60678,-1.26357,-2.12658,-0.178562,-0.564968,-0.0310456,0.875587,-0.297061,-0.00336366
01324185,1523964206502,-10.1914,-1.72554,-0.513332,-0.623545,-0.0135281,0.24234,0.867123,0.344301,-0.280017
01324181,1523964206502,-9.90949,0.379324,3.05982,-0.131396,0.103706,0.0709173,0.865178,0.373911,-0.139771
01324180,1523964206502,-9.6351,-3.51235,0.497052,-0.174007,0.339173,-0.0212994,0.744972,0.391064,-0.418968
01324189,1523964206518,-9.07535,-1.94429,1.38735,-0.301385,0.107736,-0.00739445,0.818406,-0.154873,-0.410068
01324188,1523964206518,-9.55308,-1.17781,-1.97137,-0.322937,-0.598381,0.000330482,0.877839,-0.296955,-0.014193
01324185,1523964206518,-9.99102,-1.64975,-0.529969,-0.420797,-0.0611298,0.254282,0.868889,0.343485,-0.278447
01324181,1523964206518,-9.56366,0.339813,2.97585,-0.12779,0.029077,0.0555231,0.864892,0.373118,-0.136961
01324180,1523964206518,-9.4809,-3.47706,0.527754,-0.124696,0.332684,-0.039521,0.747064,0.394051,-0.415426
01324189,1523964206535,-9.05512,-2.19173,1.33777,-0.427181,0.102143,0.00374272,0.819215,-0.152739,-0.410596
01324188,1523964206535,-9.62146,-1.37707,-2.06048,-0.551426,-0.606191,0.00575976,0.87678,-0.299919,-0.0251374
01324185,1523964206535,-9.75407,-1.44417,-0.534948,-0.287921,-0.0621296,0.277898,0.869978,0.338975,-0.278407
01324181,1523964206535,-9.14343,0.495275,2.88621,-0.125927,0.0119409,0.0414528,0.86408,0.37439,-0.138175
01324180,1523964206535,-9.33883,-3.447,0.582477,-0.0842775,0.325874,-0.0437333,0.748369,0.393101,-0.406007
01324189,1523964206552,-9.44052,-2.30889,1.4358,-0.589083,0.128075,-0.0127635,0.821097,-0.149764,-0.410058
01324188,1523964206552,-9.69446,-1.48945,-1.81102,-0.610542,-0.600926,0.0354934,0.878689,-0.300001,-0.0364773
01324185,1523964206552,-9.48329,-1.2003,-0.563606,-0.210397,-0.0275418,0.28263,0.873509,0.334348,-0.277068
01324181,1523964206552,-9.01477,0.477506,2.74247,-0.109856,0.076568,0.0462394,0.866637,0.374217,-0.137932
01324180,1523964206552,-9.09531,-3.39614,0.609303,-0.0907646,0.294378,-0.049312,0.749262,0.395089,-0.401522
01324189,1523964206568,-9.55589,-2.62497,1.35891,-0.628613,0.0922826,0.00851855,0.821213,-0.145454,-0.410561
01324188,1523964206568,-9.43317,-1.42168,-1.63799,-0.641826,-0.60694,0.0476384,0.878545,-0.297453,-0.047223
01324185,1523964206568,-9.24162,-1.01403,-0.590426,-0.19459,-0.0174696,0.24337,0.874592,0.333197,-0.278237
01324181,1523964206568,-9.04807,0.452847,2.74756,-0.100898,0.0462268,0.0304446,0.867173,0.372549,-0.135379
01324180,1523964206568,-8.87353,-3.3405,0.616607,-0.102386,0.264908,-0.0689692,0.753105,0.397613,-0.398556
01324189,1523964206585,-9.53796,-2.66193,1.57761,-0.583205,0.0694054,0.0158211,0.824182,-0.139208,-0.411749
01324188,1523964206585,-9.44326,-1.51109,-1.25686,-0.592757,-0.623488,0.0672588,0.878012,-0.29738,-0.0609465
01324185,1523964206585,-9.05797,-0.846699,-0.663094,-0.215576,-0.0107384,0.187176,0.876904,0.331415,-0.275613
01324181,1523964206585,-8.79447,0.54319,2.74263,-0.0761083,-0.0225772,0.0400375,0.867459,0.371395,-0.135623
01324180,1523964206585,-8.63225,-3.31416,0.677112,-0.126595,0.241908,-0.0649355,0.755071,0.399435,-0.393955
01324189,1523964206602,-9.52076,-2.83764,2.01993,-0.456103,-0.0130047,0.00752148,0.823234,-0.138182,-0.412935
01324188,1523964206602,-9.28409,-1.58697,-0.829039,-0.388665,-0.58763,0.0557928,0.874898,-0.297404,-0.0716812
01324185,1523964206602,-8.8118,-0.766407,-0.703575,-0.23793,-0.0514717,0.139781,0.876497,0.330698,-0.276259
01324181,1523964206602,-8.59053,0.708211,2.66832,-0.0725687,-0.0313923,0.0433256,0.867186,0.371408,-0.135222
01324180,1523964206602,-8.30283,-3.36892,0.742866,-0.129669,0.217425,-0.0713681,0.7561,0.401718,-0.390682
01324189,1523964206618,-9.41623,-3.15127,2.74539,-0.281873,-0.12523,0.00120128,0.821489,-0.136284,-0.416646
01324188,1523964206618,-9.51981,-1.2153,-0.407013,-0.128729,-0.536742,0.0616158,0.874782,-0.299259,-0.0817601
01324185,1523964206618,-8.52744,-0.821193,-0.754007,-0.242528,-0.102716,0.11539,0.877857,0.330171,-0.274298
01324181,1523964206618,-8.66762,0.73882,2.69139,-0.0744996,-0.0362373,0.0674393,0.866118,0.37029,-0.134656
01324180,1523964206618,-8.05125,-3.37087,0.750145,-0.079964,0.170283,-0.0731992,0.754873,0.402596,-0.388485
01324189,1523964206635,-9.42689,-3.17571,3.33697,0.0167957,-0.28542,-0.0552374,0.821237,-0.136574,-0.418519
01324188,1523964206635,-9.66834,-0.796235,0.0885061,0.0248631,-0.47899,0.0800729,0.872635,-0.302419,-0.088125
01324185,1523964206635,-8.28915,-0.967177,-0.796676,-0.171835,-0.160066,0.0824617,0.876498,0.329575,-0.275986
01324181,1523964206635,-8.65836,0.785006,2.71471,-0.0639541,-0.108553,0.077114,0.86721,0.37038,-0.136397
01324180,1523964206635,-7.8879,-3.26205,0.684666,-0.0126642,0.139652,-0.106405,0.755919,0.404899,-0.388724
01324189,1523964206652,-9.34746,-2.90466,3.25366,0.336116,-0.485652,-0.116893,0.820195,-0.136283,-0.423589
01324188,1523964206652,-9.56249,-0.941548,0.125098,0.0804859,-0.405035,0.0644694,0.874812,-0.302601,-0.0943577
01324185,1523964206652,-8.13288,-1.1367,-0.811328,0.00218884,-0.191707,0.0790393,0.878661,0.328681,-0.278468
01324181,1523964206652,-8.82732,0.860621,2.74116,-0.10504,-0.214498,0.087565,0.868016,0.372318,-0.138837
01324180,1523964206652,-7.80685,-3.11704,0.529158,0.0368616,0.106716,-0.113338,0.756861,0.40474,-0.389147
01324189,1523964206668,-9.11375,-2.37565,3.23191,0.47402,-0.618388,-0.14822,0.81645,-0.137365,-0.42971
01324188,1523964206668,-9.59653,-1.01662,-0.157933,0.0226908,-0.343051,0.0567907,0.874143,-0.303537,-0.0989861
01324185,1523964206668,-8.16694,-1.2833,-0.745276,0.237409,-0.185303,0.0668424,0.878385,0.327932,-0.280813
01324181,1523964206668,-9.3212,0.895877,2.92087,-0.150608,-0.350528,0.0935482,0.868334,0.370813,-0.141998
01324180,1523964206668,-7.86053,-3.02172,0.35756,0.0829374,0.068488,-0.118554,0.756419,0.408377,-0.389878
01324189,1523964206685,-8.9328,-2.0875,2.80634,0.379372,-0.752164,-0.151886,0.813282,-0.137905,-0.439579
01324188,1523964206685,-9.66716,-1.16337,-0.168083,-0.113572,-0.245825,0.0533801,0.874143,-0.303044,-0.103264
01324185,1523964206685,-8.4711,-1.38011,-0.728834,0.511766,-0.17744,0.0648573,0.876746,0.324566,-0.287309
01324181,1523964206685,-9.81768,0.821853,3.18958,-0.167789,-0.535962,0.103337,0.869107,0.367518,-0.148182
01324180,1523964206685,-8.19351,-3.01387,0.15617,0.100834,0.0244733,-0.101089,0.758291,0.408338,-0.388825
01324189,1523964206702,-8.77459,-2.00727,3.06215,0.192829,-0.833082,-0.14528,0.806176,-0.138634,-0.450342
01324188,1523964206702,-9.75634,-1.06158,0.151764,-0.20969,-0.139279,0.0405955,0.871835,-0.302526,-0.107242
01324185,1523964206702,-9.07183,-1.36683,-0.826997,0.788724,-0.154852,0.0424283,0.875916,0.322025,-0.294862
01324181,1523964206702,-9.28311,0.723876,3.16107,-0.111022,-0.718967,0.106618,0.866923,0.365089,-0.155948
01324180,1523964206702,-8.81114,-3.07726,-0.0145553,0.125335,-0.0202824,-0.0448594,0.757067,0.408926,-0.386634
01324189,1523964206718,-8.71093,-2.00129,3.78169,0.0623069,-0.950729,-0.125066,0.799488,-0.137083,-0.463499
01324188,1523964206718,-9.75574,-0.839804,0.854876,-0.295409,0.0270653,0.0152669,0.8713,-0.30342,-0.109715
01324185,1523964206718,-9.63126,-1.23344,-0.950002,1.00621,-0.129832,0.0285425,0.874816,0.318498,-0.302405
01324181,1523964206718,-8.2854,0.67769,2.86889,-0.144613,-0.734698,0.0822066,0.864613,0.364864,-0.167611
01324180,1523964206718,-9.25981,-3.13946,-0.111118,0.184634,-0.0707946,0.0405242,0.756958,0.407635,-0.38855
01324189,1523964206735,-8.60531,-2.48208,4.50917,-0.0256484,-1.11373,-0.122395,0.793332,-0.13683,-0.474532
01324188,1523964206735,-9.9499,-1.03791,1.01462,-0.267794,0.180723,0.00561181,0.873075,-0.305193,-0.109849
01324185,1523964206735,-9.7823,-0.933917,-0.9175,1.10867,-0.0847065,0.0604849,0.876702,0.311452,-0.309662
01324181,1523964206735,-7.87792,0.670485,2.73881,-0.156719,-0.581482,0.0524419,0.86401,0.364294,-0.174369
01324180,1523964206735,-9.30831,-3.10549,-0.181494,0.223428,-0.138488,0.102734,0.756494,0.404349,-0.395364
01324189,1523964206752,-8.39727,-2.68755,5.07024,-0.107571,-1.25966,-0.173957,0.785854,-0.133551,-0.491548
01324188,1523964206752,-9.83496,-1.3868,0.499469,-0.116267,0.27224,0.0236192,0.872661,-0.304725,-0.104159
01324185,1523964206752,-9.57864,-0.64855,-0.788425,1.1133,-0.0314055,0.107713,0.877779,0.304586,-0.314827
01324181,1523964206752,-7.99881,0.71274,2.72032,-0.186587,-0.455006,0.00711546,0.864611,0.3647,-0.181558
01324180,1523964206752,-9.07346,-2.93358,-0.197592,0.208172,-0.186225,0.119876,0.755886,0.401199,-0.400281
01324189,1523964206768,-8.42874,-2.63771,5.26069,-0.299869,-1.30609,-0.259798,0.774013,-0.127858,-0.509296
01324188,1523964206768,-10.1246,-1.30366,-0.208968,0.050731,0.345375,-0.00190776,0.872514,-0.303251,-0.101372
01324185,1523964206768,-9.20136,-0.421993,-0.598239,1.07323,0.00739903,0.158447,0.878041,0.297981,-0.321168
01324181,1523964206768,-8.24822,0.637042,2.67912,-0.209363,-0.422413,-0.0476209,0.862476,0.366633,-0.186094
01324180,1523964206768,-8.75717,-2.71776,-0.166733,0.188605,-0.181552,0.144383,0.755807,0.397444,-0.402517
01324189,1523964206785,-8.5931,-2.79162,4.88309,-0.494854,-1.23693,-0.388489,0.759442,-0.118647,-0.528324
01324188,1523964206785,-10.4336,-1.23089,-0.804051,0.0626313,0.391277,-0.012868,0.872768,-0.301442,-0.0934517
01324185,1523964206785,-8.94962,-0.269248,-0.360671,0.989344,0.0286099,0.171951,0.880206,0.28915,-0.325926
01324181,1523964206785,-8.56121,0.458483,2.89547,-0.228884,-0.465203,-0.0685128,0.860231,0.368509,-0.193284
01324180,1523964206785,-8.42905,-2.66355,-0.134229,0.177415,-0.163156,0.184821,0.757726,0.394813,-0.404759
01324189,1523964206802,-8.87122,-2.93759,4.34658,-0.576992,-1.13269,-0.518625,0.751087,-0.10843,-0.543401
01324188,1523964206802,-10.3616,-1.39784,-1.10633,0.0180235,0.416335,-0.0128774,0.875065,-0.300476,-0.0869567
01324185,1523964206802,-8.96855,-0.225675,-0.234137,0.857603,0.021976,0.176393,0.879659,0.282014,-0.33056
01324181,1523964206802,-9.11822,0.0588323,2.9382,-0.210853,-0.496022,-0.115193,0.858763,0.370307,-0.197027
01324180,1523964206802,-8.42893,-2.70555,-0.042618,0.190621,-0.112486,0.19404,0.757516,0.391651,-0.408873
01324189,1523964206818,-9.06598,-2.87574,4.30586,-0.517948,-0.981489,-0.618179,0.74407,-0.0985222,-0.55582
01324188,1523964206818,-10.3968,-1.78234,-1.27343,-0.0875598,0.417102,-0.0162368,0.872909,-0.303548,-0.0828129
01324185,1523964206818,-9.29693,-0.305553,-0.299328,0.69494,0.0523652,0.156042,0.880472,0.277044,-0.332475
01324181,1523964206818,-9.43727,0.0519597,3.75739,-0.170848,-0.597342,-0.15317,0.854619,0.372659,-0.203277
01324180,1523964206818,-8.79607,-2.76343,0.00181675,0.19529,-0.0775734,0.203174,0.75838,0.387589,-0.411128
01324189,1523964206835,-9.41959,-3.09715,4.37882,-0.397488,-0.946426,-0.641757,0.737605,-0.0883462,-0.569179
01324188,1523964206835,-10.8348,-1.17545,-0.589646,-0.1885,0.390786,-0.0128859,0.875064,-0.301317,-0.0783914
01324185,1523964206835,-9.90054,-0.451168,-0.403014,0.450984,0.0138261,0.126929,0.882361,0.273857,-0.336895
01324181,1523964206835,-9.4081,-0.178161,3.74025,0.00444186,-0.691275,-0.176072,0.852534,0.375309,-0.214206
01324180,1523964206835,-9.20141,-2.8455,0.00707599,0.160946,-0.0293246,0.24029,0.758693,0.384991,-0.414022
01324189,1523964206852,-9.73656,-3.85181,4.40615,-0.28973,-0.949124,-0.596009,0.728513,-0.0760728,-0.579682
01324188,1523964206852,-10.6836,-0.847895,-0.96441,-0.191982,0.4445,0.0390296,0.87412,-0.303051,-0.0721593
01324185,1523964206852,-10.5334,-0.5679,-0.714411,0.244453,-0.0720938,0.149963,0.883445,0.268461,-0.338937
01324181,1523964206852,-9.61192,-0.0105519,3.50631,0.103138,-0.575643,-0.147775,0.849465,0.379458,-0.222631
01324180,1523964206852,-9.70777,-2.96726,0.00146347,0.11438,0.0441707,0.240594,0.761425,0.381179,-0.415084
01324189,1523964206868,-9.5935,-4.60814,4.58718,-0.16185,-0.953837,-0.544057,0.718909,-0.0655235,-0.592467
01324188,1523964206868,-9.36672,-1.07174,-1.37214,-0.0927668,0.533225,0.0506283,0.872763,-0.303957,-0.0647931
01324185,1523964206868,-11.0872,-0.868098,-1.01275,0.0558344,-0.122894,0.178691,0.884259,0.264203,-0.340467
01324181,1523964206868,-10.0474,0.0182664,3.50297,0.179548,-0.51848,-0.126732,0.846876,0.378286,-0.232013
01324180,1523964206868,-10.281,-3.1599,0.0044766,0.0118943,0.0978337,0.257986,0.763333,0.378241,-0.414361
01324189,1523964206885,-8.59611,-4.40992,4.29998,0.0613983,-0.838936,-0.465538,0.710528,-0.0595948,-0.602091
01324188,1523964206885,-8.79106,-1.73391,-2.15517,0.0710373,0.496567,0.0399597,0.873303,-0.30432,-0.057282
01324185,1523964206885,-11.4862,-1.18833,-1.10884,-0.115983,-0.165716,0.229427,0.882902,0.263061,-0.341236
01324181,1523964206885,-10.0988,0.216467,3.66306,0.182165,-0.461651,-0.115913,0.84287,0.380908,-0.238935
01324180,1523964206885,-10.6258,-3.4223,0.00933578,-0.070911,0.105543,0.296211,0.765796,0.372962,-0.411801
01324189,1523964206902,-7.52195,-3.49718,3.9403,0.271097,-0.623724,-0.332192,0.703793,-0.0584494,-0.610167
01324188,1523964206902,-8.5346,-1.7102,-2.58095,0.363885,0.454887,0.00172242,0.873148,-0.302214,-0.0493384
01324185,1523964206902,-11.593,-1.42843,-1.1018,-0.167748,-0.176084,0.290811,0.883986,0.261214,-0.342006
01324181,1523964206902,-9.90825,0.412743,3.74263,0.171508,-0.33764,-0.102807,0.841223,0.379168,-0.247518
01324180,1523964206902,-10.796,-3.70872,-0.0325683,-0.11895,0.112038,0.357461,0.768572,0.374335,-0.407221
01324189,1523964206918,-6.86129,-2.2176,3.62181,0.383307,-0.395315,-0.200899,0.698804,-0.0590591,-0.614664
01324188,1523964206918,-8.43517,-0.966324,-2.81228,0.613522,0.346837,0.0181689,0.872063,-0.303573,-0.0386376
01324185,1523964206918,-11.4243,-1.50165,-1.03062,-0.111093,-0.144029,0.378954,0.884525,0.257354,-0.344846
01324181,1523964206918,-9.95019,0.567651,3.58001,0.167936,-0.165495,-0.0702842,0.840401,0.382547,-0.250503
01324180,1523964206918,-10.8023,-3.9449,-0.0774305,-0.159223,0.0677873,0.414862,0.772096,0.370494,-0.405728
01324189,1523964206935,-6.58044,-1.34784,3.15717,0.382357,-0.172589,-0.0876671,0.696403,-0.0630371,-0.617344
01324188,1523964206935,-8.64904,0.100082,-2.44727,0.647404,0.21336,0.113333,0.872073,-0.305929,-0.0319178
01324185,1523964206935,-11.2601,-1.45452,-1.03328,-0.0770672,-0.0715639,0.432844,0.88805,0.252536,-0.346118
01324181,1523964206935,-10.0484,0.733889,3.58102,0.152835,-0.0449864,-0.0571196,0.839638,0.381066,-0.253254
01324180,1523964206935,-10.7778,-4.12248,-0.150673,-0.188775,0.0303188,0.442496,0.775348,0.366948,-0.404361
01324189,1523964206952,-6.69553,-1.60431,2.9587,0.268441,0.0963079,0.0100899,0.697388,-0.0702508,-0.616209
01324188,1523964206952,-8.44748,-0.27184,-1.77162,0.4634,0.122266,0.231471,0.872628,-0.308313,-0.0278996
01324185,1523964206952,-11.2696,-1.32935,-1.13122,-0.116201,0.0221009,0.422933,0.887786,0.244636,-0.346433
01324181,1523964206952,-9.9979,0.851017,3.48733,0.13586,0.0652211,-0.0251088,0.838552,0.381379,-0.252718
01324180,1523964206952,-10.7972,-4.28167,-0.185573,-0.223721,-0.02008,0.501669,0.778934,0.359063,-0.405788
01324189,1523964206968,-6.95677,-2.73048,3.15956,0.181904,0.302781,0.0459083,0.699119,-0.0699899,-0.612346
01324188,1523964206968,-8.16787,-1.85471,-1.75463,0.449862,-0.0120906,0.253007,0.871554,-0.310614,-0.0250677
01324185,1523964206968,-11.2738,-1.04051,-1.2529,-0.249009,0.100333,0.363893,0.891319,0.241582,-0.343932
01324181,1523964206968,-9.93736,0.861595,3.29432,0.164283,0.198501,0.00868994,0.839759,0.380262,-0.250714
01324180,1523964206968,-10.7562,-4.46978,-0.157203,-0.228905,-0.0461043,0.529531,0.781784,0.355523,-0.404279
01324189,1523964206985,-7.35914,-3.5802,3.77213,0.208695,0.442584,0.0938102,0.702629,-0.0716457,-0.608385
01324188,1523964206985,-8.6837,-2.07689,-1.43092,0.882787,-0.129146,0.254608,0.869275,-0.315332,-0.0230452
01324185,1523964206985,-11.1235,-0.716468,-1.31848,-0.527073,0.121618,0.282381,0.89228,0.238697,-0.339987
01324181,1523964206985,-9.75595,0.78872,3.06504,0.169607,0.301525,0.0353839,0.840431,0.379421,-0.249508
01324180,1523964206985,-10.5419,-4.6332,0.0131718,-0.202063,-0.114374,0.568695,0.784548,0.349691,-0.407139
01324189,1523964207002,-7.75278,-4.02461,4.1616,0.317101,0.552158,0.142032,0.707515,-0.0763566,-0.603929
01324188,1523964207002,-9.03012,-0.927311,-1.51566,1.20329,-0.220551,0.324741,0.866991,-0.319419,-0.0189633
01324185,1523964207002,-10.7081,-0.516804,-1.31405,-0.830629,0.107734,0.180655,0.893647,0.238782,-0.335549
01324181,1523964207002,-9.53637,0.772062,2.87839,0.164274,0.422191,0.0605254,0.843507,0.378035,-0.245525
01324180,1523964207002,-10.0973,-4.67381,0.239641,-0.159278,-0.161579,0.56413,0.785443,0.342578,-0.408375
01324189,1523964207018,-7.68493,-3.82979,4.24866,0.455829,0.638828,0.195628,0.711542,-0.0821715,-0.594522
01324188,1523964207018,-9.17003,0.501383,-1.6262,0.874587,-0.289674,0.33583,0.865261,-0.324961,-0.0182112
01324185,1523964207018,-10.1798,-0.529661,-1.24676,-1.09643,0.120078,0.0957066,0.894473,0.241721,-0.329307
01324181,1523964207018,-9.28929,0.852782,2.6804,0.142992,0.491183,0.0662888,0.845075,0.378539,-0.241167
01324180,1523964207018,-9.58712,-4.54432,0.433848,-0.182762,-0.197726,0.521446,0.788072,0.336452,-0.410158
01324189,1523964207035,-7.31938,-2.90356,4.13825,0.616826,0.768323,0.24915,0.719678,-0.092697,-0.584797
01324188,1523964207035,-9.27879,1.18658,-1.62916,0.26391,-0.291266,0.305048,0.862176,-0.330633,-0.0204124
01324185,1523964207035,-9.70502,-0.756426,-1.1313,-1.27962,0.122287,0.0481681,0.894752,0.249451,-0.323109
01324181,1523964207035,-9.06248,0.933353,2.37119,0.144882,0.568094,0.0686028,0.848046,0.371667,-0.23295
01324180,1523964207035,-9.14627,-4.26015,0.531554,-0.276072,-0.221974,0.443292,0.789354,0.330343,-0.410839
01324189,1523964207052,-6.91533,-1.79253,4.09097,0.654979,0.883526,0.281843,0.726987,-0.102909,-0.574257
01324188,1523964207052,-8.81654,0.614143,-2.08001,-0.306829,-0.276469,0.257149,0.859768,-0.335425,-0.0260682
01324185,1523964207052,-9.38256,-1.08098,-1.03501,-1.39447,0.111416,-0.00612996,0.898019,0.254814,-0.31533
01324181,1523964207052,-8.83455,1.01869,2.18747,0.128891,0.627481,0.0803039,0.850273,0.37025,-0.22444
01324180,1523964207052,-8.80161,-3.9808,0.521952,-0.425198,-0.23694,0.331464,0.788052,0.32703,-0.410617
01324189,1523964207068,-6.80363,-0.792843,4.21337,0.554331,0.989923,0.326586,0.735096,-0.110408,-0.563572
01324188,1523964207068,-8.21068,-1.77409,-3.27599,-0.775745,-0.22841,0.206862,0.858566,-0.337868,-0.0325347
01324185,1523964207068,-9.10845,-1.44375,-0.945957,-1.40406,0.0776409,-0.0467788,0.896679,0.260612,-0.307017
01324181,1523964207068,-8.7193,1.00067,2.14991,0.123575,0.645155,0.0813088,0.85355,0.370683,-0.215714
01324180,1523964207068,-8.44557,-3.82679,0.506939,-0.583506,-0.235647,0.23724,0.789377,0.329488,-0.413424
01324189,1523964207085,-7.3636,-0.494851,4.81644,0.323322,1.02018,0.340083,0.743029,-0.118313,-0.548606
01324188,1523964207085,-8.57533,-3.61436,-2.30826,-0.534996,0.000113573,0.0410803,0.859392,-0.338886,-0.0390721
01324185,1523964207085,-8.8821,-1.6425,-0.846842,-1.34291,0.0256697,-0.0771764,0.89764,0.267659,-0.299639
01324181,1523964207085,-8.66972,0.938118,2.22629,0.0924004,0.627488,0.0846989,0.854309,0.369117,-0.208382
01324180,1523964207085,-8.18474,-3.77985,0.46624,-0.694611,-0.219857,0.128467,0.78921,0.330775,-0.409883
01324189,1523964207102,-8.2963,-0.843238,5.99317,0.0431058,0.954423,0.341244,0.751109,-0.123072,-0.536694
01324188,1523964207102,-9.40623,-4.06162,-2.04262,0.179421,0.246516,-0.041717,0.860471,-0.33819,-0.0356757
01324185,1523964207102,-8.72783,-1.70602,-0.80184,-1.21709,-0.0567489,-0.0955303,0.895346,0.273838,-0.293548
01324181,1523964207102,-8.67684,0.80695,2.3157,0.110925,0.596063,0.105072,0.856417,0.366274,-0.199708
01324180,1523964207102,-8.19999,-3.68718,0.360258,-0.78471,-0.220123,0.0400072,0.787406,0.335586,-0.408949
01324189,1523964207118,-8.75575,-1.14846,6.24765,-0.125928,0.859662,0.348057,0.755777,-0.127736,-0.523805
01324188,1523964207118,-9.3656,0.063003,0.499502,0.601692,0.205404,-0.159807,0.857201,-0.336765,-0.0306981
01324185,1523964207118,-8.59744,-1.59856,-0.883745,-1.01813,-0.0926437,-0.149979,0.893175,0.282626,-0.291012
01324181,1523964207118,-8.56237,0.628628,2.49132,0.135744,0.525368,0.106099,0.859052,0.365951,-0.193219
01324180,1523964207118,-8.38694,-3.41044,0.234276,-0.951165,-0.244583,-0.0780325,0.784064,0.344909,-0.406147
01324189,1523964207135,-8.72641,-0.951711,5.68298,-0.291301,0.851792,0.342171,0.761294,-0.131435,-0.514933
01324188,1523964207135,-9.5329,1.93653,0.233526,-0.107147,0.123032,-0.310785,0.859626,-0.334153,-0.0282759
01324185,1523964207135,-8.63055,-1.36,-0.894486,-0.774262,-0.134061,-0.182298,0.891278,0.29001,-0.288201
01324181,1523964207135,-8.33623,0.674905,2.57399,0.146256,0.469968,0.123624,0.86007,0.365377,-0.186175
01324180,1523964207135,-8.29414,-3.25612,0.124854,-1.21392,-0.273085,-0.18889,0.782345,0.353631,-0.404731
01324189,1523964207152,-9.32384,-0.589317,5.56629,-0.508149,0.849908,0.380648,0.76882,-0.13015,-0.505776
01324188,1523964207152,-10.8388,1.75032,-0.73408,-0.755188,0.239418,-0.398194,0.862852,-0.329507,-0.0260059
01324185,1523964207152,-8.73072,-0.902002,-0.984684,-0.634325,-0.147383,-0.236782,0.890598,0.293828,-0.287582
01324181,1523964207152,-8.50028,0.900824,2.81011,0.0894249,0.4934,0.100754,0.863691,0.362579,-0.180973
01324180,1523964207152,-8.02545,-3.5773,-0.0241318,-1.40244,-0.242011,-0.28671,0.779209,0.364198,-0.392449
01324189,1523964207168,-10.0916,-1.3668,5.40078,-0.745924,0.717882,0.374033,0.773093,-0.13022,-0.497129
01324188,1523964207168,-11.0824,1.20307,-0.965467,-1.0607,0.397422,-0.374669,0.864707,-0.322236,-0.0263822
01324185,1523964207168,-8.71631,-0.894907,-1.02662,-0.500609,-0.0896408,-0.236452,0.888295,0.299234,-0.285013
01324181,1523964207168,-8.63537,0.967127,2.84661,0.0468474,0.542614,0.0858286,0.865244,0.361866,-0.173401
01324180,1523964207168,-8.25029,-4.09304,-0.128251,-1.41648,-0.213186,-0.327114,0.773642,0.37817,-0.384522
01324189,1523964207185,-10.0052,-2.33611,4.41868,-0.800986,0.592309,0.390944,0.776553,-0.127116,-0.490855
01324188,1523964207185,-10.6401,-0.82343,-0.690621,-0.802165,0.517452,-0.268792,0.866027,-0.316484,-0.0252311
01324185,1523964207185,-8.90051,-1.25245,-0.961679,-0.35047,0.0675163,-0.226521,0.887892,0.303799,-0.28218
01324181,1523964207185,-8.69935,0.947113,2.66304,0.0345974,0.545584,0.0566042,0.867107,0.358554,-0.166708
01324180,1523964207185,-8.71446,-4.46507,-0.161412,-1.23398,-0.225994,-0.353291,0.769171,0.391268,-0.37933
01324189,1523964207202,-9.7369,-2.91442,3.45424,-0.63851,0.587061,0.451855,0.780005,-0.125729,-0.482721
01324188,1523964207202,-9.83192,-1.98148,-0.671979,0.0961151,0.581819,-0.265325,0.867347,-0.310758,-0.0235428
01324185,1523964207202,-9.28615,-1.23549,-0.841011,-0.258108,0.200236,-0.2478,0.884918,0.309966,-0.27674
01324181,1523964207202,-8.71308,0.828141,2.5783,0.0275108,0.566823,0.0585514,0.868644,0.358433,-0.158218
01324180,1523964207202,-8.92062,-4.58268,-0.226909,-0.941485,-0.229926,-0.364638,0.766367,0.402347,-0.380958
01324189,1523964207218,-9.10431,-3.13745,1.87663,-0.557806,0.515165,0.512533,0.782672,-0.127492,-0.475942
01324188,1523964207218,-8.92988,-2.65764,-1.69808,0.779664,0.594808,-0.255025,0.867857,-0.307028,-0.0101198
01324185,1523964207218,-9.56288,-1.09401,-0.716579,-0.241951,0.213404,-0.320133,0.884921,0.313821,-0.274164
01324181,1523964207218,-8.57798,0.793342,2.58466,0.0605192,0.593152,0.0465779,0.869655,0.357182,-0.149433
01324180,1523964207218,-8.84361,-4.55282,-0.225993,-0.677265,-0.21205,-0.377797,0.762472,0.412689,-0.377181
01324189,1523964207235,-8.30866,-3.32665,0.19927,-0.582559,0.536576,0.508682,0.781427,-0.129744,-0.472467
01324188,1523964207235,-8.7113,-2.45852,-2.71236,1.05701,0.574164,-0.198442,0.867303,-0.306911,0.00309042
01324185,1523964207235,-9.38165,-1.02524,-0.642549,-0.205594,0.106453,-0.412229,0.881939,0.319924,-0.271991
01324181,1523964207235,-8.43365,0.702946,2.47623,0.107737,0.648011,0.0468761,0.871044,0.35737,-0.140018
01324180,1523964207235,-8.51583,-4.50189,-0.111337,-0.409895,-0.157128,-0.404795,0.757843,0.418864,-0.377665
01324189,1523964207252,-8.37615,-4.08048,-0.108194,-0.43296,0.616843,0.398884,0.785049,-0.131821,-0.465701
01324188,1523964207252,-9.07313,-2.21295,-2.46629,0.998084,0.574603,-0.124563,0.867009,-0.304772,0.0165586
01324185,1523964207252,-8.81747,-1.19476,-0.50967,-0.122631,0.0419493,-0.446048,0.879497,0.327291,-0.270093
01324181,1523964207252,-8.42729,0.538092,2.42147,0.0954632,0.682946,0.0248258,0.873126,0.356115,-0.130713
01324180,1523964207252,-8.07518,-4.4017,0.0361099,-0.13639,-0.0895974,-0.448382,0.752916,0.427361,-0.377557
01324189,1523964207268,-9.08034,-5.18648,0.123742,-0.0487499,0.59214,0.254665,0.788646,-0.133024,-0.45692
01324188,1523964207268,-9.44331,-2.31365,-2.70075,0.719262,0.53773,-0.063201,0.868608,-0.301331,0.0264489
01324185,1523964207268,-8.39281,-1.27427,-0.313512,-0.0109056,0.0530377,-0.465896,0.877059,0.331565,-0.267774
01324181,1523964207268,-8.85954,0.377641,2.50388,0.0511965,0.643221,-0.0200684,0.872787,0.355169,-0.121921
01324180,1523964207268,-7.88474,-4.22733,0.196023,0.136412,-0.0307396,-0.495476,0.750184,0.432055,-0.378504
01324189,1523964207285,-9.75906,-5.22919,0.907916,0.537224,0.482552,0.1166,0.794058,-0.1386,-0.450069
01324188,1523964207285,-10.0538,-1.30806,-2.74361,0.431697,0.510725,-0.00540476,0.868192,-0.301374,0.0399167
01324185,1523964207285,-8.49867,-1.31917,-0.104704,0.146081,0.0740769,-0.496797,0.871498,0.337214,-0.267287
01324181,1523964207285,-9.56574,0.310887,2.71799,0.0182362,0.480121,-0.0461852,0.874596,0.354758,-0.113428
01324180,1523964207285,-8.10111,-4.17267,0.266716,0.402771,0.0339005,-0.523167,0.744636,0.436505,-0.378738
01324189,1523964207302,-10.4868,-4.43249,1.85547,0.972536,0.355639,0.0278171,0.796198,-0.144231,-0.442645
01324188,1523964207302,-10.4616,-1.08026,-2.34541,0.177344,0.547535,0.0622181,0.868596,-0.30171,0.0468926
01324185,1523964207302,-9.09226,-1.48631,0.0146283,0.328161,0.089623,-0.518225,0.869998,0.344523,-0.268398
01324181,1523964207302,-10.1282,0.36241,2.78102,-0.00938131,0.221263,-0.0844065,0.874552,0.356805,-0.111477
01324180,1523964207302,-8.646,-3.94728,0.262634,0.628401,0.0722404,-0.554701,0.739405,0.438066,-0.381873
01324189,1523964207318,-10.4307,-2.69033,2.14112,1.18938,0.162601,-0.00666255,0.7939,-0.155224,-0.437622
01324188,1523964207318,-9.83451,-1.46522,-2.10134,0.294398,0.577073,0.097077,0.864523,-0.302495,0.0557817
01324185,1523964207318,-9.88361,-1.52718,-0.0432753,0.530519,0.0325734,-0.557028,0.866871,0.352119,-0.269244
01324181,1523964207318,-10.3982,0.492576,2.8734,0.0045151,0.00680622,-0.0655712,0.872348,0.358617,-0.108569
01324180,1523964207318,-9.35469,-3.75714,0.213256,0.769818,0.115358,-0.576157,0.73537,0.440329,-0.384605
01324189,1523964207335,-9.84238,-1.21128,2.26719,1.17236,0.0185394,0.020073,0.795265,-0.163437,-0.432885
01324188,1523964207335,-9.43129,-0.935955,-2.14298,0.534881,0.619132,0.0673665,0.86426,-0.305225,0.0674636
01324185,1523964207335,-10.5735,-1.41475,-0.267238,0.713125,-0.0239209,-0.563519,0.861838,0.356807,-0.274762
01324181,1523964207335,-10.3301,0.488462,2.95603,0.0400083,-0.132151,-0.0746621,0.871931,0.359764,-0.108721
01324180,1523964207335,-10.0686,-3.53803,0.159152,0.822402,0.121181,-0.589635,0.730145,0.442192,-0.389625
01324189,1523964207352,-9.17073,-0.351557,1.85504,0.967681,-0.0554561,0.0602481,0.794484,-0.172041,-0.431339
01324188,1523964207352,-9.54086,-0.512819,-2.60321,0.558192,0.620343,0.0462752,0.862612,-0.30355,0.0789
01324185,1523964207352,-10.9352,-1.23933,-0.467078,0.850341,-0.0446172,-0.56176,0.858297,0.361923,-0.280027
01324181,1523964207352,-10.0971,0.449819,3.14421,0.118399,-0.0287507,-0.0826861,0.872596,0.361996,-0.110901
01324180,1523964207352,-10.4029,-3.42383,-0.0561685,0.827498,0.130106,-0.591195,0.72572,0.444035,-0.393846
01324189,1523964207368,-9.30078,0.0660267,1.41987,0.681913,-0.000594762,0.156043,0.793419,-0.180631,-0.428452
01324188,1523964207368,-9.26992,-0.520953,-3.31279,0.389612,0.598387,0.0236918,0.86235,-0.305965,0.0869661
01324185,1523964207368,-10.9253,-1.0541,-0.585875,0.967347,0.000506772,-0.51966,0.853942,0.364059,-0.286306
01324181,1523964207368,-10.2874,0.369855,3.23871,0.138896,-0.0900608,-0.102187,0.870078,0.361523,-0.114452
01324180,1523964207368,-10.5367,-3.28788,-0.279079,0.792529,0.126642,-0.594893,0.720783,0.445034,-0.400779
01324189,1523964207385,-9.80207,-0.0740034,0.528937,0.314224,0.00245701,0.225077,0.792612,-0.185061,-0.426738
01324188,1523964207385,-9.29968,-0.774853,-3.88783,0.0650032,0.54331,-0.00301662,0.860979,-0.304754,0.0958114
01324185,1523964207385,-10.8286,-0.936799,-0.661584,1.04407,0.0671946,-0.474271,0.85013,0.366065,-0.292063
01324181,1523964207385,-10.3225,0.340277,3.29943,0.180832,-0.0549686,-0.120965,0.867676,0.36151,-0.116552
01324180,1523964207385,-10.4914,-3.20416,-0.384519,0.738353,0.149208,-0.635508,0.717294,0.446712,-0.404206
01324189,1523964207402,-10.2965,-0.58197,0.289354,-0.0132596,0.0638003,0.241732,0.790171,-0.189018,-0.42527
01324188,1523964207402,-9.36477,-1.41027,-4.01633,-0.229708,0.487047,-0.00563744,0.858791,-0.30305,0.103755
01324185,1523964207402,-10.9539,-0.861419,-0.703097,1.10894,0.110957,-0.438878,0.846591,0.366937,-0.298071
01324181,1523964207402,-10.4811,0.34061,3.56405,0.19338,-0.0837426,-0.150517,0.867906,0.363819,-0.11554
01324180,1523964207402,-10.5168,-3.12767,-0.340843,0.729195,0.185279,-0.64408,0.71206,0.447534,-0.404924
01324189,1523964207418,-10.573,-1.3928,0.238053,-0.252475,0.146599,0.226623,0.787869,-0.189824,-0.426053
01324188,1523964207418,-9.53152,-2.06582,-3.97058,-0.281723,0.408863,0.0241199,0.858249,-0.303856,0.108694
01324185,1523964207418,-11.1275,-0.776135,-0.774187,1.10348,0.123695,-0.402347,0.843869,0.367281,-0.302248
01324181,1523964207418,-10.3051,0.452115,3.26117,0.229077,-0.0981624,-0.164608,0.864814,0.366492,-0.119549
01324180,1523964207418,-10.6433,-3.09092,-0.303207,0.707808,0.197053,-0.622996,0.708019,0.450672,-0.408584
01324189,1523964207435,-10.3768,-1.97416,0.150951,-0.305292,0.229029,0.183615,0.790717,-0.192188,-0.423428
01324188,1523964207435,-9.47951,-2.39853,-4.00166,-0.194074,0.319046,0.0821645,0.856909,-0.306916,0.11229
01324185,1523964207435,-11.4843,-0.696894,-0.803402,1.05002,0.126176,-0.377563,0.84277,0.367307,-0.308256
01324181,1523964207435,-10.2253,0.460289,3.31948,0.231101,-0.0120681,-0.194917,0.864397,0.368193,-0.120511
01324180,1523964207435,-10.8619,-3.02105,-0.304957,0.694682,0.229561,-0.584103,0.703729,0.452072,-0.411735
01324189,1523964207452,-10.1684,-2.36927,0.322117,-0.288097,0.316854,0.174592,0.790957,-0.190744,-0.421011
01324188,1523964207452,-9.33307,-2.01308,-4.03036,-0.0681146,0.213692,0.123476,0.855425,-0.30837,0.112756
01324185,1523964207452,-11.5231,-0.778521,-0.810606,0.973924,0.121904,-0.348526,0.840043,0.366476,-0.314904
01324181,1523964207452,-10.2588,0.515617,3.41239,0.261521,0.0849087,-0.213994,0.861845,0.369884,-0.12331
01324180,1523964207452,-10.9547,-2.92964,-0.377867,0.609095,0.273014,-0.579021,0.699963,0.454185,-0.41434
01324189,1523964207468,-9.97902,-2.35098,0.694146,-0.155781,0.383702,0.194426,0.793655,-0.192524,-0.417443
01324188,1523964207468,-9.40824,-1.38699,-3.87421,-0.0538244,0.124297,0.155305,0.854479,-0.309327,0.114862
01324185,1523964207468,-11.4651,-0.793256,-0.732867,0.886285,0.143952,-0.34178,0.837325,0.367411,-0.317649
01324181,1523964207468,-10.3343,0.670119,3.26164,0.290199,0.0913988,-0.247646,0.859653,0.373336,-0.12389
01324180,1523964207468,-10.9555,-3.23883,-0.360238,0.565215,0.274542,-0.489691,0.698065,0.456105,-0.414544
01324189,1523964207485,-10.1167,-1.85891,1.10145,-0.0510257,0.389656,0.23033,0.794438,-0.193819,-0.413181
01324188,1523964207485,-9.47965,-1.05568,-3.62878,-0.0709393,0.0582363,0.18807,0.854627,-0.311458,0.116747
01324185,1523964207485,-11.1081,-0.867609,-0.623639,0.902005,0.160939,-0.304564,0.836373,0.367102,-0.31908
01324181,1523964207485,-10.2601,0.879648,3.25327,0.28857,0.0554027,-0.280749,0.85986,0.377918,-0.123589
01324180,1523964207485,-10.6498,-3.3176,-0.333517,0.583986,0.292549,-0.468435,0.695124,0.455726,-0.415319
01324189,1523964207502,-9.81542,-1.57506,1.2923,0.00756614,0.408895,0.260639,0.796842,-0.19558,-0.407335
01324188,1523964207502,-9.44563,-0.989724,-3.42268,-0.130163,0.0305823,0.182051,0.853021,-0.315038,0.116004
01324185,1523964207502,-10.8038,-0.785153,-0.535608,0.954092,0.18803,-0.279351,0.834466,0.365608,-0.323503
01324181,1523964207502,-10.1549,0.965766,3.30059,0.253063,0.058627,-0.294435,0.856886,0.379933,-0.124929
01324180,1523964207502,-10.2804,-3.10139,-0.280386,0.596323,0.293574,-0.475413,0.692167,0.457388,-0.417674
01324189,1523964207518,-9.71706,-1.8121,1.29025,-0.0173902,0.410014,0.273864,0.79682,-0.200875,-0.401757
01324188,1523964207518,-9.42664,-1.08641,-3.39789,-0.164942,-0.0131355,0.184879,0.851688,-0.318742,0.114712
01324185,1523964207518,-10.4225,-0.722474,-0.487067,1.00119,0.172093,-0.247069,0.833508,0.363556,-0.327662
01324181,1523964207518,-10.0013,1.00395,3.3274,0.218371,0.0354996,-0.298015,0.856009,0.384688,-0.123956
01324180,1523964207518,-9.96324,-2.93335,-0.295702,0.56096,0.305355,-0.458001,0.68948,0.457577,-0.41709
01324189,1523964207535,-9.61634,-1.89136,1.01836,-0.0295106,0.41095,0.280018,0.799558,-0.206836,-0.399695
01324188,1523964207535,-9.37013,-1.50188,-3.31995,-0.180439,-0.0151664,0.221943,0.850081,-0.321798,0.112117
01324185,1523964207535,-10.2051,-0.653984,-0.465531,1.04842,0.193155,-0.212437,0.832821,0.360076,-0.332723
01324181,1523964207535,-9.56784,1.0385,2.95519,0.194465,0.0414503,-0.303176,0.853011,0.38912,-0.12601
01324180,1523964207535,-9.77943,-2.92874,-0.298715,0.584592,0.350575,-0.436475,0.688135,0.45833,-0.417866
01324189,1523964207552,-9.53481,-1.78096,0.84214,0.00158908,0.431291,0.274734,0.799523,-0.210833,-0.393571
01324188,1523964207552,-9.21356,-1.65508,-3.2163,-0.145329,-0.0683086,0.241097,0.849831,-0.325293,0.112171
01324185,1523964207552,-9.99728,-0.455503,-0.534704,1.08056,0.200065,-0.19981,0.830917,0.357181,-0.33674
01324181,1523964207552,-9.21369,1.13976,2.92171,0.123173,0.0710248,-0.273488,0.850806,0.394267,-0.127556
01324180,1523964207552,-9.63959,-2.89081,-0.306809,0.607501,0.323933,-0.41544,0.6876,0.458783,-0.4192
01324189,1523964207568,-9.51703,-1.83878,0.873377,-0.0167298,0.46428,0.273721,0.801778,-0.212011,-0.386782
01324188,1523964207568,-9.07556,-1.59999,-3.23713,-0.15133,-0.0815586,0.2604,0.849446,-0.328597,0.111296
01324185,1523964207568,-9.83255,-0.182078,-0.563979,1.01853,0.198855,-0.20828,0.830909,0.356552,-0.340132
01324181,1523964207568,-9.06129,1.26285,2.93482,0.100736,0.0875647,-0.237126,0.848633,0.395174,-0.126755
01324180,1523964207568,-9.3554,-2.79074,-0.32282,0.635489,0.338393,-0.432783,0.685855,0.457488,-0.415688
01324189,1523964207585,-9.51685,-1.75602,0.922252,-0.10398,0.489333,0.254724,0.803771,-0.21376,-0.380664
01324188,1523964207585,-9.14347,-1.649,-3.08695,-0.167688,-0.102271,0.290142,0.848112,-0.331935,0.108411
01324185,1523964207585,-9.59096,0.016174,-0.654004,0.906552,0.197497,-0.192896,0.82928,0.352705,-0.342311
01324181,1523964207585,-9.09611,1.27224,2.82332,0.0942551,0.130995,-0.183283,0.849127,0.398047,-0.12589
01324180,1523964207585,-9.30784,-2.59854,-0.181122,0.607672,0.327723,-0.432118,0.685315,0.457787,-0.415674
01324189,1523964207602,-9.37248,-1.47036,0.813653,-0.212466,0.455901,0.266828,0.806591,-0.217257,-0.374569
01324188,1523964207602,-9.02217,-1.51363,-2.85328,-0.122215,-0.0994697,0.304654,0.846244,-0.33673,0.105711
01324185,1523964207602,-9.39528,0.149751,-0.692871,0.753031,0.203315,-0.203015,0.829276,0.351676,-0.344523
01324181,1523964207602,-9.09042,1.26274,2.64966,0.0229099,0.191887,-0.135987,0.846644,0.399329,-0.121241
01324180,1523964207602,-9.10597,-2.48968,-0.207555,0.535726,0.343332,-0.436878,0.683173,0.457534,-0.415512
01324189,1523964207618,-9.36436,-1.28618,1.12066,-0.28485,0.413584,0.302203,0.807922,-0.219285,-0.370185
01324188,1523964207618,-9.24295,-1.05696,-2.87495,-0.0838018,-0.0830325,0.326291,0.84357,-0.342812,0.102805
01324185,1523964207618,-9.32521,0.195058,-0.696337,0.558196,0.181998,-0.233296,0.827645,0.349374,-0.346979
01324181,1523964207618,-9.05347,1.17101,2.62268,-0.0449631,0.151903,-0.0930198,0.845511,0.402806,-0.119973
01324180,1523964207618,-8.99701,-2.51799,-0.148642,0.45845,0.3425,-0.41103,0.682142,0.455691,-0.419452
01324189,1523964207635,-9.61445,-1.39809,1.19719,-0.397346,0.383788,0.328585,0.808448,-0.221585,-0.366864
01324188,1523964207635,-9.36255,-0.704169,-2.92054,-0.137782,-0.0862322,0.352409,0.84265,-0.347522,0.101041
01324185,1523964207635,-9.12755,0.213007,-0.785054,0.415416,0.198318,-0.24009,0.828456,0.34992,-0.347901
01324181,1523964207635,-8.91131,1.22134,2.47289,-0.116294,0.175469,-0.0547072,0.845884,0.403706,-0.11787
01324180,1523964207635,-8.86646,-2.53153,-0.0918544,0.389986,0.303876,-0.422316,0.678635,0.457641,-0.419902
01324189,1523964207652,-9.74974,-1.63431,1.11835,-0.480188,0.341558,0.360398,0.810071,-0.222626,-0.365151
01324188,1523964207652,-9.33359,-0.714186,-2.88217,-0.214557,-0.0690295,0.352077,0.841055,-0.352713,0.100467
01324185,1523964207652,-9.01672,0.164171,-0.777164,0.262775,0.176103,-0.231298,0.82764,0.353589,-0.347673
01324181,1523964207652,-8.96922,1.30307,2.5579,-0.170715,0.138624,-0.0358849,0.845183,0.402806,-0.113725
01324180,1523964207652,-8.68942,-2.39457,-0.0627881,0.286343,0.272014,-0.426717,0.677372,0.461272,-0.417108
01324189,1523964207668,-9.72162,-1.98239,0.900465,-0.508738,0.324562,0.363884,0.81005,-0.223045,-0.362746
01324188,1523964207668,-9.32015,-1.01324,-2.87956,-0.228384,-0.0619768,0.382163,0.839736,-0.358363,0.0971676
01324185,1523964207668,-8.93506,0.0865579,-0.840521,0.120697,0.158195,-0.222539,0.824927,0.356268,-0.347689
01324181,1523964207668,-9.20971,1.33417,2.58474,-0.191463,0.0898654,0.00432543,0.844052,0.405168,-0.111105
01324180,1523964207668,-8.58697,-2.27253,-0.0756187,0.171352,0.243814,-0.439943,0.675987,0.463891,-0.414469
01324189,1523964207685,-9.60576,-2.51945,0.636995,-0.494682,0.300188,0.364846,0.810598,-0.2255,-0.361568
01324188,1523964207685,-9.33047,-1.19181,-2.85379,-0.196,-0.0613868,0.405405,0.837325,-0.363161,0.0947432
01324185,1523964207685,-8.9043,-0.0341413,-0.974046,-0.0104427,0.124412,-0.205172,0.825478,0.358039,-0.343526
01324181,1523964207685,-9.43638,1.25864,2.66202,-0.166907,0.0431269,0.0547617,0.844345,0.402888,-0.110529
01324180,1523964207685,-8.59935,-2.2385,-0.111806,0.0349095,0.236319,-0.439968,0.673906,0.468843,-0.412042
01324189,1523964207702,-9.4523,-2.80656,0.402761,-0.37973,0.27909,0.375902,0.810336,-0.230375,-0.359596
01324188,1523964207702,-9.29688,-1.25984,-2.79568,-0.140791,-0.0548031,0.464274,0.835743,-0.370241,0.0909537
01324185,1523964207702,-9.0568,-0.148864,-1.08523,-0.122077,0.108064,-0.184497,0.824397,0.360196,-0.341321
01324181,1523964207702,-9.58232,1.16719,2.61212,-0.151315,-0.0139925,0.119769,0.847041,0.400202,-0.107312
01324180,1523964207702,-8.69534,-2.27771,-0.163712,-0.0873609,0.211213,-0.432993,0.668642,0.471836,-0.41204
01324189,1523964207718,-9.47318,-2.91445,0.251908,-0.235009,0.247314,0.3418,0.810073,-0.233385,-0.358681
01324188,1523964207718,-9.31135,-1.25015,-2.79565,-0.0672718,-0.0551131,0.523183,0.832002,-0.379628,0.090548
01324185,1523964207718,-9.33005,-0.325425,-1.18576,-0.253566,0.0851191,-0.135664,0.822636,0.364042,-0.339261
01324181,1523964207718,-9.67565,0.955004,2.62767,-0.144491,-0.071544,0.162393,0.846796,0.398621,-0.107808
01324180,1523964207718,-8.86842,-2.34198,-0.214092,-0.206619,0.193288,-0.389892,0.667735,0.478493,-0.407165
01324189,1523964207735,-9.60587,-2.70453,0.213031,-0.0488601,0.17118,0.345254,0.808446,-0.237792,-0.35669
01324188,1523964207735,-9.35409,-1.0375,-2.84057,0.00957905,-0.0359371,0.559308,0.828382,-0.386548,0.0902952
01324185,1523964207735,-9.65648,-0.535374,-1.29822,-0.378493,0.0355703,-0.0977125,0.822504,0.365909,-0.337449
01324181,1523964207735,-9.64495,0.82434,2.64969,-0.155452,-0.0865888,0.210573,0.846654,0.399058,-0.10755
01324180,1523964207735,-9.10846,-2.45007,-0.304036,-0.287231,0.145188,-0.32038,0.665959,0.483046,-0.411506
01324189,1523964207752,-9.70944,-2.15892,0.325424,0.111007,0.117764,0.341462,0.809017,-0.244705,-0.355146
01324188,1523964207752,-9.38637,-0.603024,-2.88998,0.0306762,-0.0381492,0.602776,0.825984,-0.393588,0.0890768
01324185,1523964207752,-9.89367,-0.769922,-1.37543,-0.502667,0.0214218,-0.0429984,0.822241,0.369666,-0.332649
01324181,1523964207752,-9.70321,0.804313,2.56276,-0.167853,-0.0778561,0.205533,0.848297,0.397861,-0.108871
01324180,1523964207752,-9.26619,-2.56699,-0.381141,-0.375102,0.104656,-0.236816,0.664807,0.488264,-0.407872
01324189,1523964207768,-9.88787,-1.49085,0.339443,0.1354,0.0744073,0.350535,0.806845,-0.248811,-0.35328
01324188,1523964207768,-9.56649,-0.273714,-2.99505,0.00292183,-0.047282,0.644047,0.822239,-0.402218,0.0880453
01324185,1523964207768,-9.98623,-1.06312,-1.41698,-0.579942,0.0229511,0.0378964,0.821431,0.372814,-0.330193
01324181,1523964207768,-9.63481,0.732322,2.58389,-0.137725,-0.0863205,0.224317,0.849682,0.394696,-0.108819
01324180,1523964207768,-9.34637,-2.69759,-0.447897,-0.449286,0.0725551,-0.134664,0.663389,0.493196,-0.403969
01324189,1523964207785,-9.91707,-0.589245,0.390708,0.0958281,0.0213632,0.386034,0.805509,-0.253808,-0.352769
01324188,1523964207785,-9.55286,0.140107,-3.22031,-0.0511878,-0.0597908,0.647957,0.818642,-0.412883,0.0868846
01324185,1523964207785,-9.93389,-1.37396,-1.32867,-0.629137,0.0149883,0.0771165,0.822797,0.374034,-0.325374
01324181,1523964207785,-9.41761,0.693614,2.62467,-0.129693,-0.0403055,0.227227,0.849194,0.389866,-0.107518
01324180,1523964207785,-9.24776,-2.82405,-0.479048,-0.478796,0.0199334,-0.00779668,0.661697,0.495773,-0.393355
01324189,1523964207802,-9.85763,0.204117,0.493927,-0.0218872,0.0278279,0.433584,0.802557,-0.259202,-0.353849
01324188,1523964207802,-9.49836,0.501875,-3.26253,-0.148892,-0.0685544,0.644535,0.812864,-0.421914,0.0858534
01324185,1523964207802,-9.69273,-1.4933,-1.17278,-0.586467,0.0330986,0.16705,0.82254,0.374846,-0.319761
01324181,1523964207802,-9.20722,0.844028,2.70524,-0.104001,-0.0542075,0.239884,0.849631,0.3877,-0.108141
01324180,1523964207802,-8.99457,-2.95912,-0.436231,-0.502937,-0.0325143,0.109398,0.663242,0.498903,-0.387911
01324189,1523964207818,-9.80722,0.608786,0.472221,-0.222677,0.0731577,0.507441,0.800262,-0.264458,-0.352526
01324188,1523964207818,-9.56587,0.561702,-3.16147,-0.246454,-0.0919817,0.655987,0.808446,-0.431347,0.0835682
01324185,1523964207818,-9.36446,-1.52888,-0.997207,-0.510931,0.0490252,0.245033,0.825125,0.37421,-0.316104
01324181,1523964207818,-8.99256,0.958187,2.68028,-0.0507344,-0.0156966,0.264113,0.852242,0.383236,-0.10781
01324180,1523964207818,-8.66544,-3.00956,-0.322119,-0.482451,-0.0866875,0.232142,0.66255,0.501684,-0.390277
01324189,1523964207835,-9.76271,0.796694,0.618039,-0.444325,0.0971371,0.571502,0.799251,-0.272073,-0.35592
01324188,1523964207835,-9.52267,0.487871,-2.96861,-0.26473,-0.115615,0.641448,0.805506,-0.438253,0.079672
01324185,1523964207835,-9.03126,-1.45625,-0.922443,-0.398005,0.0449451,0.294185,0.825673,0.37426,-0.313493
01324181,1523964207835,-9.00216,0.953225,2.67548,0.00253152,-0.0321424,0.279318,0.852414,0.380648,-0.108289
01324180,1523964207835,-8.35971,-3.10825,-0.237503,-0.447911,-0.108265,0.305964,0.664962,0.500904,-0.388166
01324189,1523964207852,-9.66182,0.615641,0.647728,-0.622745,0.113704,0.613502,0.797103,-0.275331,-0.356992
01324188,1523964207852,-9.52773,0.434007,-2.84775,-0.234121,-0.127989,0.646831,0.801505,-0.448937,0.0759568
01324185,1523964207852,-8.82838,-1.36842,-0.910194,-0.345291,0.0378197,0.334098,0.827582,0.370656,-0.310328
01324181,1523964207852,-9.2409,0.889678,2.76211,0.0379284,-0.0723157,0.301335,0.853587,0.375413,-0.111381
01324180,1523964207852,-8.151,-3.15893,-0.235743,-0.385495,-0.127217,0.387048,0.666312,0.499126,-0.38579
01324189,1523964207868,-9.72909,0.247421,0.691681,-0.727289,0.125224,0.651351,0.794704,-0.280744,-0.359014
01324188,1523964207868,-9.53511,0.404631,-2.78004,-0.195716,-0.136498,0.645229,0.795052,-0.458241,0.0716853
01324185,1523964207868,-8.98263,-1.34336,-0.886864,-0.338805,0.0140291,0.34193,0.83003,0.368304,-0.307961
01324181,1523964207868,-9.80633,0.844065,2.8946,0.0163807,-0.169265,0.314503,0.855276,0.371054,-0.1133
01324180,1523964207868,-8.29032,-3.21808,-0.276098,-0.326967,-0.128856,0.480613,0.669008,0.496448,-0.382371
01324189,1523964207885,-9.72571,-0.154313,0.749093,-0.740221,0.0856531,0.644279,0.791491,-0.286424,-0.36103
01324188,1523964207885,-9.51318,0.463933,-2.65079,-0.18345,-0.135013,0.650639,0.7913,-0.465436,0.0680506
01324185,1523964207885,-9.4989,-1.30654,-0.998591,-0.342559,-0.0523023,0.31696,0.831799,0.365094,-0.306237
01324181,1523964207885,-9.78197,0.720729,2.7643,0.0375968,-0.229933,0.332878,0.855364,0.365295,-0.114908
01324180,1523964207885,-8.89053,-3.35973,-0.331074,-0.25965,-0.132142,0.572546,0.672791,0.493621,-0.381672
01324189,1523964207902,-9.68861,-0.371222,0.874588,-0.676227,0.00898391,0.603766,0.789626,-0.288977,-0.363705
01324188,1523964207902,-9.48815,0.715864,-2.48481,-0.178195,-0.130554,0.648947,0.787418,-0.473854,0.0656874
01324185,1523964207902,-10.0009,-1.30116,-1.16156,-0.335908,-0.0828514,0.267934,0.83235,0.362887,-0.303734
01324181,1523964207902,-9.53278,0.592665,2.76593,-0.00157179,-0.28398,0.332487,0.856927,0.36203,-0.119241
01324180,1523964207902,-9.46108,-3.54439,-0.395663,-0.205927,-0.17881,0.683414,0.676301,0.489028,-0.375601
01324189,1523964207918,-9.76869,-0.545369,0.955707,-0.58117,-0.0231126,0.556187,0.786687,-0.293374,-0.36665
01324188,1523964207918,-9.48559,0.74998,-2.53809,-0.197363,-0.117442,0.663121,0.781909,-0.482182,0.0620038
01324185,1523964207918,-10.2662,-1.27788,-1.20867,-0.324112,-0.0778278,0.256041,0.833978,0.360913,-0.303721
01324181,1523964207918,-9.51324,0.505416,2.93678,-0.0262386,-0.24582,0.293257,0.859146,0.358934,-0.12199
01324180,1523964207918,-9.76917,-3.64408,-0.442722,-0.169743,-0.209435,0.776662,0.680667,0.483158,-0.376864
01324189,1523964207935,-9.78687,-0.807374,0.923716,-0.459643,-0.0511579,0.537107,0.782122,-0.298019,-0.370381
01324188,1523964207935,-9.47381,0.663263,-2.55665,-0.166867,-0.114497,0.658056,0.776548,-0.492755,0.0595244
01324185,1523964207935,-10.3021,-1.26789,-1.06166,-0.306933,-0.00901047,0.286204,0.834796,0.358965,-0.302398
01324181,1523964207935,-9.37918,0.531282,2.91299,-0.00822912,-0.218127,0.26065,0.858948,0.355023,-0.124298
01324180,1523964207935,-9.9316,-3.61202,-0.458633,-0.176754,-0.273391,0.86237,0.685875,0.474083,-0.378203
01324189,1523964207952,-9.76299,-0.90958,0.854959,-0.307285,-0.077853,0.489686,0.779742,-0.303443,-0.374277
01324188,1523964207952,-9.59019,0.558521,-2.68956,-0.127551,-0.131732,0.674054,0.770911,-0.50249,0.0579088
01324185,1523964207952,-10.1305,-1.3313,-0.782041,-0.245018,0.0789303,0.33316,0.835208,0.356166,-0.301327
01324181,1523964207952,-9.14009,0.563298,2.82214,0.00271183,-0.210086,0.219248,0.85933,0.350455,-0.130052
01324180,1523964207952,-9.80051,-3.48304,-0.410724,-0.182359,-0.289455,0.91849,0.6919,0.46707,-0.387079
01324189,1523964207968,-9.82272,-0.721068,0.8271,-0.192998,-0.0756149,0.463421,0.775982,-0.30882,-0.376284
01324188,1523964207968,-9.89955,0.570388,-2.84609,-0.0822209,-0.136066,0.677812,0.765813,-0.511526,0.0536371
01324185,1523964207968,-9.85969,-1.33747,-0.424764,-0.202029,0.15483,0.390395,0.838883,0.352591,-0.2966
01324181,1523964207968,-8.88918,0.556488,2.91081,0.0242474,-0.203624,0.186421,0.859119,0.347408,-0.132112
01324180,1523964207968,-9.41559,-3.36635,-0.287899,-0.222129,-0.267962,0.92888,0.696856,0.456548,-0.388173
01324189,1523964207985,-9.95717,-0.317608,0.752199,-0.169195,-0.00681566,0.445623,0.77547,-0.311978,-0.377641
01324188,1523964207985,-9.95714,0.695685,-2.80346,-0.134514,-0.156912,0.675443,0.763008,-0.518124,0.0493546
01324185,1523964207985,-9.54514,-1.21633,-0.0900786,-0.153664,0.199017,0.451218,0.843638,0.349129,-0.293315
01324181,1523964207985,-8.78973,0.543043,2.98899,0.0413435,-0.161702,0.157403,0.860651,0.344909,-0.134202
01324180,1523964207985,-8.99231,-3.24995,-0.094612,-0.233601,-0.243168,0.909574,0.70109,0.450095,-0.388499
01324189,1523964208002,-10.1155,0.0810623,0.69712,-0.242854,0.0595387,0.418623,0.771141,-0.315177,-0.378419
01324188,1523964208002,-9.87051,0.597484,-2.59627,-0.198987,-0.180941,0.665901,0.756142,-0.526783,0.0470138
01324185,1523964208002,-9.33939,-1.06097,0.0596557,-0.131576,0.195534,0.474979,0.846227,0.342705,-0.290125
01324181,1523964208002,-8.88938,0.56135,2.89623,0.0529239,-0.167018,0.155617,0.858831,0.34201,-0.137046
01324180,1523964208002,-8.65042,-3.21219,0.140952,-0.243792,-0.167967,0.86777,0.70696,0.440998,-0.387957
01324189,1523964208018,-10.27,0.418642,0.880375,-0.32298,0.0880465,0.414776,0.769544,-0.319313,-0.379638
01324188,1523964208018,-9.86674,0.329689,-2.22807,-0.197173,-0.187235,0.653457,0.751589,-0.536132,0.042985
01324185,1523964208018,-9.29321,-0.912019,0.0221777,-0.160871,0.129046,0.490732,0.84895,0.337401,-0.287339
01324181,1523964208018,-9.14248,0.572962,2.83643,0.0422163,-0.220092,0.153529,0.859943,0.340803,-0.139158
01324180,1523964208018,-8.57784,-3.27101,0.305684,-0.232761,-0.0975917,0.810278,0.711345,0.433533,-0.389252
01324189,1523964208035,-10.352,0.603535,1.32505,-0.337813,0.0709169,0.343702,0.767532,-0.322718,-0.380713
01324188,1523964208035,-9.8674,0.168359,-1.91134,-0.194038,-0.178518,0.554451,0.745677,-0.545154,0.0387244
01324185,1523964208035,-9.40659,-0.795906,-0.153714,-0.199328,0.0605926,0.47763,0.85059,0.332116,-0.283634
01324181,1523964208035,-9.46624,0.636932,2.99735,0.00117539,-0.2943,0.156539,0.859062,0.339286,-0.143635
01324180,1523964208035,-8.78855,-3.45765,0.372691,-0.188599,-0.0191283,0.751326,0.716549,0.423424,-0.38737
01324189,1523964208052,-10.5461,0.782915,2.05132,-0.272801,0.0219257,0.255212,0.765653,-0.324689,-0.382179
01324188,1523964208052,-9.71732,0.221115,-1.94909,-0.258502,-0.132072,0.395235,0.742195,-0.55207,0.0352384
01324185,1523964208052,-9.70819,-0.683478,-0.37489,-0.252294,-0.0104853,0.454397,0.855203,0.325188,-0.284628
01324181,1523964208052,-9.43818,0.644601,2.92493,-0.0256417,-0.341771,0.174305,0.859559,0.335455,-0.148343
01324180,1523964208052,-9.16906,-3.58275,0.365872,-0.108816,0.0102829,0.699343,0.720929,0.415806,-0.387317
01324189,1523964208068,-10.7104,1.13652,2.73374,-0.124446,-0.119463,0.149396,0.766765,-0.325734,-0.383939
01324188,1523964208068,-9.546,0.784217,-2.22748,-0.579597,-0.0745331,0.211366,0.739632,-0.553972,0.0301693
01324185,1523964208068,-9.99798,-0.67704,-0.571217,-0.29613,-0.0569276,0.437799,0.856436,0.320464,-0.281058
01324181,1523964208068,-9.49289,0.733781,2.85042,-0.0204114,-0.304151,0.199612,0.858818,0.33309,-0.152272
01324180,1523964208068,-9.4975,-3.57051,0.212887,-0.0477668,0.0741785,0.63168,0.726877,0.409434,-0.381993
01324189,1523964208085,-10.6104,1.74518,3.05011,-0.0782807,-0.330648,0.0681845,0.763266,-0.32681,-0.387387
01324188,1523964208085,-9.39056,0.974732,-2.31465,-1.17531,-0.0590227,0.0198534,0.740188,-0.554784,0.0193393
01324185,1523964208085,-10.1092,-0.741417,-0.638583,-0.315759,-0.03588,0.410497,0.858879,0.316089,-0.281285
01324181,1523964208085,-9.72379,0.777113,2.89158,-0.0383271,-0.303777,0.218688,0.859747,0.327662,-0.157749
01324180,1523964208085,-9.86545,-3.53572,0.165982,-0.0364637,0.0506096,0.587721,0.732044,0.402369,-0.379778
01324189,1523964208102,-10.2139,2.24198,2.54389,-0.276957,-0.444465,0.0303265,0.760072,-0.325184,-0.3959
01324188,1523964208102,-9.40156,0.614501,-2.16931,-1.81119,-0.0438042,-0.200269,0.740057,-0.553777,0.00418814
01324185,1523964208102,-10.3268,-0.872554,-0.712842,-0.338198,-0.0197505,0.418974,0.860243,0.310759,-0.279932
01324181,1523964208102,-9.68938,0.789571,2.98817,-0.0153267,-0.327335,0.233916,0.859391,0.326447,-0.161174
01324180,1523964208102,-9.90535,-3.39964,0.0358294,-0.0592187,0.0902573,0.532511,0.734933,0.395199,-0.377533
01324189,1523964208118,-10.0185,2.48022,1.92812,-0.762396,-0.455123,0.00912432,0.757425,-0.321711,-0.405878
01324188,1523964208118,-9.19656,0.485241,-2.06625,-2.32328,-0.012554,-0.422883,0.74372,-0.551052,-0.0179051
01324185,1523964208118,-10.3849,-0.992478,-0.604791,-0.341595,-0.0109207,0.420637,0.859977,0.308101,-0.278859
01324181,1523964208118,-9.50278,0.762562,3.11304,0.00781274,-0.342487,0.226773,0.858515,0.324364,-0.165373
01324180,1523964208118,-9.87709,-3.35626,0.0750133,-0.0874352,0.134742,0.493967,0.737976,0.388051,-0.379342
01324189,1523964208135,-9.6485,2.17862,1.58349,-1.28742,-0.449812,0.00372883,0.753688,-0.315482,-0.417426
01324188,1523964208135,-8.70042,0.619779,-2.25905,-2.63455,-0.00316331,-0.585912,0.748569,-0.542447,-0.0415305
01324185,1523964208135,-10.3365,-1.06487,-0.45568,-0.263063,0.000891852,0.445978,0.863507,0.303746,-0.278045
01324181,1523964208135,-9.20063,0.647235,3.13892,0.0373308,-0.314615,0.204449,0.859677,0.320959,-0.169832
01324180,1523964208135,-9.75564,-3.42828,0.172478,-0.080376,0.159105,0.458092,0.743217,0.386502,-0.378369
01324189,1523964208152,-9.18304,1.63134,1.3707,-1.58964,-0.415717,0.0185589,0.750618,-0.305534,-0.429756
01324188,1523964208152,-8.51125,0.792392,-2.21637,-2.78862,-0.0103575,-0.721547,0.755315,-0.533482,-0.0642146
01324185,1523964208152,-10.1293,-1.22976,-0.317274,-0.210451,-0.0292032,0.481788,0.86609,0.298269,-0.276956
01324181,1523964208152,-8.8924,0.430084,3.16437,0.0527668,-0.317378,0.15261,0.858948,0.318567,-0.174956
01324180,1523964208152,-9.47969,-3.50167,0.343949,-0.0506169,0.190574,0.419738,0.747473,0.380075,-0.383154
01324189,1523964208168,-8.80049,1.37649,1.41543,-1.67271,-0.401096,0.0412833,0.746861,-0.293702,-0.442732
01324188,1523964208168,-8.39253,1.50847,-2.62088,-2.81537,0.00165053,-0.818951,0.761619,-0.518579,-0.08908
01324185,1523964208168,-9.85927,-1.35651,-0.181949,-0.139482,-0.0381473,0.535288,0.868401,0.291795,-0.276378
01324181,1523964208168,-8.60929,0.178593,3.28451,0.058535,-0.306374,0.0802473,0.85793,0.317475,-0.179706
01324180,1523964208168,-9.24902,-3.43528,0.486744,-0.0224325,0.219696,0.368215,0.752459,0.375899,-0.378447
01324189,1523964208185,-8.74016,1.30502,1.53605,-1.62101,-0.36188,0.0733586,0.744468,-0.283053,-0.455197
01324188,1523964208185,-8.68064,2.06006,-2.73434,-2.99621,0.000891038,-0.876897,0.769963,-0.504429,-0.114153
01324185,1523964208185,-9.5984,-1.34113,-0.0088713,-0.0916716,-0.0402799,0.542844,0.870441,0.284466,-0.276314
01324181,1523964208185,-8.45932,0.02255,3.43094,0.0419665,-0.325249,0.0180617,0.85719,0.315247,-0.183903
01324180,1523964208185,-9.05609,-3.42435,0.580528,-0.00164789,0.276888,0.315079,0.754381,0.370918,-0.375603
01324189,1523964208202,-8.81331,0.918082,1.66768,-1.60383,-0.334341,0.116031,0.740418,-0.267186,-0.468405
01324188,1523964208202,-8.4829,1.85523,-3.55226,-3.04449,0.0561015,-0.873033,0.779344,-0.482364,-0.140629
01324185,1523964208202,-9.47729,-1.22622,0.0915219,0.0154329,-0.00962841,0.539098,0.872761,0.272663,-0.274378
01324181,1523964208202,-8.327,-0.0146722,3.39386,0.0467538,-0.315681,-0.0370624,0.853194,0.315484,-0.188649
01324180,1523964208202,-9.01637,-3.52107,0.640806,-0.00866217,0.307407,0.276533,0.758265,0.367018,-0.365471
01324189,1523964208218,-8.72962,-0.121212,1.6396,-1.54277,-0.271111,0.123222,0.736106,-0.257628,-0.47885
01324188,1523964208218,-8.23675,0.376346,-3.56242,-2.9156,0.269661,-0.830782,0.787525,-0.464485,-0.161292
01324185,1523964208218,-9.51089,-1.14177,0.05327,0.0419159,0.0179332,0.501478,0.874527,0.265027,-0.275618
01324181,1523964208218,-8.30534,0.00496906,3.42261,0.0417039,-0.24213,-0.076064,0.852668,0.317686,-0.192942
01324180,1523964208218,-9.04797,-3.72027,0.723994,0.0608053,0.306424,0.248791,0.760707,0.363186,-0.362341
01324189,1523964208235,-8.33049,-2.00364,1.44655,-1.42224,-0.253554,0.075561,0.73383,-0.247976,-0.488649
01324188,1523964208235,-8.67536,-1.90807,-3.1797,-2.08231,0.503963,-0.682675,0.792475,-0.451359,-0.175749
01324185,1523964208235,-9.61933,-1.01121,-0.0890123,0.0103899,0.0359804,0.424879,0.876972,0.261372,-0.275068
01324181,1523964208235,-8.54237,0.108929,3.40461,0.0455384,-0.140129,-0.109622,0.851061,0.319217,-0.19588
01324180,1523964208235,-9.21756,-3.8965,0.764874,0.149056,0.315454,0.251165,0.76526,0.360597,-0.355165
01324189,1523964208252,-8.66354,-3.6378,1.4842,-1.03811,-0.255855,-0.0172381,0.732511,-0.241365,-0.497145
01324188,1523964208252,-8.95487,-2.94636,-2.47019,-0.615407,0.738932,-0.450595,0.799465,-0.440744,-0.174768
01324185,1523964208252,-9.7376,-0.899918,-0.298614,-0.0289089,0.0557014,0.331271,0.878194,0.256562,-0.27594
01324181,1523964208252,-8.85229,0.212095,3.30405,0.0474338,-0.0411202,-0.113877,0.850233,0.320942,-0.19604
01324180,1523964208252,-9.36571,-3.90457,0.908395,0.256639,0.286669,0.218267,0.7673,0.357654,-0.353903
01324189,1523964208268,-8.47825,-4.39314,2.07352,-0.282134,0.00875605,-0.251543,0.733038,-0.234199,-0.49977
01324188,1523964208268,-9.28252,-1.26106,-2.28077,0.974351,0.971251,-0.193008,0.805536,-0.436752,-0.159648
01324185,1523964208268,-9.87765,-0.807754,-0.516792,-0.0804387,0.0729121,0.239399,0.879425,0.252674,-0.272901
01324181,1523964208268,-9.21905,0.270894,3.23295,0.0669812,-0.00461576,-0.10492,0.848902,0.320649,-0.197216
01324180,1523964208268,-9.71776,-4.27882,1.21226,0.37894,0.208779,0.185953,0.77058,0.351199,-0.351108
01324189,1523964208285,-8.78462,-4.594,2.57421,0.355027,0.121157,-0.420131,0.73353,-0.229882,-0.496932
01324188,1523964208285,-9.26306,0.0632723,-3.07267,1.76809,1.16134,-0.0332952,0.810567,-0.44129,-0.133199
01324185,1523964208285,-9.96467,-0.819324,-0.595444,-0.128118,0.0945413,0.154288,0.880786,0.249734,-0.271832
01324181,1523964208285,-9.2219,0.37774,3.07391,0.0527494,0.0175907,-0.0978007,0.849549,0.32167,-0.195915
01324180,1523964208285,-9.84769,-3.94705,1.65752,0.328877,0.0850611,0.13389,0.769559,0.349221,-0.356807
01324189,1523964208302,-8.87314,-4.29581,2.94867,0.804649,0.168129,-0.57506,0.737299,-0.229673,-0.492692
01324188,1523964208302,-9.37376,0.19053,-3.28474,1.904,1.32068,0.0189276,0.81395,-0.443393,-0.102133
01324185,1523964208302,-10.0324,-0.98011,-0.479276,-0.15419,0.125723,0.0792946,0.882691,0.249083,-0.268957
01324181,1523964208302,-9.10295,0.437415,3.02282,0.00299421,0.0723361,-0.0972048,0.849398,0.322959,-0.195941
01324180,1523964208302,-9.58508,-3.65332,1.56502,0.0725217,0.039192,0.102949,0.770936,0.346445,-0.357423
01324189,1523964208318,-8.98026,-3.81029,3.12426,1.19566,0.150129,-0.699859,0.740635,-0.22944,-0.485904
01324188,1523964208318,-9.61529,0.265122,-3.13432,2.00404,1.48922,0.0276163,0.817079,-0.448152,-0.0702881
01324185,1523964208318,-9.97469,-1.25945,-0.141611,-0.146552,0.115224,0.0104577,0.882156,0.24928,-0.266082
01324181,1523964208318,-9.12238,0.427509,2.98907,-0.00582475,0.107574,-0.103761,0.848556,0.324716,-0.19464
01324180,1523964208318,-9.23302,-3.8247,1.26782,-0.211801,0.0475096,-0.0114419,0.770894,0.347572,-0.351726
01324189,1523964208335,-9.2704,-3.11611,3.13029,1.49655,0.0847731,-0.807072,0.74469,-0.23068,-0.482214
01324188,1523964208335,-9.51772,0.526034,-2.91123,2.16887,1.68235,0.0990142,0.817748,-0.45112,-0.0322407
01324185,1523964208335,-9.90703,-1.46178,0.223955,-0.086673,0.0736834,-0.0293265,0.881343,0.251411,-0.265184
01324181,1523964208335,-9.13725,0.427372,2.94068,-0.0466216,0.121349,-0.120746,0.848801,0.325046,-0.192523
01324180,1523964208335,-9.11317,-4.05855,1.14203,-0.318261,0.0892609,-0.10158,0.773283,0.348971,-0.350247
01324189,1523964208352,-9.43951,-2.5576,3.07088,1.70609,0.0739309,-0.852525,0.747083,-0.234443,-0.473975
01324188,1523964208352,-11.0447,0.720131,-3.66638,2.14045,1.85495,0.114651,0.819908,-0.453911,0.00768438
01324185,1523964208352,-9.74769,-1.53002,0.404665,0.00563956,0.0122847,-0.0903025,0.882157,0.251982,-0.264801
01324181,1523964208352,-8.94497,0.453879,2.97521,-0.0732751,0.0661945,-0.134981,0.848091,0.328196,-0.192847
01324180,1523964208352,-9.07213,-3.85978,1.10969,-0.27063,0.0991645,-0.148643,0.770409,0.352775,-0.347426
01324189,1523964208368,-9.64863,-2.05942,3.06549,1.78163,0.0411697,-0.914368,0.749739,-0.236488,-0.46586
01324188,1523964208368,-10.6321,1.22163,-3.18561,1.84393,1.9905,0.149551,0.819078,-0.456778,0.0534322
01324185,1523964208368,-9.5113,-1.45935,0.308896,0.137327,-0.0224474,-0.0945307,0.878904,0.254822,-0.263772
01324181,1523964208368,-8.74247,0.422291,2.99643,-0.0892674,0.0359414,-0.142134,0.846801,0.3327,-0.190536
01324180,1523964208368,-8.87996,-3.93464,1.09665,-0.121234,0.0900709,-0.193539,0.768611,0.357152,-0.346637
01324189,1523964208385,-9.94535,-1.54723,3.03954,1.77195,-0.00968542,-0.981777,0.753203,-0.237115,-0.457742
01324188,1523964208385,-10.3665,1.14095,-2.81874,1.65889,2.06934,0.127947,0.818494,-0.454912,0.0944909
01324185,1523964208385,-9.39063,-1.31099,0.127506,0.283214,-0.0467137,-0.0954154,0.879171,0.254364,-0.265598
01324181,1523964208385,-8.70183,0.274751,3.03092,-0.0376449,0.0226076,-0.149302,0.844915,0.332035,-0.18944
01324180,1523964208385,-8.75094,-3.93624,0.933558,0.104945,0.107041,-0.253559,0.767524,0.358331,-0.346597
01324189,1523964208402,-9.84589,-1.2952,2.99239,1.56591,-0.0853611,-1.05343,0.756415,-0.236168,-0.452687
01324188,1523964208402,-10.7329,1.46714,-2.72258,1.5699,2.0714,0.120214,0.814095,-0.450279,0.130788
01324185,1523964208402,-9.30365,-1.15277,-0.0282798,0.373445,-0.0844002,-0.0816878,0.878759,0.254042,-0.267684
01324181,1523964208402,-8.57085,0.130789,2.96448,-0.0269385,-0.013801,-0.156564,0.844053,0.335503,-0.18844
01324180,1523964208402,-8.62627,-3.78803,0.751908,0.377716,0.149921,-0.284932,0.767631,0.359914,-0.344946
01324189,1523964208418,-9.80692,-0.830754,2.87607,1.34769,-0.148815,-1.1198,0.758003,-0.233749,-0.449475
01324188,1523964208418,-10.9041,2.28842,-2.49766,1.32941,2.02952,0.146376,0.809175,-0.449224,0.169023
01324185,1523964208418,-9.19238,-1.03309,-0.0439792,0.424249,-0.146556,-0.0847743,0.876987,0.253676,-0.272118
01324181,1523964208418,-8.3902,0.00444631,2.83765,-0.00461389,-0.0335007,-0.168904,0.841479,0.337244,-0.188981
01324180,1523964208418,-8.54628,-3.56833,0.608884,0.62254,0.173871,-0.295488,0.766556,0.360225,-0.345194
01324189,1523964208435,-9.75264,-0.137275,2.91341,1.04286,-0.238946,-1.16687,0.759038,-0.229446,-0.446509
01324188,1523964208435,-10.975,2.73136,-2.35673,0.975667,1.9075,0.169141,0.801814,-0.448053,0.202582
01324185,1523964208435,-9.11742,-0.956526,-0.0576813,0.446226,-0.176894,-0.104183,0.875485,0.253881,-0.276167
01324181,1523964208435,-8.52667,0.0270229,2.92328,-0.024891,-0.0199507,-0.201442,0.840492,0.341388,-0.189855
01324180,1523964208435,-8.52604,-3.41238,0.493928,0.832266,0.208313,-0.311469,0.764431,0.359552,-0.347608
01324189,1523964208452,-9.81711,0.875273,2.91923,0.891314,-0.2719,-1.1762,0.759658,-0.219105,-0.446702
01324188,1523964208452,-10.8729,2.9312,-2.02242,0.650744,1.76884,0.177792,0.793094,-0.446127,0.232974
01324185,1523964208452,-9.09553,-0.843565,-0.127719,0.442896,-0.221232,-0.13877,0.873707,0.252619,-0.283206
01324181,1523964208452,-8.59645,0.242101,2.94769,-0.0444708,-0.057231,-0.208606,0.839513,0.343985,-0.1895
01324180,1523964208452,-8.57634,-3.23079,0.385676,1.00866,0.22988,-0.303113,0.763943,0.358296,-0.354381
01324189,1523964208468,-10.1593,1.54317,2.999,0.76318,-0.353295,-1.14355,0.760844,-0.212087,-0.446927
01324188,1523964208468,-10.6982,3.13611,-1.76092,0.460196,1.59386,0.188744,0.784643,-0.443396,0.258566
01324185,1523964208468,-9.06919,-0.807757,-0.284501,0.467278,-0.24263,-0.143768,0.872339,0.252809,-0.288039
01324181,1523964208468,-8.6363,0.304761,2.88345,-0.0586245,-0.0663481,-0.222429,0.837895,0.346097,-0.192052
01324180,1523964208468,-8.60527,-3.02747,0.30192,1.10477,0.231786,-0.291006,0.763194,0.354846,-0.357141
01324189,1523964208485,-10.3337,1.78909,2.93894,0.652425,-0.45393,-1.11971,0.760538,-0.201592,-0.449918
01324188,1523964208485,-10.557,3.38229,-1.87014,0.369737,1.37112,0.153834,0.778126,-0.445682,0.281665
01324185,1523964208485,-9.08148,-0.77413,-0.454167,0.500309,-0.257103,-0.152214,0.869751,0.252425,-0.293385
01324181,1523964208485,-8.76813,0.193907,3.02963,-0.0302191,-0.0963142,-0.221008,0.835821,0.349725,-0.191043
01324180,1523964208485,-8.74783,-2.86267,0.311101,1.08952,0.212877,-0.311383,0.760826,0.353473,-0.363078
01324189,1523964208502,-10.8512,1.82541,3.51884,0.55136,-0.557005,-1.03979,0.759709,-0.192671,-0.454119
01324188,1523964208502,-10.3962,3.72571,-2.10555,0.274063,1.13922,0.12764,0.770513,-0.445625,0.29873
01324185,1523964208502,-9.20441,-0.660317,-0.578672,0.512029,-0.250291,-0.165001,0.868521,0.252914,-0.297306
01324181,1523964208502,-8.90206,0.18742,3.09168,-0.0463235,-0.119109,-0.210776,0.833367,0.352608,-0.191609
01324180,1523964208502,-8.94595,-2.70581,0.324529,1.01818,0.177417,-0.303208,0.759809,0.350764,-0.367711
01324189,1523964208518,-10.9493,1.78588,4.08736,0.44175,-0.692887,-0.956365,0.756739,-0.18572,-0.460988
01324188,1523964208518,-10.1052,3.9489,-2.45639,0.125984,0.922966,0.0977446,0.763722,-0.446238,0.311165
01324185,1523964208518,-9.45753,-0.526433,-0.702663,0.497889,-0.227275,-0.16593,0.864304,0.252232,-0.303559
01324181,1523964208518,-9.22523,0.290328,3.11421,-0.0374741,-0.0675161,-0.198221,0.831958,0.357771,-0.191968
01324180,1523964208518,-9.14254,-2.64499,0.289108,0.875161,0.152724,-0.320051,0.758369,0.349655,-0.372035
01324189,1523964208535,-10.8863,1.56623,4.15891,0.377069,-0.706768,-0.867719,0.750228,-0.176811,-0.468871
01324188,1523964208535,-9.85068,3.46679,-2.26147,0.0566724,0.670113,0.0733049,0.756116,-0.446149,0.318268
01324185,1523964208535,-9.83877,-0.46643,-0.871363,0.417917,-0.21791,-0.184527,0.862926,0.255178,-0.311686
01324181,1523964208535,-9.643,0.333822,3.21937,-0.0250332,-0.0657107,-0.201592,0.830882,0.358895,-0.193574
01324180,1523964208535,-9.53907,-2.63936,0.22968,0.649837,0.102483,-0.300637,0.756916,0.347649,-0.371649
01324189,1523964208552,-11.0795,1.14642,4.1803,0.270762,-0.711522,-0.773848,0.747,-0.170578,-0.476678
01324188,1523964208552,-9.42403,2.48247,-1.70958,0.186161,0.394262,-0.001323,0.753242,-0.443195,0.324683
01324185,1523964208552,-10.3985,-0.4462,-0.988338,0.317657,-0.187465,-0.22531,0.859798,0.257087,-0.315091
01324181,1523964208552,-10.0272,0.416491,3.37472,-0.0456788,-0.0421302,-0.17279,0.829241,0.361755,-0.19468
01324180,1523964208552,-10.0788,-2.78286,0.187369,0.398117,0.0446769,-0.258591,0.755162,0.349137,-0.372809
01324189,1523964208568,-11.0724,0.639307,3.7798,0.211495,-0.703903,-0.665671,0.743216,-0.16375,-0.483673
01324188,1523964208568,-9.25934,1.24666,-1.26406,0.544099,0.0226326,-0.126802,0.751725,-0.440189,0.332565
01324185,1523964208568,-10.867,-0.56616,-1.07866,0.207295,-0.165634,-0.256688,0.856537,0.258729,-0.31771
01324181,1523964208568,-10.4239,0.406759,3.60421,-0.0146756,0.000823331,-0.152589,0.828545,0.363484,-0.194576
01324180,1523964208568,-10.5393,-3.25877,0.165758,0.231072,-0.0276659,-0.177529,0.753035,0.350226,-0.37897
01324189,1523964208585,-11.0987,0.0412614,3.54024,0.193824,-0.694113,-0.569787,0.738626,-0.157338,-0.491597
01324188,1523964208585,-9.33939,0.499144,-1.21333,1.05195,-0.402387,-0.269588,0.7548,-0.433033,0.334186
01324185,1523964208585,-11.2774,-0.75618,-1.03487,0.132213,-0.108908,-0.28664,0.855443,0.262341,-0.320486
01324181,1523964208585,-10.6254,0.380113,3.60584,-0.00394132,0.0654036,-0.153733,0.828503,0.365802,-0.193295
01324180,1523964208585,-10.9223,-3.54772,0.126596,0.162614,-0.11658,-0.125821,0.752511,0.350398,-0.381931
01324189,1523964208602,-11.0329,-0.330201,3.40936,0.200974,-0.708797,-0.502223,0.732397,-0.151453,-0.498571
01324188,1523964208602,-9.50261,0.792247,-1.66956,1.50906,-0.815854,-0.402013,0.758377,-0.419082,0.333668
01324185,1523964208602,-11.5962,-0.93711,-0.958706,0.133982,-0.0526331,-0.28863,0.854622,0.265978,-0.321956
01324181,1523964208602,-10.8578,0.299751,3.57933,-0.0145694,0.133575,-0.150455,0.826722,0.366732,-0.19117
01324180,1523964208602,-11.2499,-3.62324,0.05531,0.092836,-0.184725,-0.0598702,0.751051,0.350295,-0.384614
01324189,1523964208618,-10.8779,-0.438998,3.35565,0.264659,-0.740475,-0.430904,0.724579,-0.150282,-0.507303
01324188,1523964208618,-9.95186,2.1892,-2.60286,1.56514,-1.22653,-0.455797,0.764932,-0.403109,0.326236
01324185,1523964208618,-11.8376,-1.08959,-0.837618,0.13091,0.0108422,-0.280473,0.851906,0.269054,-0.323283
01324181,1523964208618,-10.9225,0.289274,3.58878,-0.0322549,0.119029,-0.171193,0.823961,0.369981,-0.188286
01324180,1523964208618,-11.4257,-3.6634,0.00503559,0.0421197,-0.227088,-0.00946776,0.745808,0.351255,-0.383977
01324189,1523964208635,-10.7023,-0.376992,3.13651,0.2806,-0.766492,-0.349102,0.718107,-0.148565,-0.514708
01324188,1523964208635,-10.4698,3.32959,-3.35761,1.03004,-1.59572,-0.467153,0.773272,-0.389882,0.314571
01324185,1523964208635,-11.9484,-1.21387,-0.591384,0.142117,0.0601404,-0.267168,0.85028,0.271048,-0.322251
01324181,1523964208635,-10.735,0.247871,3.52798,-0.0375907,0.150966,-0.163185,0.823904,0.373724,-0.187301
01324180,1523964208635,-11.4641,-3.70793,0.0648377,0.010947,-0.285136,0.0373998,0.744888,0.350999,-0.387076
01324189,1523964208652,-10.6503,-0.503947,2.98695,0.253879,-0.733332,-0.267527,0.713139,-0.14933,-0.521348
01324188,1523964208652,-10.562,3.1699,-3.92581,0.228263,-1.92622,-0.437323,0.782062,-0.382815,0.297398
01324185,1523964208652,-11.8805,-1.25016,-0.322167,0.14142,0.107919,-0.243677,0.850414,0.272737,-0.322399
01324181,1523964208652,-10.5719,0.249827,3.49518,-0.0339761,0.216419,-0.160946,0.823975,0.37623,-0.183899
01324180,1523964208652,-11.261,-3.74548,0.189874,0.0229442,-0.292906,0.0742902,0.743191,0.349909,-0.393693
01324189,1523964208668,-10.4314,-0.925562,2.8658,0.209487,-0.660347,-0.205659,0.706935,-0.147761,-0.528222
01324188,1523964208668,-10.3591,1.75755,-4.11914,-0.360726,-2.1787,-0.412183,0.793177,-0.376898,0.266659
01324185,1523964208668,-11.6868,-1.16445,-0.0620146,0.134489,0.111936,-0.200367,0.850003,0.276683,-0.322436
01324181,1523964208668,-10.4208,0.29547,3.26826,-0.0658595,0.294947,-0.165381,0.82365,0.37775,-0.180074
01324180,1523964208668,-10.9586,-3.79651,0.330308,0.0506065,-0.286402,0.100804,0.741518,0.3462,-0.398877
01324189,1523964208685,-10.0854,-1.39949,2.80104,0.09491,-0.551325,-0.185874,0.700187,-0.146322,-0.535091
01324188,1523964208685,-10.2216,0.33454,-4.13136,-0.576646,-2.40495,-0.437318,0.802947,-0.37245,0.230458
01324185,1523964208685,-11.4521,-1.00209,0.0475891,0.0843347,0.107168,-0.199487,0.848786,0.277559,-0.320872
01324181,1523964208685,-10.3055,0.369745,3.11302,-0.0729669,0.333094,-0.156449,0.821953,0.380182,-0.17466
01324180,1523964208685,-10.7007,-3.79551,0.523763,0.101051,-0.250989,0.0881264,0.741825,0.344182,-0.401894
01324189,1523964208702,-9.48498,-1.46032,2.75288,-0.035799,-0.418062,-0.189341,0.697223,-0.144968,-0.53906
01324188,1523964208702,-9.83815,-0.629877,-4.3422,-0.473645,-2.54797,-0.477033,0.814344,-0.366986,0.187568
01324185,1523964208702,-11.1212,-0.847628,0.0682294,0.0175508,0.0746188,-0.176318,0.845537,0.27986,-0.31853
01324181,1523964208702,-10.108,0.415875,2.96125,-0.0977968,0.375434,-0.157783,0.822437,0.38155,-0.170707
01324180,1523964208702,-10.4028,-3.71708,0.74462,0.134418,-0.227456,0.0524096,0.73838,0.34091,-0.402179
01324189,1523964208718,-8.73816,-1.42047,2.48856,-0.192315,-0.272475,-0.167185,0.693152,-0.14372,-0.541145
01324188,1523964208718,-9.48617,-1.56346,-4.11507,-0.169849,-2.66247,-0.486754,0.8203,-0.360256,0.15075
01324185,1523964208718,-10.7564,-0.666888,0.0968554,-0.0875336,0.0190342,-0.203996,0.842824,0.282393,-0.318807
01324181,1523964208718,-9.81,0.329734,2.83923,-0.110248,0.382555,-0.150852,0.822336,0.384421,-0.163857
01324180,1523964208718,-10.0461,-3.67105,0.8982,0.145189,-0.200042,-0.00542261,0.736559,0.337922,-0.406265
01324189,1523964208735,-7.98142,-1.64303,2.1261,-0.258571,-0.138217,-0.15892,0.691526,-0.139952,-0.544308
01324188,1523964208735,-9.13274,-2.7982,-4.27027,0.468841,-2.72866,-0.457352,0.82558,-0.354286,0.117933
01324185,1523964208735,-10.3725,-0.529599,0.132386,-0.188899,-0.027736,-0.227485,0.843359,0.285891,-0.320149
01324181,1523964208735,-9.44442,0.186202,2.67286,-0.111988,0.407329,-0.145537,0.821705,0.387558,-0.158203
01324180,1523964208735,-9.69881,-3.62937,0.996078,0.141973,-0.156389,-0.0878445,0.734828,0.33782,-0.408403
01324189,1523964208752,-7.4,-1.92254,2.00956,-0.140142,-0.015263,-0.126878,0.691394,-0.137656,-0.546161
01324188,1523964208752,-9.04253,-3.25711,-4.20424,1.41993,-2.77514,-0.388493,0.829898,-0.346544,0.0849688
01324185,1523964208752,-9.94807,-0.551519,0.114443,-0.319075,-0.0792707,-0.227104,0.841461,0.290147,-0.318746
01324181,1523964208752,-9.17826,0.0243987,2.64385,-0.108298,0.418459,-0.162738,0.821337,0.391399,-0.152965
01324180,1523964208752,-9.13002,-3.19554,1.23845,0.0514643,-0.161512,-0.203642,0.732683,0.339182,-0.411587
01324189,1523964208768,-7.04352,-2.36196,2.01287,0.0912189,0.173054,-0.092756,0.692441,-0.135367,-0.543211
01324188,1523964208768,-8.96303,-2.79675,-5.96103,2.34976,-2.78673,-0.257448,0.832312,-0.338783,0.0584934
01324185,1523964208768,-9.58187,-0.69826,0.114833,-0.476333,-0.137776,-0.243643,0.83983,0.294798,-0.318786
01324181,1523964208768,-8.78351,-0.150322,2.47102,-0.11521,0.420533,-0.188636,0.821246,0.392997,-0.145424
01324180,1523964208768,-8.83825,-3.05289,1.54419,-0.31442,-0.132704,-0.313919,0.729654,0.345317,-0.410068
01324189,1523964208785,-7.13929,-2.94216,2.84052,0.463315,0.285857,-0.089905,0.693509,-0.137393,-0.539761
01324188,1523964208785,-8.38032,-2.20826,-7.33785,2.66249,-2.61656,-0.176355,0.835828,-0.33368,0.0323765
01324185,1523964208785,-9.17275,-1.03546,0.134756,-0.603846,-0.159631,-0.265558,0.838744,0.301455,-0.317147
01324181,1523964208785,-8.30043,-0.413823,2.37048,-0.0981771,0.468071,-0.196126,0.820346,0.395304,-0.138686
01324180,1523964208785,-8.73446,-3.66003,1.7763,-0.542194,-0.150572,-0.432584,0.725536,0.353658,-0.410651
01324189,1523964208802,-7.48574,-3.52055,3.41881,0.867677,0.285184,-0.154212,0.695942,-0.144046,-0.533954
01324188,1523964208802,-9.01371,0.435384,-8.18957,2.40475,-2.25877,-0.0433718,0.835827,-0.331318,0.0131343
01324185,1523964208802,-8.86011,-1.41533,0.219907,-0.711646,-0.185546,-0.319764,0.834947,0.307684,-0.315757
01324181,1523964208802,-8.05746,-0.665642,2.31166,-0.101489,0.513444,-0.225921,0.819425,0.39877,-0.131309
01324180,1523964208802,-8.28097,-3.91763,1.75756,-0.585068,-0.183253,-0.474569,0.72088,0.361418,-0.409347
01324189,1523964208818,-7.55191,-3.48321,3.8848,1.06306,0.249453,-0.238763,0.698915,-0.150424,-0.52775
01324188,1523964208818,-8.2465,1.28428,-8.96855,1.43676,-1.89532,0.00365937,0.829455,-0.330554,-0.00383907
01324185,1523964208818,-8.55213,-1.78789,0.382825,-0.788307,-0.211889,-0.385908,0.831281,0.31701,-0.314658
01324181,1523964208818,-7.99782,-0.861407,2.25783,-0.09509,0.572369,-0.242661,0.818108,0.40125,-0.123507
01324180,1523964208818,-8.04477,-3.76503,1.51177,-0.65658,-0.177437,-0.51192,0.716359,0.370355,-0.411263
01324189,1523964208835,-7.19349,-1.99639,4.19692,0.978176,0.268302,-0.315572,0.70108,-0.156356,-0.522737
01324188,1523964208835,-7.17183,1.61732,-9.23265,0.333856,-1.4008,-0.069103,0.827572,-0.331116,-0.0221635
01324185,1523964208835,-8.23461,-2.09804,0.391833,-0.786377,-0.244571,-0.484417,0.829103,0.326025,-0.314999
01324181,1523964208835,-7.80257,-1.10897,2.24209,-0.0647249,0.583578,-0.258194,0.81799,0.404856,-0.115742
01324180,1523964208835,-7.94681,-4.46796,1.20434,-0.596965,-0.153341,-0.564318,0.71194,0.381162,-0.410981
01324189,1523964208852,-7.03251,-0.150163,4.41307,0.658075,0.346735,-0.291965,0.704988,-0.160742,-0.515993
01324188,1523964208852,-6.39603,0.854346,-9.49409,-0.676147,-0.814034,-0.20395,0.826215,-0.32916,-0.0384518
01324185,1523964208852,-8.06886,-2.29656,0.333399,-0.667766,-0.223232,-0.528941,0.823811,0.335771,-0.31403
01324181,1523964208852,-7.96882,-1.26621,2.24404,-0.0219108,0.554909,-0.282653,0.81757,0.409649,-0.106272
01324180,1523964208852,-7.66079,-4.45328,1.04529,-0.25536,-0.183891,-0.551003,0.707544,0.389643,-0.409936
01324189,1523964208868,-7.26337,1.17793,4.27367,0.178825,0.387227,-0.224322,0.706573,-0.160759,-0.510927
01324188,1523964208868,-5.8541,-0.382615,-9.42934,-1.25385,-0.1501,-0.395201,0.830818,-0.326136,-0.0486886
01324185,1523964208868,-8.12705,-2.33,0.227048,-0.54332,-0.213958,-0.539329,0.81879,0.345522,-0.3128
01324181,1523964208868,-8.10805,-1.32603,2.18392,0.0450486,0.51345,-0.33059,0.814963,0.408965,-0.0999855
01324180,1523964208868,-7.55863,-4.43337,0.872379,0.105051,-0.179191,-0.542555,0.701437,0.394958,-0.407578
01324189,1523964208885,-7.47973,1.66238,3.76207,-0.247437,0.409057,-0.110265,0.708545,-0.158194,-0.505309
01324188,1523964208885,-6.15631,-2.39659,-9.17527,-1.44047,0.382678,-0.581781,0.833194,-0.314849,-0.0540717
01324185,1523964208885,-8.19233,-2.24792,0.0227573,-0.437939,-0.209292,-0.502042,0.814856,0.35486,-0.311047
01324181,1523964208885,-8.10529,-1.24827,2.07136,0.145679,0.490176,-0.352673,0.813242,0.413397,-0.0947454
01324180,1523964208885,-7.67468,-4.35255,0.632421,0.419999,-0.178094,-0.535234,0.696469,0.397832,-0.412852
01324189,1523964208902,-7.76376,1.39158,2.76288,-0.624961,0.428606,0.00219871,0.711054,-0.151336,-0.501537
01324188,1523964208902,-7.27224,-2.5316,-5.80335,-0.875431,0.772525,-0.650848,0.836655,-0.304358,-0.0522469
01324185,1523964208902,-8.18275,-2.12779,-0.192408,-0.383865,-0.198699,-0.451145,0.809155,0.362039,-0.31162
01324181,1523964208902,-8.18369,-1.15698,2.0353,0.222962,0.524313,-0.330205,0.811782,0.417288,-0.0879024
01324180,1523964208902,-7.36614,-3.57982,0.724268,0.639181,-0.214524,-0.514641,0.69082,0.401147,-0.417025
01324189,1523964208918,-7.9562,0.300856,0.368088,-0.988027,0.591002,0.06111,0.713991,-0.147512,-0.497927
01324188,1523964208918,-9.28866,1.1777,-1.03939,-0.135284,0.645041,-0.453854,0.840404,-0.297031,-0.0452375
01324185,1523964208918,-8.17807,-2.10865,-0.292287,-0.311821,-0.192145,-0.432558,0.807248,0.369919,-0.312343
01324181,1523964208918,-8.25146,-1.14562,2.00084,0.317963,0.539204,-0.297612,0.808717,0.421733,-0.0829142
01324180,1523964208918,-7.40046,-3.2241,0.834645,0.602014,-0.195734,-0.497066,0.684941,0.402747,-0.424608
01324189,1523964208935,-9.01634,-1.24471,-0.254869,-1.28101,0.864499,0.141569,0.717836,-0.139099,-0.492553
01324188,1523964208935,-8.8208,0.78215,-1.96599,0.0898127,0.514976,-0.239468,0.842018,-0.295434,-0.0395024
01324185,1523964208935,-8.14933,-2.16664,-0.314758,-0.212886,-0.198081,-0.402868,0.801278,0.375544,-0.313161
01324181,1523964208935,-8.63304,-1.14776,2.06123,0.340924,0.557506,-0.269848,0.808086,0.425425,-0.0780687
01324180,1523964208935,-7.55072,-3.22158,0.886363,0.482553,-0.186221,-0.468709,0.681486,0.402405,-0.429968
01324189,1523964208952,-10.4681,-3.43665,1.23688,-1.05754,0.839439,0.144469,0.728719,-0.130134,-0.483374
01324188,1523964208952,-10.459,0.985577,-2.61687,0.15394,0.581634,-0.0562234,0.839549,-0.292854,-0.0253061
01324185,1523964208952,-8.2607,-2.34407,-0.27177,-0.0938107,-0.1853,-0.416661,0.798279,0.382798,-0.317142
01324181,1523964208952,-9.14494,-1.0908,2.1438,0.312285,0.519004,-0.251006,0.807836,0.430554,-0.0727256
01324180,1523964208952,-7.6701,-3.33386,0.870079,0.365649,-0.189381,-0.41936,0.674774,0.406192,-0.437088
01324189,1523964208968,-10.9732,-4.78337,1.56016,-0.448501,0.617559,0.187023,0.731643,-0.128167,-0.477236
01324188,1523964208968,-10.6639,-2.21336,-2.25895,0.370877,0.551484,0.0299581,0.838991,-0.291506,-0.0165969
01324185,1523964208968,-8.51136,-2.35204,-0.161476,0.132752,-0.182526,-0.444939,0.79366,0.387259,-0.319783
01324181,1523964208968,-9.25418,-0.779165,2.19026,0.290728,0.461049,-0.229039,0.806263,0.433842,-0.0673304
01324180,1523964208968,-7.99771,-3.43913,0.873553,0.298126,-0.213266,-0.375949,0.671017,0.408021,-0.440914
01324189,1523964208985,-10.3889,-4.37606,1.27969,0.352033,0.417426,0.172189,0.732265,-0.129588,-0.470297
01324188,1523964208985,-9.37748,-3.44784,-1.90402,0.880171,0.413797,-0.0802424,0.841839,-0.291838,-0.010594
01324185,1523964208985,-8.7543,-2.15305,-0.104595,0.334447,-0.181095,-0.457027,0.789046,0.390762,-0.320977
01324181,1523964208985,-9.33415,-0.457526,2.29467,0.276197,0.378533,-0.196973,0.804745,0.435338,-0.0653527
01324180,1523964208985,-8.21877,-3.52299,0.796012,0.243722,-0.255072,-0.309742,0.666207,0.408716,-0.445829
01324189,1523964209002,-9.84813,-3.52136,1.5267,0.837007,0.396593,0.059132,0.734964,-0.134954,-0.464617
01324188,1523964209002,-9.75898,-1.95244,-1.77021,0.716109,0.372023,-0.116446,0.842912,-0.290769,-0.00273071
01324185,1523964209002,-8.88602,-1.82478,-0.107185,0.512441,-0.134267,-0.447295,0.784557,0.394184,-0.326354
01324181,1523964209002,-9.48606,-0.170679,2.37031,0.258065,0.333423,-0.150758,0.804582,0.435127,-0.062025
01324180,1523964209002,-8.44713,-3.57218,0.626749,0.240432,-0.303149,-0.26962,0.658861,0.408291,-0.450052
01324189,1523964209018,-9.62819,-2.93542,0.745877,0.860235,0.40112,-0.116772,0.73658,-0.141873,-0.458536
01324188,1523964209018,-9.77297,-0.474956,-2.02898,0.15263,0.341044,-0.115375,0.842903,-0.290024,0.00310612
01324185,1523964209018,-9.10196,-1.52955,0.0494576,0.660519,-0.0607695,-0.438533,0.781966,0.397188,-0.331471
01324181,1523964209018,-9.47193,-0.085666,2.4533,0.22399,0.273901,-0.115839,0.802641,0.437504,-0.0592641
01324180,1523964209018,-8.7498,-3.51678,0.52984,0.261392,-0.306659,-0.262397,0.654977,0.409542,-0.453753
01324189,1523964209035,-9.97126,-2.33696,1.23686,0.874874,0.276699,-0.203494,0.739145,-0.148815,-0.452064
01324188,1523964209035,-10.2594,-1.28658,-1.90712,-0.019928,0.338129,-0.0989351,0.840993,-0.289322,0.0105799
01324185,1523964209035,-9.37573,-1.30607,0.340338,0.869512,-0.0206298,-0.44492,0.774625,0.398155,-0.33995
01324181,1523964209035,-9.90998,-0.168757,2.78777,0.160391,0.197103,-0.0618772,0.802862,0.440391,-0.057998
01324180,1523964209035,-8.9811,-3.36874,0.426887,0.319119,-0.309127,-0.256686,0.651525,0.409352,-0.460191
01324189,1523964209052,-10.2191,-1.21448,2.67693,1.11307,0.134619,-0.223699,0.741165,-0.154881,-0.446114
01324188,1523964209052,-9.69785,-1.06457,-1.53568,0.213561,0.375036,-0.164124,0.840973,-0.286606,0.0147896
01324185,1523964209052,-9.75094,-1.07241,0.548106,1.05272,-0.0368774,-0.477258,0.771894,0.399421,-0.347534
01324181,1523964209052,-10.5758,-0.26186,3.17169,0.169918,0.0603731,-0.0525671,0.801244,0.440419,-0.057716
01324180,1523964209052,-9.40624,-3.18394,0.283573,0.372664,-0.311188,-0.270287,0.647281,0.407866,-0.465833
01324189,1523964209068,-10.2747,-0.637096,3.1051,1.06006,-0.058058,-0.189747,0.742921,-0.159224,-0.44202
01324188,1523964209068,-10.0251,-0.61978,-1.52513,0.327722,0.393355,-0.173826,0.845023,-0.283667,0.0189624
01324185,1523964209068,-10.1886,-0.713193,0.713582,1.18779,-0.0576807,-0.483138,0.769167,0.39873,-0.354183
01324181,1523964209068,-10.5735,-0.293539,3.37517,0.111045,-0.108643,-0.0555625,0.802077,0.439237,-0.0588958
01324180,1523964209068,-9.86884,-2.94753,0.241685,0.431113,-0.284265,-0.287149,0.641264,0.408435,-0.470326
01324189,1523964209085,-10.0654,-0.17548,2.54077,0.560597,-0.232436,-0.120074,0.74037,-0.161182,-0.444415
01324188,1523964209085,-10.2569,-0.588879,-2.0338,0.303878,0.406155,-0.202198,0.844995,-0.279914,0.0259301
01324185,1523964209085,-10.5538,-0.320735,0.863483,1.24182,-0.0420855,-0.451758,0.765353,0.39688,-0.362517
01324181,1523964209085,-10.0956,-0.278161,3.34895,0.082425,-0.230593,-0.0445837,0.801833,0.439462,-0.061821
01324180,1523964209085,-10.085,-2.69895,0.236106,0.455501,-0.259178,-0.307809,0.637551,0.407079,-0.475162
01324189,1523964209102,-9.69802,-0.477624,1.51707,0.0817133,-0.334642,-0.0655969,0.738081,-0.162856,-0.446008
01324188,1523964209102,-9.77467,-0.992092,-2.55854,0.0699241,0.408938,-0.22049,0.845247,-0.27762,0.0328032
01324185,1523964209102,-10.6924,0.0510416,1.00389,1.20086,-0.0392385,-0.38027,0.761537,0.395579,-0.37164
01324181,1523964209102,-9.88256,-0.416335,3.32399,0.0396628,-0.191393,-0.0234585,0.799978,0.439698,-0.0652611
01324180,1523964209102,-10.127,-2.44321,0.203265,0.422404,-0.226548,-0.36574,0.63193,0.408811,-0.48126
01324189,1523964209118,-9.36597,-1.02228,0.790279,-0.166576,-0.308037,-0.040781,0.73419,-0.163642,-0.451322
01324188,1523964209118,-9.28471,-1.93091,-3.03997,-0.0784226,0.362258,-0.236952,0.844825,-0.275781,0.0372324
01324185,1523964209118,-10.6722,0.243672,1.15634,1.10879,-0.0271134,-0.312219,0.756637,0.392019,-0.380999
01324181,1523964209118,-9.95573,-0.509616,3.59578,-0.00322037,-0.151035,0.00809054,0.799326,0.440215,-0.0681881
01324180,1523964209118,-10.1893,-2.11534,0.175455,0.370871,-0.136345,-0.412813,0.627151,0.4066,-0.485422
01324189,1523964209135,-9.78896,-1.81778,0.00127255,-0.34547,-0.240556,-0.0218806,0.732726,-0.161899,-0.455841
01324188,1523964209135,-9.41688,-2.4304,-3.61199,-0.154023,0.260237,-0.185483,0.846445,-0.275214,0.0431723
01324185,1523964209135,-10.682,0.152302,1.22321,0.987624,-0.0257237,-0.288278,0.755264,0.38904,-0.38933
01324181,1523964209135,-10.0263,-0.476651,3.79756,-0.0478363,-0.155161,0.025452,0.799196,0.441317,-0.0702028
01324180,1523964209135,-10.2792,-1.88887,0.117817,0.277317,-0.0606954,-0.440931,0.622459,0.408008,-0.488702
01324189,1523964209152,-10.4244,-2.87701,-0.0159926,-0.498469,-0.135241,-0.0260086,0.729583,-0.15593,-0.458299
01324188,1523964209152,-9.52982,-2.90808,-3.51292,-0.184849,0.135862,-0.119799,0.847775,-0.270897,0.0438297
01324185,1523964209152,-10.8318,0.124244,1.11587,0.815853,-0.0100523,-0.294958,0.754167,0.387096,-0.395189
01324181,1523964209152,-9.96638,-0.306081,3.75603,-0.0692798,-0.172633,0.0391236,0.800419,0.440857,-0.0708703
01324180,1523964209152,-10.4935,-1.77545,0.111513,0.170519,0.0399899,-0.409176,0.620915,0.411775,-0.483606
01324189,1523964209168,-10.9033,-3.31937,0.676589,-0.453225,-0.0526395,-0.0276806,0.732169,-0.151982,-0.460706
01324188,1523964209168,-10.1773,-2.75849,-3.18434,-0.0962102,0.0356149,-0.056678,0.847218,-0.268702,0.0438393
01324185,1523964209168,-11.1069,0.241325,0.898365,0.623139,-0.0172281,-0.316752,0.751716,0.388149,-0.399111
01324181,1523964209168,-10.3752,-0.34482,3.68171,-0.0718953,-0.0148731,0.0552585,0.801792,0.439527,-0.0719198
01324180,1523964209168,-10.7246,-1.85025,0.0798441,0.0845082,0.154768,-0.377234,0.61806,0.414279,-0.481622
01324189,1523964209185,-10.8734,-3.62249,0.933428,-0.293566,-0.0163206,-0.0494228,0.731756,-0.147809,-0.462809
01324188,1523964209185,-10.0558,-2.56735,-2.99449,0.0770488,-0.0729073,0.0141278,0.847495,-0.269338,0.0417762
01324185,1523964209185,-11.454,0.450358,0.692702,0.399954,-0.00934699,-0.270558,0.748996,0.388362,-0.402763
01324181,1523964209185,-11.1292,-0.474969,3.59244,-0.104871,0.00846882,0.0704219,0.801391,0.438555,-0.0708323
01324180,1523964209185,-10.9357,-1.9806,0.0722334,0.0485493,0.20687,-0.358619,0.616682,0.417493,-0.481672
01324189,1523964209202,-10.4869,-3.39044,0.962221,-0.0786138,-0.00488296,-0.0852268,0.729175,-0.147457,-0.46358
01324188,1523964209202,-9.93224,-1.85602,-3.41343,0.197556,-0.146516,0.0468923,0.846411,-0.269598,0.0415043
01324185,1523964209202,-11.5942,0.518423,0.450514,0.152354,-0.0113325,-0.180093,0.748455,0.388649,-0.402503
01324181,1523964209202,-11.467,-0.483688,3.43588,-0.110514,-0.112845,0.107396,0.801019,0.43682,-0.0718552
01324180,1523964209202,-11.1654,-2.00299,0.108538,0.0197555,0.252069,-0.344372,0.616371,0.422743,-0.485751
01324189,1523964209218,-10.1683,-2.84754,1.11935,0.0899222,0.00712533,-0.0811962,0.730676,-0.146351,-0.464658
01324188,1523964209218,-9.86112,-1.57186,-3.39972,0.176997,-0.233423,0.094476,0.846963,-0.270605,0.0379334
01324185,1523964209218,-11.5367,0.383198,0.410624,-0.084817,0.0485837,-0.0543576,0.747502,0.389475,-0.403553
01324181,1523964209218,-11.0573,-0.483795,3.55926,-0.13905,-0.192556,0.105833,0.80158,0.435371,-0.0723622
01324180,1523964209218,-11.2356,-1.99405,0.0982337,-0.0443271,0.293024,-0.299636,0.617929,0.425595,-0.482339
01324189,1523964209235,-10.0756,-2.26723,0.919736,0.17679,0.0545323,-0.0632524,0.731061,-0.147066,-0.461725
01324188,1523964209235,-9.75332,-1.83407,-3.19603,0.116203,-0.326756,0.0965975,0.846972,-0.271856,0.0366431
01324185,1523964209235,-11.4554,0.0938569,0.507171,-0.260504,0.0739082,0.108948,0.747911,0.39063,-0.402128
01324181,1523964209235,-10.4949,-0.404437,3.65069,-0.0784973,-0.0810435,0.110767,0.80226,0.435624,-0.0734376
01324180,1523964209235,-11.0445,-1.81566,0.105913,-0.171692,0.325872,-0.30021,0.616683,0.429541,-0.483728
01324189,1523964209252,-10.1272,-2.15003,0.755278,0.15026,0.123826,-0.0794565,0.732275,-0.147379,-0.460403
01324188,1523964209252,-9.68604,-1.95438,-3.26766,0.0476645,-0.440987,0.132061,0.846714,-0.273355,0.0314358
01324185,1523964209252,-11.0844,-0.250124,0.747171,-0.328988,0.118052,0.229429,0.749818,0.390412,-0.398735
01324181,1523964209252,-10.3295,-0.317421,3.47379,-0.140816,-0.0755757,0.126474,0.805505,0.434296,-0.073178
01324180,1523964209252,-10.6394,-1.72907,0.129679,-0.326054,0.358974,-0.232451,0.616733,0.433704,-0.47689
01324189,1523964209268,-10.0172,-2.13223,0.49565,0.150246,0.185929,-0.0662707,0.734714,-0.147151,-0.459359
01324188,1523964209268,-9.59527,-2.26319,-3.28963,0.0454405,-0.534795,0.178832,0.846602,-0.276183,0.0234504
01324185,1523964209268,-10.5979,-0.566022,0.889729,-0.339103,0.144608,0.317614,0.753624,0.388513,-0.394808
01324181,1523964209268,-10.1827,-0.220972,3.35696,-0.15352,-0.122652,0.165704,0.806082,0.431977,-0.0741985
01324180,1523964209268,-10.193,-1.86002,0.225159,-0.41906,0.383415,-0.160911,0.620267,0.438537,-0.471171
01324189,1523964209285,-9.93406,-2.05122,0.584647,0.130903,0.2379,-0.0735558,0.73687,-0.14734,-0.456977
01324188,1523964209285,-9.48928,-2.34096,-2.90951,0.094742,-0.652641,0.206209,0.845534,-0.278098,0.0149954
01324185,1523964209285,-10.198,-0.713018,0.840154,-0.3929,0.165117,0.373587,0.757842,0.386649,-0.389054
01324181,1523964209285,-9.81498,-0.362245,3.42481,-0.151816,-0.0390765,0.193068,0.805067,0.428238,-0.0757043
01324180,1523964209285,-9.77012,-2.05949,0.382871,-0.450992,0.407661,-0.0696563,0.623757,0.444789,-0.460019
01324189,1523964209302,-9.77051,-2.30622,0.727615,0.108109,0.255356,-0.0914599,0.73941,-0.147814,-0.451925
01324188,1523964209302,-9.64269,-1.94045,-2.51727,0.128191,-0.706793,0.230583,0.844604,-0.28028,0.00598344
01324185,1523964209302,-9.91331,-0.589732,0.68597,-0.477009,0.176647,0.382046,0.762873,0.384218,-0.383428
01324181,1523964209302,-9.8064,-0.299044,3.3995,-0.167802,-0.0178896,0.192431,0.807904,0.425676,-0.0732889
01324180,1523964209302,-9.48281,-2.26073,0.558585,-0.420444,0.411169,0.0183615,0.626637,0.447006,-0.45137
01324189,1523964209318,-9.65367,-2.29301,1.10803,0.0628246,0.25756,-0.103183,0.741838,-0.146432,-0.45047
01324188,1523964209318,-9.73912,-1.84086,-2.22382,0.140724,-0.766521,0.260082,0.844769,-0.283978,-0.0021945
01324185,1523964209318,-9.80237,-0.479822,0.51995,-0.552736,0.165477,0.421296,0.764375,0.382317,-0.379624
01324181,1523964209318,-9.56886,-0.334768,3.05395,-0.153612,-0.111603,0.196685,0.809008,0.424487,-0.0746042
01324180,1523964209318,-9.36452,-2.48321,0.727698,-0.351043,0.381279,0.118732,0.630436,0.449624,-0.439755
01324189,1523964209335,-9.49962,-2.2027,1.41504,0.0907537,0.215842,-0.104815,0.74521,-0.145215,-0.44809
01324188,1523964209335,-9.63139,-1.44286,-1.95632,0.130345,-0.803354,0.248986,0.844941,-0.288421,-0.0131122
01324185,1523964209335,-9.59071,-0.625686,0.427466,-0.601316,0.152031,0.43585,0.77144,0.380458,-0.373488
01324181,1523964209335,-9.31143,-0.26853,2.91426,-0.178528,-0.155915,0.196306,0.809835,0.424014,-0.0760645
01324180,1523964209335,-9.28647,-2.57535,0.853631,-0.27153,0.37592,0.222896,0.635639,0.449353,-0.434028
01324189,1523964209352,-9.41178,-2.20197,1.45997,0.0942694,0.18126,-0.108308,0.748728,-0.146731,-0.444931
01324188,1523964209352,-9.53412,-1.26619,-1.75413,0.0677709,-0.841215,0.27116,0.842797,-0.291721,-0.0227175
01324185,1523964209352,-9.47074,-0.857558,0.441699,-0.636769,0.140368,0.468259,0.774165,0.378295,-0.368641
01324181,1523964209352,-9.09529,-0.202951,2.98201,-0.186659,-0.210566,0.207864,0.811365,0.420549,-0.0765396
01324180,1523964209352,-9.07442,-2.53984,0.928402,-0.22611,0.336208,0.286164,0.641522,0.448786,-0.429532
01324189,1523964209368,-9.3709,-2.21788,1.26459,0.0978079,0.104359,-0.113494,0.750482,-0.145048,-0.444403
01324188,1523964209368,-9.56365,-1.39761,-1.56258,0.0469737,-0.865952,0.277823,0.841071,-0.296315,-0.03591
01324185,1523964209368,-9.22527,-1.1046,0.521081,-0.601459,0.115793,0.51,0.780688,0.372039,-0.364028
01324181,1523964209368,-8.91288,-0.118167,2.8125,-0.219508,-0.219628,0.200937,0.814521,0.418006,-0.0795754
01324180,1523964209368,-8.82372,-2.49406,0.986689,-0.219337,0.303304,0.352746,0.645679,0.448861,-0.429997
01324189,1523964209385,-9.51103,-2.21608,0.955147,0.121651,0.045354,-0.152374,0.752232,-0.142932,-0.443603
01324188,1523964209385,-9.82049,-1.56039,-1.59761,0.0609764,-0.886884,0.281196,0.838657,-0.299522,-0.0473912
01324185,1523964209385,-8.97463,-1.20003,0.555007,-0.475312,0.0800588,0.578922,0.783826,0.367512,-0.35746
01324181,1523964209385,-8.94543,-0.00695971,2.82224,-0.235674,-0.297215,0.214101,0.814994,0.414091,-0.0816245
01324180,1523964209385,-8.50525,-2.45483,1.05527,-0.219137,0.254978,0.399821,0.651852,0.44611,-0.424739
01324189,1523964209402,-9.60275,-2.38429,0.569118,0.168744,-0.00616801,-0.207189,0.752626,-0.141501,-0.443061
01324188,1523964209402,-9.8539,-1.45288,-1.78363,0.110029,-0.93323,0.321729,0.836936,-0.305032,-0.0596985
01324185,1523964209402,-8.86872,-1.21281,0.458403,-0.370351,0.0828695,0.60598,0.789932,0.365866,-0.354982
01324181,1523964209402,-9.18872,0.19399,2.7806,-0.260721,-0.401441,0.220209,0.81569,0.413334,-0.0830775
01324180,1523964209402,-8.20943,-2.24427,1.33484,-0.229354,0.201196,0.452113,0.656524,0.444088,-0.415796
01324189,1523964209418,-9.73931,-2.49369,0.291003,0.302394,-0.028297,-0.22178,0.754121,-0.140392,-0.443471
01324188,1523964209418,-9.95901,-1.10926,-1.90626,0.0570907,-1.00409,0.361276,0.833992,-0.309992,-0.0739759
01324185,1523964209418,-9.1205,-1.39443,0.242971,-0.29618,0.0518473,0.571289,0.793062,0.36142,-0.351552
01324181,1523964209418,-9.82725,0.147599,2.80639,-0.289221,-0.488233,0.20937,0.817378,0.411757,-0.0886426
01324180,1523964209418,-8.81351,-2.69172,1.43041,-0.522993,0.197583,0.578611,0.66296,0.44221,-0.41174
01324189,1523964209435,-9.83816,-2.14374,0.475881,0.376284,-0.0497309,-0.220587,0.756048,-0.143035,-0.444049
01324188,1523964209435,-10.0791,-0.883595,-1.7004,-0.011518,-1.09287,0.377504,0.831458,-0.315578,-0.0874896
01324185,1523964209435,-9.76362,-1.80473,0.0514969,-0.242104,0.0291661,0.477125,0.798762,0.357502,-0.349965
01324181,1523964209435,-10.2762,0.0261314,2.44842,-0.33903,-0.59629,0.201819,0.817334,0.408912,-0.0944288
01324180,1523964209435,-9.75393,-3.9915,1.39717,-0.549138,0.165434,0.603606,0.669399,0.439452,-0.406081
01324189,1523964209452,-9.78668,-1.31785,0.71317,0.395483,-0.053344,-0.20454,0.757533,-0.143068,-0.442728
01324188,1523964209452,-10.0448,-0.710596,-1.28349,-0.0550318,-1.14968,0.348256,0.82756,-0.319928,-0.101986
01324185,1523964209452,-10.531,-2.02616,0.173976,-0.13363,0.000608687,0.381261,0.799039,0.351014,-0.350164
01324181,1523964209452,-10.2244,-0.0313249,2.25666,-0.396885,-0.778846,0.186621,0.817292,0.407312,-0.102101
01324180,1523964209452,-10.1375,-4.5941,1.34177,-0.174794,0.107875,0.701335,0.676175,0.433535,-0.406569
01324189,1523964209468,-9.67127,-0.248035,1.12289,0.33351,-0.0439656,-0.147935,0.758624,-0.142811,-0.44314
01324188,1523964209468,-9.88865,-0.291365,-0.973252,0.0444857,-1.23286,0.314398,0.824613,-0.323997,-0.119709
01324185,1523964209468,-10.8484,-1.89385,0.521039,-0.0219623,-0.0602409,0.402004,0.803649,0.347338,-0.350667
01324181,1523964209468,-9.65071,0.130829,2.13647,-0.447595,-0.892419,0.175291,0.81821,0.406631,-0.112992
01324180,1523964209468,-10.204,-4.2797,1.21234,0.311999,0.00111033,0.828596,0.682743,0.422695,-0.407693
01324189,1523964209485,-9.49298,0.880348,1.55128,0.112257,-0.0760485,-0.0527059,0.760135,-0.142714,-0.444629
01324188,1523964209485,-9.90102,0.315449,-0.851112,0.0741596,-1.27614,0.296402,0.822068,-0.327599,-0.135118
01324185,1523964209485,-10.5285,-1.52724,0.760769,0.0646029,-0.114333,0.534847,0.806773,0.341141,-0.350357
01324181,1523964209485,-9.18,0.0998643,2.30671,-0.456258,-0.810802,0.145747,0.817901,0.404198,-0.119714
01324180,1523964209485,-9.84332,-3.6446,0.905159,0.625659,-0.083361,0.907429,0.689899,0.410583,-0.416012
01324189,1523964209502,-9.19447,1.65644,2.09871,-0.24767,-0.0721419,0.0668504,0.761911,-0.140612,-0.446506
01324188,1523964209502,-10.251,1.20939,-0.230781,-0.0253503,-1.27698,0.245175,0.818037,-0.331902,-0.153649
01324185,1523964209502,-9.93395,-1.13845,0.799257,0.147436,-0.122166,0.703056,0.810437,0.330953,-0.352362
01324181,1523964209502,-8.89518,-0.0788421,2.44961,-0.41702,-0.774767,0.132957,0.817172,0.403472,-0.127131
01324180,1523964209502,-9.35624,-3.12099,0.78228,0.705226,-0.121118,0.883071,0.695183,0.396598,-0.420828
01324189,1523964209518,-8.80613,1.67225,2.66245,-0.56104,-0.00490439,0.15623,0.761248,-0.140461,-0.448504
01324188,1523964209518,-10.2733,1.73863,-0.0428813,-0.266244,-1.28441,0.193861,0.814001,-0.335321,-0.172395
01324185,1523964209518,-9.41704,-0.876821,0.803553,0.169187,-0.138333,0.8612,0.815047,0.320173,-0.355802
01324181,1523964209518,-8.75982,-0.198481,2.37066,-0.417022,-0.782697,0.136316,0.816695,0.404868,-0.135526
01324180,1523964209518,-8.78174,-2.6876,0.843441,0.689891,-0.0952649,0.812802,0.701023,0.382038,-0.428231
01324189,1523964209535,-8.75513,0.742025,3.26799,-0.788452,0.0442314,0.219355,0.760983,-0.137445,-0.451019
01324188,1523964209535,-10.2182,2.29863,0.187454,-0.42328,-1.2166,0.203254,0.807506,-0.3364,-0.190425
01324185,1523964209535,-9.04531,-0.631343,0.586153,0.0819529,-0.17713,0.940551,0.81925,0.305702,-0.360643
01324181,1523964209535,-8.79645,-0.300858,2.42793,-0.4188,-0.787144,0.134581,0.815174,0.403561,-0.143854
01324180,1523964209535,-8.27294,-2.05739,0.938877,0.439468,-0.0677114,0.790353,0.705256,0.365157,-0.430523
01324189,1523964209552,-8.77065,-0.614118,4.28,-0.882264,0.0453891,0.243949,0.761251,-0.132573,-0.45366
01324188,1523964209552,-10.0321,1.60668,0.0815766,-0.545325,-1.0479,0.293711,0.802915,-0.338142,-0.207442
01324185,1523964209552,-9.05084,-0.691755,0.310405,-0.113562,-0.251428,0.894472,0.823452,0.295773,-0.363829
01324181,1523964209552,-9.40262,-0.3811,2.7806,-0.488271,-0.818966,0.132969,0.815521,0.402963,-0.151285
01324180,1523964209552,-8.58047,-1.5012,0.963098,-0.135714,-0.00517455,0.804942,0.711283,0.354909,-0.432033
01324189,1523964209568,-9.1262,-1.8745,5.93996,-0.8571,-0.0149737,0.244254,0.765466,-0.129096,-0.455286
01324188,1523964209568,-9.52762,0.609312,-1.0059,-0.351305,-0.803137,0.355375,0.79954,-0.339494,-0.220815
01324185,1523964209568,-9.51028,-0.857767,-0.0515842,-0.342897,-0.301701,0.75738,0.827657,0.285856,-0.366362
01324181,1523964209568,-9.77184,-0.841985,3.28214,-0.401278,-0.908863,0.137238,0.815473,0.402628,-0.160047
01324180,1523964209568,-9.11938,-2.76893,0.854199,-0.755881,0.0439992,0.774799,0.718916,0.354321,-0.429049
01324189,1523964209585,-9.95942,-3.20018,7.87229,-0.701074,-0.155929,0.261235,0.766974,-0.125268,-0.458752
01324188,1523964209585,-8.42556,0.400487,-2.42286,0.053282,-0.387817,0.404491,0.794691,-0.344201,-0.230475
01324185,1523964209585,-10.2161,-1.16186,-0.382196,-0.530925,-0.326212,0.598024,0.828202,0.281905,-0.366587
01324181,1523964209585,-9.3879,-1.03653,3.46461,-0.286573,-1.00179,0.127377,0.812386,0.400677,-0.172596
01324180,1523964209585,-9.89602,-3.62913,0.752468,-0.998209,0.0166062,0.875017,0.72508,0.351705,-0.422167
01324189,1523964209602,-10.4852,-4.35404,8.69533,-0.64118,-0.425637,0.240743,0.764706,-0.12351,-0.464599
01324188,1523964209602,-8.54475,-1.21214,-3.11965,0.151437,0.147196,0.385412,0.793363,-0.348879,-0.229673
01324185,1523964209602,-10.7378,-1.45954,-0.34224,-0.656,-0.309718,0.550552,0.831591,0.2768,-0.368117
01324181,1523964209602,-9.0492,-1.02061,3.71764,-0.24981,-0.899062,0.086695,0.810888,0.39904,-0.18291
01324180,1523964209602,-10.291,-4.10637,0.70007,-1.1391,-0.0269957,0.926541,0.730163,0.349836,-0.415524
01324189,1523964209618,-10.2979,-5.15917,7.89222,-0.585582,-0.659473,0.199571,0.753065,-0.119508,-0.4738
01324188,1523964209618,-8.78691,-1.33555,-3.27547,0.381827,0.636023,0.245408,0.795854,-0.357656,-0.220559
01324185,1523964209618,-10.8373,-1.73091,-0.252694,-0.71087,-0.282906,0.540262,0.832678,0.274829,-0.367971
01324181,1523964209618,-8.94092,-0.883415,3.65774,-0.176588,-0.678168,0.0728178,0.807736,0.399738,-0.192192
01324180,1523964209618,-10.2453,-4.25535,0.685196,-1.27711,-0.131544,0.956538,0.7358,0.346506,-0.408919
01324189,1523964209635,-9.33595,-5.08928,6.10587,-0.534393,-0.755502,0.145516,0.748945,-0.118875,-0.484452
01324188,1523964209635,-9.34805,3.40025,-2.32014,0.849128,1.06308,0.371638,0.797651,-0.36478,-0.202983
01324185,1523964209635,-10.5218,-1.9687,-0.118175,-0.650217,-0.187773,0.59735,0.835119,0.269732,-0.369107
01324181,1523964209635,-8.53869,-0.890644,3.48174,-0.110452,-0.570844,0.0424061,0.808069,0.400839,-0.200456
01324180,1523964209635,-10.2004,-4.54968,0.717854,-1.39083,-0.236553,0.925109,0.741404,0.346961,-0.404669
01324189,1523964209652,-8.63057,-4.17429,4.70025,-0.545817,-0.75752,0.11333,0.745488,-0.116101,-0.494694
01324188,1523964209652,-8.73326,4.80044,-4.28456,0.289176,1.45744,0.479303,0.799579,-0.371515,-0.184443
01324185,1523964209652,-9.99594,-2.16431,0.181606,-0.496514,-0.0882776,0.650858,0.836612,0.265489,-0.369855
01324181,1523964209652,-8.17669,-0.845295,3.69571,-0.0461904,-0.468716,0.015412,0.806799,0.400127,-0.207603
01324180,1523964209652,-9.68985,-4.61279,0.86267,-1.54124,-0.311091,0.850536,0.746926,0.344246,-0.403453
01324189,1523964209668,-7.98382,-3.38555,4.21042,-0.362027,-0.719957,0.108404,0.740397,-0.113569,-0.50465
01324188,1523964209668,-9.03693,5.08893,-4.00083,-0.832226,1.82689,0.478285,0.803936,-0.376047,-0.164044
01324185,1523964209668,-9.54668,-2.13073,0.465324,-0.355224,-0.00844491,0.663697,0.840966,0.257519,-0.366395
01324181,1523964209668,-8.16996,-0.755714,4.01764,0.0606851,-0.307766,0.00611547,0.805128,0.397888,-0.212853
01324180,1523964209668,-9.50979,-4.34065,0.894925,-1.62253,-0.334781,0.792739,0.750625,0.346173,-0.397119
01324189,1523964209685,-7.4955,-2.64753,4.13178,0.0475829,-0.682772,0.207333,0.734755,-0.114462,-0.511818
01324188,1523964209685,-10.0924,4.72782,-3.52245,-1.46645,2.07881,0.524351,0.80828,-0.378287,-0.145926
01324185,1523964209685,-9.28086,-1.97105,0.488697,-0.297421,-0.0129252,0.619376,0.844904,0.252188,-0.36505
01324181,1523964209685,-8.21281,-0.591045,3.77272,0.152381,-0.181879,0.017245,0.805022,0.397685,-0.215638
01324180,1523964209685,-8.21303,-5.45586,0.959465,-1.76931,-0.366435,0.80333,0.752723,0.347696,-0.39131
01324189,1523964209702,-7.20446,-2.02013,4.26518,0.260082,-0.664086,0.371423,0.72835,-0.12067,-0.521294
01324188,1523964209702,-9.92164,3.84392,-3.06092,-1.63249,2.22491,0.678862,0.809676,-0.38711,-0.123066
01324185,1523964209702,-9.15995,-1.7793,0.365084,-0.31581,-0.0735667,0.522803,0.845998,0.242604,-0.364961
01324181,1523964209702,-8.30982,-0.659973,3.58988,0.188904,-0.0861243,0.0283318,0.803449,0.397194,-0.219465
01324180,1523964209702,-8.41317,-5.87314,0.471847,-1.15126,-0.388039,0.645268,0.756669,0.351504,-0.385077
01324189,1523964209718,-7.35344,-1.22262,4.69772,0.330458,-0.636833,0.564427,0.722243,-0.131775,-0.530411
01324188,1523964209718,-9.76028,3.04103,-2.45565,-1.47476,2.37168,0.869219,0.811741,-0.394282,-0.101457
01324185,1523964209718,-9.18346,-1.47591,0.236798,-0.3366,-0.157439,0.392394,0.848844,0.239196,-0.366244
01324181,1523964209718,-8.56252,-0.745536,3.69616,0.195999,-0.0630029,0.0320323,0.804564,0.395701,-0.221571
01324180,1523964209718,-8.29098,-5.69578,0.730202,-0.878766,-0.404824,0.566008,0.757499,0.349166,-0.384596
01324189,1523964209735,-7.3006,-0.64045,4.75429,0.402016,-0.589023,0.723593,0.714992,-0.141388,-0.53482
01324188,1523964209735,-9.99318,2.15766,-2.20517,-1.01007,2.44815,1.04138,0.809491,-0.405912,-0.0795347
01324185,1523964209735,-9.36612,-1.12823,0.0566388,-0.39714,-0.196741,0.277936,0.848981,0.237359,-0.366489
01324181,1523964209735,-8.54934,-0.648335,3.69438,0.187084,-0.0576442,0.0355399,0.805639,0.396664,-0.222665
01324180,1523964209735,-8.49179,-5.81714,0.568062,-0.367646,-0.413752,0.495346,0.75897,0.347664,-0.380325
01324189,1523964209752,-7.28191,-0.407803,4.13874,0.508927,-0.458026,0.819644,0.708173,-0.15504,-0.539132
01324188,1523964209752,-10.0741,1.84851,-2.08621,-0.33951,2.46801,1.20814,0.805229,-0.422265,-0.0493994
01324185,1523964209752,-9.5225,-0.89624,-0.0797816,-0.443477,-0.190165,0.185276,0.849247,0.236752,-0.368705
01324181,1523964209752,-8.62865,-0.552126,3.56887,0.208568,0.0395466,0.0294254,0.806198,0.397581,-0.226145
01324180,1523964209752,-9.29991,-5.74264,0.386567,0.260605,-0.447703,0.473786,0.759595,0.342613,-0.386109
01324189,1523964209768,-7.00658,-0.114899,3.03996,0.526139,-0.231437,0.804992,0.703654,-0.16975,-0.541338
01324188,1523964209768,-10.1189,2.16596,-1.94435,0.161678,2.4307,1.31381,0.797573,-0.439022,-0.0156112
01324185,1523964209768,-9.80467,-0.889661,-0.0726224,-0.446211,-0.152931,0.12217,0.848977,0.237902,-0.367539
01324181,1523964209768,-8.8281,-0.462395,3.69386,0.259285,0.0856212,0.0279801,0.807593,0.3937,-0.226078
01324180,1523964209768,-9.16381,-5.01532,0.242045,0.68156,-0.462351,0.498473,0.758697,0.331663,-0.395232
01324189,1523964209785,-7.38109,0.652092,3.10585,0.6602,-0.00399547,0.808634,0.701869,-0.187119,-0.543061
01324188,1523964209785,-10.3321,2.69849,-2.13042,0.427076,2.3528,1.35455,0.789129,-0.460093,0.0203408
01324185,1523964209785,-9.95716,-1.10537,-0.0299069,-0.434357,-0.101641,0.0691375,0.849654,0.239027,-0.367683
01324181,1523964209785,-8.83195,-0.43808,3.57262,0.301213,0.124356,0.0161117,0.807625,0.391542,-0.226565
01324180,1523964209785,-9.45854,-3.94653,0.201534,0.651399,-0.421914,0.405706,0.757849,0.319743,-0.411941
01324189,1523964209802,-7.71762,1.64337,2.71411,0.849586,0.19438,0.858699,0.700008,-0.203157,-0.537815
01324188,1523964209802,-10.5842,2.58664,-1.1648,0.307235,2.16793,1.32864,0.777819,-0.478115,0.0514025
01324185,1523964209802,-9.97972,-1.38936,-0.0551366,-0.432094,-0.0125462,-0.00286318,0.84979,0.242721,-0.366151
01324181,1523964209802,-8.80994,-0.554179,3.45907,0.367381,0.217407,-0.0246578,0.807635,0.39027,-0.225874
01324180,1523964209802,-9.51674,-3.63019,0.357383,0.420267,-0.388813,0.372918,0.757981,0.311958,-0.419934
01324189,1523964209818,-8.21131,2.13484,2.62537,0.834535,0.357021,0.936616,0.698694,-0.219355,-0.53271
01324188,1523964209818,-10.0632,2.25136,-1.42333,0.341412,1.96228,1.286,0.767177,-0.493951,0.0790918
01324185,1523964209818,-10.0278,-1.48277,0.151698,-0.440566,0.0734752,-0.0374116,0.849655,0.243864,-0.365377
01324181,1523964209818,-8.81842,-0.590521,3.27617,0.402328,0.292984,-0.0516913,0.807643,0.389558,-0.225727
01324180,1523964209818,-9.52445,-3.49751,0.587638,0.170285,-0.367667,0.318771,0.758898,0.306784,-0.430319
01324189,1523964209835,-9.06917,2.01206,2.879,0.54043,0.432104,1.0405,0.697378,-0.236985,-0.526546
01324188,1523964209835,-9.81719,2.10159,-1.16639,0.185499,1.71997,1.2062,0.756401,-0.509803,0.104089
01324185,1523964209835,-10.0324,-1.54273,0.366031,-0.389974,0.115132,-0.0479387,0.850201,0.247014,-0.362796
01324181,1523964209835,-8.86285,-0.48189,3.29796,0.396259,0.350093,-0.0718643,0.809218,0.390738,-0.22311
01324180,1523964209835,-9.37091,-3.47369,0.789867,-0.0988043,-0.342691,0.244246,0.757612,0.304373,-0.435482
01324189,1523964209852,-9.32794,1.55541,2.87452,0.166011,0.484581,1.17424,0.697959,-0.252653,-0.520656
01324188,1523964209852,-9.64881,1.86012,-1.20401,-0.144118,1.41853,1.08561,0.744,-0.525679,0.123987
01324185,1523964209852,-9.86315,-1.47626,0.489125,-0.311297,0.124852,-0.0583326,0.851969,0.251321,-0.358661
01324181,1523964209852,-8.91111,-0.409739,3.37355,0.401725,0.394872,-0.0904511,0.811105,0.389874,-0.222182
01324180,1523964209852,-9.16802,-3.51673,0.97771,-0.293285,-0.28268,0.184478,0.756857,0.301946,-0.439573
01324189,1523964209868,-9.08481,1.30762,2.66093,-0.165675,0.605469,1.27503,0.698237,-0.267294,-0.512212
01324188,1523964209868,-9.56055,1.52707,-1.20649,-0.501594,1.08432,0.959157,0.730783,-0.540214,0.134285
01324185,1523964209868,-9.67941,-1.39544,0.594467,-0.195394,0.129001,-0.0619316,0.852787,0.253067,-0.355805
01324181,1523964209868,-9.00622,-0.328347,3.33757,0.407174,0.445967,-0.102079,0.813242,0.38891,-0.219128
01324180,1523964209868,-8.95042,-3.54174,1.07395,-0.425821,-0.238176,0.0801573,0.755884,0.302216,-0.433339
01324189,1523964209885,-9.10295,1.1672,2.68521,-0.43468,0.744717,1.32363,0.699072,-0.278513,-0.507226
01324188,1523964209885,-9.49568,0.749253,-1.0363,-0.918422,0.786882,0.824744,0.720271,-0.552444,0.137961
01324185,1523964209885,-9.58713,-1.29474,0.766606,-0.0449849,0.120314,-0.0807751,0.852521,0.253671,-0.353719
01324181,1523964209885,-9.06292,-0.265884,3.2708,0.375128,0.433611,-0.0986301,0.81561,0.389697,-0.214386
01324180,1523964209885,-8.90564,-3.63787,1.08353,-0.509701,-0.185085,-0.00443284,0.755439,0.305407,-0.432187
01324189,1523964209902,-9.28973,1.04689,2.27882,-0.587044,0.85151,1.2652,0.697433,-0.287073,-0.501388
01324188,1523964209902,-9.7119,-0.212832,-0.917585,-1.02993,0.491183,0.706562,0.714499,-0.562486,0.136732
01324185,1523964209902,-9.62516,-1.1692,0.873703,0.0787793,0.127671,-0.105617,0.852797,0.253847,-0.351892
01324181,1523964209902,-8.94408,-0.25467,3.14335,0.353796,0.364404,-0.107814,0.814806,0.387756,-0.212079
01324180,1523964209902,-9.02687,-3.8061,1.10559,-0.505991,-0.128839,-0.0989771,0.753638,0.311252,-0.434475
01324189,1523964209918,-9.5151,0.806271,1.9993,-0.694326,0.928492,1.19011,0.699878,-0.297032,-0.494671
01324188,1523964209918,-10.0079,-1.16478,-0.827224,-1.06288,0.197262,0.608396,0.707236,-0.572124,0.130564
01324185,1523964209918,-9.72105,-0.980774,0.904986,0.108265,0.148914,-0.154244,0.853609,0.25597,-0.351393
01324181,1523964209918,-8.86226,-0.307028,3.08451,0.324501,0.40855,-0.108215,0.81531,0.388659,-0.209711
01324180,1523964209918,-9.15784,-3.96714,1.12276,-0.409246,-0.0843568,-0.201803,0.752249,0.315485,-0.434911
01324189,1523964209935,-9.86926,0.422983,2.13031,-0.765589,0.984407,1.06901,0.703119,-0.303845,-0.487805
01324188,1523964209935,-10.1899,-2.02446,-0.543655,-0.926849,-0.0419449,0.469516,0.704862,-0.582178,0.122155
01324185,1523964209935,-9.84087,-0.700747,0.892678,0.0747056,0.137852,-0.235758,0.853206,0.25784,-0.349449
01324181,1523964209935,-8.86324,-0.26818,3.03304,0.288167,0.44711,-0.124146,0.817406,0.39029,-0.205781
01324180,1523964209935,-9.18061,-4.08856,1.16538,-0.25649,-0.0379042,-0.306033,0.750814,0.322898,-0.43366
01324189,1523964209952,-10.06,-0.2494,2.3823,-0.833308,0.945293,0.93031,0.70718,-0.310396,-0.481481
01324188,1523964209952,-10.1185,-2.31092,-0.300955,-0.581709,-0.229287,0.312301,0.698933,-0.587423,0.10884
01324185,1523964209952,-9.8502,-0.56589,0.857721,0.0108695,0.137086,-0.28671,0.852116,0.262061,-0.349878
01324181,1523964209952,-8.94674,-0.23993,2.88224,0.233232,0.507615,-0.147564,0.818417,0.392092,-0.201312
01324180,1523964209952,-9.19082,-4.07495,1.23786,-0.0998444,0.0292076,-0.390723,0.748851,0.329447,-0.431879
01324189,1523964209968,-9.88145,-1.13601,2.6136,-0.822426,0.881131,0.810506,0.711357,-0.313926,-0.474866
01324188,1523964209968,-9.88433,-2.41502,-0.364408,-0.181696,-0.409945,0.161752,0.697325,-0.590005,0.10237
01324185,1523964209968,-9.83617,-0.715262,0.848951,-0.0232667,0.147405,-0.34457,0.85253,0.2651,-0.345727
01324181,1523964209968,-9.03871,-0.262773,2.78549,0.187021,0.52787,-0.14894,0.81779,0.395498,-0.19646
01324180,1523964209968,-9.33781,-4.08092,1.64242,0.0658575,0.0678561,-0.457947,0.746789,0.333246,-0.430692
01324189,1523964209985,-10.1885,-1.14782,2.8178,-0.839222,0.888196,0.727873,0.714153,-0.313538,-0.468606
01324188,1523964209985,-9.80197,-3.0493,-0.388175,0.013858,-0.579584,-0.075044,0.698012,-0.590679,0.0978757
01324185,1523964209985,-9.83677,-0.994455,0.953755,-0.0222908,0.157336,-0.405011,0.852393,0.270624,-0.344342
01324181,1523964209985,-9.08532,-0.324037,2.85881,0.137344,0.509619,-0.176501,0.820011,0.396316,-0.190389
01324180,1523964209985,-9.27603,-4.08219,1.37233,0.325086,0.105353,-0.528148,0.744333,0.33721,-0.431522
01324189,1523964210002,-10.2863,-1.26987,3.36665,-0.687307,0.817531,0.632589,0.717127,-0.316618,-0.464651
01324188,1523964210002,-10.1945,-4.67067,-0.721766,0.502662,-0.708884,-0.434217,0.703146,-0.586457,0.0929587
01324185,1523964210002,-9.81332,-1.26422,1.00405,0.046221,0.154458,-0.449292,0.850901,0.277288,-0.34231
01324181,1523964210002,-9.21362,-0.412927,2.89833,0.0610343,0.477001,-0.214421,0.820049,0.398479,-0.183127
01324180,1523964210002,-9.73997,-3.77523,2.42807,0.641574,0.0219083,-0.519519,0.742168,0.340166,-0.434403
01324189,1523964210018,-10.7531,-1.48852,4.15451,-0.516973,0.77521,0.487637,0.721825,-0.319003,-0.456294
01324188,1523964210018,-10.3493,-4.85761,-2.8896,1.77944,-0.557052,-0.647717,0.708517,-0.57812,0.0996069
01324185,1523964210018,-9.90035,-1.43208,1.14538,0.160112,0.140678,-0.480775,0.84941,0.283104,-0.340401
01324181,1523964210018,-9.59603,-0.466101,3.05629,-0.00287231,0.444519,-0.248871,0.819557,0.40202,-0.178545
01324180,1523964210018,-9.53958,-2.98978,2.33767,0.696111,-0.0169604,-0.491165,0.738429,0.340545,-0.438258
01324189,1523964210035,-10.602,-2.12123,4.94909,-0.32432,0.63837,0.300177,0.723147,-0.318444,-0.452558
01324188,1523964210035,-11.0284,-1.40153,-2.65575,1.97178,-0.468881,-0.687246,0.718201,-0.565422,0.111052
01324185,1523964210035,-10.1898,-1.46875,1.20182,0.279728,0.136632,-0.501227,0.845335,0.289287,-0.341492
01324181,1523964210035,-9.57214,-0.519122,2.97052,-0.0597815,0.350425,-0.263297,0.819163,0.406617,-0.171462
01324180,1523964210035,-9.72678,-3.16276,2.50891,0.623983,-0.01095,-0.544329,0.73336,0.340078,-0.442111
01324189,1523964210052,-10.3924,-2.0153,4.75145,-0.0774766,0.512107,0.164374,0.727459,-0.320401,-0.44687
01324188,1523964210052,-10.8836,2.59696,-2.49581,1.13639,-0.424224,-0.812941,0.727902,-0.555231,0.120051
01324185,1523964210052,-10.4665,-1.32487,1.3141,0.389976,0.0904851,-0.512902,0.843159,0.292781,-0.343087
01324181,1523964210052,-9.32887,-0.477309,2.82638,-0.121944,0.341187,-0.277037,0.819876,0.410156,-0.166229
01324180,1523964210052,-9.90839,-2.92211,2.37794,0.503101,-0.021496,-0.604849,0.730135,0.34248,-0.446339
01324189,1523964210068,-9.91864,-1.43124,3.59681,0.00874512,0.47793,0.0171296,0.731642,-0.321927,-0.442113
01324188,1523964210068,-10.5073,3.71106,-2.71582,-0.36936,-0.334535,-0.839931,0.734756,-0.544367,0.118895
01324185,1523964210068,-10.5234,-0.984994,1.35671,0.37021,0.0236692,-0.51925,0.841937,0.299012,-0.341574
01324181,1523964210068,-9.46311,-0.403799,2.96177,-0.16457,0.388738,-0.286805,0.819511,0.414686,-0.162201
01324180,1523964210068,-9.8083,-2.73033,2.15762,0.289558,0.0364516,-0.688408,0.728712,0.347407,-0.441626
01324189,1523964210085,-9.99442,-1.1612,3.16534,-0.0371834,0.464324,-0.146468,0.735528,-0.321711,-0.435867
01324188,1523964210085,-10.6594,2.39553,-2.77489,-1.6344,-0.207014,-0.879024,0.742726,-0.536503,0.103667
01324185,1523964210085,-10.3493,-0.733433,1.17926,0.348107,-0.037918,-0.539284,0.840844,0.302777,-0.343698
01324181,1523964210085,-9.37351,-0.308075,2.90496,-0.169951,0.410162,-0.27457,0.818872,0.418118,-0.156154
01324180,1523964210085,-9.77225,-2.83936,2.00511,0.125498,0.0504153,-0.757076,0.72485,0.356023,-0.440315
01324189,1523964210102,-10.0217,-1.08544,2.64991,-0.19321,0.415689,-0.237526,0.738847,-0.316019,-0.430775
01324188,1523964210102,-10.4672,0.0951873,-2.16832,-1.81596,-0.0959309,-0.919665,0.75096,-0.527329,0.0852861
01324185,1523964210102,-10.0334,-0.54545,0.899322,0.304057,-0.0924122,-0.57893,0.837576,0.310044,-0.347025
01324181,1523964210102,-9.29843,-0.287641,2.73842,-0.194991,0.451423,-0.239679,0.819014,0.422991,-0.149215
01324180,1523964210102,-9.65,-2.86978,1.82004,0.0235979,0.0520543,-0.811372,0.719132,0.363814,-0.441156
01324189,1523964210118,-9.8426,-0.530856,2.21526,-0.368713,0.374184,-0.284283,0.744238,-0.312978,-0.427066
01324188,1523964210118,-9.86217,-1.0578,-1.72939,-1.06918,-0.0454662,-0.889102,0.759604,-0.518453,0.0668816
01324185,1523964210118,-9.71967,-0.306889,0.621391,0.238985,-0.131305,-0.57613,0.833222,0.315593,-0.351768
01324181,1523964210118,-9.27386,-0.331019,2.73699,-0.186259,0.45551,-0.210368,0.817841,0.424059,-0.140456
01324180,1523964210118,-9.38041,-3.02276,1.51731,0.0369675,0.0816197,-0.881509,0.713932,0.374517,-0.445458
01324189,1523964210135,-9.55072,-0.135526,1.80288,-0.45114,0.361994,-0.263281,0.748943,-0.306044,-0.425192
01324188,1523964210135,-9.50962,-0.530603,-2.14123,0.0109495,0.0122313,-0.746514,0.766608,-0.509701,0.0641096
01324185,1523964210135,-9.44483,-0.207672,0.409643,0.131161,-0.138234,-0.587084,0.829413,0.322724,-0.35483
01324181,1523964210135,-9.32304,-0.287882,2.67789,-0.211327,0.445379,-0.182788,0.817872,0.427768,-0.134422
01324180,1523964210135,-9.19561,-2.97859,1.1955,0.0777071,0.108155,-0.96901,0.708594,0.384041,-0.446135
01324189,1523964210152,-9.43469,-0.060019,1.48488,-0.544458,0.370724,-0.217438,0.751199,-0.298759,-0.423688
01324188,1523964210152,-9.54805,1.51864,-2.78042,0.576392,0.0381027,-0.614979,0.770472,-0.499021,0.071058
01324185,1523964210152,-9.3104,-0.34346,0.279113,-1.49187e-05,-0.164965,-0.570636,0.824926,0.329433,-0.357886
01324181,1523964210152,-9.26504,-0.40355,2.55731,-0.204345,0.417509,-0.158921,0.817342,0.43223,-0.127069
01324180,1523964210152,-9.12868,-2.87763,1.0807,0.162116,0.0858799,-0.977414,0.703776,0.393242,-0.442772
01324189,1523964210168,-9.3632,-0.0652252,1.40103,-0.625096,0.345654,-0.207015,0.755216,-0.291085,-0.421532
01324188,1523964210168,-9.24925,1.87824,-3.33471,0.510053,0.0628754,-0.578833,0.775713,-0.491295,0.075246
01324185,1523964210168,-9.22196,-0.575217,0.20492,-0.0936077,-0.160631,-0.580781,0.821937,0.335479,-0.358718
01324181,1523964210168,-9.16866,-0.441207,2.53209,-0.215084,0.353859,-0.15601,0.817241,0.434128,-0.11887
01324180,1523964210168,-9.09972,-2.8451,1.00382,0.256926,0.0652216,-0.977837,0.698578,0.401739,-0.441985
01324189,1523964210185,-9.35047,0.108894,1.35257,-0.571964,0.333021,-0.197046,0.757897,-0.284967,-0.420979
01324188,1523964210185,-8.97718,1.54619,-3.5793,0.263926,0.0474419,-0.613377,0.778919,-0.483472,0.078119
01324185,1523964210185,-9.19633,-0.864339,0.163122,-0.128616,-0.16028,-0.579043,0.818131,0.344766,-0.359579
01324181,1523964210185,-9.15781,-0.516313,2.56257,-0.236505,0.350517,-0.143898,0.818785,0.435379,-0.113066
01324180,1523964210185,-9.00906,-2.71753,0.911146,0.248754,0.0628896,-0.948882,0.69137,0.410275,-0.441708
01324189,1523964210202,-9.54902,0.0302882,1.32373,-0.380635,0.337996,-0.188379,0.762309,-0.277585,-0.417358
01324188,1523964210202,-9.02689,1.17433,-3.47446,-0.0903062,0.0350151,-0.658415,0.785635,-0.472726,0.082612
01324185,1523964210202,-9.20678,-1.12914,0.137176,-0.10682,-0.12161,-0.5657,0.813641,0.354573,-0.362795
01324181,1523964210202,-9.3393,-0.511289,2.69414,-0.209879,0.332956,-0.141502,0.817386,0.436077,-0.108283
01324180,1523964210202,-8.95593,-2.67731,0.817628,0.193973,0.0166223,-0.92318,0.68416,0.421162,-0.446518
01324189,1523964210218,-9.72699,-0.460907,1.19625,-0.245208,0.340045,-0.20566,0.765137,-0.275205,-0.415632
01324188,1523964210218,-9.32853,0.667925,-3.30627,-0.29434,0.00238554,-0.674361,0.790475,-0.465081,0.079394
01324185,1523964210218,-9.29416,-1.28274,0.0818371,-0.0616373,-0.0936079,-0.539543,0.809973,0.361887,-0.363638
01324181,1523964210218,-9.49863,-0.467066,2.6802,-0.222419,0.26583,-0.1377,0.81784,0.439596,-0.10411
01324180,1523964210218,-8.99173,-2.69155,0.754362,0.111232,-0.00433662,-0.853514,0.679664,0.427921,-0.448073
01324189,1523964210235,-9.72593,-1.11082,0.81741,-0.139832,0.326742,-0.259475,0.768891,-0.271976,-0.411635
01324188,1523964210235,-9.4945,0.238393,-3.16872,-0.301114,0.0192866,-0.631753,0.794633,-0.456989,0.0762124
01324185,1523964210235,-9.44887,-1.35889,0.0140262,-0.0303264,-0.0689489,-0.508232,0.80617,0.367788,-0.364727
01324181,1523964210235,-9.53791,-0.445648,2.62158,-0.195836,0.220099,-0.126109,0.817185,0.444176,-0.0979536
01324180,1523964210235,-9.07957,-2.79329,0.690107,0.0217099,-0.0356968,-0.791007,0.672362,0.435625,-0.453755
01324189,1523964210252,-9.68026,-1.4585,0.640642,-0.00687145,0.354588,-0.320391,0.770053,-0.269106,-0.406943
01324188,1523964210252,-9.43767,-0.0903531,-3.07954,-0.103837,0.0351933,-0.59481,0.800019,-0.450087,0.0761728
01324185,1523964210252,-9.61313,-1.43493,-0.00242341,0.0208648,-0.0500541,-0.50497,0.802772,0.372264,-0.366589
01324181,1523964210252,-9.55162,-0.523422,2.594,-0.176287,0.209573,-0.122802,0.816463,0.445132,-0.09398
01324180,1523964210252,-9.1985,-2.91949,0.620581,-0.041673,-0.0761843,-0.70554,0.667047,0.443264,-0.454605
01324189,1523964210268,-9.91069,-1.57747,0.733898,0.154423,0.359847,-0.348243,0.776525,-0.266233,-0.402311
01324188,1523964210268,-9.57342,-0.182242,-2.96935,0.187693,0.0234838,-0.555793,0.804581,-0.441673,0.0752954
01324185,1523964210268,-9.7772,-1.42672,-0.0415851,0.0512346,-0.00601857,-0.474633,0.800464,0.379472,-0.365605
01324181,1523964210268,-9.64694,-0.563395,2.62797,-0.139027,0.231219,-0.103742,0.816537,0.446658,-0.0896281
01324180,1523964210268,-9.29332,-3.04556,0.565792,-0.0541995,-0.0729775,-0.604505,0.661752,0.449161,-0.45522
01324189,1523964210285,-10.298,-1.61791,0.729914,0.326148,0.323586,-0.37951,0.780802,-0.262577,-0.396444
01324188,1523964210285,-9.82982,-0.237601,-3.19548,0.409358,0.0285639,-0.508233,0.808327,-0.433436,0.0784568
01324185,1523964210285,-9.90259,-1.43314,-0.0191662,0.0532805,0.0347205,-0.448505,0.798154,0.384682,-0.365909
01324181,1523964210285,-9.76343,-0.494394,2.60175,-0.108786,0.250783,-0.101063,0.817054,0.446283,-0.0868355
01324180,1523964210285,-9.29089,-3.20419,0.502106,-0.0380246,-0.116058,-0.507159,0.656547,0.45618,-0.449599
01324189,1523964210302,-10.4454,-1.39842,0.68398,0.471147,0.25994,-0.394872,0.784007,-0.259905,-0.391642
01324188,1523964210302,-9.86765,-0.00555961,-3.25745,0.439119,-8.87097e-05,-0.490655,0.810171,-0.424895,0.0820651
01324185,1523964210302,-9.9871,-1.49517,0.0287639,0.0819582,0.0472719,-0.39672,0.794763,0.390054,-0.365165
01324181,1523964210302,-10.0301,-0.567837,2.51934,-0.0820141,0.264797,-0.112157,0.815382,0.448242,-0.0834044
01324180,1523964210302,-9.31468,-3.21351,0.443817,-0.00564198,-0.125678,-0.413829,0.65301,0.460889,-0.450533
01324189,1523964210318,-10.3294,-1.05522,0.81935,0.524232,0.205863,-0.394618,0.785704,-0.257618,-0.385622
01324188,1523964210318,-9.88128,0.23155,-3.36779,0.297872,-0.00991276,-0.475806,0.814891,-0.420413,0.0841714
01324185,1523964210318,-10.0644,-1.59093,0.105849,0.111922,0.056173,-0.355969,0.791911,0.392989,-0.36649
01324181,1523964210318,-10.1823,-0.652173,2.57794,-0.0268654,0.195689,-0.12495,0.816106,0.450923,-0.0781533
01324180,1523964210318,-9.33873,-3.20353,0.385633,0.00739647,-0.118432,-0.334565,0.648429,0.465797,-0.457528
01324189,1523964210335,-9.9869,-0.755514,0.848969,0.453108,0.197824,-0.441998,0.788915,-0.255379,-0.381226
01324188,1523964210335,-9.76068,0.136028,-3.5652,0.0955769,0.00364817,-0.446926,0.817301,-0.415274,0.08554
01324185,1523964210335,-10.1345,-1.6723,0.167918,0.15741,0.0384368,-0.321871,0.790276,0.397469,-0.368096
01324181,1523964210335,-10.0795,-0.578209,2.62065,-0.00026526,0.107269,-0.125836,0.814579,0.453828,-0.077135
01324180,1523964210335,-9.28438,-3.27991,0.363992,0.0447472,-0.1079,-0.241097,0.645072,0.467321,-0.460015
01324189,1523964210352,-9.65586,-0.559166,0.377099,0.313716,0.212923,-0.452339,0.792122,-0.252278,-0.376956
01324188,1523964210352,-9.49581,-0.163635,-3.60787,-0.043786,-0.0176505,-0.414432,0.819691,-0.406837,0.0849606
01324185,1523964210352,-10.0718,-1.7232,0.219139,0.213461,0.0298347,-0.247051,0.788646,0.399144,-0.369022
01324181,1523964210352,-9.86488,-0.488279,2.55751,0.00867073,0.094729,-0.132934,0.816848,0.454117,-0.0755704
01324180,1523964210352,-9.16485,-3.35579,0.367159,0.0943646,-0.0775116,-0.17468,0.645465,0.46848,-0.461078
01324189,1523964210368,-9.45416,-0.445233,-0.0297281,0.144733,0.271529,-0.461057,0.797772,-0.24809,-0.372572
01324188,1523964210368,-9.16834,-0.50712,-3.2752,-0.0469918,-0.00794256,-0.37004,0.823067,-0.403937,0.0840225
01324185,1523964210368,-9.92224,-1.73621,0.222651,0.289088,0.029643,-0.187691,0.788723,0.399452,-0.370682
01324181,1523964210368,-9.64963,-0.456562,2.48583,0.0335518,0.104606,-0.124367,0.815468,0.456991,-0.0758817
01324180,1523964210368,-9.07505,-3.37396,0.358269,0.140664,-0.0611824,-0.106603,0.64329,0.470835,-0.460458
01324189,1523964210385,-9.34923,-0.231733,-0.0502771,0.0238985,0.310745,-0.452673,0.801365,-0.240685,-0.368674
01324188,1523964210385,-8.82053,-0.593143,-3.22419,0.087359,-0.0316808,-0.377293,0.825072,-0.39898,0.0832302
01324185,1523964210385,-9.73876,-1.66514,0.20436,0.372865,0.043621,-0.12158,0.787502,0.398159,-0.371972
01324181,1523964210385,-9.53901,-0.474647,2.46757,0.0727159,0.0806283,-0.131621,0.815193,0.456732,-0.0748105
01324180,1523964210385,-8.92043,-3.35762,0.355034,0.194137,-0.0481101,-0.0499391,0.642531,0.467669,-0.462132
01324189,1523964210402,-9.43663,0.0752346,-0.096909,0.0208135,0.305658,-0.419789,0.803327,-0.235102,-0.363835
01324188,1523964210402,-8.6255,-0.162432,-3.54728,0.223397,-0.0578376,-0.370434,0.826786,-0.391227,0.0850403
01324185,1523964210402,-9.56006,-1.56997,0.17632,0.437719,0.0523965,-0.0656188,0.786279,0.397571,-0.373269
01324181,1523964210402,-9.42298,-0.529073,2.46452,0.09583,0.0576415,-0.131917,0.814351,0.459598,-0.0751273
01324180,1523964210402,-8.79022,-3.33212,0.370947,0.232559,-0.031835,0.0189682,0.642172,0.464786,-0.463941
01324189,1523964210418,-9.58341,0.194278,0.0224246,0.0154104,0.283386,-0.375315,0.806541,-0.230857,-0.361029
01324188,1523964210418,-8.70577,0.364594,-3.70546,0.219896,-0.0923681,-0.374404,0.830694,-0.386738,0.0841949
01324185,1523964210418,-9.37635,-1.43868,0.191369,0.469051,0.0278007,-0.031521,0.787628,0.39511,-0.376647
01324181,1523964210418,-9.30203,-0.602837,2.44739,0.147398,0.0311835,-0.130609,0.811633,0.461919,-0.075413
01324180,1523964210418,-8.61121,-3.32996,0.365456,0.262509,-0.00603197,0.0483104,0.641943,0.463366,-0.468289
01324189,1523964210435,-9.53565,0.11144,-0.0612512,-0.0454289,0.292714,-0.313354,0.807847,-0.225987,-0.358329
01324188,1523964210435,-8.77372,0.301179,-3.56477,0.121322,-0.103787,-0.392914,0.832299,-0.382829,0.08415
01324185,1523964210435,-9.2168,-1.30726,0.183187,0.456785,0.0160404,0.0110527,0.788028,0.393777,-0.380033
01324181,1523964210435,-9.30062,-0.656259,2.5257,0.20065,-0.0127381,-0.119086,0.812173,0.462186,-0.0759557
01324180,1523964210435,-8.44015,-3.28472,0.386709,0.305813,0.0112249,0.0688982,0.64309,0.45873,-0.472317
01324189,1523964210452,-9.69412,-0.153252,0.254505,-0.0776225,0.320826,-0.26017,0.813767,-0.222665,-0.353152
01324188,1523964210452,-8.97891,-0.268935,-3.3005,0.0734575,-0.120161,-0.396978,0.834961,-0.374359,0.0827614
01324185,1523964210452,-9.10078,-1.2189,0.177312,0.443939,-0.00818921,0.0401102,0.788153,0.390577,-0.385229
01324181,1523964210452,-9.23195,-0.723423,2.58056,0.232662,-0.065898,-0.126552,0.81001,0.46557,-0.0795911
01324180,1523964210452,-8.33431,-3.245,0.400045,0.320905,0.0460072,0.0850479,0.645036,0.452895,-0.472327
01324189,1523964210468,-9.73407,-0.607177,0.475528,-0.0147804,0.283965,-0.258985,0.814646,-0.217774,-0.348574
01324188,1523964210468,-9.09673,-0.743046,-3.01852,0.0927229,-0.136041,-0.407648,0.838453,-0.368618,0.083346
01324185,1523964210468,-9.03327,-1.18807,0.118298,0.396882,-0.00409268,0.0503261,0.789234,0.38715,-0.387551
01324181,1523964210468,-9.16537,-0.659564,2.58942,0.255792,-0.10492,-0.133884,0.812175,0.467459,-0.0833734
01324180,1523964210468,-8.30546,-3.23511,0.410049,0.328762,0.078524,0.125762,0.647761,0.449664,-0.473513
01324189,1523964210485,-9.76029,-1.12228,0.613441,0.0914474,0.227639,-0.265618,0.817725,-0.2141,-0.345502
01324188,1523964210485,-9.4907,-0.704238,-2.84253,0.200955,-0.120817,-0.391758,0.841811,-0.362901,0.0813725
01324185,1523964210485,-9.06241,-1.20722,0.0445254,0.351903,0.00708455,0.0673204,0.790724,0.383594,-0.389221
01324181,1523964210485,-9.07061,-0.590468,2.53557,0.268233,-0.10486,-0.130508,0.811932,0.467819,-0.0867001
01324180,1523964210485,-8.34577,-3.28848,0.390027,0.335444,0.0779552,0.155687,0.648292,0.447735,-0.46775
01324189,1523964210502,-9.89746,-1.53656,0.996673,0.239112,0.157098,-0.296051,0.820269,-0.211851,-0.34257
01324188,1523964210502,-9.77817,0.0590238,-2.53435,0.237732,-0.0842731,-0.354891,0.844347,-0.3559,0.0802975
01324185,1523964210502,-9.11804,-1.21176,-0.0258376,0.325986,0.0393494,0.0977713,0.790859,0.379332,-0.39101
01324181,1523964210502,-9.15448,-0.450712,2.49372,0.303766,-0.0780596,-0.119181,0.808451,0.468936,-0.0901415
01324180,1523964210502,-8.43231,-3.33304,0.398605,0.314102,0.0844355,0.178464,0.650235,0.443073,-0.469898
01324189,1523964210518,-10.3785,-1.56081,1.55884,0.457886,0.0686475,-0.335921,0.82295,-0.209319,-0.339771
01324188,1523964210518,-10.2923,0.303029,-2.3304,0.176907,-0.0286735,-0.287522,0.845143,-0.352989,0.0800657
01324185,1523964210518,-9.1788,-1.29816,-0.138813,0.322139,0.0395082,0.109697,0.791529,0.377858,-0.394395
01324181,1523964210518,-9.41084,-0.30335,2.52306,0.314246,-0.0756667,-0.0889796,0.808485,0.469968,-0.0952124
01324180,1523964210518,-8.49026,-3.34344,0.405233,0.313663,0.0835909,0.220664,0.652993,0.437529,-0.472347
01324189,1523964210535,-10.4509,-1.28603,2.02793,0.694405,-0.0640846,-0.350855,0.822941,-0.210749,-0.338043
01324188,1523964210535,-9.55768,0.22001,-2.22227,0.201049,0.0309984,-0.334382,0.846743,-0.348575,0.0816683
01324185,1523964210535,-9.23702,-1.33402,-0.259696,0.319301,0.0256022,0.125111,0.793699,0.373608,-0.395537
01324181,1523964210535,-9.46983,-0.158527,2.57787,0.358442,-0.133291,-0.0534217,0.80864,0.471031,-0.0988235
01324180,1523964210535,-8.56312,-3.30519,0.358811,0.306438,0.0867785,0.236491,0.655507,0.432017,-0.479519
01324189,1523964210552,-10.0807,-1.22278,1.86184,0.750751,-0.222696,-0.322014,0.823223,-0.211048,-0.338851
01324188,1523964210552,-9.3268,-0.122617,-2.31001,0.160621,0.105668,-0.369193,0.847795,-0.343609,0.0841203
01324185,1523964210552,-9.24189,-1.33401,-0.281325,0.371495,0.0148037,0.152338,0.794508,0.371029,-0.397736
01324181,1523964210552,-9.38199,-0.14043,2.48632,0.377742,-0.210417,-0.0162532,0.80829,0.470636,-0.103993
01324180,1523964210552,-8.5679,-3.30761,0.353917,0.309754,0.0864398,0.254093,0.656904,0.428089,-0.48151
01324189,1523964210568,-9.73285,-1.32173,1.41822,0.681437,-0.348139,-0.322085,0.824969,-0.209217,-0.337518
01324188,1523964210568,-9.43018,-0.649405,-2.43678,0.148235,0.163555,-0.37926,0.850886,-0.339182,0.0879941
01324185,1523964210568,-9.13564,-1.325,-0.232586,0.414024,0.0131157,0.199904,0.795592,0.364492,-0.400552
01324181,1523964210568,-9.15126,-0.125377,2.25084,0.418571,-0.215319,0.00592096,0.80878,0.468489,-0.110198
01324180,1523964210568,-8.45726,-3.26045,0.355256,0.330572,0.0825424,0.277042,0.661529,0.423528,-0.484101
01324189,1523964210585,-9.18128,-1.33944,1.02771,0.580463,-0.437071,-0.341914,0.8235,-0.208045,-0.341105
01324188,1523964210585,-9.16232,-0.820988,-2.8705,0.102822,0.188194,-0.356237,0.853283,-0.332059,0.0905641
01324185,1523964210585,-8.91326,-1.25161,-0.0900006,0.473596,0.0181975,0.235473,0.798576,0.359549,-0.401037
01324181,1523964210585,-8.78986,-0.0458469,2.19367,0.388205,-0.214977,0.0300537,0.808849,0.466941,-0.115481
01324180,1523964210585,-8.22184,-3.13948,0.363053,0.335577,0.0910624,0.289418,0.664024,0.417258,-0.485614
01324189,1523964210602,-8.8683,-1.41232,0.528697,0.573139,-0.558033,-0.380871,0.820968,-0.205854,-0.34815
01324188,1523964210602,-7.98174,-0.593861,-2.86974,-0.0142729,0.251418,-0.380955,0.853522,-0.327218,0.0928838
01324185,1523964210602,-8.64246,-1.11834,0.0547493,0.523481,-0.00283882,0.29162,0.799657,0.352998,-0.404636
01324181,1523964210602,-8.39859,0.0727235,2.29533,0.343662,-0.234419,0.0368118,0.807728,0.464529,-0.121797
01324180,1523964210602,-7.96271,-2.99194,0.395396,0.339024,0.0945214,0.291201,0.66731,0.411839,-0.486447
01324189,1523964210618,-8.49777,-1.65525,0.249911,0.447298,-0.601813,-0.436367,0.818297,-0.202511,-0.355452
01324188,1523964210618,-7.96147,-1.0134,-2.88053,-0.136453,0.270802,-0.392182,0.85457,-0.321525,0.0953812
01324185,1523964210618,-8.30911,-1.00476,0.14607,0.604547,-0.0172244,0.33662,0.801822,0.343608,-0.409256
01324181,1523964210618,-8.06631,0.125067,2.42686,0.281316,-0.253841,0.0453738,0.807931,0.463813,-0.128162
01324180,1523964210618,-7.7228,-2.85181,0.422676,0.318448,0.0772166,0.275106,0.670061,0.405403,-0.485265
01324189,1523964210635,-8.59249,-1.61469,-0.0844619,0.277782,-0.589797,-0.492029,0.816144,-0.198164,-0.360745
01324188,1523964210635,-8.30675,-1.60664,-3.38024,-0.031643,0.274688,-0.327725,0.855898,-0.317189,0.0987329
01324185,1523964210635,-8.18319,-0.865774,0.224097,0.685405,-0.0214284,0.337434,0.803095,0.334281,-0.414188
01324181,1523964210635,-8.04036,0.183371,2.70605,0.224295,-0.328246,0.0414533,0.807966,0.464846,-0.133233
01324180,1523964210635,-7.69007,-2.78434,0.471704,0.285011,0.100118,0.262756,0.674268,0.401565,-0.486349
01324189,1523964210652,-9.07865,-1.78171,-0.109162,0.162979,-0.564328,-0.49592,0.815922,-0.195171,-0.36781
01324188,1523964210652,-8.94423,-2.06757,-3.33258,0.165943,0.261488,-0.229247,0.857912,-0.314406,0.103864
01324185,1523964210652,-8.27916,-0.730287,0.287472,0.750713,-0.039147,0.303475,0.805398,0.326743,-0.417652
01324181,1523964210652,-8.55149,0.157664,3.0148,0.174441,-0.463073,0.016445,0.807513,0.46313,-0.139968
01324180,1523964210652,-7.93115,-2.85751,0.502784,0.26536,0.133501,0.255868,0.675174,0.395201,-0.491624
01324189,1523964210668,-9.97818,-2.02031,0.227581,0.125535,-0.57915,-0.451415,0.812958,-0.187936,-0.375346
01324188,1523964210668,-9.58532,-2.19475,-3.42991,0.375407,0.215987,-0.209819,0.857474,-0.309895,0.107249
01324185,1523964210668,-8.76093,-0.510596,0.286426,0.769241,-0.0267459,0.245647,0.807425,0.318468,-0.422806
01324181,1523964210668,-9.31991,0.182242,3.37891,0.152887,-0.579611,0.0191454,0.807319,0.4631,-0.147937
01324180,1523964210668,-8.47591,-2.99148,0.467727,0.287974,0.147796,0.249168,0.677902,0.390649,-0.490269
01324189,1523964210685,-10.7168,-1.94159,0.774412,0.228489,-0.521231,-0.420822,0.812183,-0.183347,-0.382526
01324188,1523964210685,-9.6525,-0.768161,-4.31833,0.369054,0.156001,-0.225609,0.858119,-0.305042,0.112257
01324185,1523964210685,-9.6288,-0.274166,0.16586,0.712646,0.00455098,0.15895,0.807422,0.312198,-0.426405
01324181,1523964210685,-10.016,0.178572,3.73194,0.124177,-0.667647,0.0341677,0.80772,0.460709,-0.158787
01324180,1523964210685,-9.40346,-3.08907,0.448468,0.290464,0.13863,0.273919,0.681176,0.386247,-0.491216
01324189,1523964210702,-10.7855,-1.50736,0.57202,0.290069,-0.457909,-0.347876,0.809224,-0.180706,-0.387823
01324188,1523964210702,-9.45155,-0.00727836,-4.27385,0.0298194,0.11207,-0.233716,0.860269,-0.30202,0.115381
01324185,1523964210702,-10.7382,-0.0916805,-0.031161,0.570986,0.0558666,0.0569666,0.807153,0.305116,-0.428166
01324181,1523964210702,-10.3828,0.101245,3.98223,0.127524,-0.645753,0.0654804,0.804347,0.458801,-0.169607
01324180,1523964210702,-10.4831,-3.19286,0.389019,0.291225,0.111533,0.319667,0.684475,0.37849,-0.488988
01324189,1523964210718,-10.6252,-0.693512,0.4547,0.301435,-0.470056,-0.267897,0.806015,-0.179216,-0.394732
01324188,1523964210718,-9.30426,-0.755865,-4.53775,-0.0853459,0.0453501,-0.261737,0.860511,-0.297337,0.114863
01324185,1523964210718,-11.65,-0.0259732,-0.20632,0.412736,0.109343,-0.0229427,0.809317,0.301955,-0.431279
01324181,1523964210718,-10.1959,0.0112023,4.0576,0.152341,-0.514211,0.100983,0.8031,0.457482,-0.178335
01324180,1523964210718,-11.3413,-3.24666,0.414181,0.250735,0.080372,0.383549,0.688574,0.372039,-0.489313
01324189,1523964210735,-10.3588,-0.187823,0.485611,0.190526,-0.429198,-0.179679,0.8038,-0.177688,-0.397314
01324188,1523964210735,-9.43827,-0.371946,-4.545,-0.163834,-0.0332019,-0.29149,0.859684,-0.295264,0.114465
01324185,1523964210735,-11.9974,-0.0286461,-0.227817,0.25132,0.188447,-0.0146897,0.809591,0.300696,-0.430745
01324181,1523964210735,-10.3217,-0.0047475,3.94118,0.116797,-0.353782,0.123206,0.803711,0.456334,-0.184562
01324180,1523964210735,-11.6664,-3.20292,0.483753,0.19596,0.0322098,0.415478,0.69075,0.368802,-0.487789
01324189,1523964210752,-10.5119,-0.537515,0.467619,-0.0282996,-0.371539,-0.102303,0.802754,-0.177538,-0.401849
01324188,1523964210752,-9.82287,-1.07941,-4.19866,-0.216795,-0.0958617,-0.29081,0.863466,-0.292017,0.112197
01324185,1523964210752,-11.9827,-0.0719087,-0.0460234,0.133779,0.273213,0.0716398,0.811494,0.300177,-0.428394
01324181,1523964210752,-10.438,0.00344344,4.10933,0.116631,-0.276158,0.158386,0.8054,0.454615,-0.190124
01324180,1523964210752,-11.655,-3.00101,0.579231,0.110023,-0.00104544,0.396286,0.694973,0.363954,-0.489839
01324189,1523964210768,-10.7212,-1.59768,0.103151,-0.241619,-0.303676,-0.0711121,0.801546,-0.172926,-0.406347
01324188,1523964210768,-9.72448,-1.98197,-4.48484,-0.111084,-0.185003,-0.278627,0.865881,-0.287257,0.109233
01324185,1523964210768,-11.804,-0.202741,0.27523,0.0780045,0.32748,0.162313,0.815842,0.298127,-0.424991
01324181,1523964210768,-10.2605,0.0637318,4.1552,0.0702284,-0.164921,0.20082,0.806548,0.450965,-0.192718
01324180,1523964210768,-11.3053,-2.77082,0.658832,-0.00355743,0.00242398,0.37535,0.696098,0.359143,-0.488871
01324189,1523964210785,-10.6444,-2.53005,-0.187443,-0.283299,-0.222156,-0.0678573,0.801196,-0.172803,-0.412495
01324188,1523964210785,-9.64244,-2.03224,-4.58129,-0.0427201,-0.291025,-0.243907,0.866679,-0.284074,0.103228
01324185,1523964210785,-11.5382,-0.189721,0.523337,0.00192963,0.332443,0.232893,0.819383,0.29357,-0.419993
01324181,1523964210785,-10.1809,0.181183,4.08584,0.00699874,-0.018419,0.238458,0.805796,0.447376,-0.193698
01324180,1523964210785,-10.9554,-2.73379,0.742208,-0.0774906,0.0552923,0.345293,0.698849,0.353883,-0.490368
01324189,1523964210802,-10.35,-3.05679,-0.161497,-0.210665,-0.107339,-0.0856466,0.800521,-0.171354,-0.413948
01324188,1523964210802,-9.4446,-2.13954,-4.51207,-0.0491989,-0.393526,-0.181322,0.86626,-0.281502,0.0982771
01324185,1523964210802,-11.3424,-0.0873614,0.574563,-0.113272,0.309127,0.254385,0.823054,0.291389,-0.416063
01324181,1523964210802,-10.1709,0.380409,3.88164,-0.0438021,0.058165,0.272008,0.809314,0.445479,-0.193163
01324180,1523964210802,-10.7158,-2.77534,0.82891,-0.133649,0.0943445,0.308223,0.701965,0.350631,-0.489128
01324189,1523964210818,-10.0967,-3.19352,-0.124268,-0.111502,0.0210808,-0.0625005,0.799156,-0.167444,-0.415907
01324188,1523964210818,-9.29531,-2.30653,-4.50209,-0.00508577,-0.506333,-0.118508,0.868964,-0.279261,0.0929973
01324185,1523964210818,-11.2194,0.0585526,0.368833,-0.28656,0.268373,0.235248,0.825639,0.289616,-0.412918
01324181,1523964210818,-10.1997,0.571932,3.63629,-0.0972819,0.11529,0.305407,0.811365,0.442185,-0.192053
01324180,1523964210818,-10.5988,-2.8565,0.87311,-0.175895,0.144126,0.264301,0.706373,0.351709,-0.488631
01324189,1523964210835,-9.83242,-3.1107,0.0958722,-0.024452,0.141021,-0.0358276,0.801312,-0.166916,-0.414055
01324188,1523964210835,-9.26593,-2.1809,-4.20504,0.0268402,-0.591389,-0.0537351,0.871671,-0.277171,0.0847456
01324185,1523964210835,-11.1036,0.187678,0.185424,-0.48517,0.238267,0.199914,0.831075,0.289306,-0.406922
01324181,1523964210835,-10.3451,0.655136,3.6241,-0.133004,0.131669,0.331547,0.814891,0.438463,-0.189886
01324180,1523964210835,-10.5734,-2.95287,0.882496,-0.237108,0.169213,0.225378,0.708542,0.348758,-0.486425
01324189,1523964210852,-9.76068,-2.78,0.511798,0.0851618,0.221947,-0.0160772,0.802944,-0.168392,-0.413015
01324188,1523964210852,-9.32814,-1.96222,-3.718,0.0848511,-0.673113,-0.0170875,0.873313,-0.278228,0.0756371
01324185,1523964210852,-10.9955,0.148322,0.0113555,-0.674412,0.190564,0.176594,0.833527,0.289828,-0.401707
01324181,1523964210852,-10.2579,0.661164,3.44825,-0.158137,0.0960761,0.370942,0.818936,0.436171,-0.187489
01324180,1523964210852,-10.558,-3.01545,0.882302,-0.299843,0.177632,0.187218,0.711474,0.34839,-0.482153
01324189,1523964210868,-9.69076,-2.38224,0.830548,0.140489,0.282668,-0.0249034,0.804776,-0.16697,-0.406336
01324188,1523964210868,-9.38019,-1.62367,-3.48482,0.117473,-0.735971,0.0231352,0.873322,-0.278531,0.0665963
01324185,1523964210868,-10.7959,-0.0359645,-0.0535244,-0.795599,0.184339,0.139307,0.834762,0.293209,-0.394425
01324181,1523964210868,-10.0784,0.668203,3.36957,-0.199134,0.0617143,0.382795,0.822601,0.431327,-0.184238
01324180,1523964210868,-10.4615,-3.00739,0.912291,-0.352773,0.16658,0.159532,0.714363,0.351647,-0.477671
01324189,1523964210885,-9.5146,-1.87127,1.00922,0.164964,0.282417,-0.00886642,0.80761,-0.167176,-0.403695
01324188,1523964210885,-9.3359,-1.38266,-3.14562,0.0758031,-0.764511,0.0349215,0.875093,-0.278314,0.0551421
01324185,1523964210885,-10.5746,-0.25403,-0.0486233,-0.929287,0.161848,0.137853,0.837352,0.294601,-0.387913
01324181,1523964210885,-9.84761,0.598219,3.28545,-0.236561,0.0441822,0.396502,0.825484,0.426575,-0.18377
01324180,1523964210885,-10.1427,-2.9476,0.862561,-0.426606,0.147594,0.130743,0.715922,0.354059,-0.473458
01324189,1523964210902,-9.27872,-1.56827,1.20597,0.114185,0.289787,-0.0313078,0.810849,-0.170115,-0.399073
01324188,1523964210902,-9.2971,-1.32683,-2.87208,-0.0104694,-0.786776,0.0243517,0.875786,-0.279248,0.0437642
01324185,1523964210902,-10.2908,-0.549515,-0.0261917,-0.964985,0.158073,0.164224,0.839537,0.298981,-0.37999
01324181,1523964210902,-9.63843,0.377519,3.25238,-0.282702,0.0526659,0.382906,0.827011,0.420892,-0.18101
01324180,1523964210902,-9.83426,-2.84702,0.825038,-0.496178,0.143698,0.0933074,0.719731,0.355955,-0.462263
01324189,1523964210918,-9.28192,-1.62816,1.29351,0.0153342,0.297752,-0.0165478,0.812983,-0.169003,-0.395343
01324188,1523964210918,-9.44681,-1.26469,-2.71264,-0.0854142,-0.776965,0.0336554,0.877695,-0.279545,0.033892
01324185,1523964210918,-10.101,-0.839553,0.046307,-0.91887,0.136561,0.171077,0.841985,0.30331,-0.374682
01324181,1523964210918,-9.40885,0.283186,3.25807,-0.296864,0.0275862,0.368897,0.829458,0.416357,-0.177486
01324180,1523964210918,-9.64155,-2.78189,0.815193,-0.564022,0.132549,0.068157,0.720354,0.358533,-0.458707
01324189,1523964210935,-9.47632,-1.58447,1.10182,-0.0469942,0.286363,0.00284453,0.816088,-0.169932,-0.392176
01324188,1523964210935,-9.36574,-1.57403,-2.65271,-0.0748682,-0.787783,0.0407102,0.87879,-0.279531,0.0208177
01324185,1523964210935,-9.95432,-1.009,0.0514767,-0.838893,0.120127,0.188925,0.844437,0.305674,-0.368962
01324181,1523964210935,-9.21569,0.363151,3.20223,-0.323509,0.015004,0.361919,0.83378,0.414597,-0.176698
01324180,1523964210935,-9.44779,-2.81882,0.870053,-0.607741,0.154025,0.0363291,0.723351,0.364258,-0.455124
01324189,1523964210952,-9.56763,-1.59441,0.813524,-0.107755,0.312891,0.0168202,0.817539,-0.169086,-0.387905
01324188,1523964210952,-9.44813,-1.62042,-2.5265,-0.0189308,-0.814072,0.0478717,0.877715,-0.279778,0.00788901
01324185,1523964210952,-9.7807,-1.00049,0.0124141,-0.781732,0.0933856,0.209405,0.846617,0.309455,-0.362864
01324181,1523964210952,-8.9211,0.38611,3.12156,-0.335844,0.0394534,0.349164,0.837574,0.410043,-0.173188
01324180,1523964210952,-9.25234,-2.97626,0.909766,-0.619754,0.13459,0.0395508,0.723701,0.368308,-0.454373
01324189,1523964210968,-9.41605,-1.65511,0.716163,-0.178789,0.35159,0.0395799,0.821706,-0.168309,-0.382997
01324188,1523964210968,-9.36182,-1.81417,-2.44841,-0.0134922,-0.841657,0.0759452,0.87801,-0.282171,-0.00330592
01324185,1523964210968,-9.58288,-0.953608,-0.0353586,-0.723779,0.0807185,0.228088,0.848259,0.309286,-0.356986
01324181,1523964210968,-8.83054,0.426023,3.0924,-0.341272,0.0379634,0.365517,0.839235,0.404915,-0.171105
01324180,1523964210968,-9.04342,-3.05133,0.935563,-0.584583,0.130493,0.0300085,0.727779,0.372699,-0.449076
01324189,1523964210985,-9.21492,-1.84252,0.807609,-0.210144,0.3605,0.0314271,0.824536,-0.168657,-0.379955
01324188,1523964210985,-9.39064,-1.73237,-2.05906,0.0460795,-0.867136,0.100841,0.879104,-0.282088,-0.01476
01324185,1523964210985,-9.38035,-0.938074,-0.0999949,-0.715733,0.0648578,0.231538,0.849757,0.313603,-0.352328
01324181,1523964210985,-8.9474,0.385787,3.13589,-0.327027,0.0397108,0.362074,0.843277,0.402628,-0.168442
01324180,1523964210985,-8.87113,-3.08287,0.912903,-0.522207,0.114067,0.0293623,0.729041,0.375375,-0.439719
01324189,1523964211002,-9.01959,-2.14606,0.967367,-0.269349,0.369781,0.0286365,0.825642,-0.166986,-0.376796
01324188,1523964211002,-9.27435,-1.63854,-1.74315,0.0183046,-0.864398,0.113082,0.879394,-0.283728,-0.0264464
01324185,1523964211002,-9.29389,-0.986874,-0.217234,-0.69918,0.0327779,0.207895,0.852203,0.314077,-0.349597
01324181,1523964211002,-9.1239,0.320574,3.19397,-0.297681,-0.0187644,0.352045,0.844395,0.398352,-0.167036
01324180,1523964211002,-8.87301,-3.10655,0.866834,-0.479285,0.105327,0.0366003,0.729788,0.378822,-0.436418
01324189,1523964211018,-8.92691,-2.52547,1.34721,-0.252154,0.32643,-0.00410533,0.829145,-0.166199,-0.373485
01324188,1523964211018,-9.22616,-1.63786,-1.17076,0.00791381,-0.815849,0.115312,0.878323,-0.284494,-0.0407541
01324185,1523964211018,-9.36161,-0.979327,-0.323599,-0.661791,0.00394127,0.178288,0.853567,0.315133,-0.345952
01324181,1523964211018,-8.99335,0.229959,3.15307,-0.289624,-0.0880726,0.335019,0.845499,0.395219,-0.165653
01324180,1523964211018,-8.93772,-3.14076,0.834595,-0.43541,0.0940311,0.0403213,0.732412,0.382529,-0.43368
01324189,1523964211035,-8.99696,-2.85233,1.7199,-0.182877,0.239405,-0.047222,0.832249,-0.166267,-0.370711
01324188,1523964211035,-9.24321,-1.64519,-0.79995,0.0289478,-0.758006,0.140864,0.877013,-0.290637,-0.0521636
01324185,1523964211035,-9.38119,-1.03705,-0.390105,-0.617496,-0.0249975,0.145263,0.853846,0.314914,-0.342683
01324181,1523964211035,-8.9369,0.182056,3.21231,-0.27873,-0.115395,0.291644,0.848798,0.389738,-0.165573
01324180,1523964211035,-8.92587,-3.09393,0.755212,-0.374156,0.0717828,0.0695736,0.732387,0.384266,-0.43297
01324189,1523964211052,-9.20138,-3.03828,1.90754,-0.0247412,0.111777,-0.076617,0.833739,-0.16616,-0.370059
01324188,1523964211052,-9.44801,-1.44267,-0.689487,0.0463774,-0.698863,0.159295,0.874994,-0.292169,-0.0621985
01324185,1523964211052,-9.37666,-1.1334,-0.399013,-0.55898,-0.0554086,0.155599,0.855205,0.314939,-0.341381
01324181,1523964211052,-8.85769,0.197542,3.22218,-0.259016,-0.154873,0.260188,0.852072,0.387094,-0.166615
01324180,1523964211052,-8.87368,-2.97872,0.647595,-0.341075,0.0464288,0.117975,0.734231,0.386251,-0.43093
01324189,1523964211068,-9.50374,-2.98695,2.12642,0.152032,-0.00569943,-0.134383,0.834663,-0.163731,-0.368578
01324188,1523964211068,-9.58952,-1.11977,-0.585423,0.0445806,-0.622401,0.177789,0.877317,-0.293503,-0.0718714
01324185,1523964211068,-9.30471,-1.28311,-0.390848,-0.441957,-0.0651378,0.17593,0.85643,0.317253,-0.338271
01324181,1523964211068,-8.74633,0.310476,3.20141,-0.221554,-0.196859,0.235529,0.851832,0.385918,-0.168183
01324180,1523964211068,-8.79592,-2.97701,0.571024,-0.293683,0.0108872,0.151416,0.736152,0.384506,-0.435857
01324189,1523964211085,-9.82281,-2.84426,2.56971,0.234035,-0.155748,-0.14087,0.837126,-0.162941,-0.370339
01324188,1523964211085,-9.54776,-0.912124,-0.301249,0.0166031,-0.530771,0.186565,0.874761,-0.29634,-0.0787496
01324185,1523964211085,-9.11196,-1.38059,-0.354423,-0.275779,-0.0524416,0.194334,0.858062,0.316303,-0.336307
01324181,1523964211085,-8.71625,0.427259,3.23317,-0.175281,-0.242128,0.222901,0.852839,0.38159,-0.169166
01324180,1523964211085,-8.64194,-2.88751,0.49568,-0.269303,-0.00903129,0.188342,0.737493,0.384188,-0.435073
01324189,1523964211102,-9.92173,-2.71671,2.81978,0.333145,-0.35097,-0.171248,0.836051,-0.161199,-0.372856
01324188,1523964211102,-9.53841,-0.970437,0.105919,-0.00969795,-0.41744,0.179661,0.873963,-0.298007,-0.0863844
01324185,1523964211102,-8.92595,-1.3239,-0.290178,-0.110449,-0.0694615,0.23504,0.858606,0.313621,-0.336544
01324181,1523964211102,-8.64052,0.491265,3.19379,-0.136218,-0.287955,0.229247,0.854926,0.379739,-0.173932
01324180,1523964211102,-8.46791,-2.85093,0.425074,-0.211533,-0.0303808,0.214902,0.739362,0.384145,-0.43348
01324189,1523964211118,-9.71453,-2.42468,2.87089,0.45767,-0.506038,-0.235441,0.831791,-0.16343,-0.381388
01324188,1523964211118,-9.46746,-1.40744,0.152649,0.0877891,-0.304174,0.17894,0.871269,-0.300653,-0.0910944
01324185,1523964211118,-8.78806,-1.19472,-0.268293,0.050897,-0.0689266,0.265442,0.860368,0.30822,-0.338851
01324181,1523964211118,-8.4794,0.507703,3.22349,-0.0944305,-0.342856,0.223424,0.854038,0.377405,-0.176531
01324180,1523964211118,-8.32315,-2.8003,0.363927,-0.152334,-0.0271317,0.239017,0.740404,0.384383,-0.427816
01324189,1523964211135,-9.53197,-2.35886,3.12874,0.540772,-0.672708,-0.288191,0.829124,-0.162814,-0.387507
01324188,1523964211135,-9.6551,-1.13085,0.351349,0.0973109,-0.168509,0.2132,0.870076,-0.304827,-0.0948416
01324185,1523964211135,-8.68633,-1.04608,-0.264472,0.192479,-0.0841505,0.286619,0.862128,0.302527,-0.341677
01324181,1523964211135,-8.94438,0.414643,3.49277,-0.0667889,-0.421151,0.190036,0.854295,0.372679,-0.183079
01324180,1523964211135,-8.20465,-2.77408,0.297556,-0.0841657,-0.0378364,0.261331,0.743263,0.380854,-0.428199
01324189,1523964211152,-9.32402,-2.21958,3.16487,0.542702,-0.85578,-0.302099,0.826348,-0.162065,-0.396435
01324188,1523964211152,-9.6664,-0.906903,0.399944,0.108365,-0.0529317,0.198604,0.870642,-0.308425,-0.0960163
01324185,1523964211152,-8.79701,-0.963583,-0.272637,0.355591,-0.1139,0.295951,0.864628,0.298882,-0.344751
01324181,1523964211152,-9.60062,0.314595,3.60883,-0.0188014,-0.526469,0.175357,0.854343,0.373402,-0.189206
01324180,1523964211152,-8.44843,-2.77577,0.186408,-0.0163215,-0.019381,0.274252,0.744972,0.381371,-0.422675
01324189,1523964211168,-9.14627,-1.82819,3.23371,0.498006,-1.01069,-0.286006,0.822098,-0.161002,-0.408018
01324188,1523964211168,-9.68357,-0.301399,0.365706,0.0940001,0.0755656,0.168919,0.870663,-0.312025,-0.093818
01324185,1523964211168,-9.22152,-0.884001,-0.388733,0.489984,-0.125836,0.29257,0.865303,0.292051,-0.348215
01324181,1523964211168,-9.27385,0.221736,3.21905,0.0204678,-0.665917,0.144641,0.855295,0.368753,-0.198287
01324180,1523964211168,-8.88306,-2.79908,0.0805281,0.0357567,-0.0118013,0.302859,0.746618,0.378151,-0.422493
01324189,1523964211185,-9.25974,-1.39679,3.61616,0.431153,-1.15323,-0.301935,0.816507,-0.160345,-0.421463
01324188,1523964211185,-10.0282,-0.0285141,0.1397,-0.0599315,0.193281,0.14078,0.86876,-0.311842,-0.0908203
01324185,1523964211185,-9.64597,-0.797181,-0.48792,0.556438,-0.121317,0.284056,0.865435,0.286204,-0.351818
01324181,1523964211185,-8.49614,0.24798,3.14142,-0.0024898,-0.719731,0.11302,0.852187,0.366573,-0.208307
01324180,1523964211185,-9.19178,-2.84549,0.0168375,0.106808,0.00156606,0.350934,0.748293,0.372612,-0.422629
01324189,1523964211202,-9.33884,-0.962792,3.69627,0.344225,-1.29906,-0.319712,0.804141,-0.156943,-0.439759
01324188,1523964211202,-10.0686,-0.5768,-0.745447,-0.0498921,0.205785,0.101184,0.867161,-0.316711,-0.0889504
01324185,1523964211202,-9.75157,-0.654414,-0.426635,0.603257,-0.0975446,0.329797,0.866788,0.27696,-0.356176
01324181,1523964211202,-7.75802,0.443288,3.42254,-0.00586072,-0.662015,0.0831594,0.849657,0.36235,-0.219751
01324180,1523964211202,-9.16004,-2.85688,-0.0119175,0.169268,0.0187568,0.379572,0.752055,0.363598,-0.42989
01324189,1523964211218,-9.05456,-0.216234,3.58179,0.0663748,-1.33765,-0.292207,0.795459,-0.156368,-0.457318
01324188,1523964211218,-10.1878,-0.14295,-1.35491,-0.0764228,0.226562,0.0693467,0.86758,-0.319055,-0.085736
01324185,1523964211218,-9.46134,-0.506764,-0.231911,0.626477,-0.0750331,0.399296,0.867731,0.26868,-0.361718
01324181,1523964211218,-7.41895,0.573507,3.35942,0.0229865,-0.526652,0.040182,0.848511,0.363048,-0.227726
01324180,1523964211218,-8.92914,-2.77007,0.0246497,0.227305,0.00322912,0.376283,0.754949,0.358347,-0.43328
01324189,1523964211235,-8.99624,0.107256,3.40156,-0.354419,-1.26244,-0.220922,0.78824,-0.152658,-0.473128
01324188,1523964211235,-10.2939,-0.0868475,-1.73965,-0.284166,0.219932,0.0536805,0.867021,-0.316639,-0.0842313
01324185,1523964211235,-9.0409,-0.374367,-0.0328995,0.655446,-0.0271108,0.459243,0.87058,0.256932,-0.364358
01324181,1523964211235,-7.46726,0.660201,3.44922,0.0205775,-0.460138,0.00198317,0.846801,0.364371,-0.233715
01324180,1523964211235,-8.63874,-2.62256,0.0959673,0.216465,0.0258686,0.379861,0.757843,0.351919,-0.433722
01324189,1523964211252,-9.04326,-0.142819,3.05604,-0.70728,-1.09823,-0.193973,0.779639,-0.145603,-0.488896
01324188,1523964211252,-10.1031,-0.822148,-1.50825,-0.427093,0.200601,0.0489993,0.868121,-0.31907,-0.0825121
01324185,1523964211252,-8.78692,-0.202481,0.090336,0.631171,0.0199239,0.468263,0.874107,0.247023,-0.366626
01324181,1523964211252,-7.91206,0.630515,3.6498,0.018001,-0.444524,-0.0193034,0.845239,0.365105,-0.240357
01324180,1523964211252,-8.45992,-2.63079,0.160506,0.188138,0.0611055,0.364062,0.760594,0.346953,-0.435888
01324189,1523964211268,-9.27381,-1.16122,3.08144,-0.931954,-0.949133,-0.219824,0.771974,-0.13426,-0.505577
01324188,1523964211268,-9.88746,-1.34454,-1.39449,-0.386896,0.179927,0.0455545,0.866208,-0.317213,-0.0810254
01324185,1523964211268,-8.8708,0.00266951,0.062701,0.56608,0.0439434,0.429075,0.875599,0.238232,-0.369421
01324181,1523964211268,-8.5208,0.628016,3.83432,0.0536543,-0.43943,-0.0399038,0.843981,0.363672,-0.247754
01324180,1523964211268,-8.57474,-2.76355,0.260164,0.159678,0.105989,0.348364,0.763612,0.340511,-0.43444
01324189,1523964211285,-9.29769,-2.59517,3.14654,-0.997126,-0.841503,-0.289518,0.762899,-0.121422,-0.518217
01324188,1523964211285,-9.79568,-1.35122,-1.17614,-0.341651,0.197323,0.0142045,0.867286,-0.315848,-0.0825693
01324185,1523964211285,-9.34327,0.236564,-0.137851,0.399681,0.0411645,0.346033,0.877771,0.231309,-0.370276
01324181,1523964211285,-9.05454,0.568407,3.74028,0.0857002,-0.414543,-0.0396507,0.841267,0.370148,-0.254239
01324180,1523964211285,-8.98148,-2.93534,0.303587,0.1383,0.140317,0.337969,0.767257,0.337534,-0.432392
01324189,1523964211302,-9.12873,-3.86082,3.55477,-0.834825,-0.744896,-0.379787,0.757497,-0.110114,-0.529572
01324188,1523964211302,-10.2303,-1.15818,-0.618583,-0.34253,0.231545,-0.00497622,0.867408,-0.313955,-0.07949
01324185,1523964211302,-10.0236,0.35852,-0.4157,0.154448,0.0255706,0.22919,0.87994,0.227484,-0.371292
01324181,1523964211302,-9.48199,0.539089,3.74294,0.0678705,-0.412628,-0.0342951,0.840241,0.369491,-0.258732
01324180,1523964211302,-9.64465,-3.11026,0.356573,0.11573,0.145108,0.315108,0.771198,0.332821,-0.432004
01324189,1523964211318,-9.57907,-4.50624,4.29025,-0.444262,-0.78077,-0.445829,0.752356,-0.0980893,-0.540256
01324188,1523964211318,-10.2402,-1.23645,-0.800696,-0.123806,0.289827,-0.0116873,0.867823,-0.315339,-0.0781006
01324185,1523964211318,-10.6997,0.292656,-0.68695,-0.0927045,-0.00531663,0.16773,0.879807,0.223811,-0.371779
01324181,1523964211318,-9.79587,0.637288,3.72456,0.0536216,-0.37178,-0.0269335,0.838163,0.368236,-0.265061
01324180,1523964211318,-10.2591,-3.29121,0.34958,0.0807143,0.147729,0.311482,0.772098,0.327039,-0.437537
01324189,1523964211335,-9.55328,-4.82731,4.42541,-0.105088,-0.86456,-0.451642,0.746559,-0.0916541,-0.55004
01324188,1523964211335,-9.78068,-1.21605,-1.20396,0.0365898,0.320351,0.00751965,0.869047,-0.316509,-0.0722644
01324185,1523964211335,-11.2267,-0.0340324,-0.811464,-0.302661,-0.0193971,0.150316,0.879809,0.223117,-0.371249
01324181,1523964211335,-9.96237,0.766452,3.5737,0.00381771,-0.297313,-0.0140378,0.836055,0.368161,-0.269821
01324180,1523964211335,-10.7531,-3.41979,0.317465,0.0319511,0.142697,0.293634,0.776953,0.324192,-0.436585
01324189,1523964211352,-9.03844,-4.51717,4.15063,0.0988682,-0.89785,-0.406581,0.738072,-0.086742,-0.562214
01324188,1523964211352,-9.65561,-1.41494,-1.4486,0.062687,0.328942,0.00959118,0.869048,-0.317153,-0.0678612
01324185,1523964211352,-11.4403,-0.5383,-0.792279,-0.42456,-0.00923236,0.174255,0.881437,0.223699,-0.370215
01324181,1523964211352,-10.0821,0.701987,3.53795,-0.0174865,-0.242459,-0.0117331,0.835815,0.369209,-0.274358
01324180,1523964211352,-10.898,-3.44084,0.320769,-0.0270449,0.103866,0.296533,0.780467,0.32122,-0.435075
01324189,1523964211368,-8.64072,-3.55042,3.93759,0.180785,-0.788272,-0.353295,0.729456,-0.0861329,-0.572413
01324188,1523964211368,-9.60249,-1.48076,-2.06932,0.256062,0.291215,-0.0248827,0.868217,-0.315295,-0.0605979
01324185,1523964211368,-11.364,-0.993635,-0.582195,-0.455889,0.0196573,0.218319,0.883341,0.223749,-0.367609
01324181,1523964211368,-10.2018,0.773237,3.68071,-0.0478426,-0.197855,0.00945993,0.834116,0.368007,-0.278035
01324180,1523964211368,-10.7814,-3.47061,0.297575,-0.126624,0.0948872,0.288774,0.780486,0.316242,-0.427069
01324189,1523964211385,-8.10481,-2.21236,3.72822,0.258199,-0.609535,-0.232662,0.722975,-0.0838374,-0.579278
01324188,1523964211385,-9.04938,-0.974252,-2.38627,0.391154,0.226789,-0.0529154,0.869293,-0.314403,-0.0551695
01324185,1523964211385,-11.2535,-1.27582,-0.365654,-0.38085,0.0653536,0.282558,0.886061,0.221699,-0.364201
01324181,1523964211385,-10.1477,1.02623,3.63757,-0.0763744,-0.142714,0.0289469,0.834271,0.366706,-0.278541
01324180,1523964211385,-10.6883,-3.56145,0.317319,-0.200083,0.0848082,0.296107,0.784256,0.313693,-0.424203
01324189,1523964211402,-7.39825,-1.05288,3.51585,0.279834,-0.311138,-0.10714,0.720575,-0.0853774,-0.583545
01324188,1523964211402,-8.86326,-0.326923,-2.64869,0.338136,0.141816,-0.0276485,0.867387,-0.313955,-0.0516165
01324185,1523964211402,-11.2342,-1.38414,-0.205226,-0.286617,0.119252,0.304217,0.887019,0.217937,-0.361947
01324181,1523964211402,-9.9518,1.14982,3.6751,-0.0783619,-0.0977545,0.0706516,0.833899,0.365806,-0.280644
01324180,1523964211402,-10.6337,-3.69681,0.394449,-0.257624,0.0732606,0.291221,0.786684,0.312933,-0.42547
01324189,1523964211418,-7.22402,-0.692388,3.66255,0.200339,-0.0650961,-0.0314943,0.717869,-0.0878962,-0.583668
01324188,1523964211418,-8.93017,-0.764832,-2.39872,0.0752351,0.0309911,0.0171291,0.86794,-0.315821,-0.0493165
01324185,1523964211418,-11.2823,-1.30205,-0.2768,-0.256072,0.127925,0.319446,0.889059,0.215435,-0.3601
01324181,1523964211418,-9.81138,1.0496,3.64894,-0.0677148,0.0052404,0.093897,0.834152,0.366812,-0.280269
01324180,1523964211418,-10.5636,-3.90958,0.50514,-0.299784,0.0835371,0.292717,0.788547,0.312883,-0.422661
01324189,1523964211435,-7.55705,-1.30584,3.4787,0.0281641,0.114577,-0.0172338,0.718687,-0.0887791,-0.583283
01324188,1523964211435,-9.10918,-1.3911,-1.352,0.0703892,-0.0615772,-0.0069534,0.869158,-0.31526,-0.0492967
01324185,1523964211435,-11.2435,-1.09299,-0.460163,-0.291426,0.119073,0.277007,0.890288,0.213241,-0.356947
01324181,1523964211435,-9.8961,0.86911,3.60114,-0.0675813,0.083801,0.0860008,0.836062,0.364226,-0.279571
01324180,1523964211435,-10.5565,-4.12811,0.63452,-0.292775,0.0798749,0.298834,0.790591,0.309356,-0.42087
01324189,1523964211452,-7.94878,-2.15192,3.32196,-0.0413095,0.272491,-0.000797089,0.722461,-0.0865646,-0.580766
01324188,1523964211452,-8.88446,-1.42098,-1.33423,0.465816,-0.144342,0.0302782,0.867798,-0.314631,-0.0497789
01324185,1523964211452,-11.0741,-0.810085,-0.623182,-0.360455,0.0858505,0.229629,0.892599,0.209893,-0.355093
01324181,1523964211452,-9.8147,0.80709,3.48451,-0.0496473,0.128647,0.0725273,0.836029,0.365414,-0.277603
01324180,1523964211452,-10.4526,-4.32576,0.721455,-0.260701,0.05219,0.283825,0.792334,0.308442,-0.418753
01324189,1523964211468,-8.15099,-2.76103,3.30896,-0.0359487,0.35027,0.0719749,0.725152,-0.0880542,-0.576661
01324188,1523964211468,-8.73524,-0.92988,-1.30134,0.633489,-0.221308,0.046517,0.868208,-0.315011,-0.0511543
01324185,1523964211468,-10.8086,-0.628866,-0.745603,-0.472853,0.0659893,0.154978,0.89315,0.210814,-0.351184
01324181,1523964211468,-9.56487,0.684034,3.30493,-0.0690944,0.193941,0.0696576,0.838439,0.36402,-0.27441
01324180,1523964211468,-10.2208,-4.30898,0.762481,-0.230136,0.0141771,0.259967,0.795276,0.307645,-0.415299
01324189,1523964211485,-8.06084,-3.05322,3.38479,0.0394473,0.415232,0.182262,0.728118,-0.088835,-0.573222
01324188,1523964211485,-9.18152,0.00829704,-1.44596,0.496568,-0.305726,0.0286287,0.867264,-0.316044,-0.0505338
01324185,1523964211485,-10.3888,-0.588171,-0.778548,-0.619556,0.0530167,0.119411,0.894647,0.210717,-0.348836
01324181,1523964211485,-9.3291,0.614097,3.23533,-0.0546716,0.250131,0.0493612,0.840277,0.365211,-0.271132
01324180,1523964211485,-9.8551,-4.14742,0.728269,-0.241356,-0.0181032,0.206,0.795785,0.30672,-0.407625
01324189,1523964211502,-7.79169,-2.93654,3.28851,0.147189,0.48837,0.256173,0.730127,-0.0928871,-0.567256
01324188,1523964211502,-9.2463,0.796808,-1.76787,0.222738,-0.371814,0.0330807,0.866328,-0.317986,-0.0522594
01324185,1523964211502,-10.0705,-0.655101,-0.713843,-0.741828,0.0351188,0.0583586,0.895466,0.213315,-0.345597
01324181,1523964211502,-9.01442,0.700437,3.0763,-0.0189803,0.303062,0.0435815,0.839579,0.364028,-0.266849
01324180,1523964211502,-9.5263,-3.93051,0.669832,-0.298084,-0.0343126,0.129901,0.796576,0.307719,-0.407346
01324189,1523964211518,-7.43051,-2.44018,3.35726,0.19365,0.621675,0.312866,0.735691,-0.09991,-0.561221
01324188,1523964211518,-8.69478,0.850745,-2.189,-0.197549,-0.408682,0.0652903,0.866881,-0.318816,-0.0595896
01324185,1523964211518,-9.76684,-0.765303,-0.677182,-0.839078,0.0146257,0.0262148,0.895739,0.218158,-0.342901
01324181,1523964211518,-8.72838,0.776727,2.92453,-0.0260898,0.350957,0.0551415,0.841808,0.365383,-0.262383
01324180,1523964211518,-9.19275,-3.71123,0.621122,-0.389723,-0.0729818,0.0745228,0.79601,0.309606,-0.405949
01324189,1523964211535,-7.1484,-1.85506,3.35682,0.161087,0.738468,0.313366,0.743784,-0.106397,-0.54959
01324188,1523964211535,-8.60731,0.318069,-1.91531,-0.555589,-0.464439,0.115358,0.865814,-0.3207,-0.0687158
01324185,1523964211535,-9.47287,-0.873064,-0.669248,-0.89792,-0.022834,0.0077468,0.892625,0.222437,-0.340319
01324181,1523964211535,-8.55042,0.754587,2.90436,-0.00732679,0.425209,0.0539595,0.843691,0.361749,-0.257278
01324180,1523964211535,-8.88083,-3.52425,0.634862,-0.504121,-0.0919771,-0.00548061,0.795493,0.310227,-0.411333
01324189,1523964211552,-7.10512,-1.23286,3.27246,0.0780849,0.881731,0.318134,0.750386,-0.110839,-0.539799
01324188,1523964211552,-8.0741,-2.75018,-2.71468,-0.80798,-0.430554,0.0805616,0.863918,-0.320131,-0.080102
01324185,1523964211552,-9.17402,-0.956783,-0.666623,-0.900719,-0.0276152,-0.0365075,0.89385,0.226029,-0.336699
01324181,1523964211552,-8.51605,0.701615,2.91042,0.01495,0.444625,0.0506069,0.847262,0.361845,-0.250674
01324180,1523964211552,-8.5904,-3.53037,0.623163,-0.636088,-0.130041,-0.0558806,0.794097,0.314596,-0.410414
01324189,1523964211568,-7.76765,-1.43396,3.93431,-0.00888883,0.99682,0.318656,0.757526,-0.114289,-0.530007
01324188,1523964211568,-8.43587,-2.48992,-2.50244,-0.102037,-0.230077,0.0415026,0.863787,-0.319939,-0.087225
01324185,1523964211568,-8.94772,-1.09304,-0.684615,-0.879738,-0.0280273,-0.060388,0.894663,0.232278,-0.334149
01324181,1523964211568,-8.59151,0.623047,2.95974,0.0239195,0.439959,0.0359142,0.847905,0.359819,-0.244792
01324180,1523964211568,-8.41346,-3.71599,0.565866,-0.723062,-0.134665,-0.104022,0.793734,0.320077,-0.40449
01324189,1523964211585,-8.68975,-2.3839,4.40844,-0.10049,0.957417,0.264423,0.765321,-0.116021,-0.518603
01324188,1523964211585,-9.26145,-2.11356,-2.09511,0.335863,-0.036502,0.123478,0.862176,-0.322647,-0.0879128
01324185,1523964211585,-8.85163,-1.2429,-0.667776,-0.810179,-0.0187169,-0.120075,0.893041,0.237557,-0.330797
01324181,1523964211585,-8.58923,0.467775,2.99413,0.03825,0.417499,0.0158681,0.850145,0.358927,-0.238419
01324180,1523964211585,-8.36401,-3.97113,0.550446,-0.696648,-0.118039,-0.142495,0.793102,0.32615,-0.399765
01324189,1523964211602,-9.034,-2.84043,3.85272,-0.155798,0.983846,0.230491,0.771751,-0.119294,-0.505858
01324188,1523964211602,-9.46008,-0.775866,-0.87353,0.40752,-0.0411117,0.0857711,0.863129,-0.323327,-0.0862167
01324185,1523964211602,-8.86155,-1.41368,-0.553982,-0.722496,-0.00244444,-0.167896,0.892908,0.24368,-0.327458
01324181,1523964211602,-8.46969,0.367249,3.04753,0.0419653,0.414321,-0.0117697,0.85103,0.359461,-0.233125
01324180,1523964211602,-8.35477,-4.10084,0.49907,-0.615657,-0.136606,-0.163246,0.791138,0.333434,-0.399591
01324189,1523964211618,-9.56157,-1.95035,3.94069,-0.099706,1.01973,0.28401,0.779545,-0.120452,-0.494716
01324188,1523964211618,-10.7324,-0.74228,1.91329,-0.117438,-0.162177,-0.122939,0.860681,-0.322319,-0.0881428
01324185,1523964211618,-8.92432,-1.49747,-0.463084,-0.560746,0.00611915,-0.210637,0.890876,0.249649,-0.324895
01324181,1523964211618,-8.59368,0.428708,3.23393,0.0384389,0.409697,-0.0247011,0.851471,0.3619,-0.226006
01324180,1523964211618,-8.34438,-4.1364,0.448222,-0.531474,-0.150354,-0.161063,0.787997,0.339598,-0.402663
01324189,1523964211635,-10.8257,-1.29111,5.25626,0.030535,0.8895,0.368457,0.785444,-0.124721,-0.482776
01324188,1523964211635,-11.4521,0.0194231,0.588368,0.134118,-0.0793821,-0.30805,0.863511,-0.31912,-0.0890554
01324185,1523964211635,-9.02103,-1.59797,-0.433647,-0.378032,0.0153307,-0.256799,0.888708,0.254475,-0.323105
01324181,1523964211635,-9.08383,0.468947,3.3073,0.0401731,0.409841,-0.0220007,0.853576,0.362536,-0.221789
01324180,1523964211635,-8.47406,-4.17313,0.352497,-0.442595,-0.166125,-0.186966,0.78378,0.344894,-0.4029
01324189,1523964211652,-11.0291,-2.04367,6.09973,-0.0488611,0.631509,0.340302,0.791521,-0.129877,-0.47459
01324188,1523964211652,-11.2466,2.62458,-0.721984,-0.39299,0.101188,-0.196421,0.864846,-0.315245,-0.0913881
01324185,1523964211652,-9.18992,-1.59213,-0.470151,-0.202325,0.02795,-0.321671,0.888573,0.260297,-0.320809
01324181,1523964211652,-9.2218,0.561915,3.32879,0.0356614,0.362135,-0.0206524,0.855822,0.361769,-0.216216
01324180,1523964211652,-8.74525,-4.29584,0.240416,-0.298588,-0.145548,-0.178847,0.782541,0.347819,-0.403364
01324189,1523964211669,-10.0035,-2.61546,5.24557,-0.36255,0.503104,0.265547,0.794042,-0.129767,-0.467928
01324188,1523964211669,-10.3028,1.51637,-1.00808,-1.26859,0.275958,-0.0976454,0.865231,-0.311556,-0.0925087
01324185,1523964211669,-9.41158,-1.46561,-0.529902,0.00290333,0.0820058,-0.354514,0.887083,0.266686,-0.318383
01324181,1523964211669,-9.22584,0.566648,3.41561,0.011519,0.34296,-0.0043636,0.854829,0.362455,-0.211703
01324180,1523964211669,-8.96405,-4.37753,0.189494,-0.158459,-0.152,-0.179735,0.780881,0.351906,-0.402852
01324189,1523964211685,-9.00328,-1.66794,3.81123,-0.435924,0.44819,0.269621,0.794528,-0.131185,-0.460987
01324188,1523964211685,-9.72643,-0.859655,-0.471199,-1.02454,0.333525,-0.160683,0.867918,-0.306996,-0.0944116
01324185,1523964211685,-9.57272,-1.31532,-0.514843,0.206425,0.131487,-0.40605,0.886131,0.269645,-0.318408
01324181,1523964211685,-9.33578,0.531367,3.4349,0.0257267,0.33774,-0.00183644,0.856302,0.359673,-0.207143
01324180,1523964211685,-9.18231,-4.30428,0.0959246,0.0225076,-0.180578,-0.205098,0.777651,0.354007,-0.405195
01324189,1523964211702,-8.53234,-0.589663,2.34625,-0.459841,0.491388,0.34752,0.798573,-0.13328,-0.455698
01324188,1523964211702,-9.31666,-2.54942,-0.408528,-0.317495,0.340285,-0.242392,0.868707,-0.303124,-0.0933713
01324185,1523964211702,-9.69042,-1.16528,-0.482231,0.389729,0.167277,-0.437075,0.884232,0.274451,-0.317664
01324181,1523964211702,-9.28825,0.459271,3.28203,0.0569588,0.301173,-0.0194969,0.856522,0.360616,-0.203179
01324180,1523964211702,-9.32681,-4.14589,0.022878,0.133033,-0.181436,-0.227191,0.774432,0.354063,-0.405011
01324189,1523964211719,-8.74343,-0.28424,0.948151,-0.634739,0.505253,0.423331,0.802092,-0.135944,-0.452013
01324188,1523964211719,-8.95787,-2.33765,-1.23389,0.405393,0.328116,-0.226902,0.868959,-0.301025,-0.0854333
01324185,1523964211719,-9.76218,-1.00585,-0.405582,0.551377,0.204233,-0.46044,0.881787,0.2781,-0.318475
01324181,1523964211719,-8.85413,0.333614,3.01674,0.116683,0.316021,-0.0282752,0.857287,0.360424,-0.198399
01324180,1523964211719,-9.29335,-3.9131,-0.0383552,0.234786,-0.160777,-0.275585,0.770144,0.355319,-0.4083
01324189,1523964211735,-9.02451,-1.65701,0.00471775,-0.82534,0.533123,0.460013,0.801218,-0.134889,-0.446776
01324188,1523964211735,-9.14531,-1.39447,-1.89076,0.61483,0.294199,-0.165708,0.869361,-0.300703,-0.0800321
01324185,1523964211735,-9.66018,-0.828224,-0.305016,0.603983,0.214483,-0.442731,0.880971,0.281912,-0.318117
01324181,1523964211735,-8.15419,0.20128,2.89334,0.163097,0.352836,-0.0420559,0.858271,0.363957,-0.193302
01324180,1523964211735,-9.01229,-3.59135,-0.0193427,0.287743,-0.136369,-0.347152,0.767696,0.360469,-0.4137
01324189,1523964211752,-9.62807,-3.71252,-0.0884184,-0.755556,0.510932,0.439105,0.803604,-0.132768,-0.441435
01324188,1523964211752,-9.18401,-1.41466,-2.08762,0.269461,0.280683,-0.156716,0.870152,-0.297811,-0.073667
01324185,1523964211752,-9.30989,-0.73396,-0.155988,0.578819,0.20976,-0.413837,0.877853,0.285592,-0.317358
01324181,1523964211752,-7.71003,0.0512614,2.89423,0.214957,0.408788,-0.0763062,0.859321,0.363309,-0.189579
01324180,1523964211752,-8.47443,-3.31539,0.0502627,0.29985,-0.0556675,-0.437994,0.764193,0.363306,-0.416969
01324189,1523964211769,-9.69825,-5.01154,0.518067,-0.306823,0.409577,0.348438,0.806291,-0.134685,-0.43653
01324188,1523964211769,-9.63611,-1.39148,-1.71369,-0.176181,0.256676,-0.181342,0.87258,-0.295653,-0.0708694
01324185,1523964211769,-8.8537,-0.739046,0.0186436,0.544584,0.156621,-0.391449,0.877308,0.287268,-0.318157
01324181,1523964211769,-7.93863,0.0289872,3.09122,0.229443,0.448719,-0.120763,0.860074,0.363838,-0.184549
01324180,1523964211769,-8.01779,-3.12764,0.152427,0.30488,0.0266465,-0.523598,0.760391,0.367433,-0.416966
01324189,1523964211785,-9.88581,-4.94414,1.48008,0.314951,0.322849,0.224573,0.808182,-0.139604,-0.432041
01324188,1523964211785,-9.96568,-1.57202,-1.23298,-0.393105,0.282125,-0.14454,0.873361,-0.290897,-0.066946
01324185,1523964211785,-8.56414,-0.767235,0.125429,0.563698,0.0956353,-0.396246,0.875404,0.289775,-0.319742
01324181,1523964211785,-8.48836,0.28195,3.24708,0.218961,0.385936,-0.173741,0.858963,0.362821,-0.179467
01324180,1523964211785,-7.88305,-3.10279,0.236052,0.337719,0.12854,-0.617648,0.757139,0.370686,-0.417799
01324189,1523964211802,-9.97876,-4.66852,2.02215,0.802266,0.172648,0.107334,0.806907,-0.146994,-0.427873
01324188,1523964211802,-10.0851,-1.8134,-0.784638,-0.239217,0.337295,-0.0614761,0.873623,-0.289525,-0.0652476
01324185,1523964211802,-8.62229,-0.800659,0.0409131,0.675809,0.029074,-0.426546,0.871601,0.293394,-0.322116
01324181,1523964211802,-9.0779,0.612111,3.36256,0.15491,0.204894,-0.210336,0.858926,0.364573,-0.177909
01324180,1523964211802,-8.17202,-3.20525,0.244752,0.390661,0.201737,-0.673027,0.752766,0.37743,-0.417194
01324189,1523964211819,-9.49075,-3.22315,2.23241,1.09815,0.01743,0.0107771,0.809218,-0.153651,-0.423538
01324188,1523964211819,-10.0014,-2.03753,-0.496875,0.176177,0.397647,0.000454987,0.872802,-0.288949,-0.0617003
01324185,1523964211819,-8.98895,-0.697414,-0.133708,0.824006,-0.0327605,-0.47556,0.868612,0.294898,-0.324603
01324181,1523964211819,-9.47477,0.859694,3.4084,0.108477,0.0581596,-0.207942,0.85736,0.368956,-0.174795
01324180,1523964211819,-8.65309,-3.37396,0.140037,0.459813,0.24356,-0.732011,0.74846,0.378957,-0.41737
01324189,1523964211835,-9.47197,-1.75,2.83684,1.13407,-0.0985929,-0.0315451,0.808293,-0.162531,-0.420923
01324188,1523964211835,-9.95549,-1.37408,-0.575449,0.521404,0.472855,0.0089387,0.873352,-0.29134,-0.0513538
01324185,1523964211835,-9.58235,-0.563915,-0.362019,0.954532,-0.0506281,-0.546897,0.866968,0.295893,-0.331533
01324181,1523964211835,-9.76947,1.00175,3.44243,0.0745181,0.0284538,-0.189072,0.855987,0.37112,-0.174826
01324180,1523964211835,-9.38551,-3.53273,-0.0419995,0.537174,0.24111,-0.764821,0.74355,0.386151,-0.417695
01324189,1523964211852,-9.24554,-0.896549,2.7892,0.934638,-0.238105,-0.00535461,0.806017,-0.16923,-0.420682
01324188,1523964211852,-9.50352,-0.769585,-1.06096,0.578745,0.539958,0.0225137,0.873072,-0.291051,-0.0419065
01324185,1523964211852,-10.2529,-0.348149,-0.670372,1.05286,-0.0242609,-0.630373,0.862883,0.299858,-0.33796
01324181,1523964211852,-9.73293,1.235,3.54929,0.0263221,0.012865,-0.168403,0.855448,0.371963,-0.175901
01324180,1523964211852,-10.1728,-3.57407,-0.204592,0.622984,0.248896,-0.78164,0.741648,0.388656,-0.418697
01324189,1523964211869,-8.93045,-0.197992,2.10457,0.566184,-0.211966,0.025267,0.803216,-0.173917,-0.42363
01324188,1523964211869,-9.41091,-0.642215,-2.09286,0.423113,0.562708,0.0111036,0.873615,-0.292317,-0.0306816
01324185,1523964211869,-10.8027,-0.186008,-0.876578,1.08065,0.0189961,-0.678187,0.858529,0.30412,-0.343605
01324181,1523964211869,-10.0885,1.36165,3.73778,-0.0183436,0.00536246,-0.144977,0.853792,0.375412,-0.176221
01324180,1523964211869,-10.7252,-3.47325,-0.308523,0.665801,0.193993,-0.785121,0.735153,0.394583,-0.420645
01324189,1523964211885,-9.24039,-0.214308,1.43498,0.118305,-0.129558,0.0894077,0.800799,-0.177598,-0.424702
01324188,1523964211885,-9.75419,-0.684994,-2.69625,0.0426195,0.569299,0.00145218,0.874976,-0.293685,-0.0237823
01324185,1523964211885,-11.2127,-0.108894,-0.959301,1.08731,0.0751764,-0.686969,0.854178,0.308837,-0.347555
01324181,1523964211885,-10.5713,1.31209,3.95782,0.000933361,0.0311046,-0.0990039,0.852567,0.376294,-0.175961
01324180,1523964211885,-11.1602,-3.10538,-0.424342,0.654312,0.16582,-0.819489,0.731355,0.398716,-0.421587
01324189,1523964211902,-10.0018,-1.1446,0.633726,-0.309018,-0.0145125,0.123445,0.798361,-0.177827,-0.425746
01324188,1523964211902,-9.8723,-1.30536,-3.22878,-0.245122,0.489716,0.0127811,0.871962,-0.290224,-0.0157181
01324185,1523964211902,-11.4972,-0.09504,-0.910869,1.02649,0.149466,-0.711128,0.850375,0.311604,-0.350313
01324181,1523964211902,-10.2818,1.10457,3.79702,0.000818174,0.0377675,-0.0696904,0.85348,0.377597,-0.174669
01324180,1523964211902,-11.3189,-3.15988,-0.469695,0.641933,0.149374,-0.787132,0.726046,0.404449,-0.418827
01324189,1523964211919,-9.95353,-1.61397,0.0817863,-0.532318,0.086149,0.143821,0.79861,-0.174093,-0.425719
01324188,1523964211919,-9.7674,-1.72223,-3.32208,-0.380949,0.415113,0.0349595,0.87265,-0.292194,-0.0112717
01324185,1523964211919,-11.6221,0.0574657,-0.863416,0.883933,0.167067,-0.671938,0.846431,0.316042,-0.354132
01324181,1523964211919,-9.94936,0.79297,3.96692,0.0434706,0.0698401,-0.0575253,0.852668,0.377617,-0.174263
01324180,1523964211919,-11.2759,-2.77849,-0.418842,0.582786,0.129996,-0.792833,0.719589,0.407774,-0.422313
01324189,1523964211935,-9.83779,-2.13627,0.151819,-0.609532,0.200895,0.161102,0.799424,-0.174114,-0.425461
01324188,1523964211935,-9.66239,-2.08816,-3.11261,-0.337734,0.342427,0.0955488,0.871172,-0.294936,-0.00819307
01324185,1523964211935,-11.4699,-0.0106967,-0.646005,0.716395,0.190502,-0.6022,0.84439,0.3191,-0.356376
01324181,1523964211935,-9.65347,0.590242,3.97753,0.0614231,0.0977272,-0.0780764,0.851581,0.378491,-0.17427
01324180,1523964211935,-10.9317,-2.65394,-0.400297,0.494921,0.148781,-0.785391,0.713895,0.412947,-0.421856
01324189,1523964211952,-9.5534,-2.50407,0.0590251,-0.595387,0.262845,0.182305,0.800489,-0.171548,-0.424517
01324188,1523964211952,-9.48852,-2.13762,-3.02688,-0.182958,0.241501,0.136238,0.872265,-0.296376,-0.00587306
01324185,1523964211952,-11.1877,-0.135059,-0.443289,0.55885,0.194753,-0.505163,0.842484,0.32371,-0.358504
01324181,1523964211952,-9.48977,0.519451,3.9099,0.0812759,0.160724,-0.113827,0.851562,0.379367,-0.173491
01324180,1523964211952,-10.6559,-2.5067,-0.319455,0.406013,0.189707,-0.790088,0.709556,0.420173,-0.429213
01324189,1523964211969,-9.85609,-2.54885,0.379915,-0.533906,0.334036,0.233084,0.802351,-0.170141,-0.420915
01324188,1523964211969,-9.44794,-1.596,-2.919,-0.0814733,0.166882,0.171501,0.87146,-0.298074,-0.00354546
01324185,1523964211969,-10.884,-0.334247,-0.298951,0.430854,0.181026,-0.416551,0.838959,0.326252,-0.358256
01324181,1523964211969,-9.35079,0.603735,3.72322,0.100219,0.257515,-0.138954,0.851221,0.381479,-0.168748
01324180,1523964211969,-10.2981,-2.52276,-0.229043,0.321673,0.25094,-0.758628,0.705341,0.425031,-0.428918
01324189,1523964211985,-9.8823,-2.4939,0.60194,-0.441422,0.344367,0.25737,0.802997,-0.169567,-0.417707
01324188,1523964211985,-9.64727,-1.21521,-2.78854,-0.0742973,0.122423,0.192259,0.869839,-0.299418,-0.00226267
01324185,1523964211985,-10.5468,-0.536129,-0.23852,0.335008,0.143817,-0.356746,0.839094,0.330932,-0.356733
01324181,1523964211985,-9.3288,0.798257,3.51194,0.111973,0.299546,-0.161068,0.850111,0.382683,-0.166768
01324180,1523964211985,-9.99802,-2.55383,-0.153779,0.264943,0.288898,-0.741213,0.701936,0.430764,-0.431861
01324189,1523964212002,-9.78056,-2.03394,0.803523,-0.226162,0.328298,0.24033,0.803932,-0.170587,-0.415318
01324188,1523964212002,-9.58816,-0.907137,-2.73885,-0.100352,0.0905218,0.202349,0.86945,-0.302342,-0.00190212
01324185,1523964212002,-10.1612,-0.63725,-0.244283,0.308785,0.102476,-0.292751,0.837324,0.331723,-0.359609
01324181,1523964212002,-9.17508,0.919249,3.15319,0.140502,0.29063,-0.16388,0.848842,0.383941,-0.162397
01324180,1523964212002,-9.67531,-2.6497,-0.0883161,0.246865,0.316471,-0.723647,0.699176,0.437189,-0.431151
01324189,1523964212019,-9.7524,-1.64044,0.913566,-0.113051,0.330603,0.254911,0.804453,-0.174604,-0.410406
01324188,1523964212019,-9.42555,-0.715988,-2.57339,-0.154292,0.0654752,0.212342,0.869209,-0.307341,-0.000865289
01324185,1523964212019,-9.82841,-0.62492,-0.292625,0.32407,0.0676332,-0.244143,0.834883,0.334547,-0.359367
01324181,1523964212019,-9.0639,1.20932,3.09521,0.0861316,0.321043,-0.140234,0.848103,0.388131,-0.161015
01324180,1523964212019,-9.36774,-2.67257,-0.0951063,0.230543,0.338715,-0.700812,0.692821,0.441503,-0.430566
01324189,1523964212035,-9.46029,-1.40632,0.948657,-0.0455,0.303916,0.23736,0.806786,-0.181846,-0.407949
01324188,1523964212035,-9.41217,-1.01647,-2.3638,-0.161156,0.0462399,0.213862,0.865433,-0.311005,-0.00212439
01324185,1523964212035,-9.5145,-0.436752,-0.385643,0.338429,0.035935,-0.235523,0.834065,0.336072,-0.360686
01324181,1523964212035,-9.16327,1.40472,3.01355,0.0192996,0.331997,-0.117516,0.847803,0.387511,-0.15688
01324180,1523964212035,-8.99286,-2.82692,-0.150299,0.251006,0.343174,-0.658574,0.691205,0.449597,-0.421463
01324189,1523964212052,-9.56736,-1.45678,1.05969,-0.0523182,0.283317,0.240952,0.807717,-0.183437,-0.404762
01324188,1523964212052,-9.44438,-1.22452,-2.24855,-0.0703828,0.0486753,0.22159,0.864638,-0.314213,-0.00177652
01324185,1523964212052,-9.29019,-0.349185,-0.517464,0.304133,-0.00398695,-0.214019,0.83135,0.337875,-0.362262
01324181,1523964212052,-9.33108,1.37604,3.02269,-0.0414409,0.307034,-0.0778448,0.848927,0.38936,-0.150154
01324180,1523964212052,-8.89846,-2.80575,-0.221767,0.300438,0.353336,-0.630953,0.688191,0.454426,-0.419836
01324189,1523964212069,-9.57973,-1.63313,1.13248,-0.0712572,0.274906,0.248017,0.807698,-0.184287,-0.402227
01324188,1523964212069,-9.48491,-1.07408,-2.36271,-0.0319487,0.0434037,0.241257,0.863287,-0.315271,-0.000479215
01324185,1523964212069,-9.21064,-0.275166,-0.652654,0.292174,-0.00239157,-0.245501,0.830126,0.337133,-0.364211
01324181,1523964212069,-9.25379,1.50315,2.97728,-0.137808,0.182827,-0.0441728,0.849553,0.390432,-0.146596
01324180,1523964212069,-8.9105,-2.78586,-0.289447,0.336306,0.321072,-0.587867,0.685448,0.457489,-0.414601
01324189,1523964212085,-9.55912,-1.78311,1.15128,-0.121595,0.27284,0.249628,0.808614,-0.184866,-0.398095
01324188,1523964212085,-9.49425,-0.982386,-2.36828,-0.103321,0.0363619,0.272548,0.863309,-0.318524,-0.00256816
01324185,1523964212085,-9.22507,-0.181282,-0.767041,0.259813,0.00218897,-0.260801,0.827686,0.339112,-0.36396
01324181,1523964212085,-9.05627,1.57351,2.86128,-0.216326,0.164022,-0.00104894,0.849259,0.390214,-0.143665
01324180,1523964212085,-8.89896,-2.72729,-0.33735,0.374505,0.285529,-0.512256,0.682584,0.4616,-0.414747
01324189,1523964212102,-9.66936,-1.8899,1.18677,-0.192327,0.27452,0.284948,0.809154,-0.18832,-0.395587
01324188,1523964212102,-9.44567,-0.915278,-2.33558,-0.157361,0.0290946,0.275644,0.860885,-0.321756,-0.00112411
01324185,1523964212102,-9.29266,-0.152036,-0.839665,0.189736,0.00889544,-0.274359,0.825644,0.342733,-0.366209
01324181,1523964212102,-8.99673,1.50378,2.96442,-0.246838,0.18964,0.0475327,0.848939,0.390336,-0.13835
01324180,1523964212102,-8.91686,-2.64512,-0.366076,0.366855,0.241834,-0.475662,0.681078,0.464383,-0.414939
01324189,1523964212119,-9.57537,-1.85706,1.00044,-0.256331,0.249272,0.306083,0.809301,-0.193492,-0.393489
01324188,1523964212119,-9.56202,-1.00614,-2.38439,-0.187754,0.017141,0.303612,0.860098,-0.325867,-0.00325661
01324185,1523964212119,-9.25359,0.0595408,-0.901747,0.131635,0.0255357,-0.254003,0.823609,0.343562,-0.367125
01324181,1523964212119,-9.01501,1.40412,2.93241,-0.240016,0.171117,0.0973575,0.850246,0.391099,-0.135323
01324180,1523964212119,-8.92867,-2.47103,-0.406321,0.292624,0.189674,-0.421944,0.677341,0.464766,-0.419335
01324189,1523964212135,-9.62448,-1.87223,0.947595,-0.34679,0.264023,0.303984,0.809297,-0.196071,-0.391503
01324188,1523964212135,-9.56744,-1.16555,-2.34199,-0.164123,0.0317078,0.325178,0.857699,-0.332599,-0.00485952
01324185,1523964212135,-9.22019,0.0110666,-1.024,-0.00186312,0.04117,-0.230149,0.821705,0.346922,-0.368327
01324181,1523964212135,-9.14764,1.29575,2.99642,-0.246426,0.177018,0.128505,0.84979,0.391643,-0.130414
01324180,1523964212135,-8.89542,-2.41731,-0.427453,0.215774,0.130299,-0.359542,0.673307,0.46644,-0.420728
01324189,1523964212152,-9.78594,-2.00242,1.11524,-0.472817,0.258566,0.358691,0.808873,-0.196913,-0.389364
01324188,1523964212152,-9.50428,-1.07029,-2.20376,-0.0819554,0.0369581,0.361203,0.857732,-0.338038,-0.00385368
01324185,1523964212152,-9.34584,-0.050777,-1.05195,-0.158283,0.0851584,-0.208117,0.821573,0.350635,-0.365749
01324181,1523964212152,-9.34565,1.07496,3.11531,-0.201267,0.151129,0.157519,0.851272,0.389118,-0.127188
01324180,1523964212152,-8.95002,-2.31661,-0.4226,0.0845675,0.0939444,-0.31839,0.671903,0.47036,-0.417251
01324189,1523964212169,-9.66349,-2.14704,1.14469,-0.52875,0.221187,0.388759,0.809686,-0.19808,-0.388313
01324188,1523964212169,-9.57122,-0.849074,-2.0801,-0.0565251,0.035744,0.386126,0.855055,-0.343956,-0.00405571
01324185,1523964212169,-9.52485,-0.247076,-1.03256,-0.340636,0.0783842,-0.176363,0.819814,0.354344,-0.363427
01324181,1523964212169,-9.51139,0.859519,3.09422,-0.196075,0.119733,0.179707,0.853136,0.388167,-0.123733
01324180,1523964212169,-9.01272,-2.32191,-0.44741,-0.0697715,0.0514077,-0.235254,0.67051,0.473557,-0.41433
01324189,1523964212185,-9.61155,-2.38097,0.948624,-0.551135,0.191183,0.397614,0.810231,-0.199815,-0.387262
01324188,1523964212185,-9.64892,-0.938446,-2.01612,-0.0345604,0.0715269,0.434451,0.851832,-0.349448,-0.00382029
01324185,1523964212185,-9.71621,-0.503546,-1.07511,-0.499215,0.0486879,-0.124072,0.819822,0.358666,-0.358503
01324181,1523964212185,-9.59146,0.708176,3.06763,-0.156889,0.100158,0.169969,0.853431,0.384354,-0.121265
01324180,1523964212185,-9.06061,-2.3711,-0.414311,-0.23463,0.00695225,-0.146937,0.668068,0.475625,-0.413442
01324189,1523964212202,-9.7114,-2.38302,0.743232,-0.468985,0.149712,0.365111,0.807515,-0.200894,-0.38724
01324188,1523964212202,-9.60046,-0.933975,-2.33902,0.00208973,0.0838929,0.46494,0.848348,-0.356736,-0.00248207
01324185,1523964212202,-9.80636,-0.801568,-1.10701,-0.619781,0.0362944,-0.0677042,0.818609,0.362974,-0.35436
01324181,1523964212202,-9.39582,0.661936,3.10599,-0.124963,0.0277574,0.17523,0.855632,0.37977,-0.120129
01324180,1523964212202,-9.07633,-2.46805,-0.395662,-0.399541,-0.037593,-0.0542439,0.667468,0.481589,-0.414934
01324189,1523964212219,-9.71422,-2.13172,0.65868,-0.35077,0.103589,0.364701,0.806046,-0.205458,-0.387259
01324188,1523964212219,-9.45846,-0.442196,-2.39994,-0.0326991,0.088192,0.496618,0.845952,-0.364314,-0.00157957
01324185,1523964212219,-9.74666,-1.03305,-1.07807,-0.694989,0.0343711,0.0208293,0.81929,0.367688,-0.35101
01324181,1523964212219,-9.19249,0.67654,3.02249,-0.11962,0.0579196,0.182316,0.855632,0.378798,-0.11878
01324180,1523964212219,-8.98892,-2.67467,-0.39111,-0.533035,-0.0659823,0.0246445,0.666321,0.486078,-0.410505
01324189,1523964212235,-9.67453,-1.79818,0.534738,-0.237727,0.086863,0.373982,0.806598,-0.20734,-0.386879
01324188,1523964212235,-9.58316,-0.161713,-2.44723,-0.121554,0.0907171,0.527872,0.843684,-0.37053,-0.00180533
01324185,1523964212235,-9.58542,-1.22898,-0.97377,-0.714153,0.0248162,0.104224,0.81876,0.371185,-0.345031
01324181,1523964212235,-9.17817,0.71307,3.06052,-0.0840935,0.0758489,0.192694,0.856173,0.376283,-0.115678
01324180,1523964212235,-8.831,-2.89956,-0.407721,-0.598463,-0.0999021,0.129399,0.665918,0.487704,-0.414384
01324189,1523964212252,-9.68907,-1.47511,0.341001,-0.123014,0.0718448,0.379721,0.803899,-0.21144,-0.386747
01324188,1523964212252,-9.59835,-0.358753,-2.53678,-0.129294,0.0721938,0.548862,0.840201,-0.377976,-0.000207694
01324185,1523964212252,-9.47933,-1.3042,-0.88291,-0.675828,0.0436549,0.175476,0.820123,0.371531,-0.341642
01324181,1523964212252,-9.18039,0.754435,2.88101,-0.05379,0.120109,0.193836,0.858344,0.37538,-0.116346
01324180,1523964212252,-8.75096,-3.09162,-0.420079,-0.625476,-0.123056,0.229223,0.667081,0.489394,-0.409503
01324189,1523964212269,-9.75062,-1.23168,0.21107,-0.0775798,0.0662215,0.402102,0.802436,-0.215864,-0.387568
01324188,1523964212269,-9.5165,-0.473442,-2.73131,-0.00448103,0.0402093,0.567084,0.83618,-0.385912,-0.000384454
01324185,1523964212269,-9.47935,-1.32585,-0.863275,-0.674183,0.0607435,0.212785,0.821766,0.372368,-0.33473
01324181,1523964212269,-9.21923,0.795208,2.89447,-0.0324893,0.136241,0.203394,0.858508,0.370866,-0.11333
01324180,1523964212269,-8.76618,-3.20731,-0.454699,-0.619118,-0.162058,0.339737,0.668114,0.491093,-0.405702
01324189,1523964212285,-9.76696,-1.00663,0.185077,-0.0135209,0.0656222,0.449405,0.803139,-0.220769,-0.386812
01324188,1523964212285,-9.50113,-0.227793,-2.69756,0.0653138,0.0350618,0.569269,0.832574,-0.395156,-0.000782912
01324185,1523964212285,-9.51803,-1.33527,-0.895492,-0.689189,0.0716426,0.231451,0.823,0.374749,-0.328094
01324181,1523964212285,-9.39604,0.773639,2.97827,-0.0121337,0.131256,0.217124,0.85976,0.365478,-0.110308
01324180,1523964212285,-8.7767,-3.3332,-0.431325,-0.609285,-0.190339,0.439795,0.669977,0.488247,-0.396059
01324189,1523964212302,-9.77567,-0.736251,0.370839,0.00165804,0.0655335,0.479665,0.80125,-0.224456,-0.386285
01324188,1523964212302,-9.60163,0.0664523,-2.65613,0.0951351,0.00857736,0.595708,0.828961,-0.403642,0.0012899
01324185,1523964212302,-9.63387,-1.31534,-0.953823,-0.724293,0.0799176,0.233163,0.825587,0.373855,-0.323259
01324181,1523964212302,-9.43938,0.710125,2.88503,0.0403258,0.133218,0.223886,0.861393,0.363053,-0.108946
01324180,1523964212302,-8.90101,-3.44574,-0.428323,-0.603055,-0.217004,0.546903,0.672132,0.486309,-0.393563
01324189,1523964212319,-9.70709,-0.63099,0.46985,0.0148647,0.03951,0.48774,0.799115,-0.233742,-0.384863
01324188,1523964212319,-9.60097,0.254099,-2.59526,0.0603232,-0.0134899,0.600531,0.825201,-0.409966,0.000806785
01324185,1523964212319,-9.7594,-1.29538,-1.04086,-0.765951,0.077799,0.246007,0.826005,0.374226,-0.31856
01324181,1523964212319,-9.44716,0.685847,2.79367,0.0670677,0.122471,0.215092,0.861005,0.360385,-0.106893
01324180,1523964212319,-9.05453,-3.56403,-0.37005,-0.591212,-0.242995,0.620649,0.675473,0.485206,-0.38877
01324189,1523964212335,-9.78089,-0.504372,0.632259,0.0226858,0.022278,0.495931,0.798006,-0.242408,-0.386178
01324188,1523964212335,-9.58143,0.320612,-2.46125,-0.0041152,-0.021233,0.612395,0.820779,-0.418937,0.00110888
01324185,1523964212335,-9.80761,-1.28545,-1.04375,-0.792824,0.0427101,0.235216,0.828725,0.376288,-0.313885
01324181,1523964212335,-9.78555,0.701192,2.86849,0.0581269,0.108407,0.216807,0.863584,0.356966,-0.10459
01324180,1523964212335,-9.08747,-3.64194,-0.344214,-0.593181,-0.272256,0.680202,0.677648,0.482556,-0.38845
01324189,1523964212352,-9.79267,-0.411847,0.695942,0.0575153,-0.0315923,0.492597,0.794763,-0.248646,-0.384852
01324188,1523964212352,-9.63436,0.397499,-2.39415,-0.041595,-0.0180011,0.615702,0.816628,-0.427857,0.000198961
01324185,1523964212352,-9.89233,-1.41971,-0.999918,-0.777441,0.0340189,0.264191,0.829554,0.37669,-0.30762
01324181,1523964212352,-9.91827,0.563748,2.88477,0.11954,0.0711382,0.204271,0.864278,0.35524,-0.104561
01324180,1523964212352,-9.28492,-3.70689,-0.356166,-0.607565,-0.280217,0.725799,0.683041,0.478966,-0.38617
01324189,1523964212369,-9.81286,-0.0817143,0.784658,0.0537342,-0.0712748,0.46956,0.792097,-0.254915,-0.386744
01324188,1523964212369,-9.58045,0.588799,-2.5407,-0.0843587,-0.0166509,0.620739,0.813296,-0.437371,-0.00075842
01324185,1523964212369,-10.0204,-1.56812,-0.922542,-0.738753,0.0197057,0.282981,0.831604,0.37541,-0.30082
01324181,1523964212369,-9.56733,0.500036,2.8013,0.151618,-0.0247616,0.184293,0.864195,0.352346,-0.106094
01324180,1523964212369,-9.42946,-3.76697,-0.314404,-0.569275,-0.298531,0.771646,0.687136,0.473686,-0.388227
01324189,1523964212385,-9.64628,0.27234,0.734303,0.0361687,-0.102229,0.45886,0.788609,-0.261734,-0.387829
01324188,1523964212385,-9.53638,0.745175,-2.51358,-0.124448,-0.0238823,0.623927,0.807913,-0.444482,-0.00248235
01324185,1523964212385,-9.99617,-1.63071,-0.750666,-0.683597,0.0247759,0.316901,0.833111,0.37525,-0.294421
01324181,1523964212385,-9.35144,0.488083,2.74012,0.149073,-0.0411125,0.16342,0.865343,0.348279,-0.108147
01324180,1523964212385,-9.34216,-3.79281,-0.284691,-0.564124,-0.309543,0.796191,0.691482,0.468381,-0.386911
01324189,1523964212402,-9.61154,0.396942,0.846042,-0.019634,-0.0947533,0.447991,0.786904,-0.266885,-0.391329
01324188,1523964212402,-9.47846,0.727218,-2.38873,-0.134941,-0.024865,0.608806,0.803754,-0.452055,-0.00411591
01324185,1523964212402,-9.89954,-1.70818,-0.557471,-0.595725,0.0370247,0.394946,0.836374,0.37079,-0.291776
01324181,1523964212402,-9.17421,0.465789,2.89624,0.181291,-0.0329122,0.127148,0.864695,0.346008,-0.107694
01324180,1523964212402,-9.21722,-3.74348,-0.24453,-0.56792,-0.286754,0.794553,0.694738,0.466017,-0.389168
01324189,1523964212419,-9.60596,0.414388,0.904416,-0.0995936,-0.0921904,0.447718,0.782856,-0.272964,-0.391331
01324188,1523964212419,-9.38651,0.748804,-2.42093,-0.0739013,-0.038293,0.60201,0.800284,-0.461289,-0.00478473
01324185,1523964212419,-9.63395,-1.74817,-0.357336,-0.451278,0.0625145,0.439638,0.837607,0.368764,-0.287187
01324181,1523964212419,-9.07755,0.549492,2.80831,0.199195,-0.0190497,0.111661,0.865663,0.344964,-0.109011
01324180,1523964212419,-9.09136,-3.7816,-0.15167,-0.553002,-0.286711,0.792851,0.700575,0.460116,-0.389642
01324189,1523964212435,-9.56364,0.447906,0.830835,-0.186706,-0.039523,0.443764,0.78018,-0.27722,-0.393475
01324188,1523964212435,-9.37613,0.9377,-2.54546,-0.0303669,-0.050531,0.588895,0.794096,-0.469833,-0.00672288
01324185,1523964212435,-9.53709,-1.70531,-0.221195,-0.328477,0.102176,0.472394,0.841276,0.364442,-0.284675
01324181,1523964212435,-9.03542,0.64218,2.81164,0.201034,-0.0369966,0.0976875,0.867165,0.344756,-0.111015
01324180,1523964212435,-8.92448,-3.80702,-0.0728409,-0.547578,-0.237689,0.794943,0.704379,0.455255,-0.388174
01324189,1523964212452,-9.67128,0.592742,0.820634,-0.200417,-0.0203402,0.463247,0.779014,-0.282957,-0.39605
01324188,1523964212452,-9.56915,1.04018,-2.61708,-0.0164242,-0.0616353,0.587067,0.789267,-0.478767,-0.00708655
01324185,1523964212452,-9.4496,-1.518,-0.158928,-0.209038,0.101216,0.490104,0.844946,0.356868,-0.282785
01324181,1523964212452,-8.92642,0.706613,2.7314,0.193881,-0.049286,0.104463,0.866407,0.342569,-0.113354
01324180,1523964212452,-8.81855,-3.99544,0.0576689,-0.463519,-0.208602,0.755168,0.707896,0.450229,-0.382652
01324189,1523964212469,-9.76871,0.776811,0.863922,-0.233345,0.0076706,0.477317,0.776467,-0.286638,-0.397789
01324188,1523964212469,-9.56356,1.24342,-2.72245,-0.0408695,-0.0924049,0.575938,0.786459,-0.48515,-0.0097398
01324185,1523964212469,-9.38139,-1.30651,-0.120349,-0.137084,0.111766,0.467826,0.847941,0.351432,-0.279607
01324181,1523964212469,-8.98949,0.764081,2.7468,0.193026,-0.0458634,0.0976092,0.866192,0.339254,-0.114611
01324180,1523964212469,-8.76981,-4.0587,0.159306,-0.363937,-0.167273,0.720895,0.71306,0.443896,-0.381504
01324189,1523964212485,-9.69829,0.829366,0.731545,-0.308338,0.018754,0.46459,0.774727,-0.29048,-0.398469
01324188,1523964212485,-9.48363,1.29068,-2.62483,-0.128075,-0.106051,0.56635,0.781065,-0.490518,-0.0113545
01324185,1523964212485,-9.36885,-1.09477,-0.181296,-0.0679705,0.0851111,0.421139,0.850663,0.346275,-0.276561
01324181,1523964212485,-9.13427,0.803618,2.74029,0.170772,-0.0706635,0.0957728,0.867559,0.338493,-0.115805
01324180,1523964212485,-8.82736,-4.13039,0.255024,-0.253322,-0.144683,0.661966,0.716861,0.438001,-0.37695
01324189,1523964212502,-9.64059,0.795336,0.68678,-0.39207,0.0247547,0.444741,0.771218,-0.292412,-0.400451
01324188,1523964212502,-9.40693,1.12041,-2.45061,-0.16726,-0.136837,0.554253,0.778128,-0.49808,-0.013676
01324185,1523964212502,-9.48682,-0.94486,-0.291826,-0.0625607,0.0527965,0.365234,0.853516,0.341501,-0.27561
01324181,1523964212502,-9.26845,0.794725,2.77341,0.122681,-0.116659,0.0972864,0.866807,0.336571,-0.119079
01324180,1523964212502,-8.95432,-4.03259,0.22532,-0.153672,-0.0886971,0.599743,0.721217,0.432267,-0.376588
01324189,1523964212519,-9.71667,0.58184,0.692289,-0.427301,0.0302691,0.409092,0.769639,-0.296127,-0.403807
01324188,1523964212519,-9.49679,0.998387,-2.54026,-0.168127,-0.15328,0.553174,0.773846,-0.507275,-0.0179678
01324185,1523964212519,-9.67472,-0.804126,-0.379858,-0.0674153,0.00281615,0.295862,0.853929,0.336446,-0.274648
01324181,1523964212519,-9.25866,0.756051,2.74041,0.101328,-0.145026,0.0953865,0.866709,0.335516,-0.12158
01324180,1523964212519,-9.1285,-4.04961,0.271863,-0.087897,-0.0603104,0.55116,0.723447,0.42527,-0.377031
01324189,1523964212535,-9.87524,0.348465,0.679524,-0.392672,0.0368346,0.396791,0.766953,-0.300377,-0.404881
01324188,1523964212535,-9.73344,1.08073,-2.46696,-0.213378,-0.175574,0.563201,0.766295,-0.514659,-0.0223747
01324185,1523964212535,-9.78556,-0.745676,-0.407257,-0.0637137,0.0112235,0.260108,0.854609,0.333907,-0.274757
01324181,1523964212535,-9.2884,0.840598,2.75792,0.0586193,-0.155703,0.0945659,0.865938,0.333221,-0.122321
01324180,1523964212535,-9.27222,-3.98148,0.290169,-0.0340913,-0.029602,0.472642,0.725455,0.416863,-0.383444
01324189,1523964212552,-10.0051,0.163629,0.661573,-0.307877,0.0229916,0.365144,0.76481,-0.303494,-0.406621
01324188,1523964212552,-9.83224,1.17694,-2.38042,-0.236023,-0.196109,0.556606,0.762008,-0.523021,-0.0258064
01324185,1523964212552,-9.83866,-0.759792,-0.407265,-0.0916494,0.0199364,0.224376,0.857322,0.329953,-0.27512
01324181,1523964212552,-9.39296,0.895207,2.70307,0.0345276,-0.125314,0.113025,0.865304,0.332031,-0.124814
01324180,1523964212552,-9.34419,-3.85463,0.314331,-0.0211577,-0.0156587,0.391988,0.728465,0.412028,-0.384125
01324189,1523964212569,-10.2211,0.0568593,0.757073,-0.209254,0.0116228,0.328225,0.76442,-0.30335,-0.408622
01324188,1523964212569,-9.82201,1.3468,-2.19433,-0.221989,-0.215136,0.555601,0.758511,-0.527523,-0.0310264
01324185,1523964212569,-9.87248,-0.807693,-0.36165,-0.126308,0.0516775,0.195304,0.858407,0.331384,-0.273961
01324181,1523964212569,-9.50064,0.83573,2.67454,0.006908,-0.0914714,0.127231,0.865775,0.328536,-0.127271
01324180,1523964212569,-9.41836,-3.72484,0.285318,-0.0452578,0.00667201,0.324346,0.73225,0.410381,-0.386511
01324189,1523964212585,-10.3191,0.107093,1.03372,-0.182761,-0.00331722,0.291049,0.762408,-0.307471,-0.409167
01324188,1523964212585,-9.94024,1.41904,-2.11705,-0.20798,-0.223982,0.560004,0.755165,-0.534371,-0.0359911
01324185,1523964212585,-9.94009,-0.860207,-0.324246,-0.115312,0.0600577,0.164638,0.858688,0.32763,-0.271313
01324181,1523964212585,-9.70157,0.833272,2.77473,-0.0270317,-0.0875491,0.148112,0.867413,0.327351,-0.12806
01324180,1523964212585,-9.43195,-3.61894,0.300268,-0.0718106,0.0346892,0.233852,0.733901,0.406578,-0.385936
01324189,1523964212602,-10.2266,0.334298,1.48282,-0.147252,-0.00546794,0.267936,0.758977,-0.30961,-0.409352
01324188,1523964212602,-9.76375,0.758974,-1.9488,-0.215978,-0.228281,0.50773,0.749106,-0.541622,-0.0406777
01324185,1523964212602,-10.0319,-0.898186,-0.353894,-0.137588,0.079368,0.137345,0.860593,0.326127,-0.268822
01324181,1523964212602,-9.64529,0.904339,2.7206,-0.0911632,-0.117494,0.1601,0.867193,0.324185,-0.129055
01324180,1523964212602,-9.47929,-3.5331,0.348614,-0.140714,0.060073,0.179119,0.733088,0.406582,-0.384302
01324189,1523964212619,-10.1295,0.551429,1.92486,-0.112845,0.00366803,0.241366,0.757518,-0.311599,-0.412027
01324188,1523964212619,-9.52249,0.61151,-2.02154,-0.217535,-0.184738,0.372829,0.743989,-0.547386,-0.0463603
01324185,1523964212619,-10.0465,-0.926991,-0.357827,-0.135449,0.0723831,0.145896,0.858703,0.32533,-0.266325
01324181,1523964212619,-9.62084,0.785842,2.60711,-0.0894509,-0.104792,0.178312,0.866555,0.322031,-0.1298
01324180,1523964212619,-9.44559,-3.53804,0.397253,-0.189161,0.0753503,0.106821,0.736821,0.405607,-0.377757
01324189,1523964212635,-9.96012,0.599832,2.43844,-0.0924364,-0.0319659,0.197052,0.755907,-0.314435,-0.412566
01324188,1523964212635,-9.45004,0.609646,-1.79105,-0.356045,-0.0893292,0.238412,0.742111,-0.550393,-0.0498912
01324185,1523964212635,-9.98872,-0.956267,-0.384262,-0.146258,0.0548221,0.140055,0.859249,0.323226,-0.265784
01324181,1523964212635,-9.61126,0.679118,2.71547,-0.110776,-0.117339,0.170526,0.867262,0.320693,-0.13164
01324180,1523964212635,-9.446,-3.51411,0.416716,-0.234454,0.115211,0.0338509,0.735451,0.406773,-0.374606
01324189,1523964212652,-9.63257,0.346476,2.70064,-0.0907968,-0.097746,0.110057,0.75687,-0.31547,-0.412987
01324188,1523964212652,-8.91451,0.337524,-1.08041,-0.552133,0.0807624,0.100066,0.741585,-0.552683,-0.0536635
01324185,1523964212652,-9.92856,-1.02884,-0.347269,-0.118057,0.0510359,0.140887,0.861419,0.322818,-0.265003
01324181,1523964212652,-9.57079,0.708712,2.71275,-0.116248,-0.147072,0.189234,0.867001,0.319567,-0.130949
01324180,1523964212652,-9.36377,-3.51315,0.417524,-0.248284,0.135299,-0.00919214,0.736878,0.40816,-0.368385
01324189,1523964212669,-9.22447,0.0597624,2.99075,-0.146836,-0.152615,0.00150971,0.75636,-0.314039,-0.417384
01324188,1523964212669,-8.11508,0.0775577,-1.56801,-0.996178,0.14736,-0.0684904,0.742127,-0.551814,-0.0599447
01324185,1523964212669,-9.86351,-1.08699,-0.300929,-0.11856,0.0518029,0.128962,0.862778,0.320865,-0.263944
01324181,1523964212669,-9.20107,0.640414,2.57636,-0.0912422,-0.156187,0.176922,0.867591,0.317218,-0.133298
01324180,1523964212669,-9.26681,-3.53144,0.428038,-0.244871,0.178353,-0.0581273,0.738173,0.409846,-0.363236
01324189,1523964212685,-8.93762,-0.222683,3.27297,-0.233428,-0.272765,-0.126541,0.753391,-0.311823,-0.421345
01324188,1523964212685,-8.3017,-0.0430831,-1.45717,-1.35812,0.299803,-0.205613,0.743998,-0.54616,-0.0693095
01324185,1523964212685,-9.71387,-1.12153,-0.20022,-0.0952426,0.0472816,0.139138,0.86265,0.318935,-0.261703
01324181,1523964212685,-8.95826,0.429806,2.55538,-0.0964479,-0.135304,0.161569,0.867924,0.313734,-0.135355
01324180,1523964212685,-9.06903,-3.49059,0.437443,-0.215028,0.200214,-0.0947438,0.738383,0.412713,-0.358318
01324189,1523964212702,-8.84023,-0.520817,3.51176,-0.38676,-0.399071,-0.242329,0.748643,-0.30554,-0.42686
01324188,1523964212702,-9.14351,-0.175435,-1.39645,-1.72515,0.436873,-0.311176,0.74696,-0.541017,-0.080605
01324185,1523964212702,-9.52117,-1.23346,-0.168496,-0.0521852,0.0294547,0.157874,0.86306,0.31697,-0.261294
01324181,1523964212702,-9.01944,0.249425,2.70818,-0.103383,-0.125285,0.128964,0.867974,0.310564,-0.136352
01324180,1523964212702,-8.90502,-3.45489,0.439241,-0.164625,0.246516,-0.122261,0.736885,0.415212,-0.359462
01324189,1523964212719,-8.98833,-0.705091,3.57441,-0.571854,-0.516419,-0.384851,0.746646,-0.298339,-0.435876
01324188,1523964212719,-9.24525,-0.228549,-1.33261,-2.11811,0.601558,-0.352782,0.751134,-0.534454,-0.0915576
01324185,1523964212719,-9.43938,-1.35429,-0.102817,-0.00136098,0.0430041,0.152612,0.862793,0.314021,-0.260742
01324181,1523964212719,-9.06742,0.103234,2.77829,-0.0871934,-0.184376,0.0879206,0.868263,0.310376,-0.138211
01324180,1523964212719,-8.87603,-3.44964,0.432302,-0.129548,0.259385,-0.145691,0.737773,0.418224,-0.356578
01324189,1523964212735,-9.16782,-0.832425,3.50136,-0.771872,-0.5991,-0.529261,0.746684,-0.287747,-0.446227
01324188,1523964212735,-8.96897,-0.751932,-1.80411,-2.1396,0.781583,-0.373899,0.755039,-0.528354,-0.101863
01324185,1523964212735,-9.49268,-1.45265,-0.0801124,0.0496816,0.0407363,0.152584,0.864147,0.313163,-0.261392
01324181,1523964212735,-8.86946,-0.00598026,2.72369,-0.0851694,-0.220608,0.0436051,0.86731,0.312359,-0.139704
01324180,1523964212735,-8.93401,-3.46013,0.44618,-0.0615734,0.280677,-0.145981,0.737302,0.42109,-0.349623
01324189,1523964212752,-9.23621,-1.04699,3.36801,-0.936498,-0.663128,-0.627408,0.744,-0.273929,-0.458661
01324188,1523964212752,-9.18551,-1.17013,-2.23181,-1.80685,1.05362,-0.322628,0.759469,-0.520014,-0.107321
01324185,1523964212752,-9.52421,-1.52467,-0.0634638,0.113981,0.041886,0.154215,0.865642,0.309788,-0.260972
01324181,1523964212752,-8.78225,-0.150625,2.85743,-0.0991808,-0.240888,0.000375448,0.865768,0.309713,-0.143884
01324180,1523964212752,-8.91186,-3.49382,0.460712,0.00812277,0.301912,-0.143647,0.738334,0.423817,-0.347963
01324189,1523964212769,-9.07132,-1.59567,3.14028,-0.977401,-0.707766,-0.705674,0.740765,-0.257799,-0.471873
01324188,1523964212769,-9.91315,-1.81739,-2.03977,-1.14926,1.27484,-0.244991,0.764591,-0.514927,-0.102758
01324185,1523964212769,-9.53149,-1.56552,-0.0239104,0.187587,0.0659669,0.167589,0.864966,0.307816,-0.260951
01324181,1523964212769,-8.84548,-0.238761,2.91667,-0.0837241,-0.231311,-0.057312,0.866194,0.310489,-0.14736
01324180,1523964212769,-8.90409,-3.54231,0.489524,0.0809187,0.325079,-0.106114,0.739783,0.423613,-0.342314
01324189,1523964212785,-8.89453,-2.42755,2.94091,-0.752676,-0.661959,-0.797431,0.737232,-0.238349,-0.484387
01324188,1523964212785,-10.0675,-1.68147,-1.73898,-0.189815,1.44403,-0.174652,0.769715,-0.511115,-0.0896572
01324185,1523964212785,-9.5556,-1.57979,0.00153216,0.256787,0.090091,0.180971,0.867137,0.30471,-0.261189
01324181,1523964212785,-8.97403,-0.206251,2.83795,-0.0647527,-0.195825,-0.100995,0.864575,0.313022,-0.150319
01324180,1523964212785,-8.97415,-3.56782,0.541871,0.162851,0.336397,-0.0879238,0.738792,0.427096,-0.339933
01324189,1523964212802,-8.98384,-3.14854,2.81398,-0.303923,-0.573531,-0.895574,0.734229,-0.222921,-0.492925
01324188,1523964212802,-10.25,0.0143692,-1.75535,0.647527,1.54333,-0.102424,0.772401,-0.509126,-0.0678872
01324185,1523964212802,-9.62065,-1.54569,-0.010592,0.327433,0.111493,0.187573,0.868222,0.300604,-0.262199
01324181,1523964212802,-8.98341,-0.0680363,2.79177,-0.082366,-0.18134,-0.129272,0.861998,0.316158,-0.152483
01324180,1523964212802,-9.07313,-3.59839,0.58424,0.236096,0.332508,-0.055824,0.739864,0.426194,-0.33767
01324189,1523964212819,-9.35534,-3.39243,2.8117,0.229776,-0.492822,-1.00403,0.733555,-0.212438,-0.500058
01324188,1523964212819,-10.6738,1.78001,-2.32157,0.931811,1.59138,-0.0398816,0.775228,-0.508315,-0.0428264
01324185,1523964212819,-9.69037,-1.44417,-0.0450466,0.393199,0.116787,0.163668,0.868905,0.298374,-0.260873
01324181,1523964212819,-8.92199,0.0321436,2.81198,-0.0964711,-0.158737,-0.148882,0.860412,0.315278,-0.154441
01324180,1523964212819,-9.10723,-3.59935,0.637073,0.316057,0.351493,-0.0270454,0.741931,0.423578,-0.342887
01324189,1523964212835,-9.7254,-3.28806,2.72748,0.66117,-0.426569,-1.08971,0.733002,-0.205249,-0.503607
01324188,1523964212835,-10.903,2.56005,-2.72636,0.706801,1.60101,-0.000656423,0.775486,-0.509494,-0.0147609
01324185,1523964212835,-9.69952,-1.27075,-0.0440119,0.422971,0.137629,0.161799,0.868906,0.293133,-0.26226
01324181,1523964212835,-8.86556,0.212255,2.91756,-0.0965056,-0.12678,-0.142605,0.859839,0.318144,-0.154628
01324180,1523964212835,-9.08778,-3.62377,0.685466,0.388783,0.326662,-0.000395549,0.74463,0.421198,-0.340812
01324189,1523964212852,-10.2476,-3.00773,2.91615,0.948978,-0.385449,-1.13225,0.732272,-0.198609,-0.502609
01324188,1523964212852,-10.7211,2.03456,-2.84334,0.534259,1.60708,0.0389875,0.776291,-0.510828,0.0101911
01324185,1523964212852,-9.65091,-1.10257,-0.0987763,0.410908,0.139197,0.128621,0.870402,0.289769,-0.261318
01324181,1523964212852,-8.8959,0.318659,2.90084,-0.119626,-0.0736263,-0.136043,0.857697,0.318425,-0.156206
01324180,1523964212852,-9.09264,-3.62388,0.690251,0.475443,0.31259,0.0176379,0.744908,0.420175,-0.340297
01324189,1523964212869,-10.5213,-2.49008,2.99975,1.13796,-0.404564,-1.15007,0.731506,-0.195775,-0.505736
01324188,1523964212869,-10.453,1.32783,-2.60076,0.648044,1.53226,0.076175,0.775998,-0.51066,0.0376746
01324185,1523964212869,-9.59269,-0.944081,-0.161131,0.3714,0.133944,0.0912625,0.872437,0.285524,-0.262198
01324181,1523964212869,-9.10844,0.379246,2.87417,-0.13743,-0.0256949,-0.126905,0.858456,0.321304,-0.154945
01324180,1523964212869,-9.13454,-3.58137,0.733579,0.522743,0.291187,0.0441812,0.746537,0.416492,-0.335531
01324189,1523964212885,-10.5419,-1.72386,3.08464,1.20242,-0.404324,-1.12676,0.731336,-0.190877,-0.505294
01324188,1523964212885,-10.3074,1.47682,-2.60566,0.962069,1.46789,0.0581625,0.774071,-0.509346,0.0630958
01324185,1523964212885,-9.60208,-0.761162,-0.296061,0.335365,0.130411,0.0530538,0.872439,0.283556,-0.261918
01324181,1523964212885,-9.29272,0.508075,2.87535,-0.165962,-0.0556722,-0.121872,0.856295,0.322461,-0.155744
01324180,1523964212885,-9.15218,-3.53342,0.745755,0.573859,0.266828,0.0443496,0.748312,0.414,-0.336147
01324189,1523964212902,-10.4124,-0.743118,3.25297,1.16577,-0.348696,-1.1137,0.729298,-0.188961,-0.506861
01324188,1523964212902,-10.5332,1.85903,-2.66512,1.11822,1.35376,0.022531,0.772691,-0.508673,0.0895472
01324185,1523964212902,-9.70801,-0.58729,-0.448601,0.240369,0.148362,-0.00646721,0.872579,0.283163,-0.260347
01324181,1523964212902,-9.24346,0.659225,2.69406,-0.180368,-0.0479841,-0.0864537,0.855985,0.32506,-0.154865
01324180,1523964212902,-9.23921,-3.52938,0.723175,0.606602,0.240648,0.045273,0.749025,0.408155,-0.330736
01324189,1523964212919,-10.5415,0.46541,3.56448,1.16709,-0.346933,-1.12523,0.729538,-0.185795,-0.505501
01324188,1523964212919,-10.4938,2.09413,-2.51354,1.17828,1.25387,-0.0586965,0.771302,-0.506603,0.114201
01324185,1523964212919,-9.90833,-0.513977,-0.627609,0.0882569,0.145913,-0.0453607,0.872853,0.283465,-0.259305
01324181,1523964212919,-9.26837,0.717169,2.6783,-0.166259,0.0375677,-0.0521431,0.856503,0.326348,-0.154498
01324180,1523964212919,-9.40563,-3.57502,0.745468,0.61881,0.195456,0.028356,0.750691,0.404664,-0.333938
01324189,1523964212935,-10.9375,1.32975,3.69665,1.06099,-0.400963,-1.12542,0.728996,-0.18234,-0.507876
01324188,1523964212935,-10.4733,2.41684,-2.4685,1.21643,1.11904,-0.170553,0.769079,-0.501191,0.139344
01324185,1523964212935,-10.0656,-0.580565,-0.792462,-0.0835225,0.103254,-0.0720754,0.872316,0.282657,-0.257335
01324181,1523964212935,-9.42775,0.749279,2.64285,-0.170707,0.0730598,-0.0466141,0.85591,0.328286,-0.151344
01324180,1523964212935,-9.52477,-3.54302,0.783151,0.632157,0.179692,0.0301228,0.751543,0.402354,-0.338049
01324189,1523964212952,-10.9986,1.70475,3.65952,0.919012,-0.516829,-1.09724,0.72652,-0.17509,-0.509663
01324188,1523964212952,-10.3617,2.54699,-2.17213,1.22249,0.958299,-0.271391,0.767658,-0.494049,0.164584
01324185,1523964212952,-10.1049,-0.768193,-0.871348,-0.216083,0.0832272,-0.0879467,0.872857,0.284917,-0.257098
01324181,1523964212952,-9.57181,0.718482,2.61837,-0.150327,0.0609498,-0.0346779,0.853448,0.329938,-0.14936
01324180,1523964212952,-9.61324,-3.45021,0.811799,0.588396,0.132568,0.0119758,0.751639,0.396143,-0.342498
01324189,1523964212969,-10.4995,1.79446,3.70575,0.743758,-0.635958,-1.09415,0.723822,-0.169294,-0.515741
01324188,1523964212969,-10.096,2.51369,-1.68296,1.24792,0.770641,-0.356437,0.767589,-0.485388,0.184921
01324185,1523964212969,-10.0765,-0.968181,-0.841392,-0.238628,0.0429782,-0.0817133,0.872592,0.286952,-0.25385
01324181,1523964212969,-9.53564,0.66316,2.55687,-0.147713,0.0505179,-0.024437,0.854377,0.330789,-0.149121
01324180,1523964212969,-9.58212,-3.26454,0.866294,0.460058,0.0785096,-0.0260998,0.75077,0.391978,-0.346487
01324189,1523964212985,-10.0481,1.80171,3.7671,0.558731,-0.687569,-1.03612,0.72067,-0.162172,-0.517923
01324188,1523964212985,-9.73095,2.53921,-1.38521,1.36923,0.533148,-0.465253,0.768866,-0.474728,0.202538
01324185,1523964212985,-10.0189,-1.12016,-0.769503,-0.235973,-0.01147,-0.0618172,0.87246,0.288258,-0.251902
01324181,1523964212985,-9.53837,0.692238,2.56113,-0.143269,0.0487564,-0.0244692,0.855175,0.329966,-0.146987
01324180,1523964212985,-9.39414,-3.20917,0.861182,0.250798,0.0396386,-0.0497027,0.750881,0.392536,-0.343235
01324189,1523964213002,-9.89087,1.61395,3.8373,0.4189,-0.739582,-0.981436,0.716346,-0.15562,-0.525315
01324188,1523964213002,-9.47534,3.03025,-1.39888,1.44518,0.265594,-0.565886,0.77163,-0.462609,0.216458
01324185,1523964213002,-9.97592,-1.30098,-0.745219,-0.214368,-0.0609061,-0.0513251,0.871375,0.290092,-0.251785
01324181,1523964213002,-9.69132,0.697625,2.66148,-0.132634,0.0187045,-0.0264485,0.854086,0.329871,-0.145512
01324180,1523964213002,-9.34319,-3.20324,0.813375,0.0189251,0.0136148,-0.104989,0.749537,0.392557,-0.342675
01324189,1523964213019,-9.65152,1.18085,3.78398,0.260331,-0.755141,-0.896688,0.711212,-0.147902,-0.534025
01324188,1523964213019,-9.42021,3.56837,-1.49083,1.35822,-0.0574717,-0.642608,0.774116,-0.449221,0.228306
01324185,1523964213019,-10.0586,-1.50515,-0.783255,-0.156298,-0.103767,-0.0519426,0.869206,0.291504,-0.251661
01324181,1523964213019,-9.7577,0.667679,2.71959,-0.131722,-0.0363682,-0.0406986,0.852306,0.331907,-0.145137
01324180,1523964213019,-9.4585,-3.41619,0.73374,-0.141589,-0.0200924,-0.1133,0.74763,0.395202,-0.342864
01324189,1523964213035,-9.44905,0.408222,3.71093,0.148713,-0.719386,-0.808314,0.703063,-0.139091,-0.541355
01324188,1523964213035,-9.35889,3.80968,-1.55126,1.08047,-0.357981,-0.661964,0.777541,-0.433133,0.231962
01324185,1523964213035,-10.2424,-1.6485,-0.812735,-0.111483,-0.137036,-0.0738471,0.868656,0.295138,-0.253262
01324181,1523964213035,-9.86021,0.520779,2.86664,-0.118287,-0.0916675,-0.0687571,0.851512,0.331331,-0.145781
01324180,1523964213035,-9.61619,-3.71657,0.655628,-0.24994,-0.0479768,-0.0966364,0.746435,0.395384,-0.345544
01324189,1523964213052,-9.59606,-0.475672,3.5431,0.083965,-0.67542,-0.723285,0.699553,-0.130694,-0.549544
01324188,1523964213052,-9.26306,3.55233,-1.69406,0.858637,-0.701947,-0.679623,0.78344,-0.421489,0.230059
01324185,1523964213052,-10.4885,-1.64221,-0.875054,-0.0543918,-0.17374,-0.0753213,0.867567,0.293966,-0.255599
01324181,1523964213052,-9.96046,0.427234,3.07065,-0.102181,-0.0937945,-0.0911976,0.850411,0.334181,-0.147025
01324180,1523964213052,-9.83622,-4.05623,0.571858,-0.283684,-0.0805705,-0.0935958,0.745467,0.397866,-0.345481
01324189,1523964213069,-9.63284,-0.899135,3.32602,0.120007,-0.662743,-0.636111,0.695193,-0.121971,-0.55451
01324188,1523964213069,-9.23758,3.22363,-1.94397,0.719885,-1.04875,-0.639224,0.790282,-0.408275,0.225413
01324185,1523964213069,-10.6839,-1.59772,-0.952069,0.0025388,-0.186684,-0.0803612,0.867152,0.297305,-0.257851
01324181,1523964213069,-10.0147,0.336836,3.05996,-0.0593443,-0.0515992,-0.108183,0.851192,0.336315,-0.147078
01324180,1523964213069,-10.0737,-4.35009,0.473667,-0.254434,-0.135478,-0.0586488,0.744337,0.401641,-0.342956
01324189,1523964213085,-9.54027,-0.870603,3.20785,0.204743,-0.633313,-0.538172,0.687615,-0.116918,-0.562277
01324188,1523964213085,-9.33053,2.90016,-2.18819,0.544531,-1.37896,-0.58475,0.798105,-0.398658,0.210162
01324185,1523964213085,-10.8455,-1.58712,-0.984081,0.0618278,-0.153921,-0.0925071,0.866199,0.296843,-0.259934
01324181,1523964213085,-10.0858,0.231701,3.0253,-0.0414394,0.00130477,-0.118094,0.849551,0.337923,-0.146563
01324180,1523964213085,-10.2541,-4.57575,0.381243,-0.201674,-0.18154,-0.0234871,0.743513,0.402956,-0.342243
01324189,1523964213102,-9.40189,-0.841997,3.07439,0.260493,-0.550961,-0.452877,0.681934,-0.114491,-0.567411
01324188,1523964213102,-9.49843,2.56813,-2.54967,0.407424,-1.72747,-0.560317,0.804019,-0.387431,0.192343
01324185,1523964213102,-10.995,-1.60058,-0.92659,0.0698101,-0.1139,-0.13186,0.863752,0.297639,-0.262547
01324181,1523964213102,-10.1794,0.114043,3.14529,-0.0110751,0.0230977,-0.138649,0.847912,0.339945,-0.146721
01324180,1523964213102,-10.3487,-4.7212,0.3336,-0.0936747,-0.21645,-0.0107552,0.739991,0.406799,-0.344005
01324189,1523964213119,-9.26723,-0.846826,3.0042,0.26431,-0.442141,-0.350034,0.67792,-0.116716,-0.57327
01324188,1523964213119,-9.61664,2.60093,-3.0448,0.226455,-2.00403,-0.550441,0.812805,-0.378317,0.162641
01324185,1523964213119,-11.159,-1.64283,-0.851197,0.0302372,-0.0875369,-0.17277,0.860763,0.300843,-0.264528
01324181,1523964213119,-10.2685,0.0207125,3.24794,0.0424501,0.0714199,-0.160776,0.846156,0.340122,-0.146307
01324180,1523964213119,-10.4493,-4.78483,0.303266,0.0411092,-0.242941,0.0242052,0.738786,0.408588,-0.348545
01324189,1523964213135,-8.99124,-0.826073,2.98512,0.224083,-0.319127,-0.236852,0.673429,-0.116436,-0.575929
01324188,1523964213135,-9.75255,2.42535,-3.38388,-0.00674717,-2.25324,-0.51761,0.818614,-0.370613,0.133022
01324185,1523964213135,-11.2505,-1.64221,-0.798757,-0.0254849,-0.0874946,-0.220315,0.860757,0.301787,-0.266758
01324181,1523964213135,-10.1194,-0.0453945,3.17529,0.112086,0.148763,-0.189663,0.846773,0.34302,-0.144248
01324180,1523964213135,-10.4785,-4.78064,0.332006,0.157642,-0.273811,0.0546243,0.737912,0.404858,-0.35266
01324189,1523964213152,-8.70655,-0.723364,2.95186,0.180852,-0.185686,-0.136907,0.672234,-0.117567,-0.578332
01324188,1523964213152,-9.8034,1.71751,-3.50702,-0.19126,-2.45123,-0.514833,0.823755,-0.364463,0.102642
01324185,1523964213152,-11.1394,-1.6236,-0.750324,-0.0973249,-0.0939754,-0.233826,0.858308,0.306964,-0.26876
01324181,1523964213152,-9.92697,-0.110988,3.1005,0.135334,0.205195,-0.197908,0.845514,0.345785,-0.142964
01324180,1523964213152,-10.3153,-4.71197,0.411316,0.231077,-0.278287,0.0708622,0.735508,0.405647,-0.356256
01324189,1523964213169,-8.42761,-0.53851,2.89211,0.156862,-0.0386197,-0.0244854,0.671693,-0.118128,-0.57833
01324188,1523964213169,-9.62812,0.673163,-3.90322,-0.123002,-2.60848,-0.516027,0.827808,-0.357266,0.0658768
01324185,1523964213169,-10.85,-1.67828,-0.660246,-0.14052,-0.0812289,-0.236475,0.855189,0.31177,-0.268012
01324181,1523964213169,-9.85688,-0.192591,3.03248,0.158666,0.272005,-0.219822,0.844514,0.347597,-0.139271
01324180,1523964213169,-10.0609,-4.59888,0.501429,0.268155,-0.284842,0.0525594,0.73422,0.403086,-0.360747
01324189,1523964213185,-8.24525,-0.677033,3.04724,0.0777118,0.0589474,0.0425584,0.671133,-0.118966,-0.57619
01324188,1523964213185,-9.53468,-0.2873,-4.53057,0.147506,-2.67233,-0.481193,0.832539,-0.349727,0.0277783
01324185,1523964213185,-10.5966,-1.72308,-0.527477,-0.131025,-0.0751824,-0.240832,0.853967,0.313175,-0.268282
01324181,1523964213185,-9.86548,-0.127139,2.97321,0.174849,0.303415,-0.243741,0.843221,0.352107,-0.136695
01324180,1523964213185,-9.82933,-4.57778,0.590812,0.303168,-0.270392,0.0352523,0.732937,0.400238,-0.365514
01324189,1523964213202,-7.97543,-1.46132,3.606,-0.020601,0.0980145,0.0794368,0.67072,-0.119957,-0.575123
01324188,1523964213202,-9.59849,-0.627778,-5.46796,0.610515,-2.5913,-0.4134,0.832937,-0.343896,-0.00956487
01324185,1523964213202,-10.3577,-1.74133,-0.43561,-0.116955,-0.0656097,-0.240962,0.852876,0.319078,-0.26912
01324181,1523964213202,-9.68565,0.00367515,2.84628,0.187428,0.334974,-0.257361,0.842764,0.353345,-0.13273
01324180,1523964213202,-9.58786,-4.56095,0.636766,0.361482,-0.281788,0.000325346,0.729702,0.393966,-0.374103
01324189,1523964213219,-7.60821,-2.13596,3.57938,-0.0308943,0.239617,0.0995101,0.672333,-0.120419,-0.572737
01324188,1523964213219,-9.53475,-0.439544,-6.22102,1.01252,-2.43582,-0.309806,0.832115,-0.339479,-0.0380941
01324185,1523964213219,-10.0973,-1.81755,-0.385314,-0.0782478,-0.0818112,-0.240957,0.84962,0.320332,-0.269905
01324181,1523964213219,-9.82795,-0.116922,2.88873,0.205336,0.338178,-0.278026,0.841075,0.357286,-0.13027
01324180,1523964213219,-9.33749,-4.47611,0.654177,0.412327,-0.258069,-0.0379046,0.728429,0.390835,-0.380092
01324189,1523964213235,-7.6726,-2.38721,3.70632,0.138854,0.47446,0.149411,0.674913,-0.123926,-0.569986
01324188,1523964213235,-9.3787,-0.115483,-6.79072,1.19379,-2.21161,-0.201649,0.827362,-0.336228,-0.0620687
01324185,1523964213235,-9.95262,-1.8401,-0.371865,0.00835469,-0.109357,-0.271524,0.849341,0.325234,-0.271519
01324181,1523964213235,-9.62538,-0.204254,2.8434,0.239142,0.288556,-0.283776,0.84072,0.361377,-0.126632
01324180,1523964213235,-9.28567,-4.37916,0.674551,0.460821,-0.235618,-0.0998475,0.726653,0.384959,-0.386398
01324189,1523964213252,-8.32316,-2.52888,4.21722,0.377184,0.610264,0.113664,0.68059,-0.129361,-0.562602
01324188,1523964213252,-9.64317,0.282066,-6.95592,1.01188,-1.8569,-0.142407,0.824789,-0.334524,-0.0849556
01324185,1523964213252,-9.76907,-1.75697,-0.368446,0.0898319,-0.117422,-0.297969,0.845809,0.327724,-0.274014
01324181,1523964213252,-9.15698,-0.077313,2.72563,0.226771,0.270537,-0.296094,0.837674,0.365918,-0.123771
01324180,1523964213252,-9.10784,-4.31005,0.729838,0.493353,-0.22447,-0.12684,0.723473,0.38462,-0.393113
01324189,1523964213269,-9.00721,-2.59996,4.78721,0.460921,0.590487,0.000400865,0.686515,-0.133931,-0.553342
01324188,1523964213269,-9.47391,0.226841,-7.77497,0.822561,-1.35477,-0.0797391,0.820192,-0.335502,-0.0996363
01324185,1523964213269,-9.53705,-1.62355,-0.323944,0.154597,-0.105743,-0.304122,0.843906,0.331368,-0.275088
01324181,1523964213269,-8.83609,-0.0879593,2.5854,0.222489,0.330347,-0.309433,0.837645,0.366817,-0.12193
01324180,1523964213269,-8.85268,-4.22527,0.756963,0.492441,-0.233713,-0.192004,0.721237,0.383096,-0.398244
01324189,1523964213285,-8.75241,-2.70206,4.60787,0.293237,0.516091,-0.0675947,0.68863,-0.13668,-0.545228
01324188,1523964213285,-8.27535,0.174711,-6.45541,0.34758,-0.887823,-0.0776995,0.820744,-0.335719,-0.110698
01324185,1523964213285,-9.31958,-1.5093,-0.285902,0.212742,-0.097431,-0.300889,0.839555,0.33523,-0.279553
01324181,1523964213285,-8.48696,-0.185464,2.2659,0.218221,0.386657,-0.319354,0.834334,0.37163,-0.11987
01324180,1523964213285,-8.6658,-4.10275,0.793297,0.493139,-0.228816,-0.262308,0.716334,0.380458,-0.403359
01324189,1523964213302,-8.11182,-2.21557,3.89348,-0.00284678,0.488666,-0.0935517,0.693186,-0.136191,-0.538187
01324188,1523964213302,-7.42983,0.0556562,-5.72933,0.116749,-0.547166,-0.10728,0.819662,-0.33529,-0.119411
01324185,1523964213302,-8.9961,-1.41981,-0.276407,0.223599,-0.0890029,-0.333345,0.835483,0.338583,-0.281139
01324181,1523964213302,-8.26091,-0.299129,2.12704,0.229927,0.428845,-0.331138,0.833155,0.376186,-0.115169
01324180,1523964213302,-8.44531,-3.95057,0.801119,0.453289,-0.217394,-0.315241,0.711003,0.380298,-0.409228
01324189,1523964213319,-7.55932,-1.23175,3.00149,-0.0847875,0.564388,-0.0674451,0.697206,-0.134975,-0.532471
01324188,1523964213319,-7.28658,-0.371472,-4.71099,0.00454273,-0.23484,-0.166551,0.816386,-0.331597,-0.125467
01324185,1523964213319,-8.72095,-1.38296,-0.235185,0.183321,-0.0722025,-0.369189,0.834251,0.344028,-0.283801
01324181,1523964213319,-8.26016,-0.381583,2.09723,0.246966,0.450622,-0.349956,0.831271,0.38249,-0.109435
01324180,1523964213319,-8.17408,-3.79293,0.804633,0.39437,-0.21109,-0.37889,0.708372,0.381731,-0.422806
01324189,1523964213335,-7.55749,-0.368296,2.5021,0.0164888,0.630682,-0.00150226,0.70069,-0.136186,-0.526099
01324188,1523964213335,-7.40897,-0.826344,-5.11503,0.12493,0.0324684,-0.217664,0.817191,-0.330133,-0.125924
01324185,1523964213335,-8.56172,-1.39355,-0.198218,0.105269,-0.083436,-0.424346,0.832072,0.347489,-0.287094
01324181,1523964213335,-8.22606,-0.483004,2.01004,0.312999,0.479349,-0.378358,0.829157,0.386487,-0.104713
01324180,1523964213335,-7.98191,-3.70415,0.840833,0.371841,-0.181966,-0.437752,0.703798,0.384588,-0.426329
01324189,1523964213352,-7.86973,0.0446915,2.19623,0.112746,0.679869,0.0645243,0.70607,-0.138877,-0.517888
01324188,1523964213352,-7.59975,-1.412,-4.70392,0.113844,0.272388,-0.282385,0.820419,-0.32586,-0.121927
01324185,1523964213352,-8.46529,-1.43505,-0.163098,0.0373848,-0.114925,-0.468313,0.829624,0.352955,-0.288706
01324181,1523964213352,-8.12155,-0.632124,1.93387,0.368223,0.474794,-0.388065,0.82769,0.392339,-0.0997714
01324180,1523964213352,-7.85947,-3.64509,0.871355,0.33887,-0.174366,-0.473965,0.699518,0.385854,-0.431375
01324189,1523964213369,-8.34629,-0.360607,2.06129,0.0594317,0.759997,0.112267,0.71276,-0.137274,-0.506983
01324188,1523964213369,-8.11783,-1.60818,-4.64997,0.253634,0.479266,-0.337642,0.821731,-0.31954,-0.114277
01324185,1523964213369,-8.37636,-1.52471,-0.190246,-0.0590234,-0.151309,-0.501159,0.824194,0.359126,-0.290315
01324181,1523964213369,-8.09897,-0.784617,1.83068,0.396778,0.480812,-0.398435,0.826952,0.395554,-0.0971735
01324180,1523964213369,-7.70538,-3.60262,0.906929,0.318015,-0.149882,-0.519665,0.693039,0.388858,-0.429598
01324189,1523964213385,-9.10927,-1.63655,1.67059,-0.124614,0.797438,0.116179,0.720299,-0.137288,-0.498507
01324188,1523964213385,-10.143,0.267165,-0.714018,0.281078,0.460075,-0.284985,0.821972,-0.315514,-0.107026
01324185,1523964213385,-8.30913,-1.62626,-0.201785,-0.108742,-0.184608,-0.53237,0.818357,0.366148,-0.29167
01324181,1523964213385,-8.42019,-0.764252,1.94898,0.405698,0.464749,-0.41059,0.823597,0.401162,-0.0915423
01324180,1523964213385,-7.63548,-3.58244,0.902888,0.295094,-0.120569,-0.543352,0.688574,0.393007,-0.431206
01324189,1523964213402,-10.3732,-2.85356,1.692,-0.21332,0.841879,0.109072,0.723384,-0.138654,-0.489401
01324188,1523964213402,-10.9173,-1.25163,-0.338027,0.418762,0.361693,-0.189613,0.826036,-0.314931,-0.102328
01324185,1523964213402,-8.33631,-1.86203,-0.188492,-0.0733752,-0.205197,-0.529716,0.814558,0.371932,-0.291451
01324181,1523964213402,-9.13614,-0.624907,2.16874,0.384253,0.418848,-0.412478,0.822312,0.405237,-0.0892223
01324180,1523964213402,-7.77533,-3.59553,0.843446,0.286258,-0.0900834,-0.577453,0.68348,0.395157,-0.436222
01324189,1523964213419,-11.145,-3.42437,2.84386,0.0421348,0.738514,0.0605391,0.728345,-0.138747,-0.481564
01324188,1523964213419,-11.0275,-0.981875,-0.585086,0.726527,0.318712,-0.216322,0.830235,-0.314483,-0.0948117
01324185,1523964213419,-8.6025,-2.18299,-0.168942,0.0803473,-0.211202,-0.536586,0.80912,0.379175,-0.295945
01324181,1523964213419,-9.81114,-0.38067,2.2829,0.341409,0.332315,-0.409503,0.818445,0.410513,-0.0859704
01324180,1523964213419,-8.1296,-3.65647,0.733311,0.328002,-0.0669095,-0.585753,0.678072,0.399464,-0.437272
01324189,1523964213435,-10.7071,-3.04574,3.30306,0.522041,0.503766,-0.0272303,0.73345,-0.142577,-0.472287
01324188,1523964213435,-10.5412,-0.25818,-1.24041,0.656573,0.367401,-0.189656,0.829806,-0.311912,-0.0873742
01324185,1523964213435,-9.10473,-2.32439,-0.23819,0.345609,-0.204904,-0.525749,0.805312,0.383892,-0.299898
01324181,1523964213435,-9.75694,-0.0622545,2.33752,0.314458,0.214217,-0.386358,0.817295,0.415976,-0.085541
01324180,1523964213435,-8.67983,-3.72727,0.652627,0.401131,-0.0654798,-0.552646,0.673627,0.403491,-0.4428
01324189,1523964213452,-9.56852,-2.49442,2.55209,0.768611,0.366064,-0.107232,0.736978,-0.148688,-0.467291
01324188,1523964213452,-9.75223,0.0196614,-0.695568,0.387994,0.360941,-0.216243,0.828299,-0.310946,-0.0763879
01324185,1523964213452,-9.48068,-2.22091,-0.225586,0.670091,-0.200632,-0.486082,0.798513,0.387121,-0.308007
01324181,1523964213452,-9.30948,0.013278,2.47901,0.282082,0.149577,-0.337805,0.81491,0.423175,-0.085002
01324180,1523964213452,-8.9793,-3.74219,0.5892,0.495438,-0.0744819,-0.521279,0.668665,0.405489,-0.44701
01324189,1523964213469,-9.17446,-1.6192,2.71617,0.683845,0.216706,-0.0895529,0.738705,-0.151581,-0.461179
01324188,1523964213469,-9.44683,-1.07028,-0.148987,0.246701,0.412016,-0.237817,0.830034,-0.306882,-0.0705
01324185,1523964213469,-9.50614,-1.975,-0.0353423,0.960119,-0.176442,-0.428726,0.793885,0.388664,-0.315846
01324181,1523964213469,-9.21589,-0.0875968,2.58297,0.25515,0.168038,-0.293611,0.812586,0.42537,-0.0842264
01324180,1523964213469,-9.02924,-3.60703,0.536284,0.573022,-0.109094,-0.52802,0.663441,0.406472,-0.450291
01324189,1523964213485,-8.89038,-0.970004,2.54548,0.522062,0.00937173,-0.117315,0.737461,-0.154694,-0.457309
01324188,1523964213485,-9.5589,-1.3177,-0.222879,0.302323,0.468704,-0.254523,0.833943,-0.303504,-0.0632011
01324185,1523964213485,-9.42482,-1.56833,0.262715,1.23316,-0.157417,-0.376449,0.790746,0.38849,-0.324981
01324181,1523964213485,-9.22901,-0.121793,2.67531,0.246005,0.148399,-0.25582,0.811195,0.428688,-0.0838825
01324180,1523964213485,-8.96468,-3.36969,0.535801,0.65196,-0.1121,-0.538047,0.657808,0.407451,-0.451945
01324189,1523964213502,-8.94917,-1.20889,2.39489,0.379475,-0.146288,-0.147698,0.736658,-0.156258,-0.457714
01324188,1523964213502,-9.50493,-1.125,-0.571596,0.235717,0.537339,-0.273688,0.835537,-0.298977,-0.054724
01324185,1523964213502,-9.21309,-1.06862,0.505706,1.41002,-0.172932,-0.350238,0.787469,0.38575,-0.335658
01324181,1523964213502,-9.05421,-0.110185,2.87423,0.201196,0.0366797,-0.220487,0.809154,0.430987,-0.0847064
01324180,1523964213502,-8.71778,-3.03906,0.590781,0.735965,-0.095693,-0.554958,0.653018,0.406993,-0.458099
01324189,1523964213519,-9.37578,-1.56099,2.22037,0.297546,-0.235172,-0.181484,0.735994,-0.156966,-0.45905
01324188,1523964213519,-9.71748,-1.12638,-1.30393,0.176194,0.54073,-0.274079,0.836336,-0.297493,-0.0462927
01324185,1523964213519,-8.96279,-0.533101,0.683592,1.46711,-0.229589,-0.327043,0.783915,0.383523,-0.348952
01324181,1523964213519,-9.07524,-0.0430457,3.53452,0.154592,-0.0494698,-0.193498,0.806041,0.434125,-0.087131
01324180,1523964213519,-8.37411,-2.69732,0.615349,0.792127,-0.0610438,-0.612376,0.647694,0.406548,-0.464784
01324189,1523964213535,-9.95279,-1.40883,1.24609,0.132237,-0.262796,-0.180115,0.733439,-0.157058,-0.462233
01324188,1523964213535,-9.7274,-1.27381,-2.29162,0.0556011,0.502569,-0.282386,0.838058,-0.291565,-0.0397494
01324185,1523964213535,-8.93183,0.0711772,0.836192,1.47877,-0.296732,-0.33685,0.778467,0.376215,-0.362713
01324181,1523964213535,-9.15588,0.0380968,4.01061,0.113149,-0.14738,-0.133002,0.806165,0.436233,-0.0887707
01324180,1523964213535,-8.41771,-2.33585,0.626576,0.797448,-0.0194862,-0.671734,0.64237,0.407426,-0.474686
01324189,1523964213552,-9.97305,-1.02131,0.0156813,-0.0287982,-0.247463,-0.169152,0.731958,-0.155449,-0.464879
01324188,1523964213552,-9.77268,-1.82985,-3.09965,-0.0456186,0.417154,-0.283993,0.839801,-0.288613,-0.0350083
01324185,1523964213552,-9.19573,0.515908,0.915706,1.42721,-0.383072,-0.385517,0.773421,0.372273,-0.377293
01324181,1523964213552,-9.24841,0.187362,4.08203,0.0558025,-0.167439,-0.0674808,0.804043,0.435773,-0.0915291
01324180,1523964213552,-8.74414,-2.15093,0.583318,0.720222,0.026718,-0.713979,0.636474,0.409006,-0.478891
01324189,1523964213569,-10.0023,-1.38336,0.51181,-0.219009,-0.134911,-0.156655,0.729371,-0.151365,-0.467359
01324188,1523964213569,-9.65814,-1.54367,-2.70365,-0.172619,0.324886,-0.271711,0.841674,-0.284949,-0.029955
01324185,1523964213569,-9.6443,0.747143,0.602546,1.29679,-0.419666,-0.470088,0.768104,0.37245,-0.390212
01324181,1523964213569,-9.66581,0.143584,4.11159,-0.00854532,-0.127495,-0.0107943,0.804869,0.435857,-0.0936653
01324180,1523964213569,-9.63978,-2.11331,0.596532,0.618625,0.0208636,-0.698628,0.631385,0.409545,-0.481237
01324189,1523964213585,-10.1455,-2.51047,0.837455,-0.295464,-0.147793,-0.121303,0.726382,-0.146986,-0.470635
01324188,1523964213585,-9.69466,-1.58476,-2.32275,-0.250684,0.255501,-0.228765,0.842454,-0.279871,-0.0266848
01324185,1523964213585,-10.3241,1.1459,0.234475,1.06369,-0.340049,-0.569699,0.763876,0.369409,-0.401929
01324181,1523964213585,-9.81532,0.0303806,3.90994,-0.0248617,-0.137056,0.0469715,0.804082,0.435127,-0.0948376
01324180,1523964213585,-10.6478,-2.30245,0.469641,0.621954,0.00542578,-0.665127,0.627103,0.410514,-0.485073
01324189,1523964213602,-9.60121,-3.4647,1.20668,-0.22148,-0.138299,-0.135376,0.728014,-0.14416,-0.472237
01324188,1523964213602,-9.76929,-2.14414,-1.93685,-0.169938,0.198549,-0.166884,0.842844,-0.277313,-0.0254524
01324185,1523964213602,-11.0712,1.43935,0.108153,0.78414,-0.229456,-0.606508,0.75613,0.372925,-0.409776
01324181,1523964213602,-9.73728,-0.0681566,3.89784,-0.0960905,-0.0624096,0.0728337,0.806004,0.433071,-0.0960106
01324180,1523964213602,-11.3426,-2.04384,0.353103,0.557919,-0.0463907,-0.665675,0.620938,0.411804,-0.488469
01324189,1523964213619,-9.56634,-3.66073,1.52212,-0.00612842,-0.154344,-0.1595,0.726659,-0.141545,-0.474476
01324188,1523964213619,-9.94857,-2.26078,-2.05954,0.0221478,0.152058,-0.132471,0.844747,-0.278033,-0.0232322
01324185,1523964213619,-11.5345,1.25459,0.268191,0.400235,-0.149833,-0.579275,0.750418,0.377306,-0.416594
01324181,1523964213619,-10.0981,-0.062705,3.88094,-0.103206,0.0298469,0.0858127,0.804494,0.434826,-0.0952343
01324180,1523964213619,-11.5358,-1.65845,0.217989,0.346138,-0.0920323,-0.609172,0.615842,0.41454,-0.494554
01324189,1523964213635,-9.61158,-3.03233,1.34904,0.129255,-0.174759,-0.162564,0.726264,-0.140537,-0.47647
01324188,1523964213635,-9.69541,-1.81457,-2.56132,0.102522,0.0842445,-0.0972334,0.84433,-0.276643,-0.0216588
01324185,1523964213635,-11.6218,0.961564,0.456919,0.033963,-0.0805003,-0.511255,0.746337,0.383437,-0.420298
01324181,1523964213635,-10.3815,-0.141195,3.79369,-0.161849,0.0899499,0.0866003,0.805695,0.433998,-0.0931037
01324180,1523964213635,-11.5644,-1.30559,0.147142,0.0739675,-0.136154,-0.553965,0.608674,0.421212,-0.497827
01324189,1523964213652,-9.83412,-2.4306,0.964383,0.153333,-0.123213,-0.155442,0.725735,-0.141105,-0.477673
01324188,1523964213652,-9.79592,-1.54498,-2.7892,-0.0421895,0.0312744,-0.0882044,0.845126,-0.273959,-0.0201544
01324185,1523964213652,-11.4784,0.431064,0.548438,-0.258788,0.000795181,-0.412822,0.743489,0.389947,-0.418913
01324181,1523964213652,-10.6182,-0.289716,3.98339,-0.146788,0.125596,0.097284,0.807694,0.433599,-0.0904589
01324180,1523964213652,-11.3746,-1.03824,0.186716,-0.263649,-0.135099,-0.49365,0.6054,0.425173,-0.495808
01324189,1523964213669,-10.2606,-2.28708,0.348045,0.0421384,-0.0477711,-0.127454,0.723424,-0.139468,-0.478972
01324188,1523964213669,-9.83202,-2.19649,-3.04773,-0.127291,-0.086063,-0.0440336,0.844589,-0.274771,-0.0212757
01324185,1523964213669,-11.2861,-0.00802607,0.881984,-0.456748,0.0956134,-0.278024,0.742816,0.39708,-0.414407
01324181,1523964213669,-10.704,-0.523448,3.75548,-0.145813,0.125471,0.0912927,0.807974,0.431628,-0.0888263
01324180,1523964213669,-11.0358,-1.08849,0.293674,-0.576236,-0.122078,-0.416502,0.601546,0.43321,-0.49478
01324189,1523964213685,-10.4043,-2.58609,-0.00586837,-0.0463865,0.0498424,-0.103029,0.724495,-0.135758,-0.47949
01324188,1523964213685,-9.88078,-2.32951,-3.31087,-0.118143,-0.212509,0.0130539,0.844996,-0.274323,-0.0247537
01324185,1523964213685,-11.2193,-0.407938,1.07735,-0.55322,0.129649,-0.134417,0.741196,0.402804,-0.409883
01324181,1523964213685,-10.8858,-0.634723,3.69366,-0.17784,0.100672,0.090376,0.810668,0.429086,-0.0856126
01324180,1523964213685,-10.7672,-1.32329,0.425517,-0.763585,-0.072313,-0.313717,0.597521,0.442529,-0.4894
01324189,1523964213702,-10.2712,-2.88087,0.0254979,-0.0948704,0.136664,-0.0820526,0.726507,-0.134218,-0.47736
01324188,1523964213702,-9.9865,-2.13267,-3.12893,-0.122792,-0.354761,0.0733882,0.844313,-0.272846,-0.0311161
01324185,1523964213702,-11.1403,-0.678027,1.14711,-0.598402,0.131582,0.0169881,0.74189,0.407185,-0.401826
01324181,1523964213702,-10.8875,-0.680641,3.45303,-0.13511,0.0546148,0.0846714,0.809862,0.427148,-0.0831721
01324180,1523964213702,-10.5323,-1.58308,0.600397,-0.835096,-0.0395761,-0.215593,0.595214,0.453993,-0.484003
01324189,1523964213719,-10.1245,-2.6996,0.196532,-0.0580827,0.208818,-0.0501077,0.729085,-0.134425,-0.47632
01324188,1523964213719,-9.94786,-2.12928,-2.94155,-0.113547,-0.486006,0.122461,0.844334,-0.275449,-0.0377426
01324185,1523964213719,-11.0758,-0.849421,1.09758,-0.710817,0.119606,0.120083,0.744745,0.409526,-0.397285
01324181,1523964213719,-10.6754,-0.585682,3.13862,-0.143921,0.0659695,0.0812816,0.810665,0.42798,-0.0838622
01324180,1523964213719,-10.3452,-1.86203,0.707034,-0.835394,0.0122251,-0.092263,0.595094,0.461499,-0.477906
01324189,1523964213735,-9.94103,-2.52143,0.566597,-0.0449295,0.251862,-0.0377377,0.730273,-0.132143,-0.473907
01324188,1523964213735,-9.83288,-1.7269,-2.61399,-0.130534,-0.611116,0.152832,0.843405,-0.27803,-0.0444904
01324185,1523964213735,-10.8884,-1.0457,1.00423,-0.85021,0.093682,0.209663,0.746251,0.409928,-0.391023
01324181,1523964213735,-10.5347,-0.401952,3.00559,-0.157336,0.0901494,0.100437,0.81035,0.428644,-0.0798868
01324180,1523964213735,-10.1195,-2.1356,0.80441,-0.733328,0.0571287,0.0439669,0.595227,0.470598,-0.472322
01324189,1523964213752,-9.85948,-2.33894,0.926039,-0.0993846,0.289607,-0.0131269,0.733495,-0.130197,-0.47045
01324188,1523964213752,-9.80584,-1.57937,-2.346,-0.156364,-0.700091,0.1738,0.842886,-0.280383,-0.0562113
01324185,1523964213752,-10.5996,-1.21128,0.935334,-0.938294,0.0283944,0.286659,0.748434,0.413023,-0.383873
01324181,1523964213752,-10.4604,-0.262712,2.91646,-0.192204,0.0569879,0.127806,0.812768,0.428067,-0.0785713
01324180,1523964213752,-9.86762,-2.36527,0.88778,-0.645264,0.0965887,0.187108,0.597043,0.472846,-0.465549
01324189,1523964213769,-9.72492,-2.04101,1.14865,-0.10974,0.300944,-0.00432462,0.735904,-0.127658,-0.467781
01324188,1523964213769,-9.79488,-1.19121,-1.99824,-0.227594,-0.77144,0.188445,0.840595,-0.281924,-0.065974
01324185,1523964213769,-10.2093,-1.31975,0.82269,-0.919035,-0.0229141,0.365125,0.752108,0.414843,-0.377109
01324181,1523964213769,-10.3055,0.0157169,2.89038,-0.199641,-0.000570345,0.172939,0.813877,0.4252,-0.0781245
01324180,1523964213769,-9.55336,-2.54306,0.928542,-0.496468,0.120745,0.318217,0.601669,0.475624,-0.458941
01324189,1523964213785,-9.63558,-1.97757,1.15719,-0.106175,0.306077,0.00365598,0.738198,-0.129429,-0.46461
01324188,1523964213785,-9.73722,-1.27939,-1.82943,-0.282415,-0.833624,0.177661,0.838606,-0.287632,-0.0801755
01324185,1523964213785,-9.81425,-1.36091,0.636355,-0.87614,-0.0552796,0.421329,0.757677,0.417222,-0.370487
01324181,1523964213785,-10.1188,0.0664604,2.87369,-0.219561,-0.0615644,0.224998,0.815936,0.421053,-0.0767308
01324180,1523964213785,-9.23396,-2.54648,0.921974,-0.380068,0.0996453,0.428626,0.606609,0.476098,-0.455897
01324189,1523964213802,-9.5654,-2.03213,0.961274,-0.106192,0.328482,0.0080408,0.742645,-0.128376,-0.460639
01324188,1523964213802,-9.75427,-1.30886,-1.7424,-0.311009,-0.903565,0.183775,0.836592,-0.289405,-0.0943997
01324185,1523964213802,-9.43842,-1.3875,0.448267,-0.806082,-0.0621875,0.495204,0.760806,0.415892,-0.366303
01324181,1523964213802,-9.85244,-0.0275035,2.95931,-0.234108,-0.149299,0.265601,0.818134,0.417587,-0.0768142
01324180,1523964213802,-8.94674,-2.46986,0.843026,-0.274445,0.103256,0.530375,0.611188,0.473836,-0.454929
01324189,1523964213819,-9.57455,-2.1572,0.776126,-0.0921438,0.340415,0.0205046,0.745213,-0.130012,-0.457737
01324188,1523964213819,-9.83388,-1.25161,-1.61234,-0.312557,-0.976801,0.188255,0.836596,-0.288653,-0.107279
01324185,1523964213819,-9.17787,-1.2881,0.331758,-0.681907,-0.0732441,0.560563,0.763396,0.41218,-0.361441
01324181,1523964213819,-9.53362,-0.00912213,2.89338,-0.244926,-0.253498,0.277578,0.818165,0.416267,-0.0782485
01324180,1523964213819,-8.76044,-2.44269,0.762821,-0.205796,0.0638846,0.627204,0.617281,0.470417,-0.458869
01324189,1523964213835,-9.49251,-2.11216,0.607045,-0.0556661,0.308915,0.0171131,0.748314,-0.130796,-0.454166
01324188,1523964213835,-9.86802,-1.29799,-1.16403,-0.294942,-1.0588,0.161799,0.833367,-0.291378,-0.122491
01324185,1523964213835,-9.0185,-1.13513,0.197191,-0.59244,-0.0803422,0.637013,0.766656,0.408837,-0.35933
01324181,1523964213835,-9.07253,0.112894,2.75875,-0.258472,-0.334447,0.305231,0.821062,0.41301,-0.0813996
01324180,1523964213835,-8.71493,-2.38347,0.691084,-0.203555,0.0343907,0.700864,0.623783,0.464205,-0.457738
01324189,1523964213852,-9.51542,-2.10181,0.702343,0.015938,0.282321,0.0351773,0.752228,-0.129447,-0.451524
01324188,1523964213852,-9.90053,-0.886525,-0.676564,-0.280781,-1.09878,0.163202,0.831363,-0.294478,-0.139491
01324185,1523964213852,-8.96256,-0.875575,0.0538244,-0.534092,-0.0759698,0.68623,0.772902,0.40226,-0.356805
01324181,1523964213852,-8.84137,0.351081,2.61077,-0.278973,-0.336101,0.315536,0.823171,0.408748,-0.0851857
01324180,1523964213852,-8.59059,-2.4146,0.576118,-0.205762,0.00747584,0.776233,0.629873,0.459016,-0.456851
01324189,1523964213869,-9.65844,-2.02821,0.894534,0.0436211,0.221645,0.0149781,0.755743,-0.131249,-0.447966
01324188,1523964213869,-10.3075,-1.0861,-0.192669,-0.181069,-1.11372,0.190209,0.824584,-0.293366,-0.157515
01324185,1523964213869,-8.91628,-0.635203,-0.0646681,-0.560535,-0.0796792,0.727091,0.780099,0.396276,-0.352721
01324181,1523964213869,-8.69906,0.549436,2.41951,-0.289627,-0.330816,0.317278,0.82528,0.404763,-0.0893763
01324180,1523964213869,-8.57646,-2.36555,0.518521,-0.287559,-0.0567046,0.815715,0.638227,0.451269,-0.446861
01324189,1523964213885,-9.86696,-1.73965,1.34137,0.0782301,0.145404,-0.00959746,0.758033,-0.129576,-0.446507
01324188,1523964213885,-10.5376,-1.86358,0.085716,0.291068,-1.09779,0.241391,0.821899,-0.296625,-0.170881
01324185,1523964213885,-8.88257,-0.577733,-0.178315,-0.615878,-0.100042,0.749386,0.784855,0.390557,-0.349546
01324181,1523964213885,-9.21135,0.737288,2.63481,-0.329929,-0.368209,0.34822,0.827786,0.398984,-0.0903448
01324180,1523964213885,-8.64811,-2.39913,0.418545,-0.415596,-0.0683756,0.851756,0.644849,0.446507,-0.446243
01324189,1523964213902,-10.0001,-1.42141,1.82364,0.0451927,0.0439661,-0.028148,0.760214,-0.1315,-0.445611
01324188,1523964213902,-10.5472,-1.84773,-0.109286,0.759506,-1.11354,0.265663,0.818957,-0.302166,-0.182098
01324185,1523964213902,-9.03238,-0.653871,-0.205088,-0.647086,-0.103591,0.718862,0.788389,0.387373,-0.346522
01324181,1523964213902,-9.93851,0.578137,2.79742,-0.38624,-0.488895,0.369967,0.829215,0.395164,-0.0940002
01324180,1523964213902,-8.91692,-2.52192,0.316155,-0.550369,-0.0975515,0.885895,0.650625,0.442887,-0.439916
01324189,1523964213919,-9.73098,-1.1916,1.93939,0.00835656,-0.00235101,-0.0566683,0.759683,-0.131206,-0.447208
01324188,1523964213919,-10.5549,0.0294454,-0.289903,0.639967,-1.11958,0.277112,0.815065,-0.307792,-0.19425
01324185,1523964213919,-9.53469,-0.862637,-0.222685,-0.64874,-0.100526,0.678988,0.793006,0.383046,-0.344274
01324181,1523964213919,-9.95399,0.456873,2.52434,-0.388015,-0.639536,0.35489,0.830651,0.393549,-0.101422
01324180,1523964213919,-9.4019,-2.78557,0.283387,-0.704587,-0.107386,0.913027,0.657631,0.438686,-0.437131
01324189,1523964213935,-9.61525,-0.909363,2.02594,-0.0923777,-0.00821512,-0.048135,0.76172,-0.130109,-0.447357
01324188,1523964213935,-10.2692,1.51712,-0.0914417,0.173448,-1.10984,0.300572,0.809276,-0.313847,-0.205868
01324185,1523964213935,-10.0704,-0.965217,-0.19627,-0.606877,-0.09758,0.669688,0.79884,0.378706,-0.342684
01324181,1523964213935,-9.28192,0.372803,2.3129,-0.386233,-0.719305,0.352308,0.830792,0.388504,-0.109556
01324180,1523964213935,-9.83819,-3.08774,0.294385,-0.820279,-0.124294,0.949125,0.66357,0.434068,-0.434204
01324189,1523964213952,-9.62532,-0.554172,2.82531,-0.124044,-0.0663571,0.0318366,0.761617,-0.129836,-0.450966
01324188,1523964213952,-10.2383,2.10551,0.579229,-0.386547,-1.06772,0.267089,0.804157,-0.318076,-0.222496
01324185,1523964213952,-10.2872,-0.997414,-0.0216638,-0.580192,-0.070603,0.75628,0.802379,0.368887,-0.34025
01324181,1523964213952,-9.10239,0.357816,2.4689,-0.384282,-0.652532,0.329568,0.83252,0.384472,-0.116133
01324180,1523964213952,-9.87214,-3.44051,0.287283,-0.863587,-0.181192,0.980022,0.670724,0.429586,-0.433318
01324189,1523964213969,-9.60617,-0.51572,3.99833,-0.107968,-0.216399,0.142351,0.761227,-0.129262,-0.453232
01324188,1523964213969,-10.4854,2.04605,1.63578,-0.655328,-0.937295,0.223266,0.799146,-0.317998,-0.237778
01324185,1523964213969,-10.2679,-1.12257,0.160775,-0.593425,-0.0712811,0.854948,0.808222,0.361346,-0.336538
01324181,1523964213969,-9.11233,0.0640717,2.55174,-0.332689,-0.680843,0.324887,0.834257,0.379724,-0.122695
01324180,1523964213969,-9.72195,-3.6367,0.287672,-0.871924,-0.193937,0.95694,0.678127,0.425665,-0.429992
01324189,1523964213985,-9.63004,-0.880736,5.03473,-0.0676547,-0.335637,0.245792,0.762638,-0.130471,-0.457539
01324188,1523964213985,-10.6351,2.16205,2.37231,-0.583869,-0.753921,0.246086,0.797532,-0.318135,-0.255945
01324185,1523964213985,-10.1334,-1.40257,0.296198,-0.653111,-0.0729542,0.895822,0.814876,0.353508,-0.33361
01324181,1523964213985,-9.23078,-0.393712,2.8882,-0.339657,-0.713318,0.288516,0.835324,0.375953,-0.130865
01324180,1523964213985,-9.45795,-3.68752,0.364893,-0.895146,-0.141868,0.93247,0.685364,0.42215,-0.421253
01324189,1523964214002,-9.89349,-1.5163,6.3029,0.0188046,-0.501973,0.278453,0.75997,-0.134157,-0.460883
01324188,1523964214002,-10.6758,2.85677,1.30743,-0.189832,-0.499764,0.391393,0.792258,-0.320239,-0.265032
01324185,1523964214002,-9.97482,-1.76932,0.521259,-0.716764,-0.124435,0.885987,0.819773,0.345133,-0.329365
01324181,1523964214002,-9.44905,-0.765113,2.95188,-0.296492,-0.728912,0.205599,0.834497,0.372368,-0.138222
01324180,1523964214002,-9.16684,-3.80154,0.514537,-0.92903,-0.0775979,0.907996,0.691563,0.417518,-0.416843
01324189,1523964214019,-10.1827,-2.11124,7.81984,0.078591,-0.687049,0.263091,0.754377,-0.139236,-0.470627
01324188,1523964214019,-10.2408,1.46955,1.19148,0.148721,-0.194939,0.558242,0.789863,-0.327311,-0.268676
01324185,1523964214019,-9.9997,-2.09172,0.603283,-0.673286,-0.190196,0.872765,0.824658,0.337809,-0.329049
01324181,1523964214019,-9.48884,-0.872516,3.17586,-0.275809,-0.81128,0.147958,0.833636,0.372891,-0.147525
01324180,1523964214019,-9.14886,-4.11183,0.65802,-0.951152,-0.00338977,0.915329,0.698819,0.41373,-0.411081
01324189,1523964214035,-10.4399,-3.00154,8.73681,0.0995214,-0.911578,0.20235,0.743093,-0.143605,-0.483377
01324188,1523964214035,-9.54402,-1.18285,0.141582,0.863463,0.0929671,0.631987,0.784367,-0.339285,-0.259931
01324185,1523964214035,-10.1214,-2.41847,0.534208,-0.540471,-0.233995,0.85082,0.829814,0.32849,-0.329892
01324181,1523964214035,-9.94397,-0.960842,3.73008,-0.242618,-0.817656,0.0806997,0.832121,0.373239,-0.158677
01324180,1523964214035,-9.33676,-4.53414,0.663533,-0.902923,0.0367295,0.933436,0.706211,0.410678,-0.407603
01324189,1523964214052,-10.4309,-3.42848,8.6675,0.149107,-1.04687,0.116592,0.735846,-0.144614,-0.493471
01324188,1523964214052,-8.62825,-2.89761,-2.71865,2.02044,0.536494,0.708724,0.785824,-0.356895,-0.245431
01324185,1523964214052,-10.5373,-2.64242,0.297124,-0.342412,-0.246685,0.832921,0.833073,0.320591,-0.330218
01324181,1523964214052,-10.102,-0.96761,3.78716,-0.142862,-0.837478,0.0518074,0.831404,0.374153,-0.169584
01324180,1523964214052,-9.92014,-5.00811,0.548892,-0.784636,0.0520982,0.978263,0.714163,0.404116,-0.400691
01324189,1523964214069,-10.21,-3.26018,7.7737,0.268227,-1.09151,0.0690406,0.732167,-0.147309,-0.505493
01324188,1523964214069,-8.30421,-1.04388,-5.26009,2.51391,1.0779,0.685323,0.781287,-0.372169,-0.219534
01324185,1523964214069,-11.0349,-2.72624,0.0378306,-0.112581,-0.203278,0.818045,0.837278,0.309127,-0.332735
01324181,1523964214069,-9.56447,-0.99511,3.65589,-0.055562,-0.830667,0.0368021,0.830191,0.371922,-0.180685
01324180,1523964214069,-10.4946,-5.45872,0.519058,-0.63586,0.0310896,1.00545,0.722556,0.397886,-0.402155
01324189,1523964214085,-9.50976,-2.80492,6.14313,0.271807,-1.11623,-0.0163557,0.723046,-0.150579,-0.517457
01324188,1523964214085,-8.51041,3.32196,-7.47124,1.63217,1.62063,0.510761,0.782846,-0.386566,-0.186656
01324185,1523964214085,-11.2129,-2.52776,-0.0196747,0.0523498,-0.0972985,0.829126,0.842159,0.298075,-0.335781
01324181,1523964214085,-8.71976,-0.985013,3.52586,0.02122,-0.691369,0.0168643,0.827621,0.371263,-0.192735
01324180,1523964214085,-10.5766,-5.84618,0.542714,-0.415396,0.0047004,1.04878,0.730678,0.389892,-0.398922
01324189,1523964214102,-8.12973,-2.06164,4.41536,0.0234885,-1.08323,-0.0761859,0.713086,-0.150948,-0.528853
01324188,1523964214102,-9.12086,4.98947,-7.69579,-0.346286,2.05911,0.250553,0.786384,-0.391072,-0.160321
01324185,1523964214102,-10.9271,-2.1346,0.0635237,0.111364,-0.0114529,0.833542,0.846237,0.286535,-0.3349
01324181,1523964214102,-8.10425,-0.919387,3.37882,0.103438,-0.492059,-0.012001,0.825544,0.370423,-0.199738
01324180,1523964214102,-10.1305,-5.9928,0.751697,-0.164764,-0.00298274,1.03435,0.738173,0.378874,-0.397227
01324189,1523964214119,-7.00948,-1.1907,3.03745,-0.387465,-1.00002,-0.0779639,0.703424,-0.148755,-0.544514
01324188,1523964214119,-9.73333,4.87548,-6.23159,-1.95868,2.32224,0.13433,0.797774,-0.392078,-0.136962
01324185,1523964214119,-10.2408,-1.77762,0.168778,0.041752,0.0650609,0.83297,0.850854,0.272137,-0.336083
01324181,1523964214119,-7.92226,-0.922024,3.30275,0.17323,-0.270669,-0.0456889,0.824241,0.370759,-0.20478
01324180,1523964214119,-9.38714,-5.81916,1.13936,0.0410619,-0.0240639,0.977356,0.745568,0.36378,-0.392504
01324189,1523964214135,-6.37491,-0.38041,2.21682,-0.708384,-0.820644,0.083957,0.696981,-0.143324,-0.557242
01324188,1523964214135,-9.81464,3.83551,-5.38403,-2.81648,2.46452,0.230928,0.803192,-0.392402,-0.11968
01324185,1523964214135,-9.42012,-1.64055,0.302079,-0.0759842,0.0851127,0.776657,0.856558,0.261019,-0.335211
01324181,1523964214135,-7.96843,-0.85467,3.3398,0.267826,-0.139423,-0.0810493,0.82471,0.370186,-0.211018
01324180,1523964214135,-8.5687,-5.45582,1.47804,0.176803,-0.00767879,0.876254,0.750939,0.352826,-0.395234
01324189,1523964214152,-6.34462,0.0850152,2.84058,-0.707793,-0.668312,0.330661,0.688178,-0.140103,-0.563939
01324188,1523964214152,-9.23914,2.62107,-4.06351,-3.01607,2.61988,0.436702,0.804384,-0.389049,-0.10777
01324185,1523964214152,-8.7639,-1.62772,0.370908,-0.186025,0.061251,0.65432,0.860093,0.255147,-0.332684
01324181,1523964214152,-7.83238,-0.741292,3.13564,0.352563,-0.0761546,-0.106679,0.823359,0.3723,-0.213307
01324180,1523964214152,-7.97684,-4.9745,1.8224,0.141394,0.00704678,0.740731,0.758178,0.343592,-0.400254
01324189,1523964214169,-6.71849,-0.771093,3.24338,-0.49095,-0.638203,0.526879,0.68214,-0.141423,-0.572177
01324188,1523964214169,-9.26952,1.61574,-3.37068,-2.58552,2.73565,0.767512,0.806018,-0.391982,-0.0893921
01324185,1523964214169,-8.3394,-1.63036,0.372174,-0.259569,-0.014173,0.52212,0.863623,0.24796,-0.332626
01324181,1523964214169,-7.66302,-0.586293,2.95022,0.414025,-0.00536462,-0.106325,0.822319,0.371953,-0.216743
01324180,1523964214169,-7.58114,-4.95218,1.97865,-0.0355752,0.0128736,0.588356,0.76201,0.336705,-0.399503
01324189,1523964214186,-6.35371,-2.01226,2.96717,-0.308727,-0.509734,0.630251,0.675282,-0.143006,-0.579871
01324188,1523964214186,-9.24709,0.495384,-2.80718,-1.58266,2.81391,1.1275,0.805666,-0.40384,-0.0633334
01324185,1523964214186,-8.12738,-1.66545,0.300373,-0.279792,-0.14922,0.382637,0.866071,0.243342,-0.330891
01324181,1523964214186,-7.72147,-0.424337,2.83082,0.424735,0.0495496,-0.102442,0.82264,0.371274,-0.221383
01324180,1523964214186,-7.41154,-5.29672,1.87449,-0.0689202,-0.000171843,0.445509,0.765967,0.330099,-0.397667
01324189,1523964214202,-5.98785,-2.86295,2.43387,0.0528975,-0.312492,0.659459,0.670068,-0.150232,-0.585221
01324188,1523964214202,-8.91976,0.119852,-2.37314,-0.365718,2.81949,1.35809,0.796668,-0.422905,-0.0295382
01324185,1523964214202,-8.12774,-1.72573,0.203954,-0.242885,-0.212433,0.261388,0.865255,0.23977,-0.333468
01324181,1523964214202,-8.22102,-0.270118,2.82467,0.437178,0.0655748,-0.102236,0.822352,0.371599,-0.219792
01324180,1523964214202,-7.48325,-5.28071,1.64911,0.0582671,-0.0297153,0.372279,0.766571,0.324287,-0.397522
01324189,1523964214219,-6.18701,-2.51398,2.54968,0.420348,-0.0133131,0.637956,0.66823,-0.160975,-0.585553
01324188,1523964214219,-8.49277,0.54672,-2.26482,0.584669,2.72156,1.44498,0.78889,-0.442364,0.00906474
01324185,1523964214219,-8.41781,-1.88533,0.111253,-0.144922,-0.227081,0.12707,0.866062,0.23859,-0.336203
01324181,1523964214219,-8.82774,-0.114826,2.92407,0.435254,0.0181233,-0.0921635,0.821969,0.371558,-0.221913
01324180,1523964214219,-7.92099,-4.99275,1.32256,0.176672,-0.0484412,0.28691,0.767725,0.317746,-0.398211
01324189,1523964214236,-6.4352,-0.266479,1.95025,0.934476,0.147969,0.686478,0.666786,-0.17459,-0.582701
01324188,1523964214236,-8.4592,1.17137,-1.9579,1.20006,2.48851,1.44307,0.780571,-0.462401,0.0508699
01324185,1523964214236,-9.07426,-1.92952,-0.027609,0.0135825,-0.190892,0.0298582,0.86551,0.239086,-0.339734
01324181,1523964214236,-9.20915,-0.0149811,2.88349,0.463543,-0.0220442,-0.0701092,0.822669,0.372598,-0.226194
01324180,1523964214236,-8.66253,-4.82555,1.12289,0.207741,-0.0690032,0.188707,0.769781,0.316,-0.403274
01324189,1523964214252,-6.73352,2.14741,0.972268,1.44326,0.514741,0.767472,0.667925,-0.194725,-0.575381
01324188,1523964214252,-8.66638,2.06754,-1.73338,1.40285,2.19889,1.40759,0.767613,-0.478312,0.0902983
01324185,1523964214252,-9.85359,-1.92481,-0.176271,0.164499,-0.13519,-0.0597897,0.865776,0.238618,-0.342082
01324181,1523964214252,-9.34825,0.0536293,3.00687,0.465227,0.0065863,-0.0543236,0.823252,0.371099,-0.228959
01324180,1523964214252,-9.28512,-4.90918,1.03417,0.170229,-0.0995157,0.133868,0.770356,0.313389,-0.404821
01324189,1523964214269,-8.22086,2.48672,1.78416,1.27484,0.643014,0.795392,0.671886,-0.216639,-0.56329
01324188,1523964214269,-8.56216,2.82388,-1.67848,1.09784,1.90626,1.33679,0.754652,-0.49318,0.126156
01324185,1523964214269,-10.42,-1.77682,-0.177809,0.280488,-0.114095,-0.122014,0.864413,0.237852,-0.345337
01324181,1523964214269,-9.31366,0.0321454,3.07753,0.440355,0.045438,-0.0556362,0.823694,0.369755,-0.231194
01324180,1523964214269,-9.77723,-5.01644,1.04328,0.178452,-0.149335,0.0861815,0.770943,0.310645,-0.408397
01324189,1523964214286,-8.88955,2.10582,1.77388,0.932089,0.689948,0.835157,0.67559,-0.238553,-0.552802
01324188,1523964214286,-8.40843,2.56147,-1.47033,0.529281,1.5699,1.19117,0.739009,-0.512609,0.154626
01324185,1523964214286,-10.5301,-1.54972,-0.0759506,0.373624,-0.0414314,-0.163384,0.863325,0.237533,-0.34729
01324181,1523964214286,-9.21007,-0.0538956,2.98808,0.438764,0.121148,-0.0722298,0.823735,0.368689,-0.234095
01324180,1523964214286,-10.0252,-4.95756,1.13544,0.213775,-0.202813,0.0491764,0.769185,0.311982,-0.408615
01324189,1523964214302,-9.09076,1.68934,1.91467,0.567391,0.861398,0.936721,0.680742,-0.253882,-0.541208
01324188,1523964214302,-8.64292,1.88286,-1.53936,-0.0445527,1.18229,1.02987,0.727934,-0.523112,0.171343
01324185,1523964214302,-10.3173,-1.51232,0.14506,0.472576,0.0665382,-0.194,0.862508,0.237075,-0.349112
01324181,1523964214302,-9.28285,-0.146997,3.04735,0.430067,0.196767,-0.0956498,0.822786,0.368717,-0.233422
01324180,1523964214302,-9.92658,-4.75915,1.20275,0.231832,-0.241497,-0.0300767,0.76737,0.309295,-0.414587
01324189,1523964214319,-9.25653,1.49621,2.09196,0.144212,1.01962,1.02211,0.682214,-0.265813,-0.531285
01324188,1523964214319,-8.96464,1.17362,-1.31864,-0.590061,0.761107,0.930326,0.719049,-0.53561,0.180099
01324185,1523964214319,-10.15,-1.45521,0.537658,0.568152,0.130506,-0.220919,0.861965,0.238776,-0.348604
01324181,1523964214319,-9.30995,-0.169279,3.20217,0.412477,0.192492,-0.135267,0.824665,0.369955,-0.23453
01324180,1523964214319,-9.57152,-4.37408,1.25183,0.229954,-0.245551,-0.0916418,0.765915,0.307727,-0.414867
01324189,1523964214336,-9.403,1.58735,2.05301,-0.168175,1.20589,1.02785,0.688425,-0.277856,-0.518606
01324188,1523964214336,-9.1623,0.00988077,-0.98887,-0.882905,0.396848,0.784492,0.709224,-0.548477,0.178474
01324185,1523964214336,-10.0403,-1.23896,0.800066,0.634074,0.134552,-0.280579,0.861826,0.239028,-0.350174
01324181,1523964214336,-9.24744,-0.141885,3.24068,0.3779,0.215116,-0.152218,0.823306,0.370558,-0.233997
01324180,1523964214336,-9.22902,-4.12898,1.28311,0.212259,-0.220948,-0.186545,0.765006,0.30778,-0.420932
01324189,1523964214352,-9.51434,1.4899,2.35142,-0.368155,1.31326,0.971925,0.697209,-0.285083,-0.507525
01324188,1523964214352,-9.08785,-0.78756,-0.77525,-0.786833,0.0550771,0.641595,0.704685,-0.559752,0.172036
01324185,1523964214352,-9.84171,-1.0186,0.90091,0.681343,0.116072,-0.323935,0.860331,0.239567,-0.351481
01324181,1523964214352,-9.01769,-0.0712269,3.22872,0.360233,0.212901,-0.172932,0.823295,0.371001,-0.233342
01324180,1523964214352,-9.06094,-4.03779,1.2925,0.230443,-0.155543,-0.254561,0.760843,0.30961,-0.423671
01324189,1523964214369,-9.63593,0.886373,2.38833,-0.440578,1.38816,0.891613,0.706492,-0.292444,-0.491767
01324188,1523964214369,-9.02765,-1.50403,-0.408232,-0.431607,-0.239419,0.538154,0.698519,-0.570829,0.161994
01324185,1523964214369,-9.6964,-0.867741,0.985339,0.694846,0.0943013,-0.375723,0.859921,0.239537,-0.353047
01324181,1523964214369,-8.85301,-0.108164,3.31018,0.314942,0.217888,-0.185709,0.823304,0.371258,-0.234676
01324180,1523964214369,-9.00921,-3.92861,1.29844,0.284424,-0.108294,-0.371678,0.757507,0.311013,-0.430214
01324189,1523964214386,-9.98998,0.173815,2.55019,-0.533394,1.42713,0.834448,0.713751,-0.297036,-0.479443
01324188,1523964214386,-9.67905,-2.45393,-0.0768656,-0.00594888,-0.527724,0.390913,0.696387,-0.576434,0.154938
01324185,1523964214386,-9.68138,-0.7209,1.05598,0.733017,0.0652389,-0.426613,0.85761,0.241184,-0.355407
01324181,1523964214386,-8.77156,-0.136259,3.24362,0.289385,0.238404,-0.220806,0.82488,0.371604,-0.230979
01324180,1523964214386,-9.12661,-3.81851,1.25681,0.344172,-0.0445528,-0.478056,0.754797,0.31441,-0.432538
01324189,1523964214402,-10.8015,-0.147742,3.07283,-0.670934,1.39426,0.800455,0.720338,-0.301183,-0.468312
01324188,1523964214402,-11.2953,-4.05618,1.30518,0.500857,-0.885386,0.151281,0.69871,-0.578286,0.15008
01324185,1523964214402,-9.77008,-0.52774,1.04808,0.748053,0.0574773,-0.483544,0.858145,0.243682,-0.357393
01324181,1523964214402,-8.83879,-0.0667793,3.34329,0.242208,0.249043,-0.217106,0.824023,0.373811,-0.228758
01324180,1523964214402,-9.28035,-3.70154,1.21003,0.414487,0.00674948,-0.573894,0.7522,0.316455,-0.427325
01324189,1523964214419,-11.6249,-0.240665,3.71303,-0.699404,1.27225,0.784763,0.725965,-0.305876,-0.456103
01324188,1523964214419,-11.6557,-4.9546,-0.727046,2.06566,-1.12357,-0.202606,0.701262,-0.574349,0.152179
01324185,1523964214419,-9.84925,-0.349115,1.00839,0.747265,0.0595617,-0.540523,0.856506,0.246713,-0.361075
01324181,1523964214419,-8.92066,-0.0168418,3.39494,0.17649,0.282298,-0.232107,0.822884,0.37758,-0.22723
01324180,1523964214419,-9.38051,-3.59799,1.12262,0.460415,0.0528204,-0.675213,0.749334,0.322034,-0.430413
01324189,1523964214436,-11.8426,-0.571172,4.92769,-0.617175,1.18694,0.723069,0.734609,-0.310946,-0.446073
01324188,1523964214436,-11.2998,-2.97824,-3.23616,3.16995,-1.05639,-0.370411,0.706065,-0.562921,0.167646
01324185,1523964214436,-9.94542,-0.218532,0.974765,0.71584,0.078019,-0.574606,0.855143,0.249768,-0.363452
01324181,1523964214436,-9.1078,-0.00454095,3.44663,0.110624,0.329349,-0.219376,0.823215,0.379963,-0.222766
01324180,1523964214436,-9.59502,-3.45505,1.0633,0.483688,0.0899806,-0.773186,0.745662,0.327626,-0.433219
01324189,1523964214452,-11.6598,-0.975957,6.33815,-0.421357,0.971711,0.617503,0.736857,-0.314989,-0.436765
01324188,1523964214452,-12.7971,1.47552,-3.88097,2.14333,-0.962881,-0.465266,0.718734,-0.54988,0.176921
01324185,1523964214452,-10.0418,-0.160169,0.951599,0.692603,0.102414,-0.623192,0.851336,0.257056,-0.3656
01324181,1523964214452,-9.23496,0.0910828,3.34497,0.0155003,0.338855,-0.225004,0.823936,0.384597,-0.219814
01324180,1523964214452,-9.8291,-3.30288,1.02318,0.485606,0.140785,-0.856247,0.740271,0.332395,-0.438719
01324189,1523964214469,-11.279,-0.94403,5.88218,-0.249445,0.754622,0.456707,0.740475,-0.319358,-0.428144
01324188,1523964214469,-11.9132,2.68198,-2.38747,0.551488,-0.962436,-0.784066,0.726399,-0.538234,0.174322
01324185,1523964214469,-10.225,-0.115708,0.932296,0.662488,0.126897,-0.66835,0.849568,0.260982,-0.366677
01324181,1523964214469,-9.53769,0.189281,3.48847,-0.0709779,0.35706,-0.194337,0.824153,0.385822,-0.215989
01324180,1523964214469,-10.058,-3.18464,1.00226,0.469286,0.128625,-0.950423,0.73778,0.339405,-0.439758
01324189,1523964214486,-10.5318,-0.369964,4.54327,-0.351048,0.720573,0.305224,0.74504,-0.319876,-0.421243
01324188,1523964214486,-10.8558,2.25492,-2.56031,-1.1001,-0.875375,-1.07036,0.736651,-0.526946,0.162915
01324185,1523964214486,-10.4565,-0.00846733,0.780965,0.615811,0.124087,-0.729463,0.846851,0.265328,-0.367886
01324181,1523964214486,-9.73365,0.376314,3.34839,-0.172428,0.350036,-0.18543,0.824467,0.387829,-0.209125
01324180,1523964214486,-10.316,-3.05715,0.985944,0.420622,0.157963,-1.02165,0.731341,0.349355,-0.435681
01324189,1523964214502,-10.2223,-0.539618,3.7593,-0.570042,0.672436,0.186347,0.749623,-0.319687,-0.416744
01324188,1523964214502,-11.6673,1.15124,-2.22148,-2.24117,-0.747615,-1.10341,0.750599,-0.518923,0.135908
01324185,1523964214502,-10.5674,0.0692187,0.726678,0.556704,0.114725,-0.753127,0.844401,0.273473,-0.369394
01324181,1523964214502,-9.40509,0.50164,3.18387,-0.24548,0.343241,-0.161222,0.825429,0.393218,-0.204199
01324180,1523964214502,-10.4093,-2.96671,1.00487,0.372011,0.177456,-1.08419,0.7248,0.358316,-0.435675
01324189,1523964214519,-9.867,-1.49427,2.95329,-0.868359,0.611258,0.0352459,0.753103,-0.317311,-0.412082
01324188,1523964214519,-11.2296,-0.108105,-1.65515,-2.34311,-0.582071,-1.05263,0.757628,-0.510967,0.106693
01324185,1523964214519,-10.4659,0.179269,0.648412,0.484322,0.0942617,-0.758043,0.840599,0.28023,-0.369838
01324181,1523964214519,-9.23102,0.46968,3.24839,-0.286517,0.41094,-0.130376,0.825727,0.396372,-0.197226
01324180,1523964214519,-10.2808,-2.81087,1.02148,0.320117,0.19554,-1.16527,0.719562,0.370885,-0.436697
01324189,1523964214536,-9.60557,-2.10995,2.16899,-0.975629,0.636172,-0.107366,0.758341,-0.309811,-0.409406
01324188,1523964214536,-10.5643,-1.31876,-1.27633,-1.67223,-0.465516,-0.993524,0.770483,-0.501289,0.0758982
01324185,1523964214536,-10.1763,0.23045,0.664603,0.401763,0.100813,-0.714686,0.8372,0.287523,-0.371726
01324181,1523964214536,-9.20554,0.504202,2.93877,-0.364957,0.413274,-0.0921955,0.826851,0.396833,-0.188611
01324180,1523964214536,-9.99717,-2.67727,1.02981,0.245476,0.198244,-1.22729,0.714222,0.381437,-0.439515
01324189,1523964214552,-9.6032,-2.28902,1.58435,-0.808204,0.698131,-0.174449,0.765191,-0.301339,-0.405136
01324188,1523964214552,-10.0452,-0.819104,-1.28251,-0.517211,-0.381128,-0.892593,0.778434,-0.490955,0.0639223
01324185,1523964214552,-9.9304,0.161533,0.696034,0.273846,0.0743948,-0.663402,0.83611,0.293723,-0.371782
01324181,1523964214552,-9.18872,0.395137,3.04723,-0.368534,0.432813,-0.0876947,0.827561,0.398851,-0.180954
01324180,1523964214552,-9.73251,-2.55795,0.9968,0.19018,0.222839,-1.32772,0.707089,0.394606,-0.4382
01324189,1523964214569,-9.78815,-1.9477,1.33968,-0.655272,0.663756,-0.172067,0.769184,-0.29437,-0.400042
01324188,1523964214569,-9.62677,1.18685,-2.17996,0.34648,-0.326167,-0.740925,0.784334,-0.47957,0.0644259
01324185,1523964214569,-9.74008,0.0881087,0.686215,0.17168,0.029966,-0.626475,0.83461,0.299893,-0.373405
01324181,1523964214569,-9.24861,0.130047,2.96981,-0.405987,0.372842,-0.0759827,0.828403,0.401986,-0.174518
01324180,1523964214569,-9.58683,-2.40128,0.953162,0.10093,0.251393,-1.36852,0.700767,0.407769,-0.438384
01324189,1523964214586,-9.613,-1.32324,1.16327,-0.612794,0.545926,-0.123773,0.775097,-0.287889,-0.396178
01324188,1523964214586,-9.58699,1.46628,-2.5101,0.538751,-0.278894,-0.606334,0.790792,-0.470657,0.0646332
01324185,1523964214586,-9.5453,-0.038413,0.567565,0.0647732,-0.0204511,-0.577598,0.83189,0.30706,-0.37451
01324181,1523964214586,-9.354,0.0609132,2.91734,-0.411423,0.32708,-0.0642614,0.829937,0.401871,-0.165762
01324180,1523964214586,-9.4721,-2.44731,0.867023,0.0204806,0.26571,-1.3971,0.693337,0.421791,-0.4334
01324189,1523964214602,-9.62522,-0.691199,1.4327,-0.529184,0.470875,-0.116247,0.777754,-0.282475,-0.392686
01324188,1523964214602,-9.52613,0.873629,-2.96245,0.400942,-0.288976,-0.587882,0.795082,-0.462277,0.0645651
01324185,1523964214602,-9.70991,-0.162706,0.440015,-0.0943908,-0.0795091,-0.557445,0.827818,0.314529,-0.374568
01324181,1523964214602,-9.35034,-0.0411458,3.16806,-0.349307,0.290294,-0.0509732,0.831182,0.404029,-0.157981
01324180,1523964214602,-9.3921,-2.43103,0.78572,-0.0438576,0.306102,-1.4113,0.683493,0.436885,-0.430792
01324189,1523964214619,-9.88115,-0.698901,1.82113,-0.422586,0.421497,-0.151281,0.783141,-0.279432,-0.388576
01324188,1523964214619,-9.73021,0.621038,-2.59036,0.00663216,-0.272252,-0.625825,0.799102,-0.453766,0.0618155
01324185,1523964214619,-9.6749,-0.437585,0.239955,-0.229573,-0.149972,-0.512622,0.8232,0.324668,-0.375043
01324181,1523964214619,-9.25458,-0.0712777,2.83357,-0.398204,0.176778,-0.0621694,0.829894,0.406166,-0.152698
01324180,1523964214619,-9.34803,-2.82127,0.755005,-0.0246845,0.297164,-1.31288,0.675213,0.45469,-0.42545
01324189,1523964214636,-10.1587,-1.4179,1.74085,-0.276755,0.378481,-0.243049,0.786199,-0.272735,-0.385213
01324188,1523964214636,-10.4236,0.095997,-2.30825,-0.311423,-0.253117,-0.571239,0.804899,-0.44694,0.057053
01324185,1523964214636,-9.73413,-0.829778,0.122779,-0.30703,-0.161211,-0.476724,0.820753,0.331701,-0.375755
01324181,1523964214636,-9.66235,-0.0303309,3.23106,-0.4151,0.231576,-0.068433,0.830765,0.408538,-0.148372
01324180,1523964214636,-9.22615,-3.00623,0.573914,0.0325571,0.270399,-1.23366,0.668617,0.46741,-0.423477
01324189,1523964214652,-10.2356,-1.91389,1.56558,-0.0747496,0.396955,-0.341895,0.790625,-0.269663,-0.380288
01324188,1523964214652,-10.2524,-0.0211006,-2.20263,-0.252228,-0.210501,-0.586269,0.810026,-0.441353,0.0510096
01324185,1523964214652,-9.68952,-1.18409,0.0129011,-0.24015,-0.140728,-0.478632,0.816813,0.338863,-0.377118
01324181,1523964214652,-9.78479,-0.0436987,2.97454,-0.36526,0.148306,-0.0796283,0.832296,0.410793,-0.142456
01324180,1523964214652,-9.42109,-2.88743,0.53641,-0.00279349,0.22643,-1.14357,0.66125,0.477682,-0.422082
01324189,1523964214669,-10.0872,-1.8267,1.48079,0.148204,0.387563,-0.430006,0.795176,-0.266014,-0.374558
01324188,1523964214669,-10.0221,0.142969,-2.34068,-0.104886,-0.160794,-0.566984,0.814851,-0.431384,0.0479371
01324185,1523964214669,-9.86405,-1.36134,-0.176766,-0.218664,-0.105438,-0.451625,0.813691,0.345919,-0.376653
01324181,1523964214669,-9.77462,-0.0315093,3.04924,-0.37239,0.124359,-0.0832639,0.831967,0.412879,-0.138909
01324180,1523964214669,-9.35094,-3.03033,0.429968,-0.0368968,0.177042,-1.00264,0.65442,0.487359,-0.419626
01324189,1523964214686,-9.79509,-1.26103,1.1613,0.27666,0.349856,-0.433126,0.799188,-0.261494,-0.370019
01324188,1523964214686,-9.52355,0.295221,-2.30745,0.174191,-0.132731,-0.561158,0.818058,-0.423226,0.0467915
01324185,1523964214686,-9.96089,-1.40419,-0.29835,-0.191319,-0.0753379,-0.410153,0.810437,0.351302,-0.375256
01324181,1523964214686,-9.7049,-0.0793646,3.24139,-0.315621,0.0654392,-0.0701744,0.831371,0.414268,-0.13468
01324180,1523964214686,-9.26633,-3.20304,0.420178,-0.0498612,0.0981904,-0.832779,0.648375,0.499056,-0.417952
01324189,1523964214702,-9.62465,-0.688685,1.13818,0.315018,0.31145,-0.420528,0.803444,-0.256392,-0.362801
01324188,1523964214702,-9.38364,0.203418,-2.35584,0.334764,-0.103023,-0.524307,0.821536,-0.415098,0.0461791
01324185,1523964214702,-9.93218,-1.48142,-0.306064,-0.152876,-0.0309294,-0.336495,0.808939,0.357487,-0.376095
01324181,1523964214702,-9.39535,-0.11423,2.88662,-0.270069,0.130664,-0.0801754,0.831318,0.416196,-0.131664
01324180,1523964214702,-9.11889,-3.35028,0.353137,-0.0419291,0.0246502,-0.661001,0.641997,0.504372,-0.41505
01324189,1523964214719,-9.50392,-0.285238,0.618862,0.246018,0.261202,-0.376279,0.80773,-0.253314,-0.357474
01324188,1523964214719,-9.33222,-0.315413,-2.6692,0.380114,-0.0969621,-0.506201,0.825836,-0.408404,0.0478905
01324185,1523964214719,-9.87438,-1.55396,-0.247133,-0.0690435,-0.00993961,-0.270398,0.806629,0.362832,-0.376661
01324181,1523964214719,-9.49119,-0.261213,3.23175,-0.232723,0.155462,-0.083481,0.831279,0.417813,-0.129704
01324180,1523964214719,-8.97106,-3.36032,0.325523,-0.00930939,-0.0484893,-0.504856,0.638043,0.510246,-0.415684
01324189,1523964214736,-9.48706,-0.53721,-0.00024135,0.0966322,0.24887,-0.366104,0.809163,-0.250594,-0.352518
01324188,1523964214736,-9.36644,-0.423498,-2.71127,0.272027,-0.0912676,-0.487408,0.827698,-0.4027,0.0498399
01324185,1523964214736,-9.78759,-1.63627,-0.143243,-0.0501412,-0.0164785,-0.200658,0.804864,0.367067,-0.376304
01324181,1523964214736,-9.33651,-0.346495,2.95423,-0.174719,0.110715,-0.113392,0.83215,0.42088,-0.126323
01324180,1523964214736,-8.75876,-3.30188,0.284413,0.0208155,-0.0906464,-0.320374,0.635429,0.51536,-0.414463
01324189,1523964214752,-9.60435,-0.912701,-0.235466,-0.0164122,0.247442,-0.373564,0.812084,-0.244897,-0.348492
01324188,1523964214752,-9.39559,-0.468507,-2.81171,0.125572,-0.108062,-0.472665,0.832818,-0.396671,0.0498836
01324185,1523964214752,-9.66672,-1.62246,-0.0223884,-0.0289446,-0.0268273,-0.15812,0.80513,0.368446,-0.377886
01324181,1523964214752,-9.28444,-0.384793,3.07122,-0.146259,0.160379,-0.107887,0.831015,0.422974,-0.1229
01324180,1523964214752,-8.54898,-3.23622,0.243319,0.0163169,-0.126785,-0.180023,0.632441,0.519191,-0.415828
01324189,1523964214769,-9.55059,-1.07268,-0.273169,-0.00386686,0.252508,-0.348663,0.815152,-0.238635,-0.345802
01324188,1523964214769,-9.33664,-0.212853,-2.853,0.00359884,-0.11779,-0.442628,0.834269,-0.389924,0.0484023
01324185,1523964214769,-9.53132,-1.54621,0.0341165,-0.017803,-0.033424,-0.103693,0.80513,0.369863,-0.377508
01324181,1523964214769,-9.27183,-0.336018,2.94479,-0.0989585,0.170624,-0.13037,0.83152,0.423598,-0.120261
01324180,1523964214769,-8.35892,-3.33031,0.220489,0.0147814,-0.131536,-0.0315567,0.631645,0.518628,-0.416233
01324189,1523964214786,-9.62065,-1.33633,0.126447,0.0832833,0.229237,-0.346529,0.819341,-0.236434,-0.343959
01324188,1523964214786,-9.34655,-0.262645,-2.62144,-0.0694629,-0.118704,-0.412165,0.836266,-0.383451,0.0463585
01324185,1523964214786,-9.47346,-1.51773,-0.0220334,-0.0339918,-0.0294061,-0.0713969,0.804724,0.368733,-0.377626
01324181,1523964214786,-9.36939,-0.254651,2.90396,-0.058853,0.170435,-0.144276,0.831187,0.427222,-0.11834
01324180,1523964214786,-8.31848,-3.44776,0.186402,0.00840525,-0.148101,0.0939664,0.631706,0.516347,-0.423034
01324189,1523964214802,-9.62892,-1.29183,0.243512,0.13188,0.213201,-0.355218,0.821586,-0.230435,-0.340592
01324188,1523964214802,-9.36753,-0.720654,-2.62674,0.0109105,-0.13183,-0.390507,0.839216,-0.3776,0.0448024
01324185,1523964214802,-9.49293,-1.50807,-0.128059,-0.0635259,-0.0343096,-0.0628238,0.804044,0.369564,-0.378416
01324181,1523964214802,-9.48278,-0.132149,2.76807,-0.0347995,0.147335,-0.152298,0.830608,0.428155,-0.115298
01324180,1523964214802,-8.32162,-3.56583,0.161555,-0.0121662,-0.174095,0.250113,0.633331,0.514867,-0.422818
01324189,1523964214819,-9.60731,-1.28101,0.0679596,0.121416,0.221051,-0.353497,0.823169,-0.227582,-0.337108
01324188,1523964214819,-9.41231,-1.06824,-2.54864,0.131358,-0.118599,-0.371835,0.842167,-0.371914,0.0436399
01324185,1523964214819,-9.51725,-1.50801,-0.228926,-0.0996081,-0.0355185,-0.0432099,0.803635,0.372387,-0.378181
01324181,1523964214819,-9.58498,-0.0435802,2.75364,0.00867825,0.105165,-0.141583,0.829326,0.431807,-0.112703
01324180,1523964214819,-8.43112,-3.67255,0.0873936,-0.0237738,-0.193298,0.3765,0.633919,0.513154,-0.429075
01324189,1523964214836,-9.83293,-1.41433,0.487272,0.0820258,0.184495,-0.326857,0.825299,-0.223311,-0.334824
01324188,1523964214836,-9.44105,-0.9735,-2.28696,0.265715,-0.106025,-0.372559,0.845526,-0.366361,0.0420601
01324185,1523964214836,-9.51767,-1.56352,-0.369066,-0.0897928,-0.0265599,-0.020314,0.803903,0.372367,-0.379227
01324181,1523964214836,-9.57152,0.00270741,2.7142,0.0530601,0.0505422,-0.133589,0.82997,0.434086,-0.112757
01324180,1523964214836,-8.51217,-3.74045,0.0258079,-0.0422637,-0.223116,0.506289,0.636935,0.50774,-0.429769
01324189,1523964214852,-9.769,-1.56185,0.488391,0.145737,0.119954,-0.321203,0.829072,-0.219662,-0.333099
01324188,1523964214852,-9.36657,-0.433033,-2.37908,0.244851,-0.103998,-0.346133,0.847804,-0.361737,0.0420515
01324185,1523964214852,-9.51783,-1.5708,-0.439349,-0.0650165,-0.0109012,-0.0170393,0.804579,0.374626,-0.378989
01324181,1523964214852,-9.59992,0.0289917,2.79562,0.0903788,0.0409241,-0.1312,0.828765,0.434366,-0.113814
01324180,1523964214852,-8.59352,-3.78914,-0.0260079,-0.0758918,-0.270725,0.602455,0.641303,0.502608,-0.433178
01324189,1523964214869,-9.58514,-1.7557,0.387792,0.233452,0.0689029,-0.335951,0.830656,-0.217384,-0.329352
01324188,1523964214869,-9.34192,-0.293983,-2.27705,0.110638,-0.0780697,-0.316677,0.848722,-0.356516,0.0422319
01324185,1523964214869,-9.51291,-1.51789,-0.46922,-0.0157574,0.0172238,0.0235459,0.804992,0.371974,-0.377659
01324181,1523964214869,-9.61907,0.0336057,2.8099,0.108005,0.01752,-0.107322,0.828621,0.436889,-0.116256
01324180,1523964214869,-8.66545,-3.83333,-0.0366203,-0.0929732,-0.298657,0.68128,0.644998,0.496455,-0.433626
01324189,1523964214886,-9.55515,-1.92526,0.3772,0.335894,0.000475184,-0.357695,0.83144,-0.213085,-0.328658
01324188,1523964214886,-9.26247,-1.03007,-1.8739,0.0845457,-0.0298415,-0.310102,0.851271,-0.351935,0.0430252
01324185,1523964214886,-9.51747,-1.42637,-0.467539,0.0217675,0.0121235,0.0779654,0.80621,0.371963,-0.378185
01324181,1523964214886,-9.61914,0.0529981,2.82885,0.139024,-0.0219968,-0.0948366,0.827552,0.436887,-0.117042
01324180,1523964214886,-8.711,-3.85533,-0.0613545,-0.0973213,-0.337317,0.729339,0.649505,0.490592,-0.436511
01324189,1523964214902,-9.82789,-2.1142,0.529346,0.393084,-0.0984773,-0.391023,0.832905,-0.210238,-0.327047
01324188,1523964214902,-9.45485,-1.4133,-1.79192,0.204976,0.00913226,-0.284087,0.853417,-0.347688,0.0417828
01324185,1523964214902,-9.51734,-1.38303,-0.460712,0.0599525,0.00852201,0.106861,0.806483,0.370559,-0.377911
01324181,1523964214902,-9.57557,0.0292518,2.82958,0.14244,-0.050803,-0.0744194,0.828372,0.436292,-0.11757
01324180,1523964214902,-8.752,-3.84559,-0.114872,-0.0715553,-0.348025,0.788341,0.65232,0.482026,-0.443074
01324189,1523964214919,-9.95603,-2.15705,0.69426,0.447098,-0.166317,-0.396019,0.834544,-0.209137,-0.328261
01324188,1523964214919,-9.66643,-1.13574,-2.41609,0.28254,0.0384484,-0.24167,0.854474,-0.343448,0.0441892
01324185,1523964214919,-9.44956,-1.32562,-0.418103,0.134499,0.0171778,0.162837,0.807296,0.369706,-0.378298
01324181,1523964214919,-9.48975,0.0787969,2.81952,0.143277,-0.0497563,-0.0649595,0.827291,0.438677,-0.120399
01324180,1523964214919,-8.81785,-3.80532,-0.115294,-0.0348516,-0.362403,0.813113,0.657259,0.474279,-0.447355
01324189,1523964214936,-9.84763,-1.65033,0.372533,0.460977,-0.197597,-0.388838,0.833992,-0.205963,-0.329434
01324188,1523964214936,-9.50155,-0.365913,-2.94659,0.187194,0.0734257,-0.25078,0.856223,-0.341241,0.0461905
01324185,1523964214936,-9.40073,-1.17177,-0.341706,0.165687,0.0312786,0.193314,0.809057,0.364314,-0.380212
01324181,1523964214936,-9.31286,0.231225,2.91917,0.167997,-0.0740412,-0.0403146,0.827307,0.439336,-0.122937
01324180,1523964214936,-8.73581,-3.77993,-0.143356,-0.0122744,-0.363548,0.830819,0.661556,0.464224,-0.451672
01324189,1523964214952,-9.74045,-0.687188,0.166309,0.468267,-0.206302,-0.346188,0.834832,-0.204276,-0.332909
01324188,1523964214952,-9.40339,0.0524672,-2.83082,0.0414868,0.0977104,-0.256821,0.857821,-0.336726,0.048742
01324185,1523964214952,-9.27968,-1.04727,-0.292362,0.197217,0.0498686,0.231401,0.811361,0.362471,-0.380725
01324181,1523964214952,-9.25763,0.149276,3.05874,0.212217,-0.105148,-0.00452715,0.82759,0.440412,-0.125886
01324180,1523964214952,-8.63265,-3.71098,-0.156471,-0.00732155,-0.350596,0.841485,0.666381,0.453415,-0.452771
01324189,1523964214969,-9.72112,0.0568622,0.489082,0.35654,-0.189429,-0.247096,0.833454,-0.202366,-0.332343
01324188,1523964214969,-9.25799,0.166049,-2.59714,-0.0867721,0.100396,-0.281549,0.858877,-0.331981,0.0496989
01324185,1523964214969,-9.26227,-0.922099,-0.202193,0.199938,0.0456632,0.25438,0.81299,0.357808,-0.381338
01324181,1523964214969,-9.194,-0.0974713,3.10493,0.281465,-0.12945,0.0157413,0.827666,0.437737,-0.130348
01324180,1523964214969,-8.60477,-3.62371,-0.160553,-0.00561191,-0.329058,0.817046,0.670251,0.444955,-0.455969
01324189,1523964214986,-9.70086,0.048176,1.21654,0.132006,-0.217093,-0.162499,0.834138,-0.19966,-0.334336
01324188,1523964214986,-9.20455,0.26024,-2.29999,-0.243781,0.123251,-0.293877,0.859533,-0.328467,0.0491026
01324185,1523964214986,-9.29803,-0.775007,-0.202175,0.163178,0.0504737,0.259498,0.816385,0.351192,-0.380894
01324181,1523964214986,-9.00523,-0.0806036,3.00922,0.326775,-0.1354,0.0275613,0.827847,0.436934,-0.134186
01324180,1523964214986,-8.71188,-3.57678,-0.151674,-0.0174177,-0.284898,0.798854,0.674362,0.438224,-0.457921
01324189,1523964215002,-9.56253,-1.1358,1.5524,-0.172731,-0.266493,-0.113682,0.832399,-0.197479,-0.338848
01324188,1523964215002,-9.43755,-0.643052,-1.95787,-0.432004,0.1461,-0.273684,0.861422,-0.326629,0.0495979
01324185,1523964215002,-9.39426,-0.661282,-0.240473,0.0399487,0.0542827,0.257928,0.81815,0.348092,-0.38087
01324181,1523964215002,-8.87179,-0.0571154,2.91785,0.354271,-0.0854204,0.0520031,0.829507,0.436949,-0.138987
01324180,1523964215002,-8.73609,-3.57711,-0.147078,-0.0389298,-0.235523,0.780607,0.678359,0.430196,-0.460842
01324189,1523964215019,-9.45033,-2.63214,1.62017,-0.269951,-0.362215,-0.148481,0.830666,-0.195874,-0.343633
01324188,1523964215019,-9.57926,-1.70609,-1.57651,-0.34289,0.205635,-0.244093,0.861658,-0.321163,0.0510141
01324185,1523964215019,-9.42551,-0.588903,-0.290833,-0.130834,0.055899,0.25471,0.819911,0.345681,-0.381637
01324181,1523964215019,-8.75847,-0.0386341,2.72503,0.354284,-0.0179868,0.0663452,0.829154,0.435448,-0.142406
01324180,1523964215019,-8.7465,-3.53912,-0.0986342,-0.0881615,-0.187536,0.738445,0.683031,0.422013,-0.464317
01324189,1523964215036,-9.5666,-3.5077,1.57117,-0.124369,-0.504489,-0.216105,0.828005,-0.192105,-0.352269
01324188,1523964215036,-9.55146,-2.06178,-1.75881,-0.0899189,0.264732,-0.199215,0.861927,-0.320921,0.0519684
01324185,1523964215036,-9.2976,-0.527149,-0.345471,-0.28007,0.0398155,0.261752,0.820867,0.343179,-0.379787
01324181,1523964215036,-8.66618,0.195442,2.62936,0.318547,0.0356835,0.103073,0.830143,0.433104,-0.144228
01324180,1523964215036,-8.60729,-3.48022,-0.0341131,-0.146794,-0.144576,0.682093,0.686037,0.417468,-0.464723
01324189,1523964215052,-9.53345,-3.65628,1.45348,0.187881,-0.615737,-0.278826,0.826412,-0.190076,-0.357721
01324188,1523964215052,-9.53341,-1.76146,-1.96142,0.0740335,0.325689,-0.160257,0.863264,-0.31824,0.0564283
01324185,1523964215052,-9.04704,-0.57693,-0.418771,-0.361503,0.0585371,0.289733,0.82467,0.34197,-0.376652
01324181,1523964215052,-8.57612,0.613867,2.54223,0.231292,0.0730524,0.122563,0.830446,0.431218,-0.145255
01324180,1523964215052,-8.38476,-3.48754,-0.00781203,-0.216584,-0.104808,0.60803,0.692821,0.411267,-0.466298
01324189,1523964215069,-9.46749,-3.22228,0.845,0.424716,-0.659843,-0.359714,0.823338,-0.184716,-0.366876
01324188,1523964215069,-9.2504,-1.75007,-2.36322,0.230967,0.378017,-0.12493,0.86256,-0.314868,0.0624382
01324185,1523964215069,-8.78197,-0.670064,-0.40975,-0.376719,0.0553269,0.303321,0.826847,0.340052,-0.373766
01324181,1523964215069,-8.53744,1.0364,2.6189,0.174185,0.0920736,0.150433,0.833033,0.429587,-0.146178
01324180,1523964215069,-8.21044,-3.50749,0.017949,-0.25135,-0.0675782,0.535937,0.69568,0.407445,-0.466146
01324189,1523964215086,-9.36998,-2.29344,0.290771,0.523044,-0.642877,-0.384331,0.819827,-0.181482,-0.37176
01324188,1523964215086,-8.97485,-1.81428,-2.98569,0.24141,0.362615,-0.0984237,0.86309,-0.313595,0.0692439
01324185,1523964215086,-8.63745,-0.747997,-0.395724,-0.30896,0.0386396,0.283762,0.828485,0.337869,-0.369961
01324181,1523964215086,-8.56908,1.34163,2.72877,0.127751,0.0641186,0.170997,0.835241,0.424431,-0.14503
01324180,1523964215086,-8.18015,-3.59132,-0.0112181,-0.268318,-0.0440707,0.453328,0.696533,0.40337,-0.46624
01324189,1523964215102,-9.32882,-1.41359,0.0050227,0.517929,-0.622204,-0.414617,0.817433,-0.178579,-0.379337
01324188,1523964215102,-9.19601,-2.15874,-3.26481,0.272908,0.347148,-0.066535,0.861986,-0.311555,0.0758486
01324185,1523964215102,-8.66158,-0.752661,-0.394643,-0.156038,0.0244085,0.241167,0.830931,0.333666,-0.368622
01324181,1523964215102,-8.69446,1.47589,2.86546,0.109739,0.014185,0.195635,0.834868,0.422423,-0.145516
01324180,1523964215102,-8.305,-3.63546,-0.0851853,-0.233307,-0.0475888,0.374419,0.701236,0.401828,-0.464719
01324189,1523964215119,-9.71081,-1.112,0.354708,0.413117,-0.568279,-0.381233,0.814235,-0.175948,-0.38811
01324188,1523964215119,-9.19195,-1.69622,-3.20647,0.367296,0.304361,-0.0415931,0.860886,-0.309901,0.0813521
01324185,1523964215119,-8.88329,-0.640591,-0.463948,-0.00740999,0.00122899,0.181667,0.832017,0.331693,-0.368607
01324181,1523964215119,-8.69762,1.39332,2.92981,0.0917198,-0.0773508,0.219906,0.837462,0.420357,-0.146696
01324180,1523964215119,-8.56553,-3.66182,-0.165213,-0.165727,-0.0108721,0.306582,0.701398,0.398182,-0.461687
01324189,1523964215136,-9.93829,-0.948856,0.273339,0.293028,-0.520377,-0.379907,0.813467,-0.174231,-0.394243
01324188,1523964215136,-9.2055,-1.47052,-3.75711,0.287153,0.224673,-0.0182362,0.862907,-0.308134,0.0864194
01324185,1523964215136,-9.22525,-0.383337,-0.561141,0.0439186,-0.00704589,0.110297,0.833776,0.330394,-0.370168
01324181,1523964215136,-8.70536,1.24281,2.92782,0.0668306,-0.127074,0.210955,0.837547,0.415441,-0.148986
01324180,1523964215136,-8.82654,-3.66441,-0.211279,-0.102146,-0.0076947,0.249041,0.704892,0.3971,-0.460815
01324189,1523964215152,-9.87831,-0.908683,0.418572,0.213185,-0.452193,-0.362543,0.811194,-0.172901,-0.399291
01324188,1523964215152,-9.18005,-1.12057,-3.81824,0.259308,0.158955,-0.0262346,0.861552,-0.309078,0.0914942
01324185,1523964215152,-9.58179,-0.20299,-0.605965,0.00375462,0.00335006,0.0576219,0.833909,0.331796,-0.370574
01324181,1523964215152,-9.03292,1.10287,3.17956,0.0241934,-0.106095,0.196722,0.839349,0.414187,-0.152831
01324180,1523964215152,-9.13667,-3.62449,-0.221339,-0.0298478,0.00802569,0.179357,0.704792,0.394495,-0.461406
01324189,1523964215169,-10.0191,-0.856813,0.92467,0.231056,-0.4013,-0.327007,0.809733,-0.169295,-0.405267
01324188,1523964215169,-9.35707,-0.572118,-3.53786,0.182647,0.100734,-0.0451468,0.861818,-0.308261,0.0926192
01324185,1523964215169,-10.0109,-0.108835,-0.615254,-0.0713281,0.0317304,0.00999067,0.835133,0.330698,-0.369
01324181,1523964215169,-9.42761,1.07138,3.33944,0.00994676,-0.0972332,0.194364,0.84156,0.409997,-0.153298
01324180,1523964215169,-9.57817,-3.55548,-0.160015,-0.0121063,0.0391443,0.118263,0.70803,0.392108,-0.45988
01324189,1523964215186,-10.1186,-0.812241,1.0991,0.22153,-0.374304,-0.261323,0.807577,-0.166667,-0.409101
01324188,1523964215186,-9.40042,-0.543835,-3.76881,0.137381,0.0274682,-0.0427245,0.861127,-0.306608,0.0948857
01324185,1523964215186,-10.4212,-0.226659,-0.608607,-0.137979,0.0618838,-0.0274559,0.834872,0.331624,-0.364827
01324181,1523964215186,-9.77137,1.11821,3.39672,-0.0399087,-0.0989368,0.198037,0.842683,0.407237,-0.154448
01324180,1523964215186,-9.98648,-3.44782,-0.0643187,-0.0343158,0.0454649,0.0620197,0.708286,0.393265,-0.460131
01324189,1523964215202,-10.1863,-1.06403,1.16037,0.183186,-0.342731,-0.208186,0.804879,-0.164313,-0.413066
01324188,1523964215202,-9.6135,-0.630438,-3.68454,0.123428,-0.0299889,-0.0735722,0.860579,-0.305657,0.0934709
01324185,1523964215202,-10.7665,-0.383356,-0.541263,-0.165182,0.0794949,-0.0478705,0.835411,0.332167,-0.365879
01324181,1523964215202,-9.97711,1.06238,3.42545,-0.0718478,-0.086815,0.184512,0.842746,0.402925,-0.155289
01324180,1523964215202,-10.3429,-3.40427,-0.0119718,-0.0832159,0.0652968,0.0267744,0.708291,0.392389,-0.459067
01324189,1523964215219,-10.2428,-1.3516,0.980421,0.117041,-0.324714,-0.153346,0.802727,-0.163122,-0.416511
01324188,1523964215219,-9.78171,-1.02041,-3.68691,0.158434,-0.0821025,-0.0721477,0.862602,-0.303493,0.093177
01324185,1523964215219,-11.0972,-0.525691,-0.467409,-0.146782,0.107611,-0.0309864,0.835955,0.334451,-0.364335
01324181,1523964215219,-10.1489,0.958459,3.42152,-0.0986143,-0.0564005,0.203879,0.844397,0.401014,-0.156595
01324180,1523964215219,-10.6457,-3.39639,0.0479538,-0.149353,0.0729643,-0.0174775,0.710541,0.393785,-0.456641
01324189,1523964215236,-10.1431,-1.70723,0.688417,0.085721,-0.25539,-0.146491,0.802911,-0.162864,-0.421595
01324188,1523964215236,-9.56268,-1.30901,-3.90981,0.193473,-0.149048,-0.0557819,0.862612,-0.305255,0.0934705
01324185,1523964215236,-11.3433,-0.615573,-0.383157,-0.141462,0.114557,-0.030981,0.835689,0.335767,-0.361864
01324181,1523964215236,-10.2503,0.957297,3.37742,-0.150191,0.000276786,0.211455,0.847099,0.399426,-0.155527
01324180,1523964215236,-10.8324,-3.36975,0.0607785,-0.195564,0.0947486,-0.0624049,0.710213,0.396218,-0.450373
01324189,1523964215252,-10.0553,-2.08101,0.559633,0.0840696,-0.175117,-0.132445,0.801565,-0.162119,-0.423581
01324188,1523964215252,-9.50473,-1.33756,-3.99664,0.160526,-0.221374,-0.0382046,0.863144,-0.303274,0.0914333
01324185,1523964215252,-11.4903,-0.609788,-0.323544,-0.177632,0.141674,0.00633721,0.837725,0.338068,-0.359411
01324181,1523964215252,-10.3703,1.05786,3.2733,-0.180266,0.0582706,0.193108,0.849534,0.397699,-0.154454
01324180,1523964215252,-10.8595,-3.34391,0.0993252,-0.233397,0.133822,-0.0948864,0.712575,0.399349,-0.447507
01324189,1523964215269,-10.0671,-2.34718,0.303601,0.0752265,-0.0930551,-0.130849,0.801571,-0.160832,-0.425043
01324188,1523964215269,-9.49178,-1.76716,-3.94472,0.0981544,-0.308618,0.0135281,0.864497,-0.302109,0.0878536
01324185,1523964215269,-11.5117,-0.527779,-0.308911,-0.282246,0.15895,0.0480173,0.840174,0.33743,-0.355885
01324181,1523964215269,-10.4652,1.09077,3.18995,-0.192775,0.109912,0.212577,0.850348,0.3942,-0.150403
01324180,1523964215269,-10.894,-3.31093,0.137839,-0.265797,0.151652,-0.11605,0.712254,0.402526,-0.444467
01324189,1523964215286,-10.1771,-2.46603,0.346359,0.0906219,0.0103899,-0.134521,0.803876,-0.157732,-0.425981
01324188,1523964215286,-9.58897,-1.89313,-3.80805,0.107183,-0.3873,0.0392645,0.863682,-0.301205,0.0813224
01324185,1523964215286,-11.4583,-0.378861,-0.336994,-0.409615,0.177175,0.0726897,0.841001,0.33754,-0.35014
01324181,1523964215286,-10.5096,0.988698,2.94755,-0.169692,0.149287,0.240386,0.851767,0.390279,-0.147412
01324180,1523964215286,-10.8295,-3.28217,0.230468,-0.307234,0.192263,-0.139772,0.713253,0.408891,-0.444894
01324189,1523964215302,-10.1425,-2.20048,0.511983,0.104644,0.0568922,-0.116799,0.803039,-0.1577,-0.423964
01324188,1523964215302,-9.53964,-1.60957,-3.69549,0.123279,-0.480012,0.0834904,0.865607,-0.304629,0.0759672
01324185,1523964215302,-11.299,-0.317286,-0.373563,-0.596803,0.171317,0.0967102,0.843454,0.339775,-0.343767
01324181,1523964215302,-10.6473,0.710648,2.76122,-0.136762,0.184881,0.250136,0.854206,0.386875,-0.144577
01324180,1523964215302,-10.6393,-3.25693,0.338806,-0.33342,0.208407,-0.165356,0.712797,0.411776,-0.440912
01324189,1523964215319,-9.87814,-1.72992,0.740346,0.0945477,0.091536,-0.0831901,0.803981,-0.157289,-0.423035
01324188,1523964215319,-9.44186,-1.29306,-3.49216,0.127027,-0.540267,0.104982,0.866021,-0.305084,0.0700088
01324185,1523964215319,-11.1162,-0.491766,-0.360185,-0.78553,0.107362,0.124506,0.843193,0.342834,-0.338569
01324181,1523964215319,-10.7072,0.43344,2.66955,-0.116263,0.174225,0.246577,0.855798,0.38607,-0.141123
01324180,1523964215319,-10.4563,-3.21433,0.393998,-0.377495,0.247206,-0.186493,0.713512,0.415626,-0.432199
01324189,1523964215336,-9.68176,-1.49071,0.857219,0.00284645,0.121855,-0.0462781,0.805324,-0.156598,-0.421573
01324188,1523964215336,-9.5211,-1.12559,-3.26202,0.0783791,-0.596312,0.111094,0.866039,-0.306897,0.0620853
01324185,1523964215336,-10.9239,-0.789037,-0.282862,-0.902621,0.0452276,0.140304,0.845643,0.344906,-0.333371
01324181,1523964215336,-10.7231,0.287557,2.8268,-0.114543,0.121161,0.245273,0.858498,0.383791,-0.138978
01324180,1523964215336,-10.2001,-3.21432,0.44967,-0.417998,0.286149,-0.214667,0.715025,0.421218,-0.426165
01324189,1523964215352,-9.59366,-1.6649,0.843304,-0.144298,0.161404,-0.00066064,0.80777,-0.157951,-0.420408
01324188,1523964215352,-9.59693,-1.35361,-3.02352,0.0768892,-0.630711,0.13725,0.867678,-0.307525,0.0531384
01324185,1523964215352,-10.669,-1.10595,-0.193462,-0.935927,-0.0130491,0.181485,0.847009,0.347828,-0.327915
01324181,1523964215352,-10.3972,0.354507,2.80587,-0.0859839,0.0410468,0.217678,0.86066,0.381797,-0.137233
01324180,1523964215352,-9.92411,-3.24035,0.478807,-0.435825,0.314237,-0.221684,0.716272,0.426378,-0.41973
01324189,1523964215369,-9.54294,-1.91629,0.890622,-0.246708,0.228084,0.0148579,0.810182,-0.157135,-0.41695
01324188,1523964215369,-9.57367,-1.6589,-2.78992,0.129537,-0.665589,0.139873,0.867778,-0.310532,0.044285
01324185,1523964215369,-10.3562,-1.43046,-0.121018,-0.872539,-0.0410293,0.261474,0.84973,0.35061,-0.322464
01324181,1523964215369,-10.0862,0.498869,2.84131,-0.0895585,-0.0015374,0.212916,0.862218,0.37521,-0.13658
01324180,1523964215369,-9.65708,-3.30963,0.478616,-0.424016,0.342225,-0.217974,0.714279,0.434363,-0.415488
01324189,1523964215386,-9.48921,-2.18327,0.803984,-0.220543,0.26578,0.0237516,0.811786,-0.155011,-0.415212
01324188,1523964215386,-9.51094,-1.68431,-2.63616,0.230135,-0.715914,0.175417,0.868335,-0.311709,0.03505
01324185,1523964215386,-10.0771,-1.69459,-0.0720183,-0.719574,-0.0258567,0.338542,0.850958,0.350815,-0.319072
01324181,1523964215386,-9.76181,0.565718,2.9218,-0.0895063,-0.0478938,0.195187,0.863994,0.372626,-0.135881
01324180,1523964215386,-9.40434,-3.396,0.48061,-0.391196,0.348688,-0.18615,0.717131,0.439341,-0.407729
01324189,1523964215402,-9.42437,-2.52479,0.782721,-0.151152,0.303007,0.0141333,0.813374,-0.153022,-0.411735
01324188,1523964215402,-9.40875,-1.49257,-2.52318,0.293995,-0.756794,0.194884,0.867683,-0.314793,0.0265187
01324185,1523964215402,-9.91342,-1.80399,-0.107015,-0.533117,-0.0272314,0.378282,0.853135,0.349745,-0.316064
01324181,1523964215402,-9.54992,0.597271,3.00225,-0.0698794,-0.0623024,0.181153,0.864291,0.371308,-0.137052
01324180,1523964215402,-9.25274,-3.50741,0.454892,-0.337088,0.326986,-0.143823,0.717692,0.444493,-0.398042
01324189,1523964215419,-9.35661,-2.70069,0.868906,-0.0244432,0.31893,-0.000584958,0.818375,-0.152992,-0.408046
01324188,1523964215419,-9.51457,-1.32443,-2.37468,0.226156,-0.780837,0.219798,0.867573,-0.317614,0.0153046
01324185,1523964215419,-9.69872,-1.72596,-0.204357,-0.30589,-0.0292886,0.386501,0.856122,0.346955,-0.314479
01324181,1523964215419,-9.22539,0.605948,3.01865,-0.0574122,-0.0996144,0.173813,0.865389,0.370689,-0.138511
01324180,1523964215419,-9.16479,-3.57901,0.474693,-0.258661,0.326591,-0.110838,0.720727,0.447026,-0.394253
01324189,1523964215436,-9.2405,-2.76217,0.998446,0.0869422,0.324679,0.00686554,0.821333,-0.154199,-0.40354
01324188,1523964215436,-9.41328,-1.37489,-2.10547,0.195887,-0.818731,0.243969,0.867195,-0.321024,0.00432616
01324185,1523964215436,-9.47376,-1.40967,-0.338559,-0.129331,-0.0364309,0.364185,0.857483,0.342169,-0.314177
01324181,1523964215436,-8.98994,0.572387,2.96284,-0.0723953,-0.100065,0.153115,0.864859,0.370121,-0.138627
01324180,1523964215436,-8.91973,-3.79773,0.427547,-0.148767,0.283056,-0.0191264,0.723626,0.448973,-0.388853
01324189,1523964215452,-9.21516,-2.71502,1.43144,0.231251,0.331861,0.00467115,0.822404,-0.15766,-0.399566
01324188,1523964215452,-9.34576,-1.38785,-1.66307,0.21959,-0.805437,0.256672,0.866976,-0.328302,-0.00501141
01324185,1523964215452,-9.24631,-1.09576,-0.424315,0.00521838,-0.0223922,0.306059,0.859656,0.335396,-0.314641
01324181,1523964215452,-8.93198,0.604552,3.03504,-0.0980619,-0.121838,0.125409,0.866017,0.365477,-0.140933
01324180,1523964215452,-8.77021,-3.75719,0.412311,-0.00856132,0.22806,0.0384957,0.724135,0.450842,-0.387742
01324189,1523964215469,-9.3252,-2.50297,1.95449,0.320061,0.284425,0.00419474,0.825357,-0.157574,-0.395317
01324188,1523964215469,-9.42718,-1.13734,-1.23634,0.310358,-0.791002,0.252115,0.865108,-0.332003,-0.0154508
01324185,1523964215469,-9.02882,-0.918987,-0.474266,0.0727558,-0.000724978,0.242861,0.86237,0.331449,-0.314612
01324181,1523964215469,-8.85056,0.683091,3.10651,-0.089108,-0.169959,0.105111,0.867281,0.362839,-0.143016
01324180,1523964215469,-8.57313,-3.65326,0.390638,0.0888385,0.174863,0.0861942,0.726301,0.448623,-0.386872
01324189,1523964215486,-9.15857,-2.16568,2.23513,0.443623,0.212362,0.00471104,0.827377,-0.160771,-0.391084
01324188,1523964215486,-9.32434,-0.737987,-0.812389,0.31558,-0.733549,0.251007,0.865794,-0.332178,-0.0243555
01324185,1523964215486,-8.7826,-0.865117,-0.446539,0.155296,0.0121813,0.200109,0.862641,0.329608,-0.315118
01324181,1523964215486,-8.35158,0.786008,3.14154,-0.0793013,-0.246359,0.0896274,0.868269,0.361194,-0.145649
01324180,1523964215486,-8.30949,-3.47657,0.4111,0.161591,0.133869,0.132067,0.729659,0.446805,-0.383716
01324189,1523964215502,-9.05428,-1.80398,2.57031,0.51327,0.0994369,-0.00374919,0.828459,-0.163091,-0.388974
01324188,1523964215502,-9.38596,-0.373078,-0.550495,0.307642,-0.651934,0.253594,0.864887,-0.337973,-0.0339956
01324185,1523964215502,-8.45417,-0.79243,-0.344881,0.263169,0.0102369,0.193975,0.864402,0.326195,-0.316659
01324181,1523964215502,-8.04044,0.920665,3.17959,-0.117436,-0.294727,0.0616549,0.867649,0.360248,-0.150006
01324180,1523964215502,-7.91755,-3.31307,0.452078,0.216316,0.079052,0.16363,0.731434,0.443577,-0.382591
01324189,1523964215519,-9.15624,-1.79435,3.22907,0.473702,-0.00706487,-0.00187745,0.830653,-0.168177,-0.387434
01324188,1523964215519,-9.83724,-0.111662,-0.108943,0.165252,-0.519052,0.236296,0.862195,-0.340707,-0.0399216
01324185,1523964215519,-8.27795,-0.82712,-0.221044,0.40267,0.0114657,0.18612,0.86657,0.320939,-0.318837
01324181,1523964215519,-8.45823,0.794519,3.05859,-0.0995992,-0.275237,0.0592993,0.866844,0.36192,-0.152557
01324180,1523964215519,-7.79339,-3.19339,0.458781,0.253198,0.0577902,0.181299,0.731886,0.440393,-0.384958
01324189,1523964215536,-9.58245,-2.04938,4.29614,0.350547,-0.246411,-0.0426123,0.827151,-0.171403,-0.389292
01324188,1523964215536,-9.96104,-0.169408,0.982728,-0.0547393,-0.31221,0.212248,0.859095,-0.343491,-0.0446341
01324185,1523964215536,-8.42997,-0.831015,-0.248466,0.541152,-0.0238637,0.1352,0.866565,0.315228,-0.322702
01324181,1523964215536,-8.6252,0.78295,2.92491,-0.083652,-0.370721,0.0584619,0.865013,0.362934,-0.159599
01324180,1523964215536,-8.03772,-3.17395,0.403331,0.300065,0.0247274,0.179665,0.734509,0.435732,-0.389278
01324189,1523964215552,-9.76109,-2.79688,4.84716,0.140049,-0.602436,-0.133224,0.824492,-0.171651,-0.395687
01324188,1523964215552,-9.52396,-0.946016,1.47731,-0.216311,-0.0983873,0.218884,0.857771,-0.348268,-0.047878
01324185,1523964215552,-8.81108,-0.80942,-0.290605,0.603934,-0.0250393,0.0824946,0.866562,0.311799,-0.325151
01324181,1523964215552,-8.75833,0.776611,2.81792,-0.188758,-0.437728,0.0763492,0.865331,0.362264,-0.163839
01324180,1523964215552,-8.3954,-3.17748,0.339398,0.311689,-0.00529458,0.195433,0.736728,0.431075,-0.392916
01324189,1523964215569,-9.44276,-3.17181,4.75384,0.149753,-0.951578,-0.305846,0.822945,-0.169503,-0.405955
01324188,1523964215569,-9.15689,-1.10705,0.85982,-0.193189,0.038841,0.219732,0.860902,-0.349874,-0.0489601
01324185,1523964215569,-9.22575,-0.749047,-0.283179,0.664946,-0.0332537,0.0298423,0.869405,0.305387,-0.328758
01324181,1523964215569,-8.76488,0.659942,2.98675,-0.227848,-0.484106,0.0571276,0.865676,0.360281,-0.169247
01324180,1523964215569,-8.77258,-3.17164,0.28016,0.301435,-0.0498031,0.230308,0.738101,0.428442,-0.393259
01324189,1523964215586,-8.74632,-2.42265,3.8299,0.118253,-1.15536,-0.386576,0.815983,-0.164788,-0.420823
01324188,1523964215586,-9.57373,-0.10615,-0.000345073,-0.30797,0.152034,0.213913,0.858893,-0.35387,-0.0499925
01324185,1523964215586,-9.47631,-0.67041,-0.248998,0.740538,-0.0317815,-0.0110186,0.867089,0.302742,-0.334474
01324181,1523964215586,-8.72654,0.641018,2.94872,-0.263249,-0.484706,0.0279224,0.864912,0.360469,-0.174158
01324180,1523964215586,-9.04331,-3.17941,0.258139,0.286827,-0.0907206,0.259,0.739494,0.425392,-0.396583
01324189,1523964215602,-8.43266,-1.32858,3.21925,-0.00662388,-1.19301,-0.344362,0.809007,-0.159349,-0.43475
01324188,1523964215602,-9.76074,0.351954,-0.626319,-0.5764,0.230021,0.175747,0.857747,-0.356564,-0.0498524
01324185,1523964215602,-9.50955,-0.540111,-0.166419,0.817633,0.0123274,-0.017335,0.869118,0.298172,-0.337572
01324181,1523964215602,-8.79877,0.66441,2.96713,-0.253368,-0.480576,0.0107039,0.86256,0.359788,-0.180628
01324180,1523964215602,-9.08765,-3.132,0.291803,0.221489,-0.128222,0.281203,0.739298,0.420188,-0.398576
01324189,1523964215619,-8.68488,-0.661663,2.82059,-0.202068,-1.16064,-0.252644,0.798282,-0.154416,-0.454792
01324188,1523964215619,-9.77229,-0.209268,-1.05192,-0.691819,0.264244,0.147035,0.855575,-0.356736,-0.0484894
01324185,1523964215619,-9.4077,-0.453926,-0.0115257,0.815395,0.0725364,0.0120226,0.867217,0.294163,-0.340925
01324181,1523964215619,-8.75791,0.533818,3.04717,-0.252445,-0.540122,-0.00532334,0.861389,0.361099,-0.186754
01324180,1523964215619,-8.96326,-3.02922,0.298415,0.199129,-0.145572,0.26775,0.742347,0.414077,-0.404147
01324189,1523964215636,-9.06103,-1.06593,2.76202,-0.508814,-1.10894,-0.18617,0.79023,-0.148812,-0.470177
01324188,1523964215636,-9.91329,-0.439059,-1.2196,-0.53656,0.22666,0.142362,0.854777,-0.359155,-0.0494386
01324185,1523964215636,-9.36855,-0.396195,0.194872,0.801809,0.118762,0.0431974,0.86816,0.28901,-0.345059
01324181,1523964215636,-8.69161,0.267691,3.09617,-0.232787,-0.563423,-0.0228105,0.859402,0.363278,-0.193022
01324180,1523964215636,-8.84932,-2.8885,0.358305,0.150038,-0.127954,0.253506,0.743511,0.407696,-0.4074
01324189,1523964215652,-9.24872,-1.38918,3.04157,-0.61608,-1.06886,-0.154576,0.783523,-0.142661,-0.484234
01324188,1523964215652,-9.86599,-0.746763,-1.37842,-0.226072,0.212618,0.142581,0.855461,-0.360069,-0.0488311
01324185,1523964215652,-9.41406,-0.323626,0.254306,0.726144,0.112832,0.0832986,0.871004,0.285021,-0.347252
01324181,1523964215652,-8.54404,0.157873,3.05092,-0.202462,-0.523713,-0.0277589,0.857958,0.364465,-0.198478
01324180,1523964215652,-8.82645,-2.80169,0.392841,0.118566,-0.106422,0.222704,0.744787,0.404522,-0.413832
01324189,1523964215669,-9.24629,-1.58478,3.12383,-0.527436,-1.00157,-0.14907,0.775601,-0.13634,-0.499347
01324188,1523964215669,-9.92779,-0.452357,-1.38061,-0.00452484,0.201838,0.143959,0.854521,-0.362056,-0.0465199
01324185,1523964215669,-9.54162,-0.231336,0.258818,0.567261,0.0901605,0.131271,0.872495,0.281335,-0.348397
01324181,1523964215669,-8.50803,0.172844,3.06535,-0.188075,-0.478976,-0.0481135,0.857188,0.366057,-0.204613
01324180,1523964215669,-8.84115,-2.7998,0.426544,0.0778009,-0.0382263,0.17985,0.745332,0.404375,-0.415194
01324189,1523964215686,-9.31524,-2.11283,3.48385,-0.402261,-0.904399,-0.14703,0.769272,-0.129323,-0.510726
01324188,1523964215686,-10.0033,0.0703226,-1.26202,0.0442657,0.1926,0.124691,0.851822,-0.36474,-0.0442302
01324185,1523964215686,-9.68646,-0.216065,0.175086,0.378188,0.0428524,0.152226,0.872636,0.27627,-0.347957
01324181,1523964215686,-8.58459,0.191296,3.1273,-0.183636,-0.455907,-0.0453241,0.855754,0.365972,-0.209379
01324180,1523964215686,-8.90818,-2.86118,0.449721,0.0283415,0.0156549,0.150023,0.74765,0.401586,-0.416364
01324189,1523964215702,-9.47233,-2.333,3.9141,-0.235301,-0.907769,-0.151756,0.759448,-0.123957,-0.52569
01324188,1523964215702,-10.0026,0.271661,-1.43713,-0.0886284,0.193751,0.0636087,0.849667,-0.367774,-0.040892
01324185,1523964215702,-9.89445,-0.311219,0.0224023,0.175379,-0.0130678,0.180071,0.874258,0.273396,-0.350809
01324181,1523964215702,-8.94998,0.21364,3.15351,-0.184405,-0.3472,-0.0520471,0.852153,0.368448,-0.216167
01324180,1523964215702,-9.09228,-3.04256,0.504932,-0.0152071,0.0808367,0.125585,0.746828,0.400109,-0.409357
01324189,1523964215719,-9.37286,-2.35281,4.41883,-0.135959,-0.925144,-0.144295,0.752613,-0.122397,-0.537776
01324188,1523964215719,-10.0096,0.28939,-1.90411,-0.355056,0.188794,-0.00375508,0.851978,-0.368482,-0.0390801
01324185,1523964215719,-10.0883,-0.5124,-0.132223,0.0163295,-0.0628235,0.161903,0.875613,0.269144,-0.35208
01324181,1523964215719,-9.41319,0.346454,3.148,-0.180943,-0.318491,-0.0344708,0.850802,0.371533,-0.219804
01324180,1523964215719,-9.33277,-3.33523,0.520312,-0.0426873,0.1071,0.122061,0.748589,0.398628,-0.409412
01324189,1523964215736,-9.23816,-2.27228,4.72368,-0.116779,-0.92965,-0.144245,0.745643,-0.12026,-0.550257
01324188,1523964215736,-10.2652,-0.161359,-1.44078,-0.605515,0.217977,-0.0565104,0.851144,-0.365165,-0.0411512
01324185,1523964215736,-10.3063,-0.703829,-0.317458,-0.0786602,-0.111264,0.16067,0.874936,0.269997,-0.351694
01324181,1523964215736,-9.71982,0.551576,3.02136,-0.188099,-0.319213,-0.0275084,0.851493,0.370648,-0.22059
01324180,1523964215736,-9.65589,-3.57504,0.467503,-0.0463797,0.112199,0.130878,0.751262,0.399894,-0.410912
01324189,1523964215752,-9.28704,-2.19956,5.06049,-0.142675,-0.917225,-0.13368,0.738108,-0.117524,-0.560987
01324188,1523964215752,-10.6761,-0.105118,-0.988053,-0.591602,0.254044,-0.0773303,0.852212,-0.362498,-0.039382
01324185,1523964215752,-10.5651,-0.885334,-0.459796,-0.178555,-0.156059,0.167932,0.87683,0.268125,-0.353773
01324181,1523964215752,-9.9365,0.675066,3.14801,-0.195309,-0.294148,-0.0134362,0.84976,0.372023,-0.224187
01324180,1523964215752,-9.93743,-3.64967,0.362836,-0.0465434,0.128204,0.122242,0.753406,0.399707,-0.410272
01324189,1523964215769,-9.36049,-2.42861,5.24117,-0.227849,-0.87573,-0.134023,0.729727,-0.11217,-0.570348
01324188,1523964215769,-10.1754,-0.732541,-1.17879,-0.473164,0.283112,-0.0991142,0.853026,-0.36229,-0.040995
01324185,1523964215769,-10.8093,-1.02836,-0.557057,-0.246649,-0.164136,0.178322,0.876831,0.266291,-0.353885
01324181,1523964215769,-10.0471,0.712538,3.19489,-0.188447,-0.272057,0.0315769,0.848999,0.371235,-0.228015
01324180,1523964215769,-10.0915,-3.6748,0.283854,-0.102408,0.103153,0.139325,0.754742,0.398501,-0.406533
01324189,1523964215786,-8.88018,-2.66931,5.18467,-0.353482,-0.778768,-0.156038,0.718664,-0.10992,-0.581978
01324188,1523964215786,-9.51962,-1.25097,-1.52335,-0.34091,0.337047,-0.131129,0.853528,-0.356178,-0.0379259
01324185,1523964215786,-10.9374,-1.09501,-0.584858,-0.298269,-0.140501,0.203771,0.877103,0.263601,-0.354514
01324181,1523964215786,-10.0226,0.746921,3.03983,-0.190211,-0.225928,0.0405893,0.848594,0.371938,-0.228822
01324180,1523964215786,-10.2693,-3.7536,0.233349,-0.158283,0.0726564,0.165153,0.756643,0.39526,-0.403654
01324189,1523964215802,-8.06454,-2.41711,4.7296,-0.390123,-0.654401,-0.146019,0.712414,-0.102436,-0.591113
01324188,1523964215802,-9.36947,-1.19021,-1.67187,-0.217279,0.346174,-0.167332,0.855136,-0.353293,-0.0348032
01324185,1523964215802,-10.9592,-1.12136,-0.588507,-0.347997,-0.104506,0.232516,0.877104,0.261764,-0.354757
01324181,1523964215802,-9.92785,0.689793,3.06568,-0.218683,-0.15677,0.0533302,0.847262,0.372342,-0.230809
01324180,1523964215802,-10.2967,-3.86966,0.220359,-0.236788,0.0350753,0.188987,0.757701,0.395517,-0.401232
01324189,1523964215819,-7.39874,-2.0502,4.19954,-0.303361,-0.512216,-0.11948,0.707972,-0.100192,-0.597465
01324188,1523964215819,-9.02047,-0.970025,-1.96779,-0.0865117,0.301902,-0.181034,0.853775,-0.353207,-0.0299332
01324185,1523964215819,-10.9881,-1.14282,-0.555505,-0.387976,-0.0571434,0.262879,0.878187,0.261049,-0.355277
01324181,1523964215819,-9.96813,0.541227,3.18418,-0.211512,-0.0771458,0.0540272,0.847136,0.3726,-0.232142
01324180,1523964215819,-10.3173,-3.95192,0.214872,-0.333053,0.0149421,0.213716,0.759868,0.394624,-0.403714
01324189,1523964215836,-7.03958,-2.03018,4.08706,-0.268113,-0.369319,-0.0610618,0.705011,-0.0946822,-0.604344
01324188,1523964215836,-8.68907,-0.258251,-2.21267,-0.0830985,0.291488,-0.182865,0.855657,-0.350851,-0.0249619
01324185,1523964215836,-11.0414,-1.19067,-0.584275,-0.477518,-0.0177016,0.245729,0.879004,0.260221,-0.354357
01324181,1523964215836,-9.95187,0.40797,3.20133,-0.191816,-0.00479225,0.0442609,0.847909,0.37378,-0.230049
01324180,1523964215836,-10.2987,-4.10198,0.272235,-0.414243,-0.0246244,0.247171,0.76173,0.395308,-0.402377
01324189,1523964215852,-6.793,-2.11959,3.67908,-0.193626,-0.185472,-0.045215,0.701745,-0.0914411,-0.606287
01324188,1523964215852,-8.58134,0.14446,-1.92838,-0.27451,0.204756,-0.130254,0.856458,-0.349077,-0.0227065
01324185,1523964215852,-10.9835,-1.19102,-0.577045,-0.60936,-0.00671953,0.247492,0.880636,0.259986,-0.351878
01324181,1523964215852,-9.81356,0.288318,3.18036,-0.173954,0.0393601,0.0411184,0.847899,0.373803,-0.228987
01324180,1523964215852,-10.1322,-4.27971,0.371975,-0.481585,-0.0428726,0.267635,0.763071,0.394548,-0.40052
01324189,1523964215869,-6.96918,-2.23316,3.50621,-0.144525,0.0161016,0.0176863,0.701057,-0.0919931,-0.605214
01324188,1523964215869,-8.92196,-0.415392,-1.33343,-0.432699,0.0914368,-0.0972209,0.858338,-0.345653,-0.0249396
01324185,1523964215869,-10.8581,-1.20143,-0.572601,-0.773459,-0.0263811,0.235866,0.881457,0.262174,-0.347982
01324181,1523964215869,-9.69435,0.187818,3.19754,-0.163086,0.117684,0.0210593,0.848432,0.372419,-0.226572
01324180,1523964215869,-9.94677,-4.43793,0.474425,-0.522641,-0.059171,0.283005,0.764915,0.39418,-0.392989
01324189,1523964215886,-7.75072,-2.58968,3.57558,-0.107171,0.171387,0.0949724,0.702006,-0.0908688,-0.605483
01324188,1523964215886,-9.11242,-0.925092,-1.09629,-0.229932,-0.00209269,-0.0605903,0.857246,-0.344396,-0.0264632
01324185,1523964215886,-10.6727,-1.2941,-0.598996,-0.91358,-0.0490598,0.208912,0.88282,0.262667,-0.344332
01324181,1523964215886,-9.58815,0.106637,3.13698,-0.138061,0.201616,0.0165181,0.84838,0.373094,-0.221937
01324180,1523964215886,-9.75627,-4.60067,0.55273,-0.539797,-0.0874544,0.28877,0.766518,0.394145,-0.391932
01324189,1523964215902,-8.10527,-3.06801,3.63822,-0.071432,0.281702,0.171368,0.703219,-0.0936194,-0.602576
01324188,1523964215902,-8.7164,-1.06532,-1.25213,0.134851,-0.0926089,-0.0439774,0.857102,-0.343061,-0.0269164
01324185,1523964215902,-10.4777,-1.43496,-0.601041,-1.04885,-0.0366595,0.171522,0.882556,0.264279,-0.34108
01324181,1523964215902,-9.37398,0.138435,2.95179,-0.125387,0.271932,-0.00452055,0.849419,0.374275,-0.219581
01324180,1523964215902,-9.62383,-4.75166,0.596698,-0.531639,-0.117543,0.30261,0.768497,0.393335,-0.383467
01324189,1523964215919,-7.8799,-3.02565,3.66412,0.0870214,0.39572,0.208958,0.706594,-0.0959892,-0.598352
01324188,1523964215919,-8.88363,-0.501028,-1.17412,0.326192,-0.191974,-0.0119425,0.857114,-0.344704,-0.0291738
01324185,1523964215919,-10.2466,-1.58567,-0.594827,-1.14872,-0.0219034,0.139172,0.882565,0.267751,-0.33641
01324181,1523964215919,-9.22719,0.183985,2.77557,-0.0932771,0.378175,0.002287,0.850709,0.374523,-0.214021
01324180,1523964215919,-9.42997,-4.78091,0.610514,-0.519049,-0.145692,0.308595,0.769189,0.391878,-0.384452
01324189,1523964215936,-7.47693,-2.66008,3.71733,0.26269,0.516417,0.241224,0.711332,-0.10155,-0.592297
01324188,1523964215936,-8.96008,-0.253962,-1.2961,0.30199,-0.277492,0.00994659,0.856574,-0.344897,-0.0310643
01324185,1523964215936,-10.03,-1.74593,-0.602452,-1.18159,-0.0148053,0.110203,0.883658,0.272077,-0.331229
01324181,1523964215936,-9.19368,0.271845,2.62437,-0.0593877,0.468444,0.00466442,0.852256,0.374796,-0.207135
01324180,1523964215936,-9.198,-4.74886,0.576702,-0.526735,-0.19319,0.271246,0.770112,0.392578,-0.382965
01324189,1523964215952,-7.15792,-2.1839,3.70877,0.314669,0.63666,0.257099,0.71688,-0.109137,-0.584395
01324188,1523964215952,-8.57323,-0.263341,-1.53969,0.316964,-0.346309,0.0270562,0.855626,-0.345134,-0.0318751
01324185,1523964215952,-9.78182,-1.81253,-0.64636,-1.20286,-0.000911922,0.0658601,0.884209,0.278256,-0.325018
01324181,1523964215952,-9.16972,0.383822,2.51129,-0.0434307,0.541391,0.0276349,0.853676,0.374636,-0.200505
01324180,1523964215952,-8.93708,-4.72659,0.586622,-0.559621,-0.207931,0.255936,0.770258,0.39362,-0.387945
01324189,1523964215969,-7.02465,-1.57327,3.64493,0.276234,0.778601,0.277994,0.722242,-0.112679,-0.573782
01324188,1523964215969,-8.09028,-0.49925,-2.54726,0.347368,-0.373645,0.0482997,0.856035,-0.345121,-0.0353805
01324185,1523964215969,-9.5142,-1.84069,-0.66238,-1.1499,0.00354423,0.0299955,0.884494,0.282195,-0.318001
01324181,1523964215969,-9.03743,0.487371,2.40389,-0.0239093,0.58948,0.0460428,0.856974,0.373076,-0.191341
01324180,1523964215969,-8.72444,-4.70468,0.576734,-0.605796,-0.249244,0.208718,0.770799,0.392733,-0.38662
01324189,1523964215986,-7.27095,-1.39375,4.11154,0.161823,0.885264,0.313002,0.729529,-0.118145,-0.56401
01324188,1523964215986,-8.22674,-2.17946,-2.87751,0.20807,-0.275389,-0.0418102,0.854542,-0.344439,-0.040032
01324185,1523964215986,-9.28279,-1.86624,-0.698713,-1.06315,-0.00281177,0.00267552,0.884635,0.288057,-0.313616
01324181,1523964215986,-8.85223,0.577,2.28261,-0.0256793,0.61608,0.0522537,0.858393,0.371807,-0.183094
01324180,1523964215986,-8.48011,-4.70669,0.581526,-0.624008,-0.28335,0.156439,0.770326,0.395597,-0.37926
01324189,1523964216002,-8.12632,-1.8699,4.71723,0.0469941,0.905705,0.291435,0.736663,-0.123599,-0.552496
01324188,1523964216002,-9.68757,-1.0816,-3.95422,0.322696,-0.101354,0.00312724,0.855495,-0.345049,-0.0398127
01324185,1523964216002,-9.0124,-1.77643,-0.699081,-0.935043,-0.00181974,-0.0434582,0.884372,0.293511,-0.308441
01324181,1523964216002,-8.92417,0.527667,2.23479,-0.0452059,0.678036,0.0563242,0.858858,0.370578,-0.173642
01324180,1523964216002,-8.32238,-4.75094,0.604574,-0.642216,-0.322856,0.111164,0.768408,0.398964,-0.378894
01324189,1523964216019,-8.81749,-2.4188,4.92109,-0.0191832,0.927278,0.273546,0.74407,-0.125762,-0.543101
01324188,1523964216019,-9.04391,-2.20383,-3.10194,-0.0477086,0.0914495,-0.113994,0.854941,-0.343126,-0.0402241
01324185,1523964216019,-8.93477,-1.64687,-0.660062,-0.84358,-0.012768,-0.0826297,0.883562,0.297934,-0.305606
01324181,1523964216019,-9.01667,0.502233,2.33129,-0.0666336,0.628569,0.0594389,0.862252,0.370493,-0.162385
01324180,1523964216019,-8.26785,-4.8244,0.534614,-0.614895,-0.342267,0.0355643,0.766493,0.40263,-0.380144
01324189,1523964216036,-9.25386,-2.51592,4.51852,-0.0200192,0.963521,0.225579,0.752266,-0.131375,-0.528791
01324188,1523964216036,-10.6053,-0.468721,0.64395,-0.354159,0.0368811,-0.233858,0.854124,-0.342405,-0.0428618
01324185,1523964216036,-8.96372,-1.66352,-0.636814,-0.767846,-0.0266161,-0.16086,0.881265,0.305221,-0.300442
01324181,1523964216036,-9.06612,0.496713,2.43251,-0.0844273,0.593043,0.0514448,0.863896,0.371404,-0.152458
01324180,1523964216036,-8.20283,-4.92328,0.367942,-0.559794,-0.352928,-0.0327739,0.764589,0.407191,-0.385428
01324189,1523964216052,-10.2473,-2.60278,4.79132,0.115604,0.981378,0.226196,0.759654,-0.135248,-0.516332
01324188,1523964216052,-11.6999,0.293949,-0.273747,-0.085602,0.0505366,-0.176289,0.856685,-0.339504,-0.0435204
01324185,1523964216052,-9.11087,-1.71792,-0.569296,-0.665856,-0.0275628,-0.242576,0.880315,0.311461,-0.298408
01324181,1523964216052,-9.49626,0.469602,2.66211,-0.0987898,0.557904,0.0599192,0.8664,0.368851,-0.143398
01324180,1523964216052,-8.3756,-4.97441,0.216129,-0.494656,-0.341028,-0.0867591,0.761184,0.412188,-0.386629
01324189,1523964216069,-11.0407,-3.14022,4.96754,-0.00693758,0.867078,0.135538,0.766774,-0.135819,-0.506385
01324188,1523964216069,-11.5751,1.37158,-0.664737,-0.192088,0.193906,-0.0975707,0.858696,-0.336038,-0.040501
01324185,1523964216069,-9.43654,-1.71832,-0.594172,-0.536032,-0.0165239,-0.331165,0.880049,0.316463,-0.294797
01324181,1523964216069,-9.81078,0.409908,2.87376,-0.0988187,0.474571,0.0446329,0.867134,0.369981,-0.137054
01324180,1523964216069,-8.74164,-5.04223,0.0575041,-0.394876,-0.317982,-0.121067,0.758071,0.414121,-0.385329
01324189,1523964216086,-10.4741,-3.06278,4.65248,-0.142544,0.77162,0.124486,0.771704,-0.135466,-0.495737
01324188,1523964216086,-10.5507,0.434028,-1.61241,-0.253196,0.293317,-0.0152768,0.858425,-0.336059,-0.0399603
01324185,1523964216086,-9.77682,-1.76439,-0.627658,-0.375484,0.012696,-0.421601,0.877611,0.323005,-0.291716
01324181,1523964216086,-9.55634,0.398403,2.82248,-0.0578374,0.414113,0.0266765,0.868824,0.369955,-0.130695
01324180,1523964216086,-9.10111,-5.08414,-0.0308259,-0.291412,-0.301832,-0.161548,0.756147,0.418511,-0.386293
01324189,1523964216102,-9.14999,-1.76151,3.65709,0.0231707,0.714296,0.194163,0.775733,-0.137696,-0.488845
01324188,1523964216102,-9.31171,-1.23616,-1.33498,0.20359,0.332449,-0.084946,0.858417,-0.335452,-0.0342668
01324185,1523964216102,-9.86588,-1.66757,-0.673369,-0.21935,0.0707964,-0.451043,0.873814,0.329513,-0.290459
01324181,1523964216102,-9.08643,0.387094,2.68081,-0.018649,0.451279,0.0302031,0.867417,0.370112,-0.12444
01324180,1523964216102,-9.19061,-5.07525,-0.0582363,-0.179069,-0.302591,-0.189833,0.751002,0.422954,-0.386669
01324189,1523964216119,-8.22197,-0.143255,2.21084,0.0253188,0.701958,0.332572,0.782725,-0.142856,-0.476926
01324188,1523964216119,-8.64935,-1.29726,-1.91477,0.803128,0.319332,-0.174693,0.857177,-0.333423,-0.0273917
01324185,1523964216119,-9.69151,-1.47836,-0.585725,-0.0880033,0.129531,-0.443103,0.869204,0.338003,-0.288696
01324181,1523964216119,-8.89906,0.343272,2.61039,0.0419393,0.530868,0.0280715,0.869661,0.368237,-0.117251
01324180,1523964216119,-8.99467,-4.89434,-0.0553297,-0.064808,-0.292268,-0.247061,0.746062,0.423655,-0.392256
01324189,1523964216136,-8.0488,0.327799,1.32822,-0.195353,0.764644,0.43117,0.786614,-0.146945,-0.468441
01324188,1523964216136,-8.9988,-0.334558,-2.17106,0.951298,0.304449,-0.179233,0.859341,-0.333384,-0.0166441
01324185,1523964216136,-9.35804,-1.36473,-0.431324,-0.000834485,0.172795,-0.440151,0.867847,0.343952,-0.287181
01324181,1523964216136,-8.75554,0.199412,2.59958,0.122117,0.571388,0.0152193,0.869601,0.366709,-0.108717
01324180,1523964216136,-8.62668,-4.5669,-0.020936,-0.00233376,-0.25995,-0.318531,0.742285,0.427519,-0.396717
01324189,1523964216152,-8.79739,-0.876554,0.791431,-0.362442,0.849332,0.416388,0.788589,-0.150549,-0.459396
01324188,1523964216152,-9.41454,-0.311333,-2.17043,0.674164,0.304664,-0.128087,0.859726,-0.330838,-0.00894908
01324185,1523964216152,-9.00303,-1.32825,-0.252788,0.056439,0.166815,-0.457265,0.865683,0.349374,-0.283698
01324181,1523964216152,-8.60263,-0.017021,2.46947,0.154274,0.590587,0.00147831,0.870865,0.368127,-0.101986
01324180,1523964216152,-8.26546,-4.27826,0.0228458,0.0200672,-0.213016,-0.427084,0.737556,0.431825,-0.399533
01324189,1523964216169,-9.71661,-2.40004,1.04509,-0.325022,0.847354,0.327871,0.792695,-0.15146,-0.447143
01324188,1523964216169,-9.63912,-0.915778,-2.16079,0.312935,0.299032,-0.169576,0.85998,-0.328651,-0.00289066
01324185,1523964216169,-8.75428,-1.26232,-0.186471,0.106224,0.159927,-0.484547,0.863783,0.355886,-0.282187
01324181,1523964216169,-8.58718,-0.147794,2.40445,0.127833,0.572084,-0.0399588,0.871377,0.365681,-0.0958296
01324180,1523964216169,-7.98453,-4.14035,0.0771002,0.0433968,-0.137938,-0.496771,0.732161,0.435266,-0.401276
01324189,1523964216186,-10.2459,-3.78572,1.35648,-0.160477,0.726581,0.238149,0.799282,-0.152023,-0.438394
01324188,1523964216186,-10.0645,-0.885819,-2.08314,-0.0515681,0.287496,-0.163411,0.861852,-0.324621,0.000569689
01324185,1523964216186,-8.60959,-1.30171,-0.143733,0.12892,0.142545,-0.528715,0.861073,0.362129,-0.280016
01324181,1523964216186,-8.79639,-0.0458402,2.27558,0.0799337,0.518436,-0.0695378,0.87076,0.366979,-0.0892085
01324180,1523964216186,-7.91239,-4.10564,0.0707446,0.096731,-0.0802166,-0.568127,0.727807,0.440708,-0.401239
01324189,1523964216202,-10.0874,-4.18916,1.42128,0.0460895,0.54652,0.181404,0.801795,-0.155064,-0.429083
01324188,1523964216202,-10.4429,-1.19625,-1.62253,-0.201238,0.30855,-0.105845,0.86184,-0.32301,0.00349834
01324185,1523964216202,-8.66792,-1.46024,-0.134753,0.234484,0.153436,-0.569708,0.856462,0.368343,-0.279407
01324181,1523964216202,-9.41286,-0.00213125,2.21284,-0.0302376,0.443461,-0.104165,0.871483,0.367162,-0.0804528
01324180,1523964216202,-8.15909,-4.0737,-0.0281631,0.122479,-0.00535708,-0.621883,0.719812,0.44766,-0.400577
01324189,1523964216219,-9.7931,-4.19054,2.00588,0.344357,0.434654,0.165683,0.804896,-0.159289,-0.4234
01324188,1523964216219,-9.68168,-1.92519,-1.21996,0.04326,0.354753,-0.0522018,0.861288,-0.322261,0.0094768
01324185,1523964216219,-8.99174,-1.66531,-0.152751,0.433297,0.173964,-0.610805,0.852928,0.375077,-0.281028
01324181,1523964216219,-10.0396,0.203674,2.55264,-0.0534058,0.2492,-0.1427,0.870331,0.369294,-0.0753048
01324180,1523964216219,-8.63018,-4.09784,-0.0957334,0.178166,0.0519444,-0.668503,0.715068,0.453419,-0.403904
01324189,1523964216236,-9.48318,-3.38961,2.01284,0.565674,0.2855,0.13465,0.805823,-0.165324,-0.417037
01324188,1523964216236,-9.28955,-1.79593,-1.29157,0.371225,0.407526,-0.0174625,0.861284,-0.322375,0.0149905
01324185,1523964216236,-9.4938,-1.72007,-0.264144,0.658452,0.218896,-0.65205,0.849805,0.38085,-0.281335
01324181,1523964216236,-10.1505,0.449797,2.58585,-0.00373476,0.0146461,-0.159547,0.870151,0.370928,-0.0726803
01324180,1523964216236,-9.07811,-4.04446,-0.162652,0.234659,0.0947006,-0.688832,0.709916,0.458001,-0.403061
01324189,1523964216252,-9.16115,-2.25199,2.00094,0.723998,0.15345,0.144235,0.805951,-0.171919,-0.412141
01324188,1523964216252,-9.52251,-0.701674,-1.45611,0.432119,0.474905,-0.00398331,0.861549,-0.322424,0.0252178
01324185,1523964216252,-9.97619,-1.64975,-0.367961,0.856113,0.239997,-0.636989,0.844915,0.387002,-0.283991
01324181,1523964216252,-9.94999,0.318579,2.77319,0.125946,-0.00950296,-0.135206,0.869451,0.37322,-0.0729865
01324180,1523964216252,-9.41251,-3.9876,-0.204274,0.319638,0.109634,-0.716234,0.70301,0.464807,-0.40539
01324189,1523964216269,-9.31964,-1.39168,1.80335,0.622808,0.043127,0.119242,0.804329,-0.176758,-0.410288
01324188,1523964216269,-9.62904,-0.769149,-1.75308,0.261074,0.529914,0.0166821,0.85991,-0.321746,0.0330906
01324185,1523964216269,-10.2994,-1.5804,-0.461598,1.00148,0.21417,-0.61055,0.843012,0.3898,-0.285057
01324181,1523964216269,-9.83543,0.210948,2.54415,0.207759,-0.0376004,-0.127973,0.866899,0.374078,-0.0745718
01324180,1523964216269,-9.55423,-3.89053,-0.180956,0.388988,0.171628,-0.734646,0.699175,0.471103,-0.404127
01324189,1523964216286,-9.59801,-0.80108,1.57286,0.43304,-0.0291259,0.101015,0.80585,-0.180826,-0.410338
01324188,1523964216286,-9.52812,-0.976297,-2.18518,0.152755,0.554041,0.0144641,0.859902,-0.321424,0.0417287
01324185,1523964216286,-10.4244,-1.42073,-0.4773,1.10608,0.167956,-0.549962,0.838254,0.391665,-0.290808
01324181,1523964216286,-9.84499,0.205982,2.54418,0.182852,-0.0269862,-0.126075,0.866603,0.377753,-0.0767707
01324180,1523964216286,-9.57131,-3.7075,-0.158366,0.48302,0.226833,-0.75999,0.692394,0.478336,-0.405503
01324189,1523964216302,-9.71491,-0.488748,0.996061,0.173573,-0.042049,0.0806335,0.803824,-0.184365,-0.409674
01324188,1523964216302,-9.30047,-0.912468,-2.81805,0.059246,0.536007,0.0039327,0.860163,-0.320828,0.0506498
01324185,1523964216302,-10.318,-1.28662,-0.536614,1.18374,0.116829,-0.48171,0.834439,0.393775,-0.298394
01324181,1523964216302,-9.90702,0.316688,2.73969,0.166838,-0.0749887,-0.140225,0.864212,0.377994,-0.0803373
01324180,1523964216302,-9.51809,-3.53824,-0.125497,0.572861,0.282365,-0.80296,0.687958,0.479726,-0.406491
01324189,1523964216319,-9.92891,-0.684865,0.516884,-0.0805739,-0.00664595,0.0646488,0.801247,-0.184588,-0.410449
01324188,1523964216319,-9.5275,-0.882252,-3.23049,-0.0865413,0.515507,-0.00882382,0.858539,-0.32228,0.0573121
01324185,1523964216319,-10.3055,-1.19515,-0.477428,1.2102,0.0890139,-0.418632,0.830496,0.393536,-0.303605
01324181,1523964216319,-10.066,0.416625,2.83577,0.189911,-0.0943444,-0.138714,0.863235,0.381559,-0.0814642
01324180,1523964216319,-9.61302,-3.49595,-0.121358,0.64552,0.329606,-0.784555,0.681892,0.485825,-0.414251
01324189,1523964216336,-10.175,-1.14732,0.383193,-0.246992,0.014155,0.0934222,0.80125,-0.186598,-0.409529
01324188,1523964216336,-9.53831,-1.21168,-3.35497,-0.198093,0.456162,-0.0102275,0.856096,-0.323123,0.0637532
01324185,1523964216336,-10.4405,-1.12695,-0.53301,1.26546,0.0659464,-0.381097,0.828849,0.392808,-0.312216
01324181,1523964216336,-10.3184,0.403741,3.07349,0.211209,-0.0623127,-0.133265,0.86189,0.383241,-0.0838763
01324180,1523964216336,-9.8704,-3.40671,-0.171718,0.694085,0.357798,-0.780454,0.67704,0.489116,-0.416815
01324189,1523964216352,-9.98516,-1.73442,0.186642,-0.296306,0.0371419,0.166035,0.79909,-0.185116,-0.412301
01324188,1523964216352,-9.34114,-1.51575,-3.42113,-0.176901,0.381641,0.0174608,0.855551,-0.323152,0.0676632
01324185,1523964216352,-10.7469,-1.08421,-0.644076,1.29522,0.0517117,-0.363962,0.826932,0.392226,-0.320567
01324181,1523964216352,-10.3928,0.373565,3.29577,0.257393,-0.16145,-0.143727,0.860552,0.385603,-0.0878966
01324180,1523964216352,-10.2261,-3.37152,-0.24267,0.720497,0.378208,-0.741373,0.672597,0.491232,-0.418059
01324189,1523964216369,-9.6763,-1.82127,0.0673717,-0.218103,0.089765,0.173247,0.800195,-0.187734,-0.412335
01324188,1523964216369,-9.38562,-1.78784,-3.45201,-0.134799,0.314389,0.0417938,0.85637,-0.324322,0.0705421
01324185,1523964216369,-11.0171,-1.03685,-0.720347,1.25693,0.0539107,-0.35452,0.823391,0.389108,-0.328887
01324181,1523964216369,-10.1208,0.493275,3.24692,0.270018,-0.232957,-0.183257,0.858443,0.386782,-0.0941424
01324180,1523964216369,-10.4468,-3.49422,-0.29867,0.754907,0.370044,-0.676137,0.669994,0.494152,-0.413639
01324189,1523964216386,-9.86855,-2.11035,0.381145,-0.205137,0.18812,0.17404,0.799493,-0.187131,-0.410449
01324188,1523964216386,-9.43871,-1.74355,-3.20412,-0.0681062,0.246005,0.0892781,0.854743,-0.325084,0.0749584
01324185,1523964216386,-11.0699,-0.91619,-0.775133,1.17026,0.0841137,-0.324842,0.821748,0.385854,-0.336951
01324181,1523964216386,-9.96285,0.640611,3.36585,0.286276,-0.161095,-0.218942,0.856716,0.388143,-0.0984035
01324180,1523964216386,-10.5216,-3.51953,-0.270536,0.787666,0.369187,-0.627572,0.666242,0.495104,-0.416267
01324189,1523964216402,-10.1153,-2.11366,0.401901,-0.148414,0.178982,0.18851,0.800567,-0.188443,-0.408198
01324188,1523964216402,-9.46663,-1.45265,-3.4135,-0.013876,0.189996,0.115575,0.853921,-0.324148,0.077047
01324185,1523964216402,-11.0165,-0.829794,-0.720076,1.11947,0.101799,-0.278989,0.818213,0.387471,-0.340875
01324181,1523964216402,-9.77971,0.705744,3.50102,0.316581,-0.109902,-0.225542,0.855617,0.390571,-0.0992397
01324180,1523964216402,-10.4855,-3.34099,-0.220866,0.785708,0.354322,-0.586333,0.664105,0.494858,-0.417321
01324189,1523964216419,-9.74679,-1.94901,0.496525,-0.0767877,0.209279,0.219718,0.80137,-0.189604,-0.406076
01324188,1523964216419,-9.40744,-1.13407,-3.48905,-0.0764231,0.143204,0.158885,0.852722,-0.327824,0.0781787
01324185,1523964216419,-10.7842,-0.619303,-0.65454,1.0182,0.131179,-0.260411,0.81549,0.383535,-0.347753
01324181,1523964216419,-9.5531,0.86388,3.27484,0.302525,-0.0918059,-0.246967,0.8524,0.393085,-0.104041
01324180,1523964216419,-10.1766,-3.63149,-0.258116,0.845732,0.337763,-0.450822,0.660655,0.492609,-0.418937
01324189,1523964216436,-9.77243,-1.93265,0.740356,0.00457034,0.291316,0.205631,0.801784,-0.195354,-0.403049
01324188,1523964216436,-9.59133,-1.16338,-3.33815,-0.123259,0.0912785,0.186287,0.850701,-0.330152,0.0788663
01324185,1523964216436,-10.5739,-0.557882,-0.51374,0.930452,0.154987,-0.255412,0.815481,0.380916,-0.352039
01324181,1523964216436,-9.60361,1.02829,3.23514,0.2688,-0.0167126,-0.248801,0.851026,0.396918,-0.106232
01324180,1523964216436,-9.95881,-3.25655,-0.316768,0.885418,0.358434,-0.424009,0.658689,0.490935,-0.424075
01324189,1523964216452,-9.91765,-2.00128,0.718045,0.0179117,0.318865,0.230529,0.801364,-0.197632,-0.400521
01324188,1523964216452,-9.48294,-1.27049,-3.24898,-0.117822,0.0526746,0.20893,0.851264,-0.333352,0.0785244
01324185,1523964216452,-10.3131,-0.492021,-0.438234,0.866727,0.13969,-0.263808,0.81398,0.380412,-0.356341
01324181,1523964216452,-9.55225,1.14778,3.23318,0.250071,0.0188738,-0.235532,0.849252,0.401306,-0.109493
01324180,1523964216452,-9.64134,-3.07784,-0.428697,0.90994,0.372242,-0.364002,0.658389,0.484886,-0.430136
01324189,1523964216469,-9.7516,-2.03168,0.462325,0.0483503,0.356468,0.241187,0.803525,-0.201409,-0.396429
01324188,1523964216469,-9.37471,-1.42964,-3.30373,-0.114149,0.0104433,0.234179,0.850467,-0.336294,0.0794275
01324185,1523964216469,-10.0814,-0.435677,-0.436602,0.827033,0.116105,-0.285777,0.813024,0.379499,-0.359857
01324181,1523964216469,-9.45731,1.15627,3.11771,0.261405,0.0214446,-0.191614,0.84668,0.402903,-0.11003
01324180,1523964216469,-9.46994,-2.86815,-0.435539,0.922308,0.402328,-0.332051,0.656566,0.481748,-0.433415
01324189,1523964216486,-9.62044,-2.07225,0.469984,0.0363527,0.420465,0.262326,0.80348,-0.203679,-0.390426
01324188,1523964216486,-9.27771,-1.33903,-3.20904,-0.082522,-0.0292858,0.263176,0.848995,-0.339453,0.078979
01324185,1523964216486,-9.82319,-0.336233,-0.51419,0.752206,0.0897659,-0.266024,0.810581,0.378192,-0.361927
01324181,1523964216486,-9.36366,1.12104,3.06102,0.211401,0.0592701,-0.149775,0.847454,0.4063,-0.111172
01324180,1523964216486,-9.31348,-2.81828,-0.411986,0.934154,0.399753,-0.289818,0.658067,0.479694,-0.433883
01324189,1523964216502,-9.49071,-2.11848,0.375422,0.00436844,0.429404,0.276391,0.80672,-0.207767,-0.385145
01324188,1523964216502,-9.27789,-1.36096,-2.8286,-0.103097,-0.0594566,0.306951,0.846314,-0.34455,0.0768086
01324185,1523964216502,-9.6299,-0.159348,-0.601928,0.678399,0.078624,-0.222544,0.808947,0.376145,-0.365822
01324181,1523964216502,-9.43719,1.02557,3.03823,0.193362,0.061855,-0.104845,0.845026,0.407735,-0.112505
01324180,1523964216502,-9.17258,-2.69884,-0.364034,0.969037,0.395981,-0.271164,0.656817,0.473355,-0.436964
01324189,1523964216519,-9.60419,-1.75539,0.392602,-0.00521947,0.401911,0.276428,0.806684,-0.211763,-0.379023
01324188,1523964216519,-9.31192,-1.40933,-2.78939,-0.0261761,-0.0764135,0.335608,0.844709,-0.348314,0.0768626
01324185,1523964216519,-9.47072,-0.078594,-0.728464,0.602263,0.0906641,-0.152836,0.807311,0.375927,-0.369865
01324181,1523964216519,-9.23999,0.91641,2.90393,0.150577,0.0319974,-0.0877675,0.843392,0.408914,-0.111981
01324180,1523964216519,-9.12184,-2.52727,-0.323926,0.947921,0.379438,-0.237096,0.658478,0.470447,-0.44056
01324189,1523964216536,-9.7517,-1.4239,0.72178,-0.0394781,0.38513,0.310134,0.808582,-0.216542,-0.375337
01324188,1523964216536,-9.34828,-0.771637,-2.93448,-0.0191413,-0.0743791,0.363976,0.842585,-0.355542,0.07334
01324185,1523964216536,-9.37446,-0.103341,-0.805122,0.493317,0.100087,-0.110274,0.807847,0.371766,-0.373746
01324181,1523964216536,-8.99081,0.909728,2.81147,0.0703645,0.0395228,-0.0547563,0.842608,0.407898,-0.113147
01324180,1523964216536,-8.99837,-2.35196,-0.329008,0.874884,0.327857,-0.213288,0.658325,0.463236,-0.446646
01324189,1523964216552,-9.75506,-1.44254,0.816714,-0.139776,0.367241,0.341818,0.809913,-0.219286,-0.370558
01324188,1523964216552,-9.45393,-0.564248,-2.88259,-0.111477,-0.0758388,0.388086,0.84018,-0.361389,0.0715232
01324185,1523964216552,-9.22009,-0.0706339,-0.848462,0.404217,0.107681,-0.0558295,0.807441,0.370206,-0.374253
01324181,1523964216552,-8.95252,1.0752,2.76025,-0.00449545,0.0930905,-0.0213301,0.842595,0.408484,-0.112495
01324180,1523964216552,-8.86538,-2.17191,-0.314637,0.710332,0.301994,-0.177571,0.658907,0.460634,-0.449679
01324189,1523964216569,-9.71474,-1.56308,0.871802,-0.204084,0.376538,0.340691,0.810442,-0.221874,-0.367374
01324188,1523964216569,-9.50284,-0.705395,-2.66915,-0.181105,-0.0837636,0.403447,0.840491,-0.367458,0.0703317
01324185,1523964216569,-9.10674,-0.114624,-0.789777,0.30591,0.137259,-0.0117115,0.807845,0.369479,-0.375423
01324181,1523964216569,-9.15775,1.19887,2.8266,-0.00295175,0.0920404,0.0148938,0.842293,0.408842,-0.109444
01324180,1523964216569,-8.78,-2.06033,-0.269687,0.464364,0.232434,-0.163781,0.657715,0.459054,-0.448748
01324189,1523964216586,-9.62603,-1.84391,0.852757,-0.268756,0.353921,0.368045,0.810939,-0.224158,-0.361111
01324188,1523964216586,-9.46446,-0.778641,-2.55808,-0.142626,-0.0709106,0.425099,0.838074,-0.371202,0.0671654
01324185,1523964216586,-8.9934,-0.0768715,-0.860529,0.198466,0.147298,0.0053264,0.808529,0.367823,-0.37358
01324181,1523964216586,-9.2729,1.18295,2.82858,0.0135552,0.0206132,0.0711389,0.844748,0.406511,-0.10982
01324180,1523964216586,-8.73438,-2.04565,-0.237741,0.231726,0.192264,-0.126858,0.657191,0.457607,-0.447688
01324189,1523964216602,-9.5011,-2.00441,0.711749,-0.261531,0.340009,0.384063,0.811768,-0.227914,-0.36008
01324188,1523964216602,-9.38722,-0.819447,-2.62569,-0.0735645,-0.0694637,0.466312,0.834726,-0.378189,0.0651545
01324185,1523964216602,-9.06113,-0.0717325,-0.966868,0.0412708,0.155914,0.0105628,0.80745,0.366017,-0.372252
01324181,1523964216602,-9.30506,1.11216,2.89252,0.00694266,-0.013643,0.131215,0.842588,0.406416,-0.108998
01324180,1523964216602,-8.71685,-2.08884,-0.242641,-0.00976639,0.166307,-0.100449,0.657714,0.458171,-0.446469
01324189,1523964216619,-9.43331,-2.16947,0.637311,-0.211603,0.316191,0.405585,0.810001,-0.233031,-0.357157
01324188,1523964216619,-9.44488,-0.702551,-2.41453,-0.0307507,-0.0526131,0.479165,0.831117,-0.386845,0.0646582
01324185,1523964216619,-9.29314,-0.169092,-1.06269,-0.166008,0.175553,0.0158222,0.808404,0.36748,-0.369395
01324181,1523964216619,-9.43728,0.962564,2.94526,0.0201193,-0.00421288,0.160611,0.843689,0.404541,-0.108971
01324180,1523964216619,-8.83587,-2.23514,-0.237356,-0.235652,0.114916,-0.0266405,0.657416,0.460787,-0.446547
01324189,1523964216636,-9.62532,-2.09284,0.625788,-0.132932,0.255031,0.429099,0.810413,-0.237633,-0.354657
01324188,1523964216636,-9.5414,-0.655952,-2.47677,0.0286899,-0.0389588,0.520418,0.827632,-0.393919,0.0645286
01324185,1523964216636,-9.61209,-0.321265,-1.13482,-0.354443,0.159644,0.0094023,0.809088,0.37065,-0.365769
01324181,1523964216636,-9.46022,0.845872,2.90629,0.0279459,-0.0124582,0.192425,0.844775,0.403948,-0.109235
01324180,1523964216636,-9.0645,-2.50581,-0.233825,-0.388286,0.0632909,0.0722394,0.658464,0.461327,-0.443039
01324189,1523964216652,-9.81581,-1.74573,0.502918,-0.0684857,0.197433,0.437449,0.810972,-0.243965,-0.352305
01324188,1523964216652,-9.55497,-0.406286,-2.65942,0.0653705,-0.0308057,0.549072,0.825091,-0.399808,0.0636535
01324185,1523964216652,-9.87814,-0.567615,-1.15002,-0.527215,0.140411,0.0386953,0.809642,0.371454,-0.360552
01324181,1523964216652,-9.38309,0.754674,2.8071,0.0172107,-0.0139951,0.207088,0.846046,0.400184,-0.110498
01324180,1523964216652,-9.25441,-2.77848,-0.227509,-0.511067,0.0299647,0.13802,0.659657,0.464231,-0.447186
01324189,1523964216669,-9.71338,-1.20295,0.453981,-0.0283209,0.157301,0.454511,0.81015,-0.247668,-0.349382
01324188,1523964216669,-9.49065,0.00104464,-2.67084,0.0218272,-0.0174387,0.573699,0.822431,-0.408341,0.0632876
01324185,1523964216669,-9.91247,-0.803307,-1.0976,-0.665763,0.126343,0.0865755,0.811958,0.373536,-0.354831
01324181,1523964216669,-9.1569,0.757325,2.83748,0.0242309,0.00048099,0.226097,0.846629,0.397018,-0.11097
01324180,1523964216669,-9.25162,-2.99349,-0.209328,-0.617286,-0.00886084,0.217904,0.662694,0.465591,-0.441259
01324189,1523964216686,-9.65697,-0.775735,0.522299,-0.0585286,0.123106,0.470451,0.807728,-0.253929,-0.348468
01324188,1523964216686,-9.52908,0.0712123,-2.68561,-0.0443902,-0.0252648,0.587313,0.819493,-0.415784,0.0615123
01324185,1523964216686,-9.75594,-1.02561,-0.898197,-0.72874,0.113707,0.173441,0.811699,0.375327,-0.349621
01324181,1523964216686,-8.97051,0.890488,2.89891,0.0313652,0.0251998,0.224503,0.849233,0.393264,-0.110919
01324180,1523964216686,-9.02239,-3.1557,-0.137892,-0.650116,-0.0153116,0.26855,0.661704,0.468046,-0.436602
01324189,1523964216702,-9.65958,-0.46111,0.479273,-0.118368,0.125469,0.486234,0.806932,-0.260084,-0.346769
01324188,1523964216702,-9.49016,0.142977,-2.624,-0.077402,-0.0216245,0.615451,0.81304,-0.425568,0.0612504
01324185,1523964216702,-9.49798,-1.21,-0.684119,-0.729526,0.12225,0.234565,0.814431,0.376352,-0.340232
01324181,1523964216702,-8.89865,0.93498,2.93233,0.0685568,0.0647793,0.258319,0.84807,0.387894,-0.108669
01324180,1523964216702,-8.73862,-3.22522,-0.0968331,-0.646854,-0.0338236,0.315833,0.664058,0.468078,-0.424747
01324189,1523964216719,-9.76149,-0.301173,0.537175,-0.208127,0.124771,0.532152,0.803836,-0.267047,-0.345986
01324188,1523964216719,-9.53861,0.116328,-2.58006,-0.0696046,-0.0361105,0.594097,0.809162,-0.43446,0.0596655
01324185,1523964216719,-9.29531,-1.28336,-0.541606,-0.686378,0.118927,0.295727,0.814441,0.376855,-0.336056
01324181,1523964216719,-8.92891,1.03895,2.92048,0.100508,0.0650352,0.26942,0.849201,0.383171,-0.108051
01324180,1523964216719,-8.51785,-3.27586,-0.0852884,-0.608717,-0.0434318,0.363419,0.665901,0.469182,-0.420699
01324189,1523964216736,-9.84916,-0.163215,0.565601,-0.27392,0.108241,0.549747,0.802375,-0.272046,-0.346678
01324188,1523964216736,-9.77077,0.100056,-2.54441,-0.070411,-0.0384242,0.606422,0.805941,-0.44042,0.0605449
01324185,1523964216736,-9.24718,-1.31737,-0.54817,-0.623919,0.104442,0.316152,0.818653,0.3785,-0.33099
01324181,1523964216736,-9.47747,1.01071,2.82574,0.06488,0.0936146,0.282849,0.850734,0.379558,-0.108789
01324180,1523964216736,-8.53625,-3.33858,-0.109981,-0.58638,-0.0477341,0.407476,0.667599,0.47042,-0.41462
01324189,1523964216752,-9.82586,0.00414198,0.575383,-0.34325,0.079626,0.562,0.801187,-0.277625,-0.346976
01324188,1523964216752,-9.64902,0.340848,-2.56198,-0.0302518,-0.0279122,0.622754,0.801661,-0.450177,0.0589109
01324185,1523964216752,-9.49841,-1.33042,-0.731389,-0.591383,0.0818956,0.295906,0.821375,0.377882,-0.32642
01324181,1523964216752,-9.55557,0.801055,2.93069,0.0967031,0.0286594,0.305502,0.85252,0.376533,-0.108611
01324180,1523964216752,-8.93148,-3.44441,-0.128922,-0.548994,-0.0678357,0.456866,0.671741,0.470035,-0.410906
01324189,1523964216769,-9.80239,0.302879,0.653629,-0.358838,0.0400895,0.563791,0.798504,-0.281159,-0.348846
01324188,1523964216769,-9.38179,0.627682,-2.65814,-0.0388856,-0.0386428,0.608429,0.797047,-0.45723,0.0579396
01324185,1523964216769,-9.87271,-1.36918,-0.904223,-0.580238,0.0541828,0.268941,0.822748,0.377874,-0.319499
01324181,1523964216769,-9.54273,0.650882,2.81773,0.0540193,-0.0263449,0.300003,0.855401,0.371645,-0.107875
01324180,1523964216769,-9.2534,-3.60737,-0.142628,-0.528877,-0.0577228,0.525669,0.675346,0.469069,-0.405574
01324189,1523964216786,-9.70907,0.436373,0.633065,-0.352073,-0.00491501,0.546109,0.795173,-0.288851,-0.351411
01324188,1523964216786,-9.40784,0.779773,-2.67135,-0.0894662,-0.0389236,0.611612,0.793712,-0.465934,0.0552831
01324185,1523964216786,-10.1549,-1.30971,-0.972825,-0.560147,0.0369988,0.246129,0.825201,0.375145,-0.314777
01324181,1523964216786,-9.87926,0.554609,2.94058,0.00974113,0.0226189,0.269638,0.856393,0.367074,-0.106993
01324180,1523964216786,-9.54578,-3.80366,-0.168312,-0.507906,-0.0945831,0.576552,0.677007,0.465573,-0.40783
01324189,1523964216802,-9.7157,0.402656,0.662293,-0.38768,-0.021805,0.544246,0.790997,-0.294499,-0.352344
01324188,1523964216802,-9.57478,0.753119,-2.56392,-0.12085,-0.0438654,0.606007,0.788868,-0.472295,0.0529266
01324185,1523964216802,-10.3477,-1.28201,-0.960001,-0.565161,0.0502914,0.252044,0.825214,0.37439,-0.310066
01324181,1523964216802,-9.7798,0.628617,2.88184,0.0133405,-0.0555482,0.251676,0.858342,0.363288,-0.108794
01324180,1523964216802,-9.80551,-3.91277,-0.183532,-0.492921,-0.137512,0.622972,0.681319,0.46258,-0.405116
01324189,1523964216819,-9.82474,0.189545,0.73402,-0.428703,-0.0265461,0.526373,0.788592,-0.2979,-0.354885
01324188,1523964216819,-9.6474,0.731263,-2.50299,-0.110409,-0.0501144,0.593608,0.783916,-0.482923,0.0515162
01324185,1523964216819,-10.2898,-1.38573,-0.779438,-0.518199,0.098533,0.278886,0.826987,0.372207,-0.306262
01324181,1523964216819,-9.45358,0.516203,2.66149,0.015349,-0.072155,0.218701,0.857703,0.361555,-0.109947
01324180,1523964216819,-9.78208,-3.88436,-0.103391,-0.466783,-0.166531,0.674805,0.683223,0.458313,-0.400366
01324189,1523964216836,-9.88742,-0.0766796,0.804921,-0.429096,-0.0403765,0.490876,0.785664,-0.302732,-0.358769
01324188,1523964216836,-9.63293,0.712654,-2.60882,-0.0720083,-0.0455746,0.608086,0.779084,-0.491292,0.0515918
01324185,1523964216836,-9.97131,-1.55357,-0.480771,-0.452816,0.158251,0.324287,0.829977,0.371712,-0.302608
01324181,1523964216836,-9.18639,0.407638,2.8126,0.0456986,-0.0618866,0.199679,0.858664,0.360385,-0.110464
01324180,1523964216836,-9.49906,-3.73224,-0.0200354,-0.462889,-0.194675,0.678123,0.688083,0.455031,-0.399423
01324189,1523964216852,-9.86589,-0.169126,0.745959,-0.400045,-0.0390147,0.455429,0.783128,-0.306418,-0.361579
01324188,1523964216852,-9.62778,0.808554,-2.53272,-0.115674,-0.0430853,0.59188,0.772753,-0.498519,0.0496036
01324185,1523964216852,-9.61374,-1.57955,-0.131857,-0.371058,0.211786,0.383305,0.833249,0.366467,-0.296819
01324181,1523964216852,-9.04244,0.5063,2.91547,0.0351329,-0.0765109,0.175406,0.858313,0.356798,-0.111182
01324180,1523964216852,-9.00294,-3.61685,0.120786,-0.503523,-0.157879,0.667491,0.692945,0.451016,-0.397143
01324189,1523964216869,-9.7628,-0.11578,0.695849,-0.371556,-0.0428124,0.443072,0.781028,-0.309844,-0.367468
01324188,1523964216869,-9.54545,0.851159,-2.46156,-0.0999431,-0.0534079,0.590115,0.769021,-0.509003,0.0477831
01324185,1523964216869,-9.33811,-1.50641,0.107932,-0.278066,0.224467,0.418777,0.835429,0.364005,-0.292883
01324181,1523964216869,-8.89476,0.61964,2.9239,0.0244932,-0.113917,0.162998,0.858922,0.353574,-0.114309
01324180,1523964216869,-8.57368,-3.57493,0.287137,-0.489456,-0.134463,0.63425,0.697273,0.447749,-0.397137
01324189,1523964216886,-9.84855,0.0243384,0.690174,-0.399685,-0.0321686,0.425204,0.777533,-0.312785,-0.370127
01324188,1523964216886,-9.58874,0.913911,-2.44735,-0.159297,-0.0376913,0.586332,0.764732,-0.517324,0.0466432
01324185,1523964216886,-9.22202,-1.39879,0.109135,-0.211632,0.209874,0.430676,0.839243,0.359328,-0.28684
01324181,1523964216886,-8.78577,0.664686,2.81748,0.00576887,-0.142144,0.169675,0.860841,0.351385,-0.115081
01324180,1523964216886,-8.48152,-3.66281,0.48332,-0.458679,-0.0512737,0.596302,0.699439,0.44494,-0.394523
01324189,1523964216902,-10.0235,0.204514,0.895271,-0.427933,-0.0206255,0.396692,0.774307,-0.315732,-0.372521
01324188,1523964216902,-9.74853,0.86054,-2.31566,-0.208166,-0.0369935,0.571821,0.760288,-0.522163,0.0427614
01324185,1523964216902,-9.33731,-1.1598,0.0121312,-0.177951,0.159912,0.398663,0.842236,0.354876,-0.283802
01324181,1523964216902,-8.76292,0.718375,2.76347,-0.0395573,-0.152953,0.162817,0.860482,0.348233,-0.115542
01324180,1523964216902,-8.58712,-3.74924,0.549487,-0.349802,-0.0340406,0.542607,0.704595,0.441394,-0.398723
01324189,1523964216919,-10.0732,0.300007,1.35385,-0.39634,-0.0287128,0.350628,0.77408,-0.318904,-0.375219
01324188,1523964216919,-9.74253,1.2104,-2.00603,-0.183708,-0.0211801,0.570377,0.755586,-0.529613,0.0418159
01324185,1523964216919,-9.45784,-0.993113,-0.202795,-0.211508,0.105027,0.336993,0.844001,0.352493,-0.283132
01324181,1523964216919,-9.00672,0.695989,2.87825,-0.0591271,-0.170742,0.155896,0.861861,0.346748,-0.11712
01324180,1523964216919,-8.72442,-3.99032,0.595159,-0.220586,0.00902746,0.515565,0.707864,0.436985,-0.398589
01324189,1523964216936,-10.2117,0.4707,1.56567,-0.357249,-0.0826723,0.279811,0.771531,-0.320002,-0.378276
01324188,1523964216936,-9.70784,1.42672,-2.27298,-0.201383,-0.0194557,0.536646,0.750344,-0.537318,0.0403227
01324185,1523964216936,-9.79056,-0.803436,-0.413728,-0.253113,0.0503602,0.292386,0.846312,0.347583,-0.281916
01324181,1523964216936,-9.28881,0.857734,2.74777,-0.0894464,-0.172256,0.169819,0.862149,0.34684,-0.11925
01324180,1523964216936,-9.20857,-3.78353,0.591568,-0.196385,0.030056,0.436023,0.7103,0.434026,-0.395982
01324189,1523964216952,-10.3739,0.808016,1.71984,-0.29705,-0.147184,0.228632,0.767634,-0.320212,-0.383316
01324188,1523964216952,-9.70871,1.17427,-2.37658,-0.266195,-0.0302463,0.474142,0.745111,-0.546413,0.0373962
01324185,1523964216952,-9.99328,-0.72048,-0.595159,-0.26378,0.0167728,0.270545,0.847953,0.344286,-0.277447
01324181,1523964216952,-9.64886,0.88252,2.83193,-0.110903,-0.15155,0.187394,0.862242,0.343016,-0.123953
01324180,1523964216952,-9.47718,-4.09935,0.480869,-0.111839,0.0442212,0.44631,0.715412,0.429397,-0.388584
01324189,1523964216969,-10.5325,1.30999,1.85973,-0.217383,-0.194596,0.207691,0.763859,-0.321851,-0.385961
01324188,1523964216969,-9.66973,1.25182,-2.45459,-0.380078,-0.0367875,0.361781,0.742833,-0.550177,0.0315352
01324185,1523964216969,-10.1819,-0.789246,-0.722255,-0.335148,0.00311818,0.246943,0.850131,0.341668,-0.274294
01324181,1523964216969,-9.92711,0.879183,2.88817,-0.0915186,-0.194393,0.209441,0.86203,0.338861,-0.124396
01324180,1523964216969,-9.82971,-3.77978,0.459847,-0.0876663,0.0146471,0.354983,0.716803,0.424138,-0.386278
01324189,1523964216986,-10.6229,1.5996,1.76442,-0.210236,-0.265428,0.216744,0.763087,-0.324578,-0.388917
01324188,1523964216986,-9.7611,1.39201,-2.45515,-0.621122,-0.0437775,0.285695,0.740678,-0.552288,0.0276607
01324185,1523964216986,-10.4015,-0.864906,-0.702367,-0.396981,0.0166181,0.21976,0.852037,0.341592,-0.270902
01324181,1523964216986,-9.96065,0.820615,2.82146,-0.0862098,-0.208443,0.214489,0.862352,0.336099,-0.126201
01324180,1523964216986,-9.89898,-3.63982,0.387434,-0.126133,0.0254558,0.335524,0.719678,0.42107,-0.390975
01324189,1523964217002,-10.5403,1.60232,1.45162,-0.321855,-0.290262,0.191519,0.760026,-0.326539,-0.394784
01324188,1523964217002,-9.86776,1.31487,-2.40068,-0.901439,-0.0664313,0.191471,0.738126,-0.555669,0.0199423
01324185,1523964217002,-10.3755,-1.08892,-0.638092,-0.413537,0.0423223,0.221313,0.853397,0.340071,-0.269324
01324181,1523964217002,-9.8236,0.686308,2.90219,-0.0916254,-0.240149,0.222833,0.86333,0.334892,-0.128444
01324180,1523964217002,-9.90059,-3.52659,0.407375,-0.21305,0.0208789,0.285739,0.723449,0.41867,-0.388782
01324189,1523964217019,-10.4311,1.45566,1.23056,-0.520732,-0.295228,0.141087,0.756809,-0.324759,-0.40102
01324188,1523964217019,-9.81503,1.20691,-2.15945,-1.09969,-0.0637289,0.11404,0.736388,-0.558286,0.00808824
01324185,1523964217019,-10.3467,-1.23825,-0.499486,-0.381152,0.0756117,0.236367,0.853948,0.338148,-0.266694
01324181,1523964217019,-9.65089,0.700496,2.88371,-0.122737,-0.236715,0.221193,0.862729,0.331404,-0.131288
01324180,1523964217019,-9.7613,-3.47001,0.462217,-0.305216,0.021655,0.228879,0.723726,0.417204,-0.386924
01324189,1523964217036,-10.1403,1.30627,1.17957,-0.727843,-0.327715,0.115522,0.752662,-0.321818,-0.41018
01324188,1523964217036,-9.48628,1.20041,-2.09217,-1.21941,-0.0899991,0.0439489,0.735714,-0.557706,-0.00398314
01324185,1523964217036,-10.231,-1.34001,-0.40391,-0.331936,0.0682765,0.255046,0.852603,0.335955,-0.263532
01324181,1523964217036,-9.43092,0.74197,2.8167,-0.164411,-0.217676,0.204192,0.862255,0.328487,-0.134144
01324180,1523964217036,-9.58179,-3.54135,0.560252,-0.364519,0.0253568,0.205614,0.723403,0.419497,-0.38147
01324189,1523964217052,-9.65859,1.0955,1.23021,-0.829125,-0.340636,0.0760257,0.750539,-0.316627,-0.419077
01324188,1523964217052,-9.29236,1.34216,-2.12144,-1.31655,-0.0762947,-0.0238026,0.735718,-0.55679,-0.0172536
01324185,1523964217052,-10.0717,-1.34094,-0.342782,-0.289063,0.0468908,0.270408,0.856133,0.333457,-0.26143
01324181,1523964217052,-9.24376,0.775715,2.82691,-0.214077,-0.190737,0.183847,0.863391,0.325696,-0.136754
01324180,1523964217052,-9.4112,-3.65584,0.619293,-0.376011,0.0628589,0.167055,0.725815,0.418863,-0.379626
01324189,1523964217069,-9.21451,0.589929,1.39999,-0.87999,-0.345431,0.0313652,0.746907,-0.310817,-0.427016
01324188,1523964217069,-9.24345,1.48096,-2.34448,-1.39801,-0.0435567,-0.0717859,0.737363,-0.557992,-0.0294655
01324185,1523964217069,-9.87383,-1.32288,-0.302913,-0.239905,0.0358535,0.26868,0.859125,0.33169,-0.258025
01324181,1523964217069,-9.14198,0.718683,2.83831,-0.228249,-0.184742,0.175307,0.863138,0.324553,-0.136861
01324180,1523964217069,-9.30499,-3.66004,0.678312,-0.362487,0.0546062,0.142442,0.727637,0.42303,-0.378624
01324189,1523964217086,-8.95966,-0.0987406,1.80343,-0.88779,-0.335102,-0.0451214,0.745188,-0.306207,-0.434986
01324188,1523964217086,-9.23412,1.37121,-2.51683,-1.5097,-0.0751232,-0.0888194,0.73735,-0.554234,-0.0443081
01324185,1523964217086,-9.68547,-1.247,-0.297199,-0.173995,0.0262358,0.248214,0.859401,0.328469,-0.25695
01324181,1523964217086,-8.99203,0.628282,2.81686,-0.233459,-0.180709,0.156369,0.862922,0.321518,-0.138389
01324180,1523964217086,-9.15944,-3.69219,0.68439,-0.320036,0.05199,0.104848,0.728699,0.422411,-0.375139
01324189,1523964217102,-8.74879,-0.750233,2.02993,-0.83746,-0.32367,-0.124964,0.743458,-0.297291,-0.444527
01324188,1523964217102,-8.67453,1.02119,-2.40732,-1.7401,-0.0872072,-0.138226,0.740335,-0.552181,-0.0611795
01324185,1523964217102,-9.5524,-1.11779,-0.275109,-0.157909,0.00110909,0.215158,0.861032,0.326802,-0.255633
01324181,1523964217102,-8.90763,0.48364,2.90711,-0.228073,-0.176448,0.147767,0.862965,0.318641,-0.139127
01324180,1523964217102,-8.98528,-3.68516,0.669211,-0.256804,0.0634416,0.0692458,0.728538,0.423262,-0.371607
01324189,1523964217119,-8.48997,-1.07643,2.0475,-0.720371,-0.299086,-0.19384,0.741229,-0.291301,-0.452951
01324188,1523964217119,-8.30984,0.283154,-1.87402,-1.91393,-0.0093557,-0.207523,0.740707,-0.544659,-0.0787533
01324185,1523964217119,-9.47727,-1.02191,-0.230784,-0.168771,-0.00784847,0.188845,0.860627,0.324259,-0.255999
01324181,1523964217119,-8.75488,0.206425,2.93272,-0.203908,-0.196384,0.121655,0.862974,0.31876,-0.140192
01324180,1523964217119,-8.86464,-3.65954,0.663279,-0.195462,0.0764136,0.0450878,0.729206,0.422218,-0.368666
01324189,1523964217136,-8.45879,-1.07757,2.19307,-0.54386,-0.203431,-0.236076,0.739879,-0.284243,-0.458499
01324188,1523964217136,-8.14718,-0.190938,-1.74344,-1.88123,0.0813615,-0.278838,0.743816,-0.540733,-0.0952399
01324185,1523964217136,-9.43875,-1.05584,-0.217526,-0.193908,-0.0235774,0.177059,0.861576,0.323406,-0.256386
01324181,1523964217136,-8.70572,-0.0526065,2.95732,-0.16813,-0.188964,0.0905953,0.862759,0.317251,-0.143877
01324180,1523964217136,-8.83443,-3.57244,0.678554,-0.123723,0.085605,0.0368291,0.729188,0.422932,-0.36676
01324189,1523964217152,-8.79449,-0.92638,2.49545,-0.353207,-0.147504,-0.267458,0.741775,-0.278837,-0.460753
01324188,1523964217152,-8.25777,-0.0258668,-1.84515,-1.80314,0.186252,-0.317885,0.74651,-0.535997,-0.11019
01324185,1523964217152,-9.49693,-1.17103,-0.19444,-0.261226,-0.0424415,0.165363,0.861987,0.321742,-0.254934
01324181,1523964217152,-8.83352,-0.306537,3.08453,-0.131397,-0.188882,0.0431376,0.862339,0.319098,-0.144709
01324180,1523964217152,-8.86696,-3.49072,0.676268,-0.0872578,0.110389,0.031986,0.730505,0.42332,-0.362854
01324189,1523964217169,-9.14902,-0.658273,2.88602,-0.203139,-0.155862,-0.289969,0.740947,-0.272786,-0.463371
01324188,1523964217169,-8.41654,0.103531,-3.03634,-1.68199,0.374782,-0.37518,0.748908,-0.527479,-0.121803
01324185,1523964217169,-9.62775,-1.38208,-0.181816,-0.303583,-0.031544,0.16027,0.862941,0.321213,-0.253103
01324181,1523964217169,-8.9469,-0.458303,3.09395,-0.0813534,-0.194857,0.00246267,0.861575,0.318455,-0.148407
01324180,1523964217169,-8.98845,-3.45857,0.69701,-0.0734977,0.127972,0.0322314,0.732901,0.423845,-0.360717
01324189,1523964217186,-9.12842,-0.491081,2.87637,-0.181143,-0.189823,-0.334261,0.740816,-0.266761,-0.467604
01324188,1523964217186,-8.75412,-1.01092,-3.1343,-1.59891,0.650313,-0.401692,0.755232,-0.518194,-0.129514
01324185,1523964217186,-9.80696,-1.63859,-0.181211,-0.31045,-0.0314969,0.162023,0.864303,0.318858,-0.250994
01324181,1523964217186,-8.96066,-0.531226,3.06628,-0.0463222,-0.190562,-0.0544865,0.860518,0.317869,-0.149712
01324180,1523964217186,-9.09677,-3.50841,0.724681,-0.0616735,0.152393,0.0404015,0.732892,0.423246,-0.357486
01324189,1523964217202,-9.10832,-0.8931,2.58303,-0.228925,-0.268021,-0.408908,0.737967,-0.260666,-0.47234
01324188,1523964217202,-9.12351,-2.84459,-2.41929,-0.909067,0.884892,-0.364316,0.761697,-0.510401,-0.130319
01324185,1523964217202,-9.97634,-1.84217,-0.162161,-0.293441,-0.0245983,0.167104,0.864853,0.316646,-0.248753
01324181,1523964217202,-9.02311,-0.580437,3.00645,-0.00423707,-0.145249,-0.0938554,0.859196,0.317555,-0.151817
01324180,1523964217202,-9.25758,-3.62188,0.775659,-0.0183345,0.160718,0.0697538,0.732633,0.42282,-0.358302
01324189,1523964217219,-8.84387,-1.69056,2.0952,-0.0346409,-0.197866,-0.554141,0.737963,-0.253922,-0.476032
01324188,1523964217219,-8.92038,-2.80207,-2.05305,0.330313,1.0757,-0.297079,0.767493,-0.505478,-0.119448
01324185,1523964217219,-10.0394,-1.94291,-0.172985,-0.231608,-0.0196663,0.192533,0.864044,0.313126,-0.248586
01324181,1523964217219,-9.09611,-0.501248,3.01654,0.0387343,-0.0804643,-0.13307,0.858789,0.319513,-0.154111
01324180,1523964217219,-9.27165,-3.65835,0.784989,-0.00304273,0.170686,0.0998053,0.734521,0.421623,-0.357678
01324189,1523964217236,-8.81204,-2.28967,1.68924,0.253346,-0.161352,-0.652755,0.738094,-0.248473,-0.478934
01324188,1523964217236,-9.09694,-0.725604,-2.05604,1.3227,1.19117,-0.225376,0.771169,-0.504083,-0.0971801
01324185,1523964217236,-9.94781,-1.95796,-0.205866,-0.153176,-0.0175254,0.216226,0.865941,0.314119,-0.24821
01324181,1523964217236,-9.06697,-0.372278,2.96596,0.0762887,-0.0633096,-0.164094,0.857164,0.320531,-0.154381
01324180,1523964217236,-9.26735,-3.66201,0.90827,-0.0746642,0.14359,0.124656,0.736676,0.419096,-0.353707
01324189,1523964217252,-8.96076,-2.39163,1.74479,0.470935,-0.0721991,-0.741006,0.741588,-0.241801,-0.478386
01324188,1523964217252,-9.66903,1.51676,-2.44494,1.4864,1.24366,-0.218521,0.774144,-0.505372,-0.0709059
01324185,1523964217252,-9.80282,-1.88179,-0.178887,-0.0818835,0.00404788,0.238087,0.867979,0.312739,-0.246635
01324181,1523964217252,-8.98969,-0.235476,2.93244,0.101432,-0.0534127,-0.203772,0.855788,0.323953,-0.155767
01324180,1523964217252,-9.1227,-3.82467,0.944813,-0.125306,0.150576,0.107465,0.738117,0.41898,-0.352872
01324189,1523964217269,-9.22787,-2.29807,2.07521,0.547606,-0.0746853,-0.79222,0.743176,-0.2368,-0.476759
01324188,1523964217269,-10.4522,2.87731,-2.81939,0.93944,1.28108,-0.190145,0.778722,-0.502593,-0.044936
01324185,1523964217269,-9.62394,-1.77451,-0.129416,-0.0106053,0.00624695,0.260064,0.867988,0.306993,-0.245012
01324181,1523964217269,-8.8848,-0.161457,2.93894,0.112162,-0.0199018,-0.208722,0.854423,0.326513,-0.157267
01324180,1523964217269,-8.90288,-4.18486,1.00782,-0.109414,0.149043,0.0959875,0.740263,0.417178,-0.348888
01324189,1523964217286,-9.50419,-1.82015,2.60627,0.611845,-0.0632218,-0.855939,0.745545,-0.229649,-0.472715
01324188,1523964217286,-10.3983,3.09129,-2.75918,0.326365,1.35369,-0.145749,0.784401,-0.502625,-0.0153855
01324185,1523964217286,-9.3631,-1.68219,-0.0832993,0.037078,0.0116393,0.225049,0.869339,0.305115,-0.24735
01324181,1523964217286,-8.7953,-0.00998705,2.94627,0.133638,-0.000811104,-0.229352,0.851954,0.33096,-0.158264
01324180,1523964217286,-8.67366,-4.35207,1.09615,0.0306497,0.140517,0.106391,0.740259,0.416585,-0.346739
01324189,1523964217302,-9.81717,-1.46899,3.0597,0.640226,-0.116938,-0.885889,0.745764,-0.2226,-0.471591
01324188,1523964217302,-10.1784,2.38308,-2.62451,0.0576703,1.44194,-0.135944,0.783697,-0.500473,0.0010511
01324185,1523964217302,-9.17711,-1.59185,-0.0776324,0.090829,-0.0140798,0.168131,0.870696,0.301437,-0.248103
01324181,1523964217302,-8.76859,0.12865,2.90514,0.106875,-0.0112413,-0.217314,0.851109,0.334529,-0.159127
01324180,1523964217302,-8.50981,-4.2869,1.04977,0.243582,0.12199,0.107588,0.739747,0.414124,-0.3457
01324189,1523964217319,-10.0727,-1.09585,3.80927,0.711528,-0.145147,-0.89265,0.748069,-0.218353,-0.473323
01324188,1523964217319,-10.23,1.47672,-2.63273,0.17449,1.50088,-0.127396,0.785568,-0.49775,0.0168177
01324185,1523964217319,-9.08768,-1.48652,-0.135924,0.145484,-0.029437,0.0916068,0.869477,0.299314,-0.248601
01324181,1523964217319,-8.86198,0.273132,2.88004,0.0767039,-0.000874494,-0.229189,0.850118,0.337709,-0.158253
01324180,1523964217319,-8.45191,-4.27164,1.04075,0.43332,0.124128,0.122859,0.742332,0.409418,-0.342186
01324189,1523964217336,-10.4938,-1.06539,4.5167,0.734607,-0.268614,-0.888698,0.748581,-0.214047,-0.472626
01324188,1523964217336,-10.5273,0.805659,-2.71337,0.54249,1.57467,-0.106391,0.786904,-0.49716,0.0409409
01324185,1523964217336,-9.13108,-1.37565,-0.295346,0.211361,-0.0553234,0.0304756,0.86947,0.298267,-0.251727
01324181,1523964217336,-9.00252,0.409707,2.94173,0.0534169,-0.0217138,-0.20859,0.848763,0.340249,-0.160683
01324180,1523964217336,-8.53739,-4.16506,0.909988,0.632903,0.110619,0.136381,0.743862,0.405782,-0.344712
01324189,1523964217352,-10.5248,-1.27054,4.63352,0.663788,-0.356827,-0.937626,0.749384,-0.208898,-0.474334
01324188,1523964217352,-10.9401,0.302187,-2.56119,0.997579,1.6178,-0.141795,0.787411,-0.494687,0.0686932
01324185,1523964217352,-9.22757,-1.24521,-0.491519,0.272901,-0.0663826,-0.0494443,0.868789,0.296964,-0.253542
01324181,1523964217352,-9.16366,0.519499,2.82267,0.0141363,-0.0248054,-0.182608,0.84683,0.343442,-0.159799
01324180,1523964217352,-8.75428,-4.032,0.869932,0.796143,0.0724964,0.146019,0.746252,0.398081,-0.348954
01324189,1523964217369,-10.4525,-0.937611,4.41415,0.576397,-0.321554,-1.01708,0.745958,-0.200477,-0.477172
01324188,1523964217369,-11.2067,0.825109,-2.37614,1.44029,1.58452,-0.245396,0.785989,-0.488201,0.101703
01324185,1523964217369,-9.45418,-1.09227,-0.660515,0.325375,-0.0611816,-0.0954119,0.867566,0.299066,-0.254211
01324181,1523964217369,-9.41313,0.487427,2.83377,-0.0090296,-0.0211425,-0.176402,0.84507,0.344602,-0.160204
01324180,1523964217369,-9.0666,-3.813,0.814915,0.889549,0.0308882,0.142926,0.745993,0.390907,-0.360574
01324189,1523964217386,-10.7666,0.162643,4.26538,0.669322,-0.312248,-1.07017,0.746404,-0.189512,-0.477817
01324188,1523964217386,-11.2679,1.96974,-2.24646,1.61611,1.53652,-0.347432,0.786994,-0.479167,0.13538
01324185,1523964217386,-9.69056,-1.0355,-0.748033,0.398484,-0.0411376,-0.132989,0.866745,0.297726,-0.257985
01324181,1523964217386,-9.70645,0.474275,2.80799,-0.0464785,-0.0119956,-0.159752,0.844379,0.346319,-0.160631
01324180,1523964217386,-9.4067,-3.66613,0.701225,0.885005,-0.019883,0.142654,0.746105,0.383394,-0.365184
01324189,1523964217402,-11.0793,0.973872,3.76575,0.721941,-0.424084,-1.03243,0.747609,-0.18265,-0.480051
01324188,1523964217402,-11.0222,3.07733,-2.15254,1.46225,1.38399,-0.496189,0.787453,-0.469365,0.165342
01324185,1523964217402,-9.95553,-0.906256,-0.75743,0.474893,-0.00933013,-0.134922,0.865248,0.297963,-0.260334
01324181,1523964217402,-9.60304,0.621107,2.75512,-0.0805522,-0.0324553,-0.115046,0.843941,0.348488,-0.159874
01324180,1523964217402,-9.60907,-3.51796,0.61789,0.857807,-0.0561697,0.114178,0.746477,0.37822,-0.373802
01324189,1523964217419,-10.7885,1.43934,3.64319,0.668885,-0.628137,-0.996748,0.742578,-0.176784,-0.484093
01324188,1523964217419,-10.7339,3.9723,-1.67196,1.05051,1.23221,-0.605982,0.787356,-0.456819,0.189827
01324185,1523964217419,-10.0322,-0.782922,-0.687477,0.462174,0.000381883,-0.143461,0.865782,0.298466,-0.263476
01324181,1523964217419,-9.4694,0.625192,2.6593,-0.0967042,-0.0115918,-0.0838194,0.841207,0.350843,-0.158567
01324180,1523964217419,-9.62928,-3.26197,0.585263,0.753748,-0.114104,0.100873,0.74418,0.371931,-0.381998
01324189,1523964217436,-10.1938,1.65741,3.32561,0.625808,-0.783142,-0.925648,0.738549,-0.172116,-0.492572
01324188,1523964217436,-10.5655,3.74507,-1.32948,0.623432,0.987821,-0.67528,0.789725,-0.447315,0.209917
01324185,1523964217436,-9.90631,-0.656035,-0.618955,0.412051,0.0116596,-0.122247,0.864692,0.298703,-0.265827
01324181,1523964217436,-9.46687,0.477172,2.72977,-0.0772409,0.0322223,-0.05935,0.841467,0.351972,-0.159124
01324180,1523964217436,-9.48387,-2.93232,0.619912,0.601013,-0.157232,0.0381137,0.745751,0.366433,-0.388345
01324189,1523964217452,-10.0094,1.61082,3.1572,0.443692,-0.784643,-0.835671,0.733941,-0.164548,-0.499147
01324188,1523964217452,-10.339,2.91068,-0.736471,0.474135,0.700942,-0.684709,0.78855,-0.434858,0.224311
01324185,1523964217452,-9.73714,-0.572773,-0.568821,0.331221,0.018649,-0.11969,0.863604,0.298679,-0.26713
01324181,1523964217452,-9.51335,0.398935,2.79377,-0.068484,0.00251164,-0.0415134,0.841436,0.352877,-0.157018
01324180,1523964217452,-9.35627,-2.71628,0.64893,0.348138,-0.178,-0.0216299,0.744323,0.362985,-0.389473
01324189,1523964217469,-9.94235,1.0747,3.03808,0.207806,-0.737289,-0.800132,0.728947,-0.158701,-0.50707
01324188,1523964217469,-10.169,2.41566,-0.341062,0.624993,0.360853,-0.710405,0.790042,-0.420997,0.234765
01324185,1523964217469,-9.68391,-0.515318,-0.566838,0.246254,0.0184772,-0.131515,0.862248,0.300511,-0.267143
01324181,1523964217469,-9.43675,0.424102,2.79377,-0.0792791,-0.0237284,-0.0244904,0.841279,0.354458,-0.156783
01324180,1523964217469,-9.22099,-2.72255,0.708221,0.103759,-0.181236,-0.0812535,0.742055,0.363333,-0.392405
01324189,1523964217486,-9.85488,0.260954,3.03482,0.0899715,-0.713621,-0.785474,0.722836,-0.149943,-0.513753
01324188,1523964217486,-9.89073,2.49161,-0.315042,0.906657,-0.00574316,-0.687682,0.795533,-0.410309,0.240884
01324185,1523964217486,-9.71782,-0.558457,-0.579501,0.150321,-0.00636734,-0.153353,0.861704,0.30149,-0.267542
01324181,1523964217486,-9.34685,0.323295,2.76247,-0.111269,0.00275775,-0.0233076,0.841436,0.352737,-0.156882
01324180,1523964217486,-9.14615,-2.89558,0.717669,-0.0998984,-0.16886,-0.124713,0.739605,0.365537,-0.390028
01324189,1523964217502,-9.84982,-0.587212,3.01326,0.059287,-0.695997,-0.755393,0.719052,-0.141109,-0.521934
01324188,1523964217502,-9.66486,2.75809,-0.615231,1.04189,-0.418265,-0.641694,0.798829,-0.395182,0.24327
01324185,1523964217502,-9.77606,-0.688102,-0.570822,0.0773542,-0.0552074,-0.173355,0.859802,0.30174,-0.269237
01324181,1523964217502,-9.50635,0.297043,2.88995,-0.130867,0.0152025,-0.0205065,0.839824,0.351919,-0.156051
01324180,1523964217502,-9.2489,-3.16243,0.710595,-0.191427,-0.159223,-0.177873,0.737318,0.369135,-0.390654
01324189,1523964217519,-9.67274,-1.06153,2.98998,0.105346,-0.705078,-0.704609,0.713644,-0.134675,-0.52958
01324188,1523964217519,-9.5857,3.22834,-1.01479,0.988724,-0.824748,-0.586335,0.804458,-0.383788,0.240546
01324185,1523964217519,-9.92125,-0.841305,-0.587294,0.050354,-0.0938793,-0.188351,0.858166,0.305356,-0.271749
01324181,1523964217519,-9.62112,0.290788,2.94488,-0.147745,0.0257392,-0.0246406,0.840738,0.353359,-0.155028
01324180,1523964217519,-9.43905,-3.39584,0.656702,-0.219428,-0.143034,-0.202567,0.73461,0.371946,-0.392044
01324189,1523964217536,-9.5999,-0.96387,3.0451,0.209296,-0.712936,-0.607419,0.706889,-0.12936,-0.538022
01324188,1523964217536,-9.77321,3.49251,-1.45854,0.706964,-1.20023,-0.534886,0.809972,-0.37435,0.226798
01324185,1523964217536,-10.1823,-1.00826,-0.637486,0.0338491,-0.0842376,-0.205342,0.85545,0.307157,-0.273456
01324181,1523964217536,-9.6775,0.25608,3.03695,-0.149555,0.0541853,-0.0174733,0.83949,0.355682,-0.154266
01324180,1523964217536,-9.72715,-3.53862,0.597518,-0.241798,-0.150402,-0.230863,0.732445,0.375638,-0.396667
01324189,1523964217552,-9.6789,-0.724324,3.04686,0.29844,-0.67917,-0.502334,0.701493,-0.1258,-0.545155
01324188,1523964217552,-9.90933,3.23919,-2.06164,0.302945,-1.57114,-0.510748,0.815768,-0.366149,0.208256
01324185,1523964217552,-10.5252,-1.12654,-0.670118,0.00251811,-0.0702302,-0.239337,0.852734,0.309805,-0.27504
01324181,1523964217552,-9.82324,0.152289,3.24569,-0.129056,0.094813,-0.02403,0.838926,0.356443,-0.152549
01324180,1523964217552,-10.0641,-3.62325,0.463253,-0.248902,-0.154987,-0.218577,0.729162,0.380766,-0.395841
01324189,1523964217569,-9.71244,-0.46677,2.85082,0.312711,-0.639492,-0.401965,0.696902,-0.12412,-0.549905
01324188,1523964217569,-10.2253,2.7433,-2.3579,-0.0835923,-1.90396,-0.481671,0.822383,-0.358283,0.18726
01324185,1523964217569,-10.9163,-1.20844,-0.739881,-0.0492614,-0.0593963,-0.257971,0.852868,0.314051,-0.274036
01324181,1523964217569,-9.86528,0.0450539,3.23299,-0.0951246,0.158316,-0.0356313,0.839019,0.357787,-0.149922
01324180,1523964217569,-10.3865,-3.7327,0.411166,-0.264719,-0.162298,-0.204617,0.726035,0.383121,-0.392505
01324189,1523964217586,-9.76913,-0.253591,2.87653,0.235586,-0.559134,-0.309078,0.692329,-0.12245,-0.556528
01324188,1523964217586,-10.3437,2.06613,-2.69738,-0.329114,-2.2044,-0.500799,0.829685,-0.350491,0.155212
01324185,1523964217586,-11.1434,-1.30097,-0.782589,-0.152123,-0.0339766,-0.278379,0.849611,0.31827,-0.274589
01324181,1523964217586,-10.0309,-0.155855,3.24544,-0.0532795,0.22214,-0.0316981,0.840059,0.3573,-0.145406
01324180,1523964217586,-10.481,-3.90773,0.421367,-0.256112,-0.169744,-0.181779,0.723576,0.387376,-0.393465
01324189,1523964217602,-9.53881,-0.262215,2.88763,0.140873,-0.464876,-0.23232,0.685823,-0.120858,-0.560187
01324188,1523964217602,-10.4111,1.44689,-3.07148,-0.428182,-2.41885,-0.494966,0.833181,-0.34131,0.119798
01324185,1523964217602,-11.1389,-1.45023,-0.737571,-0.259173,0.000554457,-0.274228,0.848796,0.321951,-0.273707
01324181,1523964217602,-10.131,-0.275859,3.17465,-0.00953136,0.266074,-0.0503804,0.840007,0.358252,-0.141175
01324180,1523964217602,-10.5181,-4.05871,0.504766,-0.214556,-0.163325,-0.146334,0.720842,0.391627,-0.393069
01324189,1523964217619,-9.15851,-0.377292,2.8378,0.0425086,-0.365463,-0.16805,0.682853,-0.121079,-0.562563
01324188,1523964217619,-10.3457,0.769734,-3.50866,-0.383434,-2.5896,-0.487646,0.840514,-0.337378,0.0768726
01324185,1523964217619,-11.0692,-1.59504,-0.63716,-0.326366,0.0345678,-0.28374,0.845406,0.328179,-0.272318
01324181,1523964217619,-10.0591,-0.37678,3.02249,-0.00310675,0.31785,-0.0706459,0.83863,0.358759,-0.138514
01324180,1523964217619,-10.3694,-3.96545,0.526064,-0.172978,-0.156832,-0.113508,0.718947,0.394727,-0.396762
01324189,1523964217636,-8.74563,-0.55131,2.67051,-0.00208764,-0.213115,-0.102818,0.679619,-0.120436,-0.566266
01324188,1523964217636,-10.2054,0.0800462,-3.91743,-0.204585,-2.71833,-0.512568,0.842667,-0.329829,0.0363923
01324185,1523964217636,-10.8788,-1.71653,-0.551858,-0.359083,0.0253558,-0.268377,0.84473,0.332728,-0.270269
01324181,1523964217636,-10.0318,-0.344815,2.89647,0.0443242,0.397739,-0.104594,0.839112,0.359298,-0.133217
01324180,1523964217636,-10.1056,-4.01414,0.629881,-0.161368,-0.134717,-0.0808227,0.716238,0.39739,-0.397479
01324189,1523964217652,-8.52386,-0.818403,2.4791,-0.0995041,-0.0731081,-0.0270411,0.676755,-0.119067,-0.56649
01324188,1523964217652,-10.227,-0.575497,-4.29636,0.130471,-2.78307,-0.489723,0.841432,-0.323303,0.000333088
01324185,1523964217652,-10.5895,-1.82898,-0.439343,-0.409397,0.00751567,-0.252961,0.841344,0.33998,-0.26693
01324181,1523964217652,-9.91827,-0.292422,2.77303,0.0586873,0.432848,-0.118162,0.838499,0.361005,-0.127535
01324180,1523964217652,-9.76562,-3.96533,0.730143,-0.164159,-0.118046,-0.0851838,0.714608,0.39857,-0.395945
01324189,1523964217669,-8.25092,-1.23452,2.41071,-0.188907,0.0236664,0.0506141,0.676896,-0.118069,-0.567554
01324188,1523964217669,-10.0254,-1.05372,-4.98188,0.584184,-2.75911,-0.396913,0.841964,-0.317527,-0.0359298
01324185,1523964217669,-10.2134,-1.94442,-0.374185,-0.378207,0.0251569,-0.224274,0.842839,0.34399,-0.263577
01324181,1523964217669,-9.8087,-0.283771,2.67938,0.0676939,0.471554,-0.128228,0.839499,0.363664,-0.123084
01324180,1523964217669,-9.44057,-4.07878,0.863203,-0.145781,-0.101005,-0.10527,0.713779,0.400026,-0.394553
01324189,1523964217686,-8.10345,-1.79147,2.98403,-0.197941,0.122252,0.0841478,0.677154,-0.117639,-0.566349
01324188,1523964217686,-9.51478,-1.71035,-6.52974,0.964407,-2.65652,-0.268277,0.836399,-0.313222,-0.0696504
01324185,1523964217686,-9.91925,-2.00641,-0.332761,-0.305266,0.0281961,-0.205728,0.83918,0.348248,-0.262037
01324181,1523964217686,-9.82866,-0.194276,2.72101,0.0535134,0.47666,-0.138487,0.838629,0.362708,-0.115085
01324180,1523964217686,-9.22244,-4.12495,0.906166,-0.10387,-0.0830836,-0.119006,0.711084,0.401233,-0.394489
01324189,1523964217702,-8.12385,-2.53784,3.59108,-0.14955,0.209841,0.0557381,0.676875,-0.116768,-0.566206
01324188,1523964217702,-9.74282,-0.605284,-6.86528,1.16849,-2.41542,-0.129774,0.835597,-0.31161,-0.100503
01324185,1523964217702,-9.70687,-1.99805,-0.278854,-0.207077,0.0412976,-0.212772,0.83661,0.349698,-0.259952
01324181,1523964217702,-9.78467,-0.137871,2.61878,0.0534657,0.437824,-0.133671,0.838282,0.36414,-0.108735
01324180,1523964217702,-9.07226,-4.15255,0.943734,-0.0583597,-0.0667525,-0.139743,0.709333,0.403315,-0.397934
01324189,1523964217719,-8.12163,-3.0883,3.83801,-0.0601979,0.305521,-0.0152068,0.678743,-0.116511,-0.562479
01324188,1523964217719,-9.55385,0.129398,-7.55689,0.887155,-2.06459,-0.0375582,0.829788,-0.312789,-0.125948
01324185,1523964217719,-9.63417,-1.90216,-0.24413,-0.0808418,0.0611459,-0.221561,0.835253,0.352806,-0.259585
01324181,1523964217719,-9.42433,-0.118848,2.36956,0.0392326,0.415718,-0.12788,0.837388,0.366712,-0.102935
01324180,1523964217719,-9.04057,-4.15163,0.890877,-0.0369233,-0.0676054,-0.180061,0.706223,0.405545,-0.397844
01324189,1523964217736,-8.04278,-3.17476,3.89259,-0.0181654,0.410257,-0.100566,0.683064,-0.115891,-0.559447
01324188,1523964217736,-8.51047,0.514492,-7.66238,0.410047,-1.63452,-0.0448046,0.821118,-0.312511,-0.147227
01324185,1523964217736,-9.53719,-1.71017,-0.264815,-0.0116695,0.0743427,-0.24726,0.835522,0.355488,-0.259351
01324181,1523964217736,-8.95361,-0.152029,2.28385,0.0249716,0.432653,-0.114874,0.837585,0.368816,-0.0981988
01324180,1523964217736,-8.93596,-4.19627,0.891653,0.0142366,-0.0666631,-0.218448,0.705155,0.408217,-0.40507
01324189,1523964217752,-7.81256,-2.79465,3.73181,-0.000451525,0.478935,-0.178869,0.686811,-0.115097,-0.55333
01324188,1523964217752,-7.59394,-0.0179062,-6.8248,-0.10278,-1.21001,-0.112542,0.818414,-0.311879,-0.165866
01324185,1523964217752,-9.33881,-1.51876,-0.236454,-0.0372551,0.0955564,-0.267827,0.833492,0.359197,-0.257028
01324181,1523964217752,-8.49926,-0.236335,2.1797,0.046429,0.471377,-0.121607,0.836951,0.371822,-0.0920117
01324180,1523964217752,-8.72404,-4.14329,0.92762,0.0506531,-0.0567805,-0.27635,0.702554,0.410935,-0.405323
01324189,1523964217769,-7.74443,-2.16448,4.02923,0.00604924,0.528927,-0.195838,0.691908,-0.111752,-0.547743
01324188,1523964217769,-7.10836,-0.760365,-6.41273,-0.244568,-0.741641,-0.249886,0.815684,-0.307678,-0.179839
01324185,1523964217769,-9.02004,-1.40996,-0.19784,-0.0989484,0.122397,-0.290115,0.832134,0.362587,-0.256664
01324181,1523964217769,-8.29063,-0.42549,2.13153,0.055473,0.545444,-0.131367,0.83716,0.372511,-0.0865821
01324180,1523964217769,-8.37785,-4.01468,1.02113,0.045396,-0.0642424,-0.345055,0.699441,0.413748,-0.405896
01324189,1523964217785,-7.79383,-1.49306,4.08999,0.0321218,0.476889,-0.192986,0.695365,-0.110655,-0.540015
01324188,1523964217785,-6.7373,-1.07577,-5.97958,-0.0485787,-0.265228,-0.32468,0.815368,-0.30022,-0.183407
01324185,1523964217785,-8.6533,-1.40496,-0.1408,-0.185759,0.110605,-0.324043,0.829973,0.367463,-0.252261
01324181,1523964217785,-8.25845,-0.594832,2.00458,0.0805477,0.600001,-0.146478,0.83759,0.374974,-0.0784022
01324180,1523964217785,-8.07794,-3.86246,1.11432,0.0038555,-0.0554908,-0.398034,0.696047,0.415962,-0.402425
01324189,1523964217802,-7.82765,-0.372762,3.91791,0.149093,0.468829,-0.135728,0.698838,-0.109423,-0.534026
01324188,1523964217802,-6.80342,-0.687728,-6.61792,0.365057,0.201624,-0.419403,0.816697,-0.295986,-0.181005
01324185,1523964217802,-8.37857,-1.50055,-0.120036,-0.265879,0.112541,-0.38696,0.826996,0.372323,-0.24877
01324181,1523964217802,-8.35528,-0.622574,1.89581,0.101176,0.615505,-0.170516,0.837206,0.377185,-0.069146
01324180,1523964217802,-7.80179,-3.72946,1.17092,-0.0562417,-0.0218996,-0.46854,0.6913,0.420391,-0.401727
01324189,1523964217819,-8.39708,0.265237,4.01565,0.230428,0.426841,-0.0357682,0.702473,-0.110215,-0.529391
01324188,1523964217819,-7.39745,0.255667,-5.69772,0.378418,0.554655,-0.44743,0.818304,-0.293139,-0.177078
01324185,1523964217819,-8.25826,-1.60243,-0.121712,-0.332269,0.0943909,-0.417411,0.823879,0.380128,-0.24596
01324181,1523964217819,-8.34674,-0.607839,1.8014,0.135861,0.58013,-0.172663,0.835102,0.37852,-0.061846
01324180,1523964217819,-7.64238,-3.71317,1.1774,-0.102073,-0.0264191,-0.514609,0.68746,0.426678,-0.399113
01324189,1523964217835,-8.42085,-0.107771,2.20906,-0.0190247,0.405133,0.0416032,0.70463,-0.112843,-0.525691
01324188,1523964217835,-9.03079,3.46623,-2.58315,0.0255889,0.650209,-0.282801,0.823972,-0.289356,-0.166681
01324185,1523964217835,-8.21039,-1.68946,-0.185952,-0.388035,0.0761543,-0.446157,0.82117,0.385674,-0.243391
01324181,1523964217835,-8.04647,-0.579834,1.56612,0.162489,0.552043,-0.159283,0.834988,0.382391,-0.0550182
01324180,1523964217835,-7.53112,-3.71685,1.19296,-0.131759,0.00961018,-0.569077,0.683922,0.431088,-0.398973
01324189,1523964217852,-8.26626,-0.480505,0.341357,-0.384037,0.584788,0.0933002,0.706055,-0.111267,-0.519274
01324188,1523964217852,-8.90532,1.43022,-1.8124,-0.538211,0.502558,-0.100578,0.826114,-0.285161,-0.163753
01324185,1523964217852,-8.07098,-1.81318,-0.253733,-0.427939,0.0432098,-0.434023,0.818462,0.393636,-0.2398
01324181,1523964217852,-7.98485,-0.564489,1.49377,0.205148,0.5753,-0.147169,0.834386,0.383934,-0.0502621
01324180,1523964217852,-7.36421,-3.71486,1.18977,-0.134917,0.0210534,-0.616527,0.678853,0.439868,-0.397642
01324189,1523964217869,-8.94674,-0.834769,0.0294938,-0.721371,0.880209,0.130841,0.716679,-0.10546,-0.509718
01324188,1523964217869,-9.55866,-2.60366,0.621433,-0.473238,0.436769,-0.215916,0.824179,-0.280203,-0.156957
01324185,1523964217869,-7.92681,-2.0091,-0.25061,-0.406631,0.000771084,-0.430401,0.814798,0.402825,-0.238308
01324181,1523964217869,-8.42719,-0.41703,1.68131,0.238776,0.542122,-0.131953,0.833497,0.384966,-0.0429685
01324180,1523964217869,-7.25068,-3.67904,1.1234,-0.104929,0.0432639,-0.668947,0.673002,0.447219,-0.397409
01324189,1523964217885,-11.7706,-1.91186,2.60098,-0.389378,0.748382,0.17366,0.721343,-0.102808,-0.501055
01324188,1523964217885,-11.8495,-5.09293,-0.115443,0.586731,0.436707,-0.316896,0.826864,-0.276547,-0.148953
01324185,1523964217885,-7.99487,-2.16762,-0.284889,-0.289112,-0.0568276,-0.438648,0.812089,0.408653,-0.235742
01324181,1523964217885,-9.37296,-0.23686,2.05337,0.210826,0.433198,-0.101559,0.833568,0.385388,-0.0367348
01324180,1523964217885,-7.37638,-3.65049,1.02324,-0.0506581,0.0687807,-0.705314,0.666738,0.455447,-0.397152
01324189,1523964217902,-11.8937,-4.43411,2.36074,0.0683455,0.382758,0.113737,0.72389,-0.103286,-0.496807
01324188,1523964217902,-10.7723,-1.40438,-1.30525,1.06093,0.457665,-0.267339,0.831603,-0.27578,-0.142234
01324185,1523964217902,-8.36931,-2.31945,-0.366778,-0.0626072,-0.120813,-0.448608,0.808701,0.413616,-0.23421
01324181,1523964217902,-9.71041,-0.0565817,2.19266,0.236184,0.23236,-0.0653927,0.833265,0.38658,-0.034764
01324180,1523964217902,-7.82449,-3.74624,0.904748,0.0364659,0.100887,-0.713252,0.661929,0.46436,-0.394606
01324189,1523964217919,-10.1921,-4.74756,1.6406,0.375849,0.302904,-0.0275688,0.724136,-0.107581,-0.491493
01324188,1523964217919,-10.047,1.28224,-1.77327,0.324801,0.487328,-0.208295,0.833622,-0.274184,-0.133543
01324185,1523964217919,-8.88331,-2.29955,-0.524529,0.233181,-0.204674,-0.441479,0.801641,0.419474,-0.237509
01324181,1523964217919,-9.87825,0.125582,2.47789,0.171707,0.127102,-0.0178082,0.832449,0.386332,-0.0335548
01324180,1523964217919,-8.40833,-3.81438,0.763329,0.172874,0.0886984,-0.687744,0.655986,0.467941,-0.394042
01324189,1523964217935,-9.58022,-2.8654,1.56281,0.657621,0.173659,-0.122478,0.726309,-0.111651,-0.488474
01324188,1523964217935,-10.6478,0.953444,-1.32761,-0.411376,0.470986,-0.259617,0.83536,-0.270676,-0.12823
01324185,1523964217935,-9.43775,-2.16131,-0.570153,0.536608,-0.231228,-0.420263,0.798908,0.423554,-0.245249
01324181,1523964217935,-10.105,0.168605,2.95378,0.199719,0.04325,0.0314245,0.832961,0.388052,-0.0330647
01324180,1523964217935,-8.94401,-3.85259,0.583876,0.2965,0.046535,-0.655498,0.650956,0.475004,-0.396528
01324189,1523964217952,-9.67324,-1.52156,2.41933,0.945819,0.0412786,-0.15679,0.72822,-0.118157,-0.485069
01324188,1523964217952,-10.2076,-0.97692,-0.658937,-0.580565,0.471559,-0.315522,0.836417,-0.266981,-0.120473
01324185,1523964217952,-9.89512,-1.83343,-0.583062,0.833387,-0.202991,-0.389209,0.795631,0.426774,-0.253762
01324181,1523964217952,-10.0846,0.180857,3.10099,0.229776,0.00833976,0.0534311,0.833162,0.38512,-0.0361937
01324180,1523964217952,-9.54838,-3.81419,0.389671,0.393787,-0.000368853,-0.60935,0.644487,0.48037,-0.401999
01324189,1523964217969,-9.86222,-0.951261,2.33105,0.83477,-0.0973622,-0.153322,0.726891,-0.123875,-0.484832
01324188,1523964217969,-9.78738,-1.78861,-1.00862,-0.188983,0.483724,-0.300226,0.838539,-0.259785,-0.11628
01324185,1523964217969,-10.0924,-1.65883,-0.557003,1.06252,-0.113498,-0.378089,0.791814,0.429152,-0.262135
01324181,1523964217969,-9.88906,0.09322,3.32368,0.194112,-0.0482911,0.0547422,0.83321,0.383345,-0.0388138
01324180,1523964217969,-9.96121,-3.65364,0.270513,0.439531,-0.0653682,-0.546085,0.640713,0.483207,-0.404588
01324189,1523964217985,-9.97365,-1.29479,1.8451,0.430597,-0.189811,-0.108286,0.72526,-0.124263,-0.484816
01324188,1523964217985,-10.2029,-1.75704,-1.51586,0.0667636,0.434493,-0.242431,0.842448,-0.25591,-0.113394
01324185,1523964217985,-10.2262,-1.34964,-0.367624,1.26155,-0.0380539,-0.390676,0.787458,0.428291,-0.270343
01324181,1523964217985,-9.63074,-0.136687,3.39253,0.185161,-0.0605516,0.0641093,0.834697,0.382335,-0.0382769
01324180,1523964217985,-9.88036,-3.50162,0.136794,0.474835,-0.116805,-0.507521,0.634832,0.484655,-0.411226
01324189,1523964218002,-9.98355,-1.49699,1.40664,0.13721,-0.283473,-0.0939926,0.723116,-0.126374,-0.486949
01324188,1523964218002,-10.6166,-1.15625,-1.70339,-0.0727303,0.436148,-0.211584,0.843231,-0.251673,-0.107754
01324185,1523964218002,-10.2484,-0.785934,-0.190495,1.33825,0.0456432,-0.40321,0.785269,0.427561,-0.279084
01324181,1523964218002,-9.48575,-0.0134517,3.13028,0.149668,0.0545048,0.0746467,0.834711,0.381748,-0.038929
01324180,1523964218002,-9.802,-3.20603,0.122264,0.452139,-0.143794,-0.476149,0.628563,0.484805,-0.417614
01324189,1523964218019,-9.65846,-1.72919,0.670966,-0.0229384,-0.301856,-0.106115,0.720269,-0.123293,-0.489968
01324188,1523964218019,-9.89165,-1.29982,-2.24682,-0.381442,0.348127,-0.211,0.844576,-0.250274,-0.103914
01324185,1523964218019,-10.2251,-0.323687,-0.0652218,1.24846,0.106222,-0.422224,0.781993,0.427946,-0.288484
01324181,1523964218019,-9.85267,0.239445,3.04581,0.0874957,0.140178,0.070477,0.835783,0.381744,-0.0384088
01324180,1523964218019,-9.78879,-2.93077,0.131156,0.390664,-0.131831,-0.471114,0.622669,0.486385,-0.421953
01324189,1523964218035,-9.31505,-2.25805,0.401647,-0.158288,-0.216808,-0.0819137,0.718835,-0.126729,-0.494394
01324188,1523964218035,-9.34206,-1.77695,-2.57888,-0.649933,0.28364,-0.192201,0.845916,-0.247834,-0.100547
01324185,1523964218035,-10.3908,-0.0482085,-0.0973566,1.07438,0.142751,-0.459654,0.7779,0.427734,-0.299575
01324181,1523964218035,-10.5335,0.565889,3.41676,0.0250714,0.0969871,0.0738859,0.833915,0.379789,-0.0374186
01324180,1523964218035,-9.97716,-2.77365,0.13018,0.298568,-0.134338,-0.448775,0.618335,0.490526,-0.422752
01324189,1523964218052,-9.67405,-2.70677,0.839261,-0.255228,-0.169014,-0.0609242,0.718173,-0.12414,-0.497844
01324188,1523964218052,-9.75476,-2.23981,-2.37172,-0.640757,0.19428,-0.143608,0.84697,-0.2429,-0.100521
01324185,1523964218052,-10.921,0.101941,-0.119875,0.838341,0.133916,-0.506848,0.773285,0.429659,-0.302191
01324181,1523964218052,-11.0111,0.812434,3.56354,0.0124021,0.012456,0.0887999,0.834883,0.378883,-0.0390038
01324180,1523964218052,-10.4693,-2.6924,0.118571,0.207696,-0.089188,-0.440991,0.614586,0.491774,-0.426454
01324189,1523964218069,-10.0956,-2.85159,1.44162,-0.198948,-0.148646,-0.0233674,0.716241,-0.11877,-0.498448
01324188,1523964218069,-9.98747,-2.38607,-2.01962,-0.347222,0.114093,-0.0911839,0.847634,-0.240075,-0.105065
01324185,1523964218069,-11.5577,0.170862,-0.173399,0.629527,0.0791916,-0.535042,0.77192,0.431428,-0.30547
01324181,1523964218069,-11.1753,0.905283,3.35302,0.0103287,-0.0698759,0.131216,0.835862,0.375729,-0.0386826
01324180,1523964218069,-11.0133,-2.69347,0.0721663,0.117908,-0.0562062,-0.437689,0.609873,0.496244,-0.432778
01324189,1523964218085,-10.0468,-2.73473,1.18072,-0.114984,-0.139145,0.0213042,0.714348,-0.117722,-0.500291
01324188,1523964218085,-9.8555,-2.02184,-2.45714,-0.0346604,-0.000986141,-0.0380779,0.848296,-0.237459,-0.105179
01324185,1523964218085,-12.0068,0.0868961,-0.264924,0.398952,-0.00284091,-0.498442,0.766758,0.435308,-0.309018
01324181,1523964218085,-10.9497,0.69208,3.29093,0.0165293,-0.11763,0.133336,0.837771,0.374535,-0.0397402
01324180,1523964218085,-11.3665,-2.67279,0.00599372,0.0403929,-0.0375479,-0.417744,0.604884,0.49865,-0.432386
01324189,1523964218102,-9.93827,-2.35304,0.980398,-0.0698791,-0.0947702,0.0320055,0.71341,-0.117705,-0.501885
01324188,1523964218102,-10.105,-1.51742,-2.74375,-0.0465988,-0.117431,-0.0049707,0.846811,-0.238571,-0.105768
01324185,1523964218102,-12.0214,-0.0188959,-0.204976,0.219743,-0.0319993,-0.413857,0.763768,0.439353,-0.311268
01324181,1523964218102,-10.7882,0.480474,3.31534,0.0209273,-0.121,0.143621,0.838354,0.373036,-0.0425046
01324180,1523964218102,-11.4108,-2.5954,-0.0568518,-0.0400326,0.00573851,-0.403854,0.6011,0.502503,-0.435225
01324189,1523964218119,-10.0186,-2.33545,0.796664,-0.165572,-0.0109061,0.0422024,0.712748,-0.117123,-0.504147
01324188,1523964218119,-9.97726,-1.61899,-2.76789,-0.188602,-0.225066,-0.0159509,0.846274,-0.239421,-0.106084
01324185,1523964218119,-11.7998,-0.246417,-0.00830979,0.07206,-0.0148885,-0.253114,0.760913,0.442403,-0.313901
01324181,1523964218119,-10.6316,0.424136,3.26912,0.0122609,-0.0827049,0.112918,0.838103,0.372444,-0.0435522
01324180,1523964218119,-11.1608,-2.45932,-0.0923339,-0.11672,0.0422419,-0.402347,0.597111,0.508921,-0.429905
01324189,1523964218135,-9.86513,-2.39536,0.492383,-0.171045,0.0788393,0.0419836,0.713561,-0.116856,-0.503887
01324188,1523964218135,-9.86509,-2.02458,-2.75305,-0.236145,-0.342163,0.0249497,0.847371,-0.240665,-0.111022
01324185,1523964218135,-11.3999,-0.556907,0.191284,-0.0139984,0.0474587,-0.091916,0.760507,0.444824,-0.312616
01324181,1523964218135,-10.4821,0.586013,3.2863,-0.0107618,-0.0511874,0.0985559,0.838953,0.370252,-0.0451094
01324180,1523964218135,-10.7439,-2.33108,-0.114145,-0.189593,0.115478,-0.397082,0.596245,0.513127,-0.427647
01324189,1523964218152,-9.81906,-2.55427,0.593539,-0.0897199,0.181556,0.027844,0.714902,-0.116021,-0.502424
01324188,1523964218152,-9.65755,-2.12016,-2.64069,-0.178157,-0.455383,0.0630775,0.84669,-0.239712,-0.115531
01324185,1523964218152,-11.0286,-0.73242,0.356746,-0.0805526,0.0495784,0.0543422,0.760915,0.4454,-0.31197
01324181,1523964218152,-10.1866,0.715748,3.18427,0.00345012,-0.0670675,0.102591,0.840153,0.370539,-0.0443309
01324180,1523964218152,-10.3156,-2.36032,-0.0690365,-0.224234,0.195475,-0.373987,0.594181,0.517805,-0.428064
01324189,1523964218169,-9.71591,-2.7038,0.625703,0.0126922,0.221894,0.020987,0.716931,-0.117215,-0.500316
01324188,1523964218169,-9.78752,-1.9359,-2.36941,-0.121904,-0.593699,0.0849255,0.84453,-0.24039,-0.125104
01324185,1523964218169,-10.7247,-0.734299,0.370444,-0.0815238,0.00853632,0.173602,0.762816,0.443869,-0.310916
01324181,1523964218169,-9.92913,0.840143,3.13041,-0.0250147,-0.0742115,0.103402,0.841813,0.36833,-0.0461618
01324180,1523964218169,-9.92066,-2.42382,-0.0171924,-0.213171,0.263396,-0.352446,0.593688,0.523732,-0.423885
01324189,1523964218185,-9.51538,-2.37743,0.732984,0.0995093,0.283114,0.0282303,0.719486,-0.117267,-0.497135
01324188,1523964218185,-9.75905,-2.06562,-2.10613,-0.10586,-0.729313,0.0853212,0.843588,-0.240488,-0.135061
01324185,1523964218185,-10.3629,-0.640355,0.249655,-0.0602031,-0.0532705,0.26064,0.765257,0.44105,-0.310898
01324181,1523964218185,-9.74902,0.912773,2.95629,-0.0393881,-0.112746,0.127191,0.841301,0.367444,-0.047732
01324180,1523964218185,-9.6268,-2.52709,0.0310297,-0.172686,0.330794,-0.299061,0.592538,0.528217,-0.418916
01324189,1523964218202,-9.33633,-1.9745,0.728805,0.111745,0.346845,0.0503242,0.722709,-0.1169,-0.492889
01324188,1523964218202,-9.65232,-1.95384,-1.93952,-0.0689104,-0.825911,0.104879,0.840214,-0.241871,-0.14776
01324185,1523964218202,-10.0784,-0.555626,0.057054,-0.0743027,-0.115195,0.30181,0.767704,0.436704,-0.309688
01324181,1523964218202,-9.51996,0.927742,2.79808,-0.0553455,-0.0543535,0.132859,0.842465,0.362228,-0.0500263
01324180,1523964218202,-9.47126,-2.57831,0.0250164,-0.12296,0.361396,-0.243193,0.591794,0.530934,-0.410477
01324189,1523964218219,-9.45181,-1.8384,0.842838,0.0575507,0.359508,0.0314836,0.725684,-0.120267,-0.488936
01324188,1523964218219,-9.80663,-1.78876,-1.32373,-0.0370822,-0.901932,0.131661,0.837796,-0.24447,-0.159739
01324185,1523964218219,-9.85664,-0.470518,-0.147423,-0.167622,-0.171977,0.341348,0.768785,0.434414,-0.311499
01324181,1523964218219,-9.58475,0.849209,2.95856,-0.0857506,-0.110683,0.14801,0.843014,0.361362,-0.050014
01324180,1523964218219,-9.31067,-2.63397,-0.0123911,-0.062781,0.378457,-0.165378,0.593353,0.533786,-0.407201
01324189,1523964218235,-9.43314,-1.9627,0.74003,0.00681544,0.399697,0.0143546,0.72986,-0.120785,-0.484172
01324188,1523964218235,-9.93188,-1.64939,-1.18925,-0.00379149,-0.930357,0.145712,0.83605,-0.245919,-0.171654
01324185,1523964218235,-9.6203,-0.368616,-0.318729,-0.288838,-0.19869,0.366263,0.771088,0.430861,-0.31304
01324181,1523964218235,-9.34689,0.949173,2.82776,-0.0982456,-0.199227,0.145485,0.844652,0.361009,-0.0520162
01324180,1523964218235,-9.10677,-2.66476,-0.0709909,-0.00919616,0.362072,-0.0816888,0.594665,0.534611,-0.403557
01324189,1523964218252,-9.44996,-2.10969,0.851901,0.0393531,0.391555,-0.0254947,0.733217,-0.121425,-0.479132
01324188,1523964218252,-10.001,-2.00613,-0.819673,0.0890052,-0.961733,0.184939,0.833917,-0.25062,-0.182422
01324185,1523964218252,-9.34573,-0.411385,-0.45864,-0.345664,-0.178635,0.373792,0.772176,0.428047,-0.312756
01324181,1523964218252,-9.05988,1.03024,2.78457,-0.14093,-0.240131,0.139151,0.845514,0.359208,-0.0553085
01324180,1523964218252,-8.93449,-2.53515,-0.0371779,0.0244127,0.335924,0.00361071,0.597033,0.536867,-0.400035
01324189,1523964218269,-9.34253,-2.49534,0.742264,0.0994844,0.379591,-0.082149,0.737247,-0.120643,-0.474089
01324188,1523964218269,-10.1079,-2.1853,-1.00493,0.180082,-1.01569,0.25665,0.828785,-0.252972,-0.195563
01324185,1523964218269,-9.09047,-0.538198,-0.485248,-0.373969,-0.156834,0.409349,0.774894,0.424987,-0.310645
01324181,1523964218269,-9.04535,1.07887,2.86101,-0.155129,-0.248279,0.129636,0.84636,0.357719,-0.0574116
01324180,1523964218269,-8.66528,-2.39404,-0.0700273,0.00919323,0.300995,0.0814879,0.599699,0.536213,-0.395495
01324189,1523964218285,-9.27879,-2.77426,0.672486,0.152418,0.344384,-0.158322,0.742516,-0.117608,-0.471985
01324188,1523964218285,-9.87408,-2.32762,-0.423067,0.291322,-1.07003,0.301982,0.822581,-0.257017,-0.212567
01324185,1523964218285,-8.93173,-0.678853,-0.507582,-0.329931,-0.146263,0.450022,0.78032,0.420204,-0.310094
01324181,1523964218285,-9.30049,1.06135,2.79934,-0.181819,-0.282834,0.126039,0.847245,0.354474,-0.0613381
01324180,1523964218285,-8.57924,-2.31079,-0.0856479,-0.0662904,0.246279,0.173818,0.604554,0.53381,-0.395884
01324189,1523964218302,-9.28038,-2.90157,0.506692,0.214111,0.264208,-0.232596,0.744115,-0.117919,-0.46826
01324188,1523964218302,-9.4711,-2.50785,-0.0298957,0.527855,-1.10248,0.299764,0.817744,-0.263195,-0.225008
01324185,1523964218302,-8.97555,-0.803806,-0.535963,-0.264063,-0.120312,0.466804,0.781946,0.417084,-0.311115
01324181,1523964218302,-9.91376,0.898822,2.80094,-0.244157,-0.404109,0.118464,0.847016,0.353275,-0.0639674
01324180,1523964218302,-8.70534,-2.25829,-0.168764,-0.197672,0.183553,0.26402,0.608055,0.530826,-0.392078
01324189,1523964218319,-9.43082,-2.88777,0.494391,0.258454,0.179091,-0.305113,0.746815,-0.117836,-0.46615
01324188,1523964218319,-9.80305,-2.03007,0.093501,0.658739,-1.12972,0.297638,0.81426,-0.268423,-0.239562
01324185,1523964218319,-9.3499,-0.936364,-0.598644,-0.197989,-0.0785071,0.48781,0.7852,0.413122,-0.311872
01324181,1523964218319,-10.0759,0.644754,2.60192,-0.295806,-0.548402,0.113998,0.847748,0.352298,-0.0688695
01324180,1523964218319,-9.02751,-2.37956,-0.245081,-0.329597,0.121595,0.403457,0.612581,0.529382,-0.382314
01324189,1523964218335,-9.8182,-2.41035,0.715571,0.245714,0.0411611,-0.361688,0.750596,-0.115626,-0.464436
01324188,1523964218335,-10.2826,-0.892041,0.354047,0.637795,-1.09849,0.302151,0.809709,-0.276967,-0.251348
01324185,1523964218335,-9.90991,-1.06293,-0.634028,-0.1764,-0.0346595,0.496987,0.789952,0.408654,-0.309623
01324181,1523964218335,-9.75771,0.386701,2.35532,-0.384581,-0.657145,0.0788101,0.846748,0.351302,-0.0757457
01324180,1523964218335,-9.41588,-2.65484,-0.211715,-0.425078,0.0743959,0.554633,0.616991,0.529288,-0.379544
01324189,1523964218352,-10.2129,-1.0418,1.48908,0.275749,-0.133285,-0.342535,0.752249,-0.113959,-0.467519
01324188,1523964218352,-10.113,0.553419,0.443095,0.457884,-1.03514,0.279468,0.804601,-0.283506,-0.262193
01324185,1523964218352,-10.2647,-1.24355,-0.466549,-0.187041,0.00488177,0.573367,0.79402,0.402144,-0.311012
01324181,1523964218352,-9.49164,0.21521,2.30477,-0.470575,-0.65726,0.0342172,0.847353,0.351976,-0.0837361
01324180,1523964218352,-9.6256,-2.93127,-0.0992719,-0.459015,0.00446069,0.712153,0.623975,0.526239,-0.37525
01324189,1523964218369,-10.1477,0.173196,2.51328,0.270279,-0.357422,-0.268407,0.749268,-0.111019,-0.470672
01324188,1523964218369,-9.63143,1.42918,1.15818,0.120969,-0.952803,0.217035,0.79759,-0.289301,-0.272699
01324185,1523964218369,-10.2984,-1.48138,-0.122966,-0.209536,0.0640339,0.65977,0.799325,0.394352,-0.305728
01324181,1523964218369,-9.10878,0.190801,2.09034,-0.488958,-0.626237,-0.0034753,0.846311,0.353578,-0.0896034
01324180,1523964218369,-9.62114,-3.15044,0.0880826,-0.473816,-0.0260914,0.830475,0.633806,0.522002,-0.374669
01324189,1523964218385,-9.93601,0.995552,3.44185,0.133014,-0.545681,-0.172601,0.746051,-0.110098,-0.476246
01324188,1523964218385,-10.1777,1.51275,1.91494,-0.191629,-0.865178,0.12726,0.790682,-0.289949,-0.284231
01324185,1523964218385,-9.97979,-1.65395,0.272796,-0.201056,0.0976433,0.771736,0.804625,0.384245,-0.303558
01324181,1523964218385,-8.68307,0.157031,2.07439,-0.476394,-0.599103,-0.0154497,0.846916,0.353695,-0.096918
01324180,1523964218385,-9.33295,-3.2507,0.303029,-0.486793,-0.0511405,0.935625,0.640707,0.515635,-0.372737
01324189,1523964218402,-9.88563,1.06937,4.77999,-0.215818,-0.666008,-0.0509312,0.745835,-0.105389,-0.485035
01324188,1523964218402,-11.002,0.925803,2.84842,-0.394126,-0.748299,0.0827871,0.790952,-0.288609,-0.294247
01324185,1523964218402,-9.37628,-1.67909,0.584482,-0.167146,0.147596,0.863093,0.811276,0.376241,-0.301935
01324181,1523964218402,-8.77724,0.102224,2.46365,-0.485404,-0.563425,-0.00128552,0.844812,0.353473,-0.101806
01324180,1523964218402,-8.80077,-3.31895,0.501198,-0.480419,-0.0543265,1.00232,0.650313,0.506455,-0.369145
01324189,1523964218419,-9.98837,0.137455,6.47829,-0.568969,-0.772418,0.0511993,0.741008,-0.102717,-0.494056
01324188,1523964218419,-10.8141,0.712241,2.25206,-0.349399,-0.586459,0.0477419,0.786891,-0.288939,-0.304313
01324185,1523964218419,-8.87897,-1.65071,0.769142,-0.119621,0.157287,0.904539,0.819966,0.365308,-0.298723
01324181,1523964218419,-9.23542,-0.000414753,2.67762,-0.464236,-0.616077,0.0138348,0.844309,0.354373,-0.106735
01324180,1523964218419,-8.3021,-3.39674,0.650651,-0.498823,-0.0274659,1.05325,0.659488,0.499305,-0.364291
01324189,1523964218435,-10.0879,-1.19053,7.7253,-0.820819,-0.893877,0.0630735,0.736466,-0.0976211,-0.506003
01324188,1523964218435,-9.60957,0.793823,1.32261,-0.299326,-0.413757,0.0643325,0.782827,-0.288877,-0.313413
01324185,1523964218435,-8.83044,-1.52103,0.731761,-0.124266,0.140368,0.879976,0.826487,0.355211,-0.296034
01324181,1523964218435,-9.16213,-0.115977,2.64891,-0.402139,-0.721858,0.0282289,0.842501,0.355058,-0.115763
01324180,1523964218435,-8.26613,-3.61042,0.809341,-0.523919,-8.29253e-07,1.07432,0.669482,0.491571,-0.361351
01324189,1523964218452,-10.1336,-2.40445,8.04927,-1.02122,-1.04204,-0.0225844,0.722138,-0.0888329,-0.521554
01324188,1523964218452,-8.68528,0.881324,-0.312242,-0.305551,-0.197066,0.0367374,0.782945,-0.285601,-0.318056
01324185,1523964218452,-9.03304,-1.37551,0.515713,-0.169582,0.0599653,0.810847,0.832734,0.339987,-0.29617
01324181,1523964218452,-8.56582,-0.167113,2.60299,-0.366769,-0.813391,0.0547598,0.842556,0.356597,-0.123766
01324180,1523964218452,-8.3783,-3.97093,0.992364,-0.499776,0.0154685,1.09035,0.680029,0.482083,-0.357373
01324189,1523964218469,-9.33499,-3.06276,7.71192,-1.26075,-1.19361,-0.151191,0.712825,-0.0764374,-0.537134
01324188,1523964218469,-8.1245,0.518451,-4.61147,-0.104962,0.2277,0.0960325,0.784709,-0.285643,-0.317811
01324185,1523964218469,-9.22149,-1.25907,0.182892,-0.298433,-0.0731418,0.762557,0.837083,0.331289,-0.29401
01324181,1523964218469,-8.52081,-0.404648,2.97973,-0.338468,-0.782809,0.0790906,0.840766,0.357104,-0.134384
01324180,1523964218469,-8.44067,-4.2386,1.12563,-0.436604,0.0104993,1.0845,0.68936,0.473782,-0.354435
01324189,1523964218485,-8.68272,-3.42829,7.09756,-1.33219,-1.26236,-0.293584,0.707018,-0.0621104,-0.550599
01324188,1523964218485,-8.79093,0.718734,-4.9763,-0.158135,0.805399,0.188642,0.783354,-0.286865,-0.309928
01324185,1523964218485,-9.44421,-1.31579,-0.161239,-0.386963,-0.169299,0.749716,0.841699,0.324114,-0.293303
01324181,1523964218485,-8.50467,-0.579512,3.4372,-0.196271,-0.752255,0.0927154,0.84111,0.357066,-0.142357
01324180,1523964218485,-8.70617,-4.46379,1.12422,-0.392714,0.0118385,1.06985,0.698946,0.46487,-0.347191
01324189,1523964218502,-8.36156,-4.12949,5.88376,-1.01021,-1.19614,-0.369993,0.69566,-0.0493725,-0.566019
01324188,1523964218502,-9.40216,0.252129,-3.77604,-0.201955,1.21803,0.246765,0.79014,-0.288835,-0.295328
01324185,1523964218502,-9.55617,-1.4887,-0.431272,-0.4213,-0.243162,0.728144,0.845769,0.316343,-0.294287
01324181,1523964218502,-8.1602,-0.514713,3.34881,-0.125067,-0.712398,0.0944623,0.840126,0.35687,-0.151907
01324180,1523964218502,-8.89124,-4.72645,1.10163,-0.316536,-0.0149118,1.01913,0.707887,0.455709,-0.344669
01324189,1523964218519,-8.04298,-4.6522,4.57062,-0.568491,-1.02914,-0.318256,0.685126,-0.0396718,-0.580403
01324188,1523964218519,-9.28537,0.508158,-3.20651,0.132665,1.54006,0.288875,0.796389,-0.292148,-0.276766
01324185,1523964218519,-9.52509,-1.57558,-0.446268,-0.440327,-0.271094,0.735143,0.850384,0.307319,-0.294477
01324181,1523964218519,-8.65734,-0.375215,3.57721,-0.146475,-0.55889,0.118382,0.838605,0.355566,-0.160099
01324180,1523964218519,-8.89822,-4.87464,0.953322,-0.254379,-0.051566,0.98055,0.716187,0.444828,-0.343658
01324189,1523964218535,-7.64754,-4.91456,3.66099,-0.107867,-0.91309,-0.169532,0.675396,-0.0314197,-0.592533
01324188,1523964218535,-9.66543,2.36182,-3.62467,0.386129,1.83487,0.385779,0.806467,-0.301208,-0.248919
01324185,1523964218535,-9.8845,-1.61663,-0.39649,-0.416789,-0.278679,0.709732,0.85228,0.300495,-0.297554
01324181,1523964218535,-9.74067,-0.449075,4.05952,-0.155452,-0.455879,0.129934,0.837471,0.353738,-0.165894
01324180,1523964218535,-9.35137,-4.89629,0.668424,-0.226661,-0.125829,0.936345,0.7226,0.436469,-0.346621
01324189,1523964218552,-7.4242,-4.92838,3.01987,0.283464,-0.837662,-0.0102688,0.668283,-0.0312826,-0.602885
01324188,1523964218552,-9.84798,2.71501,-3.34729,0.404987,2.0408,0.588143,0.812472,-0.30991,-0.220998
01324185,1523964218552,-10.664,-1.68413,-0.527418,-0.330287,-0.256086,0.594855,0.855805,0.292277,-0.299839
01324181,1523964218552,-9.95452,-0.359101,3.67969,-0.102147,-0.463418,0.148698,0.837031,0.350744,-0.172203
01324180,1523964218552,-10.2536,-4.98612,0.398101,-0.254337,-0.175425,0.965015,0.729696,0.425613,-0.346268
01324189,1523964218569,-7.39615,-4.2118,2.92865,0.62077,-0.746106,0.0857394,0.661582,-0.0391892,-0.608757
01324188,1523964218569,-9.97961,3.79783,-2.959,0.279659,2.15126,0.682252,0.815896,-0.318278,-0.193025
01324185,1523964218569,-11.3852,-1.55221,-0.716274,-0.279178,-0.210261,0.47645,0.857569,0.288751,-0.299941
01324181,1523964218569,-9.59351,-0.126447,3.27666,-0.0654063,-0.369235,0.127726,0.838029,0.34977,-0.176842
01324180,1523964218569,-10.9394,-5.2249,0.30067,-0.241441,-0.249645,1.00072,0.738783,0.418375,-0.350733
01324189,1523964218585,-7.43356,-2.9739,3.22911,0.897413,-0.608938,0.20457,0.654894,-0.0493969,-0.614514
01324188,1523964218585,-9.92512,5.5189,-2.91487,-0.12481,2.21346,0.770395,0.820696,-0.33001,-0.162182
01324185,1523964218585,-11.6212,-1.38469,-0.804945,-0.398289,-0.161844,0.448256,0.858927,0.282808,-0.301195
01324181,1523964218585,-9.22645,0.110809,3.2648,0.00339808,-0.205259,0.0986407,0.837001,0.349673,-0.181877
01324180,1523964218585,-10.9834,-5.40246,0.379022,-0.203498,-0.333735,1.00297,0.744157,0.406546,-0.35213
01324189,1523964218602,-7.10298,-1.49625,3.62195,1.04465,-0.482576,0.330912,0.650528,-0.061821,-0.61978
01324188,1523964218602,-9.72887,6.30045,-3.06789,-0.793988,2.25595,0.953919,0.822369,-0.340225,-0.134571
01324185,1523964218602,-11.2494,-1.3291,-0.671002,-0.584877,-0.10503,0.485434,0.861908,0.277697,-0.303116
01324181,1523964218602,-9.17813,0.0241149,3.175,0.105007,-0.0469915,0.0910666,0.839453,0.347905,-0.182663
01324180,1523964218602,-10.4831,-5.24139,0.541886,-0.186224,-0.393967,0.945441,0.748592,0.396643,-0.357796
01324189,1523964218619,-6.62211,-0.185432,4.28474,1.07423,-0.34804,0.488805,0.643729,-0.0806424,-0.622794
01324188,1523964218619,-9.82981,5.12803,-2.92891,-1.26031,2.26397,1.2075,0.822175,-0.355549,-0.109141
01324185,1523964218619,-10.6122,-1.37613,-0.375091,-0.744637,-0.0628622,0.492002,0.863411,0.276091,-0.298663
01324181,1523964218619,-9.24884,-0.0325816,3.24808,0.142692,0.0220514,0.0433032,0.840011,0.346879,-0.183444
01324180,1523964218619,-9.87141,-4.91982,0.718805,-0.251667,-0.404955,0.86489,0.753278,0.385688,-0.357814
01324189,1523964218635,-6.42264,0.394543,4.5971,0.984144,-0.179415,0.66406,0.641931,-0.0975706,-0.623443
01324188,1523964218635,-10.0933,3.15339,-2.45651,-1.08455,2.22386,1.44901,0.817931,-0.373976,-0.0843926
01324185,1523964218635,-10.1103,-1.5042,-0.0968155,-0.838911,-0.0727444,0.467396,0.866397,0.274139,-0.297478
01324181,1523964218635,-9.14526,0.0292089,3.35382,0.178416,0.049947,0.0192655,0.840303,0.345296,-0.18368
01324180,1523964218635,-9.3307,-4.70504,0.870275,-0.342205,-0.375709,0.784451,0.75606,0.377819,-0.359364
01324189,1523964218652,-6.48669,0.546627,4.25522,0.867003,0.0480801,0.782301,0.640947,-0.114519,-0.623834
01324188,1523964218652,-9.88116,1.65026,-2.08113,-0.429356,2.16029,1.6281,0.813828,-0.393233,-0.0606403
01324185,1523964218652,-9.78734,-1.68424,0.0562016,-0.864648,-0.131478,0.380986,0.869525,0.273094,-0.293167
01324181,1523964218652,-8.90998,0.114618,3.18464,0.227507,0.0716818,-0.00146018,0.840176,0.345698,-0.185015
01324180,1523964218652,-9.04603,-4.67352,0.945733,-0.433884,-0.375825,0.683592,0.760031,0.373439,-0.365858
01324189,1523964218669,-7.14401,0.45933,3.98746,0.750901,0.291182,0.849104,0.640862,-0.130603,-0.619145
01324188,1523964218669,-9.34156,1.13035,-1.80146,0.336961,2.07942,1.6945,0.805803,-0.415171,-0.0310832
01324185,1523964218669,-9.66735,-1.86801,0.00928065,-0.803105,-0.194729,0.279246,0.871839,0.269766,-0.290268
01324181,1523964218669,-8.84194,0.12526,3.02307,0.239245,0.125299,-0.0182915,0.84127,0.345087,-0.186077
01324180,1523964218669,-8.95772,-4.74928,0.902676,-0.471561,-0.368025,0.593697,0.763706,0.369619,-0.368284
01324189,1523964218685,-7.85737,0.713329,4.01344,0.671282,0.401003,0.894966,0.642959,-0.147034,-0.614751
01324188,1523964218685,-9.41404,1.8069,-1.96828,0.989396,1.97349,1.67476,0.794804,-0.439213,0.000937455
01324185,1523964218685,-9.61488,-1.93114,-0.205836,-0.641409,-0.264024,0.196158,0.870757,0.269782,-0.28948
01324181,1523964218685,-8.95167,0.221038,2.98431,0.251837,0.151482,-0.0387752,0.840993,0.344831,-0.184873
01324180,1523964218685,-8.92609,-4.90218,0.786136,-0.449856,-0.351193,0.502477,0.763628,0.365128,-0.368643
01324189,1523964218702,-7.97536,1.09204,3.55852,0.595504,0.503717,0.974492,0.645969,-0.16347,-0.606354
01324188,1523964218702,-9.59183,2.77363,-2.19947,1.0574,1.81656,1.62211,0.780826,-0.464551,0.0368185
01324185,1523964218702,-9.6778,-1.85391,-0.429588,-0.498907,-0.265278,0.11693,0.86912,0.270834,-0.293405
01324181,1523964218702,-9.08348,0.345674,2.93761,0.239617,0.205715,-0.0710013,0.842864,0.34428,-0.182756
01324180,1523964218702,-9.09333,-5.02381,0.68716,-0.361603,-0.343965,0.422212,0.763409,0.36078,-0.368187
01324189,1523964218719,-8.26548,1.29887,3.51958,0.544531,0.594219,1.07549,0.648473,-0.182635,-0.600114
01324188,1523964218719,-9.67615,3.52911,-2.26824,0.582833,1.65315,1.53384,0.767231,-0.485057,0.0627655
01324185,1523964218719,-9.84123,-1.59293,-0.510199,-0.358116,-0.241456,0.0800842,0.869656,0.271783,-0.295376
01324181,1523964218719,-9.137,0.403261,2.94582,0.250274,0.239476,-0.0638406,0.842863,0.344142,-0.182487
01324180,1523964218719,-9.33998,-4.99424,0.583407,-0.2487,-0.363381,0.364829,0.765091,0.355987,-0.371549
01324189,1523964218735,-8.55062,1.16054,3.33856,0.406765,0.689063,1.18152,0.64944,-0.197008,-0.592748
01324188,1523964218735,-9.45874,3.46016,-2.52441,-0.0803569,1.44403,1.37748,0.757141,-0.501372,0.0850267
01324185,1523964218735,-9.97577,-1.41872,-0.491673,-0.264968,-0.209302,0.0389799,0.869922,0.271315,-0.297724
01324181,1523964218735,-9.19895,0.378247,2.97005,0.264459,0.260926,-0.0533381,0.844034,0.345328,-0.179867
01324180,1523964218735,-9.43788,-4.88109,0.503316,-0.153131,-0.386168,0.296751,0.766028,0.355822,-0.371026
01324189,1523964218752,-8.68326,1.04601,3.32812,0.284273,0.794056,1.2609,0.653803,-0.213475,-0.583431
01324188,1523964218752,-9.40936,2.41873,-2.23137,-0.743175,1.21743,1.25633,0.744224,-0.520089,0.0974801
01324185,1523964218752,-9.93691,-1.34671,-0.460108,-0.185865,-0.178758,-0.00213493,0.869238,0.27127,-0.300073
01324181,1523964218752,-9.18491,0.339671,2.87911,0.293014,0.299738,-0.0599881,0.844289,0.344525,-0.177197
01324180,1523964218752,-9.39057,-4.61483,0.488323,-0.108238,-0.400041,0.210837,0.765408,0.353836,-0.37646
01324189,1523964218769,-8.67968,0.966199,3.03823,0.107431,0.92877,1.2565,0.658424,-0.227647,-0.574098
01324188,1523964218769,-9.34253,0.844644,-1.97695,-1.03173,0.949853,1.13819,0.734002,-0.534924,0.100719
01324185,1523964218769,-9.78715,-1.34272,-0.350095,-0.137092,-0.160353,-0.0533676,0.868016,0.273233,-0.300611
01324181,1523964218769,-9.18116,0.315573,2.7347,0.275361,0.347234,-0.0715868,0.846168,0.344093,-0.176145
01324180,1523964218769,-9.29506,-4.35091,0.519707,-0.123061,-0.410955,0.140379,0.763439,0.352157,-0.380786
01324189,1523964218785,-8.86,0.915984,2.60757,-0.142034,1.04859,1.15774,0.664676,-0.244155,-0.563064
01324188,1523964218785,-9.40995,-0.421989,-1.83016,-0.972993,0.685779,1.07023,0.721909,-0.553542,0.0983599
01324185,1523964218785,-9.64197,-1.29532,-0.182099,-0.100293,-0.112215,-0.137095,0.86747,0.275906,-0.300896
01324181,1523964218785,-9.25864,0.334093,2.70004,0.256871,0.355489,-0.102468,0.846381,0.34519,-0.171653
01324180,1523964218785,-9.18575,-4.22221,0.569818,-0.164574,-0.390393,0.0681775,0.762425,0.350923,-0.389576
01324189,1523964218802,-9.3081,0.989216,2.30539,-0.35073,1.13526,1.04857,0.670614,-0.252604,-0.552765
01324188,1523964218802,-9.37001,-1.40722,-1.63864,-0.704117,0.446703,0.999559,0.711809,-0.565543,0.0970628
01324185,1523964218802,-9.66519,-1.13124,0.045285,-0.060665,-0.0799328,-0.215586,0.866108,0.279114,-0.302621
01324181,1523964218802,-9.3016,0.256009,2.62881,0.233062,0.352179,-0.136017,0.84688,0.345134,-0.167407
01324180,1523964218802,-9.14764,-4.2082,0.657274,-0.175235,-0.378324,-0.0126917,0.759198,0.353467,-0.393394
01324189,1523964218819,-9.6297,0.556698,2.32138,-0.485038,1.15386,0.950419,0.676271,-0.258602,-0.542978
01324188,1523964218819,-9.303,-2.22649,-1.05415,-0.24007,0.254123,0.881167,0.704962,-0.577484,0.099498
01324185,1523964218819,-9.70814,-1.09228,0.231126,-0.0335071,-0.0612699,-0.258251,0.86502,0.280219,-0.303804
01324181,1523964218819,-9.27785,0.246621,2.58567,0.204782,0.329399,-0.169744,0.845733,0.347531,-0.163194
01324180,1523964218819,-9.08988,-4.19822,0.691729,-0.161696,-0.343297,-0.096769,0.757179,0.353935,-0.392815
01324189,1523964218835,-9.86607,-0.303122,2.18173,-0.573911,1.14607,0.859568,0.68233,-0.262887,-0.533583
01324188,1523964218835,-9.00659,-2.48397,-0.938609,0.452249,0.0342489,0.729543,0.69797,-0.588015,0.102966
01324185,1523964218835,-9.74142,-1.02932,0.392043,-0.00375966,-0.0602505,-0.301658,0.862982,0.284724,-0.304102
01324181,1523964218835,-9.3208,0.267897,2.64778,0.151449,0.304355,-0.181849,0.846198,0.351304,-0.160488
01324180,1523964218835,-9.09946,-4.05436,0.774598,-0.142234,-0.278063,-0.19989,0.755432,0.35602,-0.396935
01324189,1523964218852,-9.87934,-0.946563,2.32158,-0.593414,1.15487,0.820407,0.689061,-0.266182,-0.523921
01324188,1523964218852,-8.98248,-2.4678,-0.500946,0.973585,-0.21346,0.539219,0.692161,-0.592914,0.110136
01324185,1523964218852,-9.73127,-0.944993,0.526618,0.0308332,-0.0642469,-0.314432,0.861344,0.289168,-0.307537
01324181,1523964218852,-9.2425,0.188728,2.68844,0.139162,0.277187,-0.214807,0.846943,0.354491,-0.158171
01324180,1523964218852,-9.14009,-3.91496,0.787052,-0.120734,-0.23022,-0.30839,0.751363,0.361034,-0.399206
01324189,1523964218869,-9.99051,-1.04282,2.4642,-0.498633,1.1712,0.822496,0.698095,-0.27154,-0.512027
01324188,1523964218869,-9.37122,-2.30048,-0.083094,1.3291,-0.511323,0.305547,0.688101,-0.59505,0.113688
01324185,1523964218869,-9.7502,-0.899014,0.6507,0.0899611,-0.0121386,-0.330136,0.85863,0.290276,-0.308583
01324181,1523964218869,-9.103,0.00840118,2.71211,0.129559,0.260638,-0.246824,0.845838,0.355126,-0.156048
01324180,1523964218869,-9.2016,-3.85088,0.823056,-0.0785252,-0.172079,-0.402633,0.74567,0.367823,-0.402498
01324189,1523964218885,-10.0852,-0.825603,2.71442,-0.284101,1.19664,0.816967,0.705113,-0.278291,-0.501727
01324188,1523964218885,-9.9666,-1.79545,0.0733954,1.49773,-0.834891,0.0242548,0.689174,-0.593931,0.120476
01324185,1523964218885,-9.74032,-0.884539,0.749609,0.125783,0.0189593,-0.355892,0.857543,0.295077,-0.308103
01324181,1523964218885,-9.01359,-0.20648,2.73129,0.115477,0.275237,-0.268197,0.844823,0.357807,-0.151842
01324180,1523964218885,-9.10061,-3.80877,0.833941,-0.0294243,-0.106911,-0.496826,0.743736,0.373524,-0.404516
01324189,1523964218902,-10.6169,-0.63956,3.5456,-0.0723688,1.19291,0.784034,0.711842,-0.285601,-0.489421
01324188,1523964218902,-10.2698,-1.63231,-2.77752,1.74966,-0.967732,-0.279941,0.692938,-0.588879,0.126265
01324185,1523964218902,-9.67749,-0.899302,0.829567,0.122049,0.0400806,-0.36114,0.856994,0.301415,-0.308293
01324181,1523964218902,-9.11997,-0.299982,2.79519,0.0764716,0.28806,-0.290332,0.845706,0.36029,-0.148981
01324180,1523964218902,-8.99523,-3.74524,0.878822,0.0389795,-0.0398084,-0.597033,0.740218,0.378988,-0.410838
01324189,1523964218919,-11.2702,-0.920399,5.14666,-0.0351051,1.0788,0.668137,0.718304,-0.293766,-0.477119
01324188,1523964218919,-11.1749,-0.599746,-3.77374,1.46293,-0.838377,-0.498355,0.698996,-0.58216,0.132936
01324185,1523964218919,-9.70167,-0.942457,0.865015,0.128208,0.0309999,-0.381493,0.855093,0.305356,-0.308586
01324181,1523964218919,-9.31022,-0.413885,2.85894,0.0135471,0.287247,-0.331448,0.843999,0.365245,-0.145879
01324180,1523964218919,-9.07384,-3.66433,0.902667,0.09497,0.0323751,-0.689325,0.735704,0.386899,-0.411424
01324189,1523964218935,-11.2895,-0.97346,5.79916,0.0110524,0.841681,0.504384,0.724097,-0.300772,-0.466807
01324188,1523964218935,-12.2824,0.682115,-3.75508,0.719204,-0.76152,-0.598388,0.707083,-0.573415,0.132978
01324185,1523964218935,-9.81048,-1.00924,0.821833,0.148818,0.0183396,-0.393315,0.853324,0.309559,-0.309928
01324181,1523964218935,-9.32076,-0.384848,2.80036,-0.0327223,0.258881,-0.331548,0.842294,0.369363,-0.141829
01324180,1523964218935,-9.25326,-3.64751,0.939678,0.148052,0.104003,-0.754379,0.730144,0.392802,-0.412304
01324189,1523964218952,-10.6469,-0.036293,5.08581,0.0480628,0.683744,0.359841,0.726609,-0.304386,-0.456965
01324188,1523964218952,-10.7852,1.6205,-2.8728,-0.109462,-0.775155,-0.881923,0.719662,-0.565851,0.122389
01324185,1523964218952,-9.90955,-1.02313,0.748573,0.178181,0.017527,-0.446048,0.850471,0.316604,-0.309986
01324181,1523964218952,-9.37757,-0.356513,2.92986,-0.0789781,0.273848,-0.332982,0.841064,0.378062,-0.137349
01324180,1523964218952,-9.42259,-3.66448,0.986268,0.20816,0.166691,-0.809791,0.727463,0.401805,-0.406817
01324189,1523964218969,-10.1883,0.955834,4.06868,-0.0249131,0.632326,0.265401,0.730112,-0.308763,-0.450619
01324188,1523964218969,-10.1819,1.34943,-2.35041,-0.919658,-0.724944,-1.08507,0.731262,-0.552675,0.104355
01324185,1523964218969,-9.94817,-1.00848,0.711254,0.217217,0.00449824,-0.478316,0.8483,0.321119,-0.309761
01324181,1523964218969,-9.61586,-0.29629,2.97548,-0.0968226,0.301481,-0.322289,0.83871,0.381162,-0.134466
01324180,1523964218969,-9.48518,-3.69437,1.00483,0.250124,0.206368,-0.857593,0.721576,0.411465,-0.404781
01324189,1523964218985,-10.1703,0.990918,2.9829,-0.305608,0.574597,0.214796,0.734259,-0.309409,-0.442779
01324188,1523964218985,-10.4439,1.11802,-2.22112,-1.44256,-0.616534,-1.15298,0.741922,-0.541302,0.0878356
01324185,1523964218985,-9.98692,-1.03717,0.674386,0.286051,0.0355932,-0.47348,0.846532,0.325188,-0.310709
01324181,1523964218985,-9.63384,-0.209158,2.96887,-0.0827437,0.291338,-0.298295,0.839419,0.384849,-0.128972
01324180,1523964218985,-9.58319,-3.59393,0.985088,0.281692,0.231834,-0.89673,0.717482,0.417479,-0.40433
01324189,1523964219002,-9.82662,0.459306,2.06125,-0.812525,0.558835,0.140201,0.73802,-0.306041,-0.439718
01324188,1523964219002,-10.822,0.871338,-1.91271,-1.57833,-0.525649,-1.06712,0.751092,-0.530245,0.0692958
01324185,1523964219002,-9.95803,-1.02054,0.622025,0.333009,0.0174182,-0.485328,0.842728,0.330647,-0.312708
01324181,1523964219002,-9.41925,-0.172544,2.8343,-0.116582,0.28436,-0.287964,0.838762,0.390406,-0.1239
01324180,1523964219002,-9.55257,-3.5208,0.951953,0.3311,0.240001,-0.944702,0.713378,0.424511,-0.404534
01324189,1523964219019,-9.77292,-0.381714,1.38664,-1.20083,0.567874,0.0891203,0.740981,-0.300797,-0.439577
01324188,1523964219019,-10.8442,0.0979944,-1.64561,-1.44546,-0.436021,-0.980245,0.760397,-0.518667,0.0489022
01324185,1523964219019,-9.8591,-0.965834,0.561421,0.393607,0.0364228,-0.466829,0.841362,0.335109,-0.31523
01324181,1523964219019,-9.48669,-0.197563,2.78605,-0.133694,0.29037,-0.249052,0.836784,0.394814,-0.119854
01324180,1523964219019,-9.397,-3.39835,0.958978,0.36086,0.258102,-0.968129,0.70817,0.43417,-0.404264
01324189,1523964219035,-9.8652,-1.67305,1.13912,-1.32707,0.626025,0.00332794,0.747468,-0.294778,-0.438533
01324188,1523964219035,-10.4782,-0.308583,-1.62312,-0.862583,-0.322873,-0.87494,0.769556,-0.505721,0.0304806
01324185,1523964219035,-9.73363,-0.918505,0.514315,0.441294,0.0149011,-0.46167,0.837689,0.341242,-0.318804
01324181,1523964219035,-9.38143,-0.152654,2.7931,-0.161393,0.290717,-0.227444,0.834807,0.39783,-0.114051
01324180,1523964219035,-9.30614,-3.31512,0.950654,0.390244,0.279099,-0.960763,0.700993,0.44068,-0.404974
01324189,1523964219052,-9.85787,-2.65612,1.21457,-1.19901,0.631532,-0.0548789,0.753919,-0.283578,-0.437046
01324188,1523964219052,-9.92462,0.301051,-2.20814,-0.200277,-0.265377,-0.733412,0.77655,-0.495026,0.023523
01324185,1523964219052,-9.64913,-0.832432,0.429742,0.459785,-0.013622,-0.480237,0.836324,0.343434,-0.322087
01324181,1523964219052,-9.31064,-0.151704,2.65589,-0.169425,0.265127,-0.222489,0.83607,0.401611,-0.110424
01324180,1523964219052,-9.29904,-3.12187,0.946951,0.396961,0.276653,-1.01168,0.695117,0.449766,-0.40403
01324189,1523964219069,-9.57088,-2.86821,1.20243,-0.950359,0.635704,-0.112744,0.756158,-0.276,-0.434069
01324188,1523964219069,-9.60004,0.455968,-2.46717,0.202188,-0.229259,-0.609851,0.782208,-0.488572,0.0235866
01324185,1523964219069,-9.57207,-0.832968,0.368216,0.4927,-0.0453404,-0.451172,0.834413,0.346882,-0.326034
01324181,1523964219069,-9.27758,-0.112488,2.64569,-0.200645,0.254723,-0.208702,0.835156,0.406451,-0.105601
01324180,1523964219069,-9.24629,-3.05265,0.851172,0.390988,0.276997,-1.02842,0.690172,0.458238,-0.400006
01324189,1523964219085,-9.5029,-2.26973,1.47544,-0.623864,0.59605,-0.132915,0.762325,-0.266793,-0.430053
01324188,1523964219085,-9.42542,0.598837,-2.64792,0.393127,-0.216786,-0.607499,0.787859,-0.480968,0.0239914
01324185,1523964219085,-9.5672,-0.753635,0.270137,0.456824,-0.0521765,-0.466398,0.830342,0.349956,-0.327487
01324181,1523964219085,-9.18143,-0.140433,2.6082,-0.218478,0.238002,-0.201916,0.834687,0.407855,-0.100577
01324180,1523964219085,-9.20881,-3.31264,0.823525,0.411439,0.24902,-0.941519,0.684185,0.465589,-0.399366
01324189,1523964219102,-9.55155,-1.36824,1.52213,-0.258411,0.545625,-0.156474,0.767127,-0.262282,-0.422849
01324188,1523964219102,-9.23804,0.933899,-2.73424,0.285762,-0.207961,-0.616083,0.791874,-0.472124,0.0234172
01324185,1523964219102,-9.51411,-0.741927,0.27017,0.439943,-0.0769057,-0.490046,0.826398,0.354389,-0.331567
01324181,1523964219102,-9.24708,-0.155893,2.76263,-0.216757,0.2133,-0.200391,0.834588,0.412108,-0.095883
01324180,1523964219102,-9.12205,-3.2601,0.744904,0.439598,0.22786,-0.929188,0.678228,0.471946,-0.402392
01324189,1523964219119,-9.61931,-0.841131,1.42217,-0.00498563,0.4929,-0.178621,0.772251,-0.263253,-0.417296
01324188,1523964219119,-9.34132,1.12021,-2.77363,0.0345454,-0.21349,-0.621422,0.797243,-0.462696,0.0223241
01324185,1523964219119,-9.46366,-0.790425,0.236967,0.448791,-0.0558343,-0.48935,0.823266,0.35711,-0.336679
01324181,1523964219119,-9.27083,-0.214361,2.7153,-0.23104,0.199288,-0.191836,0.832636,0.414791,-0.0921993
01324180,1523964219119,-9.0856,-3.08321,0.722063,0.425724,0.204653,-0.910061,0.671868,0.478605,-0.406217
01324189,1523964219135,-9.92914,-0.842335,1.43658,0.162776,0.489423,-0.238407,0.776804,-0.261329,-0.410912
01324188,1523964219135,-9.96505,1.83528,-2.29153,-0.189413,-0.206329,-0.598218,0.803176,-0.456189,0.0180795
01324185,1523964219135,-9.51451,-0.85272,0.225226,0.434185,-0.0575906,-0.502067,0.82081,0.361528,-0.341548
01324181,1523964219135,-9.41391,-0.257348,2.778,-0.229332,0.155162,-0.188734,0.831486,0.418029,-0.0888011
01324180,1523964219135,-9.027,-3.0962,0.645225,0.400984,0.168154,-0.841917,0.666446,0.485098,-0.409249
01324189,1523964219152,-10.6893,-1.01777,1.72026,0.316934,0.420639,-0.29447,0.780801,-0.258236,-0.403977
01324188,1523964219152,-10.5774,0.987496,-2.10338,-0.244042,-0.173514,-0.527496,0.805986,-0.449441,0.0129468
01324185,1523964219152,-9.64028,-0.974732,0.22216,0.434008,-0.0629467,-0.507105,0.817143,0.366569,-0.343283
01324181,1523964219152,-9.88741,-0.294656,2.98337,-0.22233,0.123562,-0.182009,0.831421,0.42054,-0.0852663
01324180,1523964219152,-9.04445,-3.02297,0.548782,0.361938,0.163457,-0.787668,0.661028,0.492185,-0.414701
01324189,1523964219169,-10.7093,-0.886897,1.73548,0.482427,0.344632,-0.339971,0.785899,-0.255178,-0.398259
01324188,1523964219169,-10.167,0.136925,-2.05555,0.162275,-0.114717,-0.538145,0.810555,-0.442179,0.0117283
01324185,1523964219169,-9.85747,-0.983051,0.178163,0.454907,-0.0403223,-0.512328,0.814964,0.370744,-0.34606
01324181,1523964219169,-9.96665,-0.145137,2.93653,-0.231387,0.019423,-0.170815,0.831627,0.423181,-0.0821356
01324180,1523964219169,-9.32761,-3.01173,0.541246,0.290495,0.144155,-0.710824,0.656132,0.49807,-0.414511
01324189,1523964219185,-10.3805,-0.623242,1.80903,0.60129,0.293238,-0.359088,0.788828,-0.25637,-0.390811
01324188,1523964219185,-9.98376,-0.00331189,-2.09662,0.556478,-0.0745693,-0.52347,0.814848,-0.434432,0.0126975
01324185,1523964219185,-10.065,-0.940928,0.0701484,0.445093,-0.0171697,-0.49541,0.811426,0.375742,-0.350016
01324181,1523964219185,-9.79589,-0.0750634,2.78655,-0.240492,0.0112586,-0.131262,0.830781,0.425641,-0.0813811
01324180,1523964219185,-9.47669,-3.2448,0.49984,0.311898,0.0785317,-0.581059,0.651541,0.501935,-0.416932
01324189,1523964219202,-9.79988,-0.424436,1.51352,0.592304,0.262053,-0.376947,0.791452,-0.251227,-0.383844
01324188,1523964219202,-9.71195,0.254389,-2.54629,0.734308,-0.0610784,-0.508791,0.818865,-0.426611,0.0183867
01324185,1523964219202,-10.0652,-0.972293,-0.00231003,0.43413,-0.0114658,-0.464818,0.80681,0.377803,-0.352895
01324181,1523964219202,-9.73362,-0.215077,2.83069,-0.209419,0.0788907,-0.110087,0.829765,0.419822,-0.0799207
01324180,1523964219202,-9.42698,-3.32573,0.44671,0.367382,0.0273294,-0.465051,0.64802,0.504159,-0.41481
01324189,1523964219219,-9.44132,-0.151019,0.968393,0.432248,0.248019,-0.37576,0.795486,-0.252169,-0.378279
01324188,1523964219219,-9.52681,0.62693,-2.82065,0.502171,-0.0576949,-0.519172,0.822212,-0.419822,0.0214618
01324185,1523964219219,-9.98568,-0.975222,-0.0299483,0.409496,0.0261775,-0.425078,0.804902,0.379565,-0.356564
01324181,1523964219219,-9.56655,-0.29803,2.85025,-0.173077,0.0864327,-0.0860358,0.829413,0.423626,-0.0762771
01324180,1523964219219,-9.33471,-3.15523,0.405044,0.418555,-0.00217464,-0.382273,0.644016,0.504839,-0.419735
01324189,1523964219235,-9.2976,-0.049641,0.231381,0.206026,0.23296,-0.382749,0.798035,-0.250927,-0.375221
01324188,1523964219235,-9.28564,0.448653,-2.97012,0.166394,-0.0480642,-0.505388,0.824749,-0.413391,0.0231785
01324185,1523964219235,-9.76367,-0.995784,0.0578133,0.443065,0.0406004,-0.361472,0.802451,0.387846,-0.358334
01324181,1523964219235,-9.35145,-0.283266,2.74025,-0.1696,0.0796332,-0.0689247,0.828241,0.429555,-0.0741304
01324180,1523964219235,-9.10505,-2.96926,0.422809,0.39654,-0.0457786,-0.310633,0.641978,0.506313,-0.41765
01324189,1523964219252,-9.31474,0.0385794,-0.245224,-0.0078224,0.231674,-0.377249,0.80109,-0.24509,-0.371063
01324188,1523964219252,-9.12689,0.22612,-2.9525,-0.0838361,-0.0640028,-0.496623,0.827965,-0.406832,0.0219329
01324185,1523964219252,-9.51971,-0.949043,0.173059,0.438734,0.064385,-0.279181,0.802444,0.388501,-0.360954
01324181,1523964219252,-9.21627,-0.320494,2.75149,-0.144725,0.108136,-0.0584432,0.82877,0.429291,-0.072802
01324180,1523964219252,-8.83142,-2.79918,0.394996,0.347914,-0.072114,-0.230264,0.640153,0.503467,-0.421192
01324189,1523964219269,-9.34607,0.0517916,-0.395631,-0.105062,0.236138,-0.366918,0.803885,-0.239109,-0.368238
01324188,1523964219269,-9.09435,-0.116079,-2.64883,-0.181329,-0.0721621,-0.478782,0.832129,-0.399778,0.019091
01324185,1523964219269,-9.38927,-0.925721,0.235174,0.446375,0.0490103,-0.224692,0.800267,0.388436,-0.364343
01324181,1523964219269,-9.20338,-0.390697,2.75051,-0.126835,0.0918843,-0.0775982,0.828197,0.430489,-0.0706957
01324180,1523964219269,-8.67795,-2.70092,0.404284,0.267861,-0.0858207,-0.173732,0.63748,0.50426,-0.424648
01324189,1523964219285,-9.48933,-0.168703,-0.0142803,-0.163615,0.212701,-0.342158,0.807776,-0.234595,-0.365304
01324188,1523964219285,-9.07057,-0.224975,-2.6047,-0.0575058,-0.0747738,-0.489463,0.834646,-0.389817,0.01699
01324185,1523964219285,-9.3552,-0.815181,0.232578,0.411887,0.030543,-0.167565,0.799719,0.388105,-0.366951
01324181,1523964219285,-9.28616,-0.491153,2.75915,-0.10916,0.0603684,-0.0623806,0.829467,0.435365,-0.0693496
01324180,1523964219285,-8.60899,-2.7769,0.361037,0.209234,-0.0930619,-0.0853941,0.636574,0.504463,-0.431654
01324189,1523964219302,-9.52975,-0.636144,0.335722,-0.123326,0.2089,-0.33489,0.811408,-0.228789,-0.364497
01324188,1523964219302,-9.12104,-0.133696,-2.52813,0.0385712,-0.0555547,-0.453205,0.837603,-0.385319,0.0162919
01324185,1523964219302,-9.31904,-0.757709,0.138237,0.351419,0.0243534,-0.141954,0.799173,0.386938,-0.369029
01324181,1523964219302,-9.34287,-0.564612,2.76502,-0.0841722,-0.0196691,-0.0889887,0.829462,0.435654,-0.0692227
01324180,1523964219302,-8.67016,-2.90555,0.359733,0.167429,-0.0980915,-0.0171385,0.636597,0.503314,-0.433569
01324189,1523964219319,-9.49865,-1.24736,0.543128,-0.0538574,0.181412,-0.357701,0.812164,-0.223186,-0.361652
01324188,1523964219319,-9.23135,-0.548977,-2.38873,0.125003,-0.0302577,-0.433756,0.840829,-0.380491,0.0177651
01324185,1523964219319,-9.47135,-0.855514,0.0972363,0.225565,0.0380462,-0.124857,0.798223,0.385225,-0.370185
01324181,1523964219319,-9.29659,-0.605317,2.77576,-0.032544,-0.0587484,-0.101566,0.828256,0.434548,-0.0682572
01324180,1523964219319,-8.76137,-2.96223,0.368198,0.137842,-0.106755,0.0599848,0.634106,0.502103,-0.44193
01324189,1523964219335,-9.58591,-1.60737,0.716407,0.0137866,0.148785,-0.382266,0.815524,-0.219811,-0.359389
01324188,1523964219335,-9.24691,-0.831946,-2.25609,0.230573,-0.0180074,-0.43024,0.842963,-0.374679,0.0172941
01324185,1523964219335,-9.58751,-0.955962,0.0450095,0.123888,0.0566955,-0.118033,0.799032,0.386327,-0.371505
01324181,1523964219335,-9.33742,-0.593685,2.79459,-0.0183051,-0.0676289,-0.105127,0.828218,0.438385,-0.0693996
01324180,1523964219335,-8.85218,-3.03294,0.333088,0.117555,-0.105173,0.15306,0.635899,0.498897,-0.444452
01324189,1523964219352,-9.74433,-1.6802,0.784345,0.201441,0.055359,-0.40453,0.81765,-0.214966,-0.357101
01324188,1523964219352,-9.36762,-0.77246,-2.0776,0.298622,0.0216004,-0.418742,0.846454,-0.36899,0.0189524
01324185,1523964219352,-9.66502,-1.03498,-0.00909216,0.0527715,0.0646402,-0.0958749,0.799577,0.387061,-0.369946
01324181,1523964219352,-9.41547,-0.526652,2.76383,0.00750333,-0.0623087,-0.106876,0.826597,0.439254,-0.0699321
01324180,1523964219352,-8.94865,-3.06328,0.356148,0.0942821,-0.127876,0.231891,0.637932,0.497565,-0.445859
01324189,1523964219369,-10.0034,-1.62153,0.987987,0.361116,-0.0446573,-0.439295,0.818707,-0.210532,-0.356543
01324188,1523964219369,-9.53595,-0.507656,-1.92707,0.30295,0.0632064,-0.414752,0.848031,-0.360945,0.020782
01324185,1523964219369,-9.69901,-1.14308,0.0322967,0.0213989,0.0653851,-0.0499112,0.800385,0.389441,-0.370756
01324181,1523964219369,-9.45195,-0.376583,2.66412,0.00482269,-0.049835,-0.101598,0.827117,0.441511,-0.0710473
01324180,1523964219369,-8.98784,-3.02008,0.336667,0.0236625,-0.149084,0.315713,0.64011,0.493743,-0.443537
01324189,1523964219385,-10.2363,-1.33101,1.08469,0.545488,-0.205342,-0.45255,0.820737,-0.207568,-0.357212
01324188,1523964219385,-9.59697,-0.000574257,-2.00099,0.256653,0.105987,-0.403117,0.850431,-0.354588,0.0241113
01324185,1523964219385,-9.64136,-1.2277,0.0355516,0.025339,0.0623194,-0.000580792,0.80066,0.390321,-0.368936
01324181,1523964219385,-9.32516,-0.229417,2.54136,0.00293922,-0.0335173,-0.0782296,0.827422,0.440036,-0.0728794
01324180,1523964219385,-8.94967,-2.986,0.351728,-0.053424,-0.172923,0.35374,0.640702,0.490124,-0.446049
01324189,1523964219402,-10.0939,-0.811679,1.11298,0.644585,-0.365244,-0.467945,0.819095,-0.204079,-0.358369
01324188,1523964219402,-9.41183,0.376355,-2.21282,0.219783,0.162211,-0.416894,0.851614,-0.348924,0.0271432
01324185,1523964219402,-9.44367,-1.19051,-0.0654959,0.020732,0.052396,0.0555738,0.800529,0.385956,-0.368763
01324181,1523964219402,-9.17362,-0.0335528,2.56031,0.0508093,-0.0418552,-0.0535203,0.82689,0.440169,-0.0736736
01324180,1523964219402,-8.79056,-2.9505,0.367978,-0.0820081,-0.172362,0.407164,0.642495,0.487065,-0.448973
01324189,1523964219419,-9.82251,-0.0107911,1.13513,0.617693,-0.458246,-0.465258,0.819257,-0.202375,-0.362103
01324188,1523964219419,-9.19679,0.315184,-2.54605,0.146267,0.201269,-0.437285,0.854839,-0.344159,0.0299586
01324185,1523964219419,-9.08184,-1.13263,-0.134961,0.049418,0.0403842,0.109117,0.802019,0.386944,-0.368646
01324181,1523964219419,-9.01131,0.140528,2.67152,0.0488269,-0.0820905,-0.0289273,0.826205,0.442151,-0.0750362
01324180,1523964219419,-8.44951,-2.95146,0.38097,-0.108318,-0.179801,0.421814,0.645886,0.484553,-0.451099
01324189,1523964219435,-9.5351,0.438211,0.771618,0.386198,-0.524955,-0.42333,0.818067,-0.199207,-0.367683
01324188,1523964219435,-9.32452,-0.273025,-2.84295,0.116447,0.229573,-0.447795,0.85764,-0.337146,0.0346701
01324185,1523964219435,-8.77741,-1.01165,-0.0424778,0.152851,0.0181407,0.183064,0.804187,0.381829,-0.370826
01324181,1523964219435,-8.99957,0.113825,2.86048,0.0450705,-0.156035,-0.0114534,0.827303,0.442363,-0.0777088
01324180,1523964219435,-8.14306,-2.89977,0.398747,-0.0918962,-0.184683,0.448202,0.647693,0.480041,-0.453377
01324189,1523964219452,-9.59403,0.28678,0.650445,0.042137,-0.526467,-0.356058,0.815005,-0.195145,-0.377247
01324188,1523964219452,-9.37631,-0.572818,-3.04679,0.162695,0.213562,-0.438799,0.8587,-0.333393,0.0381225
01324185,1523964219452,-8.59601,-0.894718,0.0456084,0.274787,0.0166466,0.237326,0.805543,0.379712,-0.370941
01324181,1523964219452,-8.90861,0.109877,3.06882,0.0537012,-0.28653,0.00805399,0.826359,0.44516,-0.0812109
01324180,1523964219452,-8.06871,-2.86054,0.423857,-0.0475811,-0.159052,0.445138,0.652035,0.475615,-0.45353
01324189,1523964219469,-9.39548,-0.157581,0.115768,-0.319668,-0.48219,-0.305864,0.814218,-0.187969,-0.384672
01324188,1523964219469,-9.3673,-0.778439,-3.3025,0.0955849,0.178077,-0.429015,0.860673,-0.324029,0.0427221
01324185,1523964219469,-8.60761,-0.718903,0.0248859,0.346564,-0.0206896,0.271503,0.808255,0.374191,-0.372203
01324181,1523964219469,-8.71898,0.26724,3.25056,0.026702,-0.409837,0.0371741,0.825652,0.442442,-0.088187
01324180,1523964219469,-8.09737,-2.87995,0.401719,0.00640566,-0.14676,0.454359,0.655309,0.470921,-0.453942
01324189,1523964219485,-9.34529,-0.902601,0.244678,-0.48784,-0.391488,-0.276388,0.81178,-0.181314,-0.389943
01324188,1523964219485,-9.27609,-0.962113,-3.28951,-0.0577761,0.176117,-0.399975,0.862667,-0.317545,0.0435066
01324185,1523964219485,-8.78533,-0.424095,-0.0142123,0.362298,-0.0490323,0.271701,0.808936,0.367966,-0.373452
01324181,1523964219485,-8.54201,0.334842,3.24557,0.00871606,-0.414573,0.0707527,0.826385,0.441459,-0.0933547
01324180,1523964219485,-8.2728,-2.94908,0.351289,0.0753923,-0.125138,0.439145,0.657765,0.465341,-0.449363
01324189,1523964219502,-9.30824,-2.07483,0.282711,-0.49442,-0.352562,-0.265813,0.811252,-0.174712,-0.39577
01324188,1523964219502,-8.94996,-1.01299,-3.07981,-0.218111,0.145794,-0.395162,0.864535,-0.3127,0.0451324
01324185,1523964219502,-9.09344,-0.123734,-0.135135,0.299333,-0.0641909,0.282136,0.812184,0.362828,-0.376811
01324181,1523964219502,-8.56571,0.322415,3.26497,0.0174533,-0.350205,0.107491,0.82684,0.440782,-0.0978617
01324180,1523964219502,-8.63957,-2.99118,0.272554,0.10046,-0.111147,0.448265,0.661057,0.460079,-0.451948
01324189,1523964219519,-9.31238,-2.96873,0.609245,-0.402188,-0.364713,-0.281457,0.808562,-0.169638,-0.40212
01324188,1523964219519,-9.00121,-1.11232,-2.6357,-0.269349,0.146283,-0.373392,0.864782,-0.308953,0.0459021
01324185,1523964219519,-9.53225,0.0666202,-0.326974,0.187934,-0.0460537,0.229509,0.813127,0.358102,-0.380688
01324181,1523964219519,-8.77705,0.256893,3.19726,0.0228001,-0.256164,0.12214,0.827839,0.439804,-0.102634
01324180,1523964219519,-9.22422,-3.02635,0.208649,0.100435,-0.125505,0.468507,0.66357,0.452656,-0.454429
01324189,1523964219535,-9.49939,-3.37405,1.23422,-0.171891,-0.401532,-0.305443,0.807239,-0.165034,-0.408891
01324188,1523964219535,-9.37987,-1.53112,-2.54231,-0.181013,0.16619,-0.315972,0.867194,-0.304068,0.0464467
01324185,1523964219535,-9.9832,0.242583,-0.54241,-0.0155129,-0.00602608,0.163239,0.813397,0.354258,-0.382743
01324181,1523964219535,-9.0407,0.190705,3.18718,0.0271564,-0.161822,0.152323,0.828459,0.436276,-0.106552
01324180,1523964219535,-9.70289,-3.04137,0.184558,0.0549804,-0.143513,0.486659,0.666075,0.448313,-0.462792
01324189,1523964219552,-9.68062,-3.2203,1.1643,0.0856958,-0.473289,-0.350613,0.803449,-0.159352,-0.414555
01324188,1523964219552,-9.52093,-1.77996,-2.74592,0.0685476,0.190306,-0.266219,0.869058,-0.298655,0.0483774
01324185,1523964219552,-10.2077,0.258332,-0.644575,-0.279283,0.0436702,0.124141,0.815161,0.353714,-0.381698
01324181,1523964219552,-9.30109,0.173157,3.07959,0.0227531,-0.0714379,0.160944,0.829993,0.433634,-0.108638
01324180,1523964219552,-9.91701,-2.95722,0.207098,-0.0398524,-0.191403,0.498101,0.668291,0.442625,-0.463749
01324189,1523964219569,-9.80468,-2.86285,0.782445,0.263082,-0.518297,-0.339259,0.803611,-0.156214,-0.41908
01324188,1523964219569,-9.45655,-1.389,-3.17834,0.218587,0.190482,-0.229786,0.870117,-0.295117,0.0532972
01324185,1523964219569,-10.237,0.0900059,-0.61247,-0.537129,0.0793528,0.0986929,0.817748,0.355934,-0.37611
01324181,1523964219569,-9.576,0.184528,3.00033,0.010248,-0.044626,0.175073,0.832418,0.432482,-0.107444
01324180,1523964219569,-9.86996,-2.87012,0.241872,-0.196199,-0.213909,0.498723,0.671902,0.442257,-0.461243
01324189,1523964219585,-9.95206,-2.31778,0.544995,0.356365,-0.519304,-0.366469,0.801214,-0.153166,-0.426386
01324188,1523964219585,-9.50525,-1.50971,-3.47769,0.182015,0.169203,-0.207258,0.870366,-0.291755,0.0560622
01324185,1523964219585,-10.093,-0.257435,-0.435514,-0.720804,0.0848283,0.119245,0.818302,0.358301,-0.370255
01324181,1523964219585,-9.8012,0.193921,3.09048,-0.0450378,-0.056696,0.193302,0.832488,0.428157,-0.108948
01324180,1523964219585,-9.65624,-2.76168,0.268723,-0.368221,-0.238129,0.493928,0.674073,0.439456,-0.459981
01324189,1523964219602,-10.1311,-1.76672,0.468683,0.364748,-0.471029,-0.36917,0.796757,-0.150341,-0.431663
01324188,1523964219602,-9.41727,-1.25583,-3.62748,0.0983235,0.134831,-0.20289,0.870473,-0.287519,0.0588836
01324185,1523964219602,-9.99718,-0.647881,-0.222079,-0.800021,0.0788678,0.155075,0.819263,0.360947,-0.364534
01324181,1523964219602,-9.78198,0.245041,3.15724,-0.0789633,-0.105156,0.205047,0.834661,0.426136,-0.108397
01324180,1523964219602,-9.53363,-2.72711,0.332948,-0.551322,-0.210387,0.474483,0.676492,0.438391,-0.458687
01324189,1523964219619,-10.0408,-1.37126,0.181043,0.357835,-0.41661,-0.346221,0.79558,-0.149043,-0.437392
01324188,1523964219619,-9.24122,-1.38594,-3.73356,0.018324,0.0804918,-0.16683,0.871285,-0.287268,0.0594277
01324185,1523964219619,-9.99778,-0.989592,-0.0292826,-0.769826,0.0930694,0.19918,0.822255,0.363733,-0.358822
01324181,1523964219619,-9.74967,0.342477,3.14592,-0.139467,-0.123812,0.205058,0.835251,0.423788,-0.110745
01324180,1523964219619,-9.48199,-2.79921,0.359641,-0.670394,-0.194714,0.457107,0.677042,0.438104,-0.460862
01324189,1523964219635,-9.9408,-1.31561,0.42307,0.310305,-0.330614,-0.31635,0.792623,-0.148411,-0.441634
01324188,1523964219635,-9.43786,-1.60985,-3.67705,0.0464708,0.011809,-0.147944,0.870864,-0.285271,0.0605001
01324185,1523964219635,-10.1405,-1.18124,0.0564404,-0.695706,0.0998033,0.243314,0.824435,0.36666,-0.353108
01324181,1523964219635,-9.79737,0.385504,3.24139,-0.160962,-0.144696,0.223916,0.836094,0.421473,-0.11137
01324180,1523964219635,-9.58318,-3.01786,0.379204,-0.735778,-0.149312,0.453464,0.679559,0.439494,-0.458305
01324189,1523964219652,-10.0741,-1.44373,0.531876,0.214559,-0.281159,-0.26165,0.792218,-0.144243,-0.444539
01324188,1523964219652,-9.55451,-1.774,-3.58801,0.11132,-0.049062,-0.111011,0.87357,-0.284009,0.0605452
01324185,1523964219652,-10.3842,-1.20382,0.0331371,-0.598431,0.095431,0.255195,0.827968,0.365455,-0.349711
01324181,1523964219652,-9.86875,0.413678,3.35631,-0.157632,-0.161748,0.256526,0.839793,0.41808,-0.113729
01324180,1523964219652,-9.76336,-3.29278,0.380769,-0.726173,-0.142094,0.444756,0.68294,0.438146,-0.461083
01324189,1523964219669,-10.1889,-1.45559,0.626075,0.112263,-0.231685,-0.237185,0.792222,-0.141377,-0.446656
01324188,1523964219669,-9.47747,-1.87452,-3.73691,0.262434,-0.124898,-0.0842422,0.873827,-0.281683,0.0605528
01324185,1523964219669,-10.6157,-1.111,-0.0865035,-0.545393,0.0755994,0.262117,0.830419,0.365834,-0.344627
01324181,1523964219669,-9.81461,0.426326,3.50615,-0.168461,-0.173753,0.27713,0.841579,0.414915,-0.113416
01324180,1523964219669,-10.0218,-3.52074,0.420497,-0.64541,-0.0979936,0.445578,0.687064,0.43877,-0.456538
01324189,1523964219685,-10.1128,-1.72572,0.741119,0.081489,-0.193338,-0.201832,0.791287,-0.139067,-0.449972
01324188,1523964219685,-9.42305,-1.52323,-3.6587,0.315826,-0.169346,-0.0631282,0.874492,-0.279231,0.0577361
01324185,1523964219685,-10.7457,-0.922522,-0.230885,-0.496804,0.049463,0.24865,0.831787,0.365083,-0.33966
01324181,1523964219685,-9.73672,0.448973,3.63903,-0.17214,-0.173437,0.294362,0.843816,0.409832,-0.115459
01324180,1523964219685,-10.1697,-3.70683,0.505038,-0.510548,-0.0875,0.426271,0.689862,0.438699,-0.452934
01324189,1523964219702,-9.85676,-1.9606,0.926551,0.102459,-0.15215,-0.194774,0.789407,-0.140464,-0.4517
01324188,1523964219702,-9.33122,-1.51773,-3.45731,0.25684,-0.232096,-0.0305785,0.874217,-0.278608,0.0569708
01324185,1523964219702,-10.7404,-0.689114,-0.345124,-0.495089,0.0486007,0.249499,0.833704,0.361542,-0.333229
01324181,1523964219702,-9.55882,0.518928,3.73543,-0.184561,-0.131052,0.292994,0.843731,0.407639,-0.11767
01324180,1523964219702,-10.2159,-3.70299,0.548111,-0.390017,-0.0686624,0.426297,0.692389,0.437159,-0.445303
01324189,1523964219719,-9.60345,-2.04142,0.988254,0.110959,-0.119506,-0.205515,0.789709,-0.14063,-0.454648
01324188,1523964219719,-9.34875,-1.66656,-3.19591,0.180265,-0.272503,-0.0262373,0.875841,-0.277479,0.0540594
01324185,1523964219719,-10.6099,-0.567187,-0.402917,-0.484325,0.0362563,0.255488,0.836415,0.362685,-0.332335
01324181,1523964219719,-9.48692,0.607039,3.8308,-0.218332,-0.103759,0.289002,0.845905,0.405061,-0.116443
01324180,1523964219719,-10.1034,-3.61976,0.564168,-0.297151,-0.0627695,0.411097,0.695488,0.435359,-0.444304
01324189,1523964219735,-9.61309,-2.10951,0.961463,0.1123,-0.107474,-0.232184,0.78929,-0.137603,-0.455422
01324188,1523964219735,-9.32783,-1.90723,-3.27091,0.196145,-0.301107,0.00543046,0.875041,-0.279285,0.0493793
01324185,1523964219735,-10.4507,-0.546491,-0.383259,-0.490172,0.0414903,0.242669,0.837643,0.362463,-0.329201
01324181,1523964219735,-9.39134,0.632452,3.80436,-0.246748,-0.0604932,0.288578,0.848354,0.40205,-0.115211
01324180,1523964219735,-10.0131,-3.47825,0.522323,-0.235442,-0.0670734,0.375427,0.697274,0.433321,-0.448288
01324189,1523964219752,-9.67538,-1.9927,1.06004,0.119376,-0.0652036,-0.216235,0.789569,-0.1379,-0.455963
01324188,1523964219752,-9.32153,-1.51079,-3.41895,0.192779,-0.341418,0.0279664,0.876122,-0.278336,0.0474057
01324185,1523964219752,-10.3637,-0.549394,-0.33357,-0.454834,0.0548831,0.205955,0.840773,0.361857,-0.323979
01324181,1523964219752,-9.41229,0.620237,3.60643,-0.260734,0.0115152,0.263394,0.852557,0.399143,-0.114663
01324180,1523964219752,-10.0191,-3.38393,0.498614,-0.24928,-0.0595851,0.349921,0.700784,0.431083,-0.448114
01324189,1523964219769,-9.82437,-1.73009,1.25764,0.131617,-0.0195026,-0.202036,0.790653,-0.134485,-0.457553
01324188,1523964219769,-9.37813,-1.11259,-3.44137,0.128337,-0.400699,0.0286242,0.876398,-0.278404,0.0425516
01324185,1523964219769,-10.4165,-0.433522,-0.361619,-0.437304,0.0772097,0.16498,0.843356,0.361499,-0.320587
01324181,1523964219769,-9.66245,0.673037,3.65695,-0.310503,0.0485502,0.258759,0.852994,0.395452,-0.113129
01324180,1523964219769,-10.0683,-3.31424,0.474348,-0.263188,-0.0414191,0.316581,0.702926,0.43016,-0.445463
01324189,1523964219785,-9.88987,-1.44972,1.20575,0.126771,0.0375801,-0.161281,0.790345,-0.12987,-0.45671
01324188,1523964219785,-9.45544,-1.10019,-3.45051,0.0394975,-0.460138,0.0308924,0.878038,-0.279322,0.0335885
01324185,1523964219785,-10.5465,-0.30516,-0.420459,-0.497614,0.0860855,0.113989,0.844179,0.361576,-0.31654
01324181,1523964219785,-9.72487,0.623824,3.59954,-0.292698,0.0361471,0.25603,0.85519,0.389769,-0.109978
01324180,1523964219785,-10.1804,-3.24283,0.444643,-0.309878,-0.0512658,0.275819,0.705752,0.428211,-0.443112
01324189,1523964219802,-9.91039,-1.50879,1.10125,0.0384672,0.0696034,-0.131427,0.791404,-0.127875,-0.454834
01324188,1523964219802,-9.60111,-1.25994,-3.28427,0.00822262,-0.505201,0.0275095,0.878314,-0.279131,0.0263274
01324185,1523964219802,-10.6526,-0.256413,-0.494061,-0.604423,0.0877041,0.0852045,0.845001,0.363344,-0.312509
01324181,1523964219802,-9.79033,0.399933,3.49715,-0.27219,0.0431968,0.253482,0.85762,0.387493,-0.107831
01324180,1523964219802,-10.2348,-3.16154,0.45906,-0.361853,-0.0540329,0.229788,0.706422,0.427463,-0.441246
01324189,1523964219819,-9.915,-1.75182,1.01068,-0.047648,0.126679,-0.0696277,0.794389,-0.13053,-0.452347
01324188,1523964219819,-9.62145,-1.53063,-3.18058,0.0415524,-0.552752,0.040495,0.877915,-0.279661,0.0191642
01324185,1523964219819,-10.718,-0.296979,-0.539374,-0.751433,0.0879968,0.0615676,0.846773,0.365554,-0.307441
01324181,1523964219819,-9.83965,0.287772,3.47,-0.256961,0.0535453,0.238034,0.85937,0.385803,-0.105555
01324180,1523964219819,-10.2742,-3.11387,0.473438,-0.437086,-0.0290335,0.193463,0.708264,0.429153,-0.438403
01324189,1523964219835,-9.79034,-1.93678,0.840413,-0.116805,0.155871,-0.0397307,0.794917,-0.129388,-0.451274
01324188,1523964219835,-9.59312,-1.71007,-3.04922,0.0732742,-0.610361,0.0790291,0.877929,-0.281101,0.012612
01324185,1523964219835,-10.7206,-0.419704,-0.484618,-0.904066,0.0873695,0.0294256,0.848142,0.370203,-0.300173
01324181,1523964219835,-9.79584,0.33692,3.33893,-0.257898,0.0785758,0.25375,0.861405,0.382404,-0.102716
01324180,1523964219835,-10.1581,-3.13737,0.542115,-0.492918,-0.0163428,0.160638,0.710914,0.430392,-0.43531
01324189,1523964219852,-9.52925,-2.1888,0.694697,-0.125441,0.212862,-0.0292536,0.7964,-0.128847,-0.450217
01324188,1523964219852,-9.53514,-1.71122,-2.91489,0.0926282,-0.640717,0.0947657,0.879978,-0.282164,0.00350011
01324185,1523964219852,-10.6271,-0.639339,-0.432984,-1.00819,0.0781038,0.0601994,0.849779,0.373125,-0.294719
01324181,1523964219852,-9.68811,0.306725,3.25326,-0.256879,0.113671,0.240235,0.86342,0.380995,-0.10045
01324180,1523964219852,-9.98382,-3.16486,0.596836,-0.555669,0.00279213,0.111098,0.712877,0.433241,-0.432581
01324189,1523964219869,-9.40029,-2.40056,0.809081,-0.110061,0.274814,-0.0435532,0.79988,-0.126328,-0.445688
01324188,1523964219869,-9.50569,-1.57299,-2.69738,0.0859848,-0.693271,0.134852,0.877844,-0.286846,-0.00767046
01324185,1523964219869,-10.3986,-0.903157,-0.386672,-1.02605,0.0521874,0.0926567,0.850342,0.376973,-0.285088
01324181,1523964219869,-9.59048,0.339462,3.20013,-0.242492,0.130941,0.2179,0.86424,0.377622,-0.0971998
01324180,1523964219869,-9.76065,-3.22543,0.637352,-0.590648,0.0287877,0.0740693,0.71242,0.435829,-0.42766
01324189,1523964219885,-9.33032,-2.63249,0.856154,-0.0667405,0.320955,-0.0506116,0.803104,-0.125531,-0.441839
01324188,1523964219885,-9.53964,-1.58838,-2.54536,0.00429986,-0.738109,0.173621,0.878553,-0.29042,-0.0186727
01324185,1523964219885,-10.1484,-1.13345,-0.397439,-0.977826,0.0536626,0.107851,0.852258,0.378255,-0.277006
01324181,1523964219885,-9.5331,0.33532,3.16193,-0.226465,0.152206,0.219743,0.866837,0.37194,-0.0937875
01324180,1523964219885,-9.53735,-3.27579,0.624754,-0.615563,0.0765361,0.0478094,0.7145,0.439242,-0.42276
01324189,1523964219902,-9.3457,-2.74706,1.08248,-0.00270652,0.34619,-0.0717592,0.806735,-0.123311,-0.438787
01324188,1523964219902,-9.55394,-1.49959,-2.12971,-0.0199392,-0.748302,0.184837,0.87788,-0.290282,-0.0275408
01324185,1523964219902,-9.94873,-1.31766,-0.377404,-0.886785,0.0388029,0.11716,0.85281,0.380607,-0.271935
01324181,1523964219902,-9.51577,0.32094,3.19613,-0.19096,0.13474,0.228957,0.868438,0.3707,-0.0905903
01324180,1523964219902,-9.36691,-3.34833,0.597018,-0.580438,0.0787007,0.0330451,0.715897,0.445153,-0.421446
01324189,1523964219919,-9.38109,-2.60921,1.37543,0.0935826,0.329676,-0.0891654,0.80846,-0.123763,-0.43386
01324188,1523964219919,-9.52485,-1.45789,-1.89929,-0.0128133,-0.754386,0.201635,0.878177,-0.292952,-0.0390198
01324185,1523964219919,-9.76817,-1.44638,-0.359547,-0.76586,0.0236557,0.126441,0.856075,0.383823,-0.265836
01324181,1523964219919,-9.3455,0.27694,3.09663,-0.189958,0.0794335,0.205164,0.868861,0.368567,-0.0897532
01324180,1523964219919,-9.18673,-3.42061,0.554876,-0.517431,0.107753,-0.00597263,0.716657,0.446849,-0.416426
01324189,1523964219935,-9.26188,-2.43336,1.48845,0.198912,0.30614,-0.0799075,0.811423,-0.12526,-0.429759
01324188,1523964219935,-9.408,-1.20962,-1.60163,0.053514,-0.733452,0.203208,0.876843,-0.295336,-0.0497874
01324185,1523964219935,-9.53664,-1.43821,-0.3841,-0.610613,0.00821372,0.137374,0.856757,0.385277,-0.2635
01324181,1523964219935,-9.15309,0.257391,3.08375,-0.155214,0.0509181,0.192693,0.86994,0.365768,-0.0862523
01324180,1523964219935,-8.97369,-3.42763,0.542417,-0.429739,0.0993878,-0.0108011,0.71738,0.451737,-0.411746
01324189,1523964219952,-9.24847,-2.38749,1.76584,0.316538,0.25663,-0.0705357,0.814121,-0.126179,-0.426721
01324188,1523964219952,-9.39533,-1.0193,-1.23765,0.0955234,-0.73052,0.215909,0.873887,-0.298893,-0.0598003
01324185,1523964219952,-9.26406,-1.41344,-0.40573,-0.465257,-0.00873604,0.163625,0.858255,0.383635,-0.260876
01324181,1523964219952,-8.95241,0.279256,2.98319,-0.139962,0.0150682,0.168146,0.872924,0.36373,-0.0859753
01324180,1523964219952,-8.72742,-3.37598,0.496768,-0.33379,0.127944,-0.0188282,0.717028,0.456937,-0.40745
01324189,1523964219969,-9.24887,-2.29399,1.94618,0.350746,0.183808,-0.0613992,0.816282,-0.12967,-0.422894
01324188,1523964219969,-9.44653,-1.1175,-0.957201,0.146997,-0.695628,0.216635,0.873911,-0.301261,-0.0713917
01324185,1523964219969,-8.99395,-1.3983,-0.441713,-0.311733,-0.0100532,0.175311,0.860161,0.381717,-0.257989
01324181,1523964219969,-8.80952,0.295599,2.86545,-0.105208,-0.0187555,0.155635,0.875529,0.359973,-0.0860569
01324180,1523964219969,-8.50082,-3.31536,0.494479,-0.255119,0.138828,-0.0235652,0.719918,0.459608,-0.402036
01324189,1523964219985,-9.22986,-2.17498,1.97295,0.402633,0.0882768,-0.0930361,0.818575,-0.128572,-0.42144
01324188,1523964219985,-9.3116,-1.22126,-0.668522,0.219233,-0.623001,0.19405,0.872854,-0.305007,-0.0780747
01324185,1523964219985,-8.77921,-1.34912,-0.480528,-0.17738,-0.0102682,0.191274,0.860847,0.379651,-0.255489
01324181,1523964219985,-8.59948,0.324867,2.7479,-0.0979586,-0.0723557,0.12837,0.87486,0.359002,-0.0850998
01324180,1523964219985,-8.30329,-3.23777,0.453331,-0.186696,0.114178,-0.00574747,0.720148,0.459409,-0.393804
01324189,1523964220002,-9.34445,-2.20459,2.57826,0.44294,-0.0035268,-0.0944757,0.821014,-0.130926,-0.418945
01324188,1523964220002,-9.32974,-0.852791,-0.248165,0.316845,-0.527216,0.196633,0.871794,-0.30828,-0.0855357
01324185,1523964220002,-8.562,-1.27346,-0.522147,-0.0495776,-0.0195144,0.178386,0.86207,0.377119,-0.255207
01324181,1523964220002,-8.55144,0.402988,2.84814,-0.103336,-0.153887,0.119041,0.874891,0.358097,-0.0872066
01324180,1523964220002,-8.08134,-3.18671,0.436443,-0.1446,0.114491,-0.0143077,0.721991,0.460805,-0.390291
01324189,1523964220019,-9.5635,-2.37427,3.60346,0.464301,-0.236633,-0.115233,0.820937,-0.134252,-0.422983
01324188,1523964220019,-9.41003,-0.25102,0.637436,0.226075,-0.386326,0.19309,0.87223,-0.312481,-0.0893041
01324185,1523964220019,-8.43645,-1.20445,-0.554922,0.0508571,-0.031179,0.163013,0.862608,0.375816,-0.257026
01324181,1523964220019,-8.35173,0.461277,2.69375,-0.0659395,-0.1956,0.110744,0.876266,0.357456,-0.0894658
01324180,1523964220019,-7.95149,-3.12475,0.428384,-0.0537186,0.121747,-0.0101794,0.722777,0.461946,-0.38947
01324189,1523964220035,-9.70243,-2.64319,4.59801,0.471086,-0.535293,-0.19457,0.815397,-0.135703,-0.426142
01324188,1523964220035,-9.38582,-0.188161,1.29608,0.0373287,-0.161277,0.170365,0.867507,-0.316368,-0.091642
01324185,1523964220035,-8.26745,-1.1405,-0.567667,0.209642,-0.0572237,0.174872,0.863961,0.373672,-0.258578
01324181,1523964220035,-7.98747,0.458404,2.57538,-0.0640768,-0.216238,0.0983995,0.87617,0.357093,-0.0930437
01324180,1523964220035,-7.82643,-3.07763,0.449198,0.00936246,0.120272,-0.0133239,0.723335,0.462257,-0.394604
01324189,1523964220052,-9.50644,-2.58764,4.77531,0.507243,-0.913871,-0.280847,0.81061,-0.13592,-0.437593
01324188,1523964220052,-9.36314,-0.598935,1.41033,-0.0119152,0.0324247,0.154469,0.86643,-0.317411,-0.0938477
01324185,1523964220052,-8.08396,-1.12954,-0.488286,0.385872,-0.0907328,0.162945,0.864633,0.369651,-0.262461
01324181,1523964220052,-8.3478,0.543796,2.71151,-0.128991,-0.276738,0.0792019,0.87715,0.355602,-0.0951482
01324180,1523964220052,-7.62179,-2.98535,0.396116,0.0708542,0.115553,-0.0288158,0.724546,0.461653,-0.394094
01324189,1523964220069,-9.06598,-2.05374,4.64822,0.544096,-1.24067,-0.297087,0.807049,-0.135453,-0.449588
01324188,1523964220069,-9.43903,-0.221719,0.947845,0.0519595,0.240931,0.127972,0.868742,-0.318599,-0.0911239
01324185,1523964220069,-8.09589,-1.16066,-0.378269,0.575275,-0.0834951,0.189907,0.866935,0.367225,-0.264014
01324181,1523964220069,-9.2167,0.545544,2.84115,-0.142452,-0.404963,0.0714568,0.877216,0.353646,-0.0994916
01324180,1523964220069,-7.75292,-2.90352,0.272025,0.128644,0.123125,-0.0432929,0.725691,0.463911,-0.387312
01324189,1523964220085,-8.84824,-1.86065,5.04945,0.498805,-1.49913,-0.287022,0.794691,-0.136071,-0.46604
01324188,1523964220085,-9.86641,0.56651,0.510843,-0.107391,0.417719,0.101304,0.868071,-0.320274,-0.0862392
01324185,1523964220085,-8.51314,-1.16286,-0.36281,0.785504,-0.0787272,0.170176,0.867603,0.360342,-0.270221
01324181,1523964220085,-9.26459,0.431061,2.7078,-0.131893,-0.595175,0.06635,0.876775,0.352458,-0.108229
01324180,1523964220085,-8.21437,-2.9127,0.170795,0.191152,0.140507,-0.0206958,0.726493,0.4636,-0.386114
01324189,1523964220102,-8.50491,-1.55144,4.1371,0.405233,-1.74703,-0.347371,0.782642,-0.13528,-0.487032
01324188,1523964220102,-10.0354,0.554987,-0.520157,-0.35401,0.536232,0.0681618,0.867661,-0.320501,-0.0812672
01324185,1523964220102,-9.0434,-1.01753,-0.380427,0.939554,-0.0663425,0.153883,0.869217,0.355702,-0.276977
01324181,1523964220102,-8.37121,0.199127,2.57307,-0.114888,-0.710751,0.0409621,0.875247,0.35145,-0.116029
01324180,1523964220102,-8.66894,-2.92018,0.144564,0.266113,0.14925,-0.00335643,0.726793,0.461574,-0.387645
01324189,1523964220119,-8.00509,-0.567501,3.28728,0.267087,-1.79578,-0.260795,0.765211,-0.133806,-0.514913
01324188,1523964220119,-9.83852,0.109096,-1.34551,-0.49064,0.57654,0.00400323,0.867387,-0.320837,-0.0740152
01324185,1523964220119,-9.32233,-0.791771,-0.2689,0.974922,-0.0433677,0.199678,0.868932,0.348361,-0.285006
01324181,1523964220119,-7.76011,0.135807,2.8052,-0.0996185,-0.668777,0.0187252,0.874799,0.352083,-0.126532
01324180,1523964220119,-8.72364,-2.81725,0.166347,0.306386,0.131392,0.0205477,0.728448,0.459543,-0.392302
01324189,1523964220135,-7.928,0.0890585,3.54568,-0.113839,-1.75712,-0.143111,0.750729,-0.134107,-0.536956
01324188,1523964220135,-9.98911,-0.11891,-1.76583,-0.606018,0.588964,-0.0223247,0.86846,-0.319314,-0.0696254
01324185,1523964220135,-9.14777,-0.600072,-0.0842359,0.949315,-0.0310698,0.259116,0.870684,0.341332,-0.291478
01324181,1523964220135,-7.74596,0.113978,3.00132,-0.0460475,-0.587849,-0.00918555,0.872467,0.351631,-0.135531
01324180,1523964220135,-8.4845,-2.62166,0.198759,0.300877,0.150636,0.0206422,0.730371,0.456035,-0.393211
01324189,1523964220152,-7.98836,-0.0521079,3.49758,-0.721395,-1.55906,-0.0557708,0.736846,-0.127069,-0.555202
01324188,1523964220152,-9.75467,-0.849547,-2.23031,-0.675823,0.554699,-0.0213429,0.867907,-0.318206,-0.0651066
01324185,1523964220152,-8.9397,-0.490457,0.0852802,0.890094,-0.0132114,0.313446,0.872713,0.333783,-0.295593
01324181,1523964220152,-8.22114,0.0111546,3.19586,-0.0146845,-0.577942,-0.0547473,0.871591,0.352326,-0.143506
01324180,1523964220152,-8.34618,-2.50509,0.287756,0.265151,0.192264,0.0347717,0.731892,0.4543,-0.398536
01324189,1523964220169,-8.58743,-0.786701,3.45619,-1.31939,-1.26964,-0.0857331,0.725814,-0.115371,-0.575584
01324188,1523964220169,-9.8186,-1.17517,-2.52768,-0.590265,0.457066,-0.0289046,0.868033,-0.317217,-0.0614115
01324185,1523964220169,-8.98285,-0.441976,0.149714,0.793866,0.00367571,0.325359,0.875419,0.326227,-0.300102
01324181,1523964220169,-8.98062,-0.126683,3.52691,0.0458332,-0.618832,-0.0792175,0.871675,0.351995,-0.152002
01324180,1523964220169,-8.44246,-2.57481,0.383107,0.211839,0.258904,0.0225977,0.734026,0.454543,-0.396942
01324189,1523964220185,-9.14665,-2.41369,3.60194,-1.6177,-1.02307,-0.152808,0.715524,-0.0990661,-0.591122
01324188,1523964220185,-10.2268,-1.06952,-2.59525,-0.572675,0.410167,-0.00989209,0.8683,-0.316754,-0.0589627
01324185,1523964220185,-9.52342,-0.400281,-0.0605035,0.621625,-0.00741366,0.28832,0.875688,0.318687,-0.30382
01324181,1523964220185,-9.24817,-0.200267,3.60389,0.133921,-0.657835,-0.0935506,0.86935,0.353054,-0.163822
01324180,1523964220185,-8.90141,-2.83201,0.454553,0.177666,0.312841,0.0368653,0.734579,0.452201,-0.394836
01324189,1523964220202,-9.17647,-4.19572,3.77341,-1.4049,-0.849351,-0.290987,0.703284,-0.0795321,-0.603936
01324188,1523964220202,-10.3414,-1.33105,-2.37298,-0.613277,0.358746,0.0405856,0.868562,-0.315603,-0.055663
01324185,1523964220202,-10.3391,-0.313655,-0.400136,0.421828,-0.0445439,0.265146,0.879482,0.310166,-0.307148
01324181,1523964220202,-9.33741,-0.0653728,3.49689,0.169728,-0.541419,-0.113337,0.865346,0.355672,-0.170875
01324180,1523964220202,-9.58629,-3.18311,0.479774,0.175304,0.34322,0.052955,0.738048,0.450502,-0.387627
01324189,1523964220219,-9.01787,-5.40365,3.82656,-0.874248,-0.730722,-0.381843,0.69433,-0.0655443,-0.615495
01324188,1523964220219,-9.95019,-1.41762,-1.918,-0.580532,0.363184,0.120566,0.869922,-0.316465,-0.0533108
01324185,1523964220219,-10.9864,-0.362989,-0.828071,0.185131,-0.0848133,0.241999,0.880563,0.303896,-0.31075
01324181,1523964220219,-9.7524,0.0704213,3.51095,0.178736,-0.405192,-0.115544,0.86391,0.357954,-0.178612
01324180,1523964220219,-10.2199,-3.53753,0.418471,0.195528,0.35361,0.109476,0.741001,0.449277,-0.385534
01324189,1523964220235,-8.80482,-5.50492,3.77442,-0.309434,-0.686586,-0.383626,0.692053,-0.0580456,-0.623837
01324188,1523964220235,-9.75793,-1.72116,-1.70978,-0.478991,0.305481,0.163144,0.868575,-0.318116,-0.0517817
01324185,1523964220235,-11.369,-0.637803,-1.16554,-0.0269939,-0.0826543,0.255918,0.880832,0.301612,-0.312296
01324181,1523964220235,-10.2324,0.283216,3.36132,0.175301,-0.306195,-0.121477,0.863429,0.358523,-0.185526
01324180,1523964220235,-10.7673,-3.81319,0.310105,0.219554,0.333105,0.178112,0.745325,0.443507,-0.378824
01324189,1523964220252,-8.80533,-4.87791,4.01446,0.0794183,-0.638749,-0.343325,0.68515,-0.0532942,-0.630676
01324188,1523964220252,-9.64269,-1.94153,-1.63407,-0.272986,0.238013,0.165606,0.866415,-0.320259,-0.0487923
01324185,1523964220252,-11.609,-0.995174,-1.29475,-0.146314,-0.0427481,0.259257,0.882191,0.299659,-0.311237
01324181,1523964220252,-10.5928,0.42941,3.31515,0.146932,-0.182351,-0.120241,0.863159,0.36075,-0.188492
01324180,1523964220252,-11.1419,-3.9832,0.218506,0.224768,0.280933,0.248154,0.74751,0.4394,-0.377318
01324189,1523964220269,-8.7526,-4.11322,4.47795,0.310944,-0.516658,-0.232622,0.677852,-0.0519806,-0.636736
01324188,1523964220269,-9.48778,-1.91114,-1.92675,-0.00265319,0.209274,0.161856,0.865607,-0.321528,-0.0463037
01324185,1523964220269,-11.7473,-1.29044,-1.27366,-0.215513,0.0180145,0.282793,0.883007,0.296841,-0.311212
01324181,1523964220269,-10.8042,0.62583,3.33902,0.14327,-0.114647,-0.0954786,0.862102,0.361833,-0.191957
01324180,1523964220269,-11.2283,-3.99508,0.104005,0.181146,0.207301,0.330018,0.752619,0.436974,-0.37474
01324189,1523964220285,-8.54111,-3.19771,4.9321,0.390228,-0.329148,-0.11903,0.674104,-0.0559286,-0.640737
01324188,1523964220285,-9.72706,-1.86032,-1.47772,0.128121,0.142097,0.0920507,0.86576,-0.324574,-0.0435345
01324185,1523964220285,-11.8055,-1.45133,-1.204,-0.262566,0.0608058,0.291091,0.886002,0.292406,-0.30726
01324181,1523964220285,-10.8605,0.814489,3.2312,0.145079,-0.0402217,-0.0879536,0.861056,0.360943,-0.194053
01324180,1523964220285,-11.1288,-3.98821,0.0204242,0.0746432,0.130057,0.404389,0.755143,0.429417,-0.379116
01324189,1523964220302,-8.03749,-2.41764,5.25982,0.475918,-0.121126,-0.041049,0.672249,-0.0622151,-0.642104
01324188,1523964220302,-9.57648,-1.02809,-1.96054,0.374522,0.111815,0.0181788,0.864268,-0.324991,-0.0403109
01324185,1523964220302,-11.7863,-1.48995,-1.17774,-0.316179,0.110847,0.311237,0.88818,0.289499,-0.304495
01324181,1523964220302,-10.8899,1.00343,3.1646,0.13265,0.0235398,-0.0822058,0.859842,0.360966,-0.193775
01324180,1523964220302,-11.0576,-4.07456,0.0472303,-0.042557,0.0595179,0.490152,0.76016,0.42381,-0.377546
01324189,1523964220319,-7.73382,-1.63915,5.49562,0.451359,0.0448377,-0.0201827,0.671851,-0.064791,-0.641585
01324188,1523964220319,-9.3415,-0.18329,-1.5176,0.302458,0.0477671,0.0417658,0.865093,-0.327178,-0.0374963
01324185,1523964220319,-11.661,-1.51484,-1.21439,-0.367661,0.155293,0.299926,0.889271,0.288129,-0.302395
01324181,1523964220319,-10.7023,1.06885,3.0124,0.118329,0.0841594,-0.0523862,0.859422,0.362676,-0.194338
01324180,1523964220319,-10.9802,-4.31176,0.194112,-0.161467,0.00876783,0.547871,0.763283,0.420273,-0.377123
01324189,1523964220335,-7.47549,-1.02009,5.20597,0.280205,0.169047,-0.0414837,0.673755,-0.068999,-0.638831
01324188,1523964220335,-9.42166,-0.935639,-1.11788,0.182539,-0.0631366,0.0618602,0.864011,-0.327816,-0.0359072
01324185,1523964220335,-11.4631,-1.48716,-1.19888,-0.408912,0.159062,0.282043,0.891587,0.285954,-0.298201
01324181,1523964220335,-10.5497,1.05138,2.85674,0.123678,0.130306,-0.0416984,0.860216,0.362834,-0.193154
01324180,1523964220335,-10.8252,-4.56031,0.358606,-0.204881,-0.0557,0.603313,0.767119,0.413541,-0.377854
01324189,1523964220352,-7.38027,-0.950322,4.78604,0.126578,0.312095,-0.0573942,0.676186,-0.0694837,-0.636588
01324188,1523964220352,-9.5562,-2.01611,-0.659404,0.435564,-0.143237,0.0105017,0.864019,-0.328865,-0.0383961
01324185,1523964220352,-11.2238,-1.33452,-1.15246,-0.471248,0.189277,0.245293,0.894175,0.284639,-0.293231
01324181,1523964220352,-10.4263,1.04813,2.68371,0.134388,0.21541,-0.0289606,0.862199,0.364972,-0.192289
01324180,1523964220352,-10.6207,-4.71643,0.512008,-0.21978,-0.122687,0.614973,0.77015,0.406528,-0.377769
01324189,1523964220369,-7.9079,-1.84662,5.09127,0.0778003,0.373254,-0.0149093,0.678858,-0.0689554,-0.631799
01324188,1523964220369,-9.72481,-1.17124,-0.709072,0.912545,-0.1974,-0.0258237,0.862921,-0.327217,-0.0358561
01324185,1523964220369,-10.9797,-1.22042,-1.09614,-0.550869,0.172162,0.215668,0.895681,0.282912,-0.287732
01324181,1523964220369,-10.2151,0.924631,2.48457,0.111156,0.245966,0.00236663,0.862081,0.36188,-0.189833
01324180,1523964220369,-10.3307,-4.72108,0.589736,-0.227645,-0.169724,0.596066,0.77516,0.401206,-0.375248
01324189,1523964220385,-8.07403,-3.06465,4.96188,0.0485083,0.392663,0.047193,0.683165,-0.0703351,-0.625973
01324188,1523964220385,-9.53389,0.123971,-1.21807,0.932564,-0.259351,-0.0210616,0.863052,-0.326765,-0.033137
01324185,1523964220385,-10.6758,-1.27519,-1.00183,-0.644709,0.130272,0.161544,0.897728,0.281744,-0.282501
01324181,1523964220385,-9.9021,0.729557,2.28504,0.107622,0.267268,0.011124,0.863128,0.361796,-0.186521
01324180,1523964220385,-9.9446,-4.66643,0.644559,-0.256523,-0.190729,0.542914,0.777221,0.397407,-0.376435
01324189,1523964220402,-7.62599,-3.47391,4.44299,0.0972577,0.455876,0.0631423,0.687069,-0.0702729,-0.621603
01324188,1523964220402,-9.25347,1.45085,-1.47295,0.543485,-0.28863,-0.0293503,0.862636,-0.325261,-0.0339801
01324185,1523964220402,-10.3091,-1.33511,-0.847071,-0.734881,0.0989494,0.110737,0.898281,0.283537,-0.277163
01324181,1523964220402,-9.55727,0.58328,2.20794,0.0898621,0.316846,0.019298,0.86271,0.360722,-0.183572
01324180,1523964220402,-9.52032,-4.58508,0.728905,-0.28557,-0.201281,0.49247,0.780394,0.390695,-0.378642
01324189,1523964220419,-7.13165,-2.92509,4.02791,0.221602,0.541632,0.0970525,0.690841,-0.0732207,-0.615783
01324188,1523964220419,-9.00843,1.68248,-1.62617,-0.010943,-0.360113,0.0121267,0.860477,-0.326614,-0.0384802
01324185,1523964220419,-9.97625,-1.45742,-0.685363,-0.797383,0.065879,0.0888337,0.899241,0.285752,-0.27183
01324181,1523964220419,-9.28553,0.530739,2.15273,0.0935938,0.373065,0.0016108,0.863458,0.360292,-0.176663
01324180,1523964220419,-9.08095,-4.55694,0.839691,-0.304205,-0.196681,0.430752,0.782171,0.388059,-0.379396
01324189,1523964220435,-6.70184,-2.08322,3.63397,0.320646,0.643206,0.131746,0.697361,-0.0796958,-0.610558
01324188,1523964220435,-8.47651,1.02876,-1.5185,-0.366413,-0.410815,0.0623402,0.860493,-0.328326,-0.0454532
01324185,1523964220435,-9.6148,-1.62814,-0.611732,-0.846175,0.0185128,0.0584977,0.899113,0.288366,-0.267804
01324181,1523964220435,-9.0008,0.395871,2.08952,0.111455,0.407475,-0.000789608,0.865007,0.362365,-0.172472
01324180,1523964220435,-8.78757,-4.44793,0.901158,-0.316923,-0.194335,0.309327,0.783579,0.383409,-0.381806
01324189,1523964220452,-6.43172,-1.186,3.27666,0.358107,0.774829,0.180423,0.706148,-0.0882146,-0.599222
01324188,1523964220452,-8.1214,0.270825,-1.58659,-0.47231,-0.539409,0.118695,0.859417,-0.328744,-0.0547549
01324185,1523964220452,-9.23868,-1.7123,-0.563882,-0.805059,-0.0276939,0.0535638,0.899521,0.292631,-0.265887
01324181,1523964220452,-8.7062,0.26352,2.05771,0.147089,0.415344,-0.00520306,0.865517,0.361033,-0.167668
01324180,1523964220452,-8.56374,-4.18965,0.924097,-0.413814,-0.205159,0.21898,0.780655,0.380845,-0.380734
01324189,1523964220469,-6.6613,-0.70615,4.02608,0.233211,0.91012,0.217115,0.71301,-0.0909368,-0.589423
01324188,1523964220469,-6.96333,-2.66753,-4.76009,-0.357184,-0.457054,0.133091,0.85957,-0.330256,-0.0660251
01324185,1523964220469,-8.83323,-1.58968,-0.618896,-0.740209,-0.0707655,0.0298637,0.899391,0.295652,-0.262649
01324181,1523964220469,-8.40923,0.116451,2.25563,0.178228,0.407295,-0.0105978,0.866564,0.360114,-0.163276
01324180,1523964220469,-8.20978,-3.87872,0.905092,-0.602872,-0.225939,0.0840057,0.780364,0.382587,-0.380155
01324189,1523964220485,-7.98249,-1.37342,5.8359,0.0761109,0.862211,0.184982,0.72054,-0.0930967,-0.578691
01324188,1523964220485,-9.13132,-1.11531,-4.223,-0.00095084,-0.124366,0.154727,0.855782,-0.33167,-0.0686239
01324185,1523964220485,-8.50986,-1.51226,-0.648094,-0.690065,-0.10133,0.0112214,0.899673,0.294746,-0.25846
01324181,1523964220485,-8.65442,-0.0128802,2.58981,0.196964,0.372438,-0.035874,0.866938,0.359759,-0.159686
01324180,1523964220485,-7.82299,-3.79258,0.720827,-0.872763,-0.236663,-0.0409218,0.781757,0.38967,-0.380843
01324189,1523964220502,-9.72866,-2.40208,6.9089,0.057734,0.721324,0.119801,0.726446,-0.0960787,-0.568348
01324188,1523964220502,-10.1953,-3.8301,-3.33815,0.109562,0.234731,-0.0167842,0.854701,-0.332801,-0.0658541
01324185,1523964220502,-8.44759,-1.6403,-0.690691,-0.56469,-0.111633,-0.0186279,0.898589,0.29858,-0.256925
01324181,1523964220502,-9.13245,-0.0381486,2.8408,0.177508,0.30103,-0.075953,0.86662,0.36168,-0.157066
01324180,1523964220502,-7.81431,-4.01258,0.531188,-1.11416,-0.181227,-0.137064,0.776822,0.397271,-0.376837
01324189,1523964220519,-10.536,-2.25305,4.7454,0.259837,0.672513,0.120692,0.73104,-0.101346,-0.561753
01324188,1523964220519,-11.9606,1.71094,0.00900571,0.414782,0.194572,-0.21122,0.857134,-0.331775,-0.0607046
01324185,1523964220519,-8.6896,-1.85558,-0.794582,-0.409173,-0.108528,-0.0842461,0.896146,0.301953,-0.257472
01324181,1523964220519,-9.42877,0.0405988,3.1272,0.12496,0.201732,-0.0903683,0.86658,0.361912,-0.153085
01324180,1523964220519,-8.20986,-4.39172,0.331896,-1.19792,-0.166403,-0.188484,0.774269,0.407146,-0.372009
01324189,1523964220535,-10.886,-0.58824,4.0512,0.240304,0.793667,0.212835,0.7383,-0.104503,-0.550625
01324188,1523964220535,-9.65855,3.10608,-1.42705,-0.163318,0.175616,-0.289402,0.858343,-0.330336,-0.0576681
01324185,1523964220535,-9.17718,-1.91523,-0.894413,-0.17453,-0.0696162,-0.190101,0.895331,0.303216,-0.257743
01324181,1523964220535,-9.40128,0.220376,3.22294,0.12388,0.155264,-0.069247,0.866872,0.358383,-0.150756
01324180,1523964220535,-8.7498,-4.81318,0.0922911,-1.13991,-0.165467,-0.219742,0.771434,0.416126,-0.362333
01324189,1523964220552,-10.3131,0.124431,3.78623,-0.175012,0.723764,0.348272,0.743682,-0.108486,-0.541755
01324188,1523964220552,-9.59588,2.28467,-2.61856,-0.96701,0.260685,-0.277981,0.860337,-0.323612,-0.058888
01324185,1523964220552,-9.60357,-1.6815,-0.96106,0.0367292,-0.00901836,-0.265472,0.891804,0.306172,-0.258021
01324181,1523964220552,-9.01795,0.423736,3.36157,0.138027,0.229044,-0.047223,0.865763,0.358889,-0.147966
01324180,1523964220552,-9.17997,-5.12729,-0.131151,-1.02741,-0.18554,-0.242889,0.769677,0.426418,-0.356968
01324189,1523964220569,-8.77738,0.0182141,2.39973,-0.627361,0.715977,0.458402,0.747281,-0.109116,-0.533641
01324188,1523964220569,-9.62744,-0.443389,-2.45398,-1.21381,0.29951,-0.286244,0.86152,-0.317329,-0.0597215
01324185,1523964220569,-9.65315,-1.33445,-0.918832,0.236254,0.041309,-0.326393,0.892209,0.310697,-0.257151
01324181,1523964220569,-8.54912,0.550644,3.28968,0.161149,0.28937,-0.0339786,0.867195,0.361063,-0.145768
01324180,1523964220569,-9.22468,-5.34586,-0.287467,-0.823396,-0.215224,-0.297236,0.765242,0.434407,-0.346478
01324189,1523964220585,-8.04609,-0.565436,1.12403,-0.723445,0.841085,0.574971,0.752091,-0.109485,-0.524201
01324188,1523964220585,-8.86598,-3.12434,-1.85321,-0.448048,0.249911,-0.370749,0.86257,-0.311435,-0.06152
01324185,1523964220585,-9.3988,-1.06621,-0.748076,0.445979,0.118779,-0.39607,0.889898,0.313343,-0.258868
01324181,1523964220585,-8.40986,0.498987,3.20463,0.202028,0.383587,-0.0091883,0.868245,0.360552,-0.142315
01324180,1523964220585,-8.97297,-5.32512,-0.371902,-0.55463,-0.214175,-0.387891,0.760858,0.441723,-0.344781
01324189,1523964220602,-8.57934,-2.21128,0.711945,-0.794117,0.900632,0.60317,0.757578,-0.109582,-0.514499
01324188,1523964220602,-8.97595,-2.76783,-1.74488,0.331899,0.215458,-0.338386,0.863626,-0.307247,-0.0580403
01324185,1523964220602,-9.12778,-0.923212,-0.501529,0.557063,0.18393,-0.469812,0.887181,0.317402,-0.260335
01324181,1523964220602,-8.19348,0.394906,3.07277,0.256433,0.466614,-0.0155809,0.866329,0.359541,-0.137491
01324180,1523964220602,-8.58399,-5.10319,-0.381387,-0.2329,-0.181411,-0.477969,0.755687,0.448191,-0.344441
01324189,1523964220619,-9.11806,-3.63819,1.02338,-0.687215,0.894392,0.511267,0.767845,-0.111535,-0.505536
01324188,1523964220619,-9.22214,-2.00283,-2.05795,0.663752,0.174283,-0.232192,0.865496,-0.303237,-0.0510817
01324185,1523964220619,-8.91711,-0.765435,-0.305929,0.612298,0.197754,-0.532946,0.884329,0.324167,-0.26039
01324181,1523964220619,-8.1018,0.303868,2.98816,0.256627,0.526345,-0.0357627,0.86798,0.36266,-0.131198
01324180,1523964220619,-8.1826,-4.74159,-0.344063,0.0859393,-0.1294,-0.56702,0.748395,0.455904,-0.352013
01324189,1523964220635,-9.53103,-4.78994,1.44066,-0.512948,0.84423,0.385885,0.773606,-0.113935,-0.494651
01324188,1523964220635,-9.52616,-1.8267,-1.91278,0.54208,0.154061,-0.149221,0.866305,-0.30284,-0.0474322
01324185,1523964220635,-8.70455,-0.747374,-0.172059,0.634451,0.16,-0.588907,0.879169,0.329196,-0.262773
01324181,1523964220635,-8.24695,0.292333,3.12752,0.232736,0.495707,-0.0669415,0.868729,0.363476,-0.126175
01324180,1523964220635,-7.87852,-4.35256,-0.268868,0.370011,-0.0229275,-0.668189,0.742842,0.462404,-0.355718
01324189,1523964220652,-9.63463,-5.27988,1.43133,-0.144964,0.753087,0.265596,0.777336,-0.114853,-0.485739
01324188,1523964220652,-9.82472,-1.47892,-1.83659,0.257768,0.182221,-0.134097,0.868046,-0.299938,-0.0416184
01324185,1523964220652,-8.60322,-0.796079,-0.086121,0.701613,0.0960879,-0.661732,0.877265,0.335957,-0.262963
01324181,1523964220652,-8.62958,0.379943,3.19584,0.195321,0.392947,-0.0779698,0.869488,0.362464,-0.119653
01324180,1523964220652,-7.9612,-3.99243,-0.17344,0.59343,0.0918403,-0.755538,0.737596,0.465857,-0.360164
01324189,1523964220669,-9.44,-5.06109,1.41917,0.240678,0.596116,0.166746,0.782034,-0.117813,-0.477254
01324188,1523964220669,-9.76149,-1.35556,-1.5783,0.0504005,0.210618,-0.0891804,0.870205,-0.298339,-0.0392568
01324185,1523964220669,-8.76261,-0.84327,-0.117634,0.859033,0.0406208,-0.681925,0.872641,0.34278,-0.267325
01324181,1523964220669,-8.98321,0.565029,3.15622,0.157102,0.240275,-0.109273,0.868797,0.361961,-0.116978
01324180,1523964220669,-8.31327,-3.72155,-0.156055,0.736936,0.162549,-0.843661,0.730568,0.471795,-0.362508
01324189,1523964220685,-9.30015,-4.14023,2.2809,0.685661,0.465531,0.148909,0.785397,-0.124478,-0.469052
01324188,1523964220685,-9.54473,-1.57661,-1.45765,0.190082,0.250588,-0.0505771,0.868701,-0.296893,-0.0353781
01324185,1523964220685,-9.16325,-0.845709,-0.246039,1.02523,-0.0177946,-0.722467,0.869779,0.346345,-0.272576
01324181,1523964220685,-9.43429,0.646875,3.3498,0.18084,0.063759,-0.0978447,0.868102,0.362992,-0.116063
01324180,1523964220685,-8.79241,-3.50932,-0.212738,0.82289,0.203811,-0.914759,0.724894,0.476842,-0.36543
01324189,1523964220702,-9.55942,-3.34234,3.12646,1.00569,0.344124,0.14493,0.787842,-0.133144,-0.463263
01324188,1523964220702,-9.66016,-1.37621,-1.08796,0.570435,0.309441,-0.0261182,0.867203,-0.296621,-0.0313037
01324185,1523964220702,-9.72788,-0.808648,-0.42121,1.19796,-0.0478137,-0.734246,0.862841,0.353235,-0.280851
01324181,1523964220702,-9.64514,0.644327,3.41611,0.173717,-0.0178309,-0.112266,0.865691,0.363557,-0.117909
01324180,1523964220702,-9.42303,-3.33166,-0.365347,0.850571,0.270993,-0.975467,0.717108,0.479613,-0.369448
01324189,1523964220719,-9.45563,-2.54375,2.94911,1.04446,0.18748,0.17375,0.788129,-0.144057,-0.458002
01324188,1523964220719,-10.1798,-0.668925,-1.27803,0.800531,0.390065,-0.00694165,0.866919,-0.295606,-0.021813
01324185,1523964220719,-10.4274,-0.722575,-0.576552,1.28699,-0.0409673,-0.749543,0.855498,0.35815,-0.289236
01324181,1523964220719,-9.53957,0.580156,3.31176,0.202177,-0.0266048,-0.109005,0.86607,0.366385,-0.119168
01324180,1523964220719,-10.1129,-3.25137,-0.506986,0.82275,0.293029,-1.02455,0.709248,0.488033,-0.37227
01324189,1523964220735,-9.36307,-1.07014,2.96095,1.04741,0.0320065,0.138475,0.788257,-0.153091,-0.451654
01324188,1523964220735,-9.98935,-0.166626,-1.49104,0.704343,0.482734,-0.00568145,0.868286,-0.298465,-0.0111045
01324185,1523964220735,-10.866,-0.493639,-0.703287,1.31501,0.0018721,-0.751456,0.85222,0.360934,-0.298399
01324181,1523964220735,-9.53996,0.417398,3.5612,0.222674,-0.0480697,-0.124749,0.865246,0.369489,-0.121615
01324180,1523964220735,-10.5531,-3.23662,-0.564373,0.777636,0.324446,-1.02275,0.701421,0.493843,-0.37528
01324189,1523964220752,-9.424,0.0473553,2.7552,0.838539,-0.0832515,0.12377,0.785857,-0.16051,-0.45222
01324188,1523964220752,-9.56888,-0.238687,-1.75358,0.410948,0.548015,-0.0405334,0.86759,-0.296679,-0.00236814
01324185,1523964220752,-10.9428,-0.372766,-0.691536,1.25981,0.0308366,-0.726052,0.846375,0.365335,-0.30417
01324181,1523964220752,-9.59617,0.372984,3.6583,0.25747,-0.0226765,-0.141857,0.864014,0.371497,-0.122175
01324180,1523964220752,-10.5971,-3.19338,-0.593567,0.761046,0.349701,-1.06046,0.692776,0.500386,-0.377183
01324189,1523964220769,-9.46914,0.158795,1.86041,0.420983,-0.0686813,0.11523,0.785324,-0.166238,-0.449852
01324188,1523964220769,-9.75305,-0.451754,-2.91981,0.168176,0.545572,-0.0386842,0.867578,-0.296034,0.0087114
01324185,1523964220769,-10.918,-0.233166,-0.575139,1.17918,0.0532207,-0.67849,0.841203,0.367859,-0.312279
01324181,1523964220769,-9.65119,0.32848,3.88097,0.285961,0.0303948,-0.144913,0.863088,0.372029,-0.124568
01324180,1523964220769,-10.4977,-3.03311,-0.572382,0.732973,0.371055,-1.08157,0.686261,0.507757,-0.378291
01324189,1523964220785,-9.68315,-0.489793,0.847102,-0.00684227,0.0375364,0.120741,0.784939,-0.1671,-0.451727
01324188,1523964220785,-9.6657,-1.08017,-3.44423,-0.182381,0.489832,-0.022182,0.867976,-0.295492,0.0156061
01324185,1523964220785,-10.7055,-0.176653,-0.519307,1.06406,0.0549806,-0.615489,0.836578,0.36999,-0.318817
01324181,1523964220785,-10.0515,0.250744,4.14796,0.282456,0.0381258,-0.16196,0.860272,0.372046,-0.125601
01324180,1523964220785,-10.3546,-2.89179,-0.536373,0.700891,0.413013,-1.08236,0.679466,0.516,-0.379106
01324189,1523964220802,-9.9754,-1.45716,0.313724,-0.368383,0.181143,0.135314,0.78357,-0.16792,-0.45038
01324188,1523964220802,-9.52625,-1.97939,-3.53824,-0.295687,0.418988,-0.0378442,0.867157,-0.295251,0.020074
01324185,1523964220802,-10.6864,-0.229731,-0.50745,0.951907,0.0635972,-0.566098,0.832497,0.371429,-0.324697
01324181,1523964220802,-9.93764,0.218293,3.94404,0.335103,0.000494818,-0.190063,0.859179,0.374319,-0.126966
01324180,1523964220802,-10.3022,-2.81836,-0.574128,0.682552,0.461795,-1.06982,0.671346,0.52311,-0.38033
01324189,1523964220819,-10.0471,-2.3382,0.159367,-0.44061,0.256198,0.188261,0.78437,-0.167933,-0.44865
01324188,1523964220819,-9.39185,-2.25695,-3.57046,-0.192402,0.323116,0.00343585,0.866198,-0.294066,0.0231218
01324185,1523964220819,-10.7765,-0.527724,-0.507807,0.880667,0.0665957,-0.508182,0.830041,0.376128,-0.329568
01324181,1523964220819,-9.91283,0.203978,4.00726,0.360989,0.0294772,-0.202827,0.858752,0.377296,-0.128485
01324180,1523964220819,-10.4398,-2.65069,-0.603552,0.663247,0.512206,-1.05017,0.664606,0.527155,-0.382176
01324189,1523964220835,-9.75231,-2.93387,0.353092,-0.371088,0.324482,0.184767,0.784073,-0.167339,-0.446502
01324188,1523964220835,-9.39191,-2.2361,-3.09896,-0.0923024,0.257532,0.0980916,0.866352,-0.297435,0.026544
01324185,1523964220835,-10.9771,-0.642118,-0.587815,0.754556,0.0555674,-0.496869,0.826774,0.378286,-0.334674
01324181,1523964220835,-9.60941,0.266093,3.64094,0.370297,0.0655389,-0.256933,0.857662,0.380395,-0.131327
01324180,1523964220835,-10.5215,-3.04238,-0.635504,0.721947,0.516421,-0.900395,0.658396,0.531329,-0.383082
01324189,1523964220852,-9.62884,-2.87346,0.877127,-0.207888,0.367693,0.171001,0.787843,-0.167418,-0.442265
01324188,1523964220852,-9.37013,-2.21577,-2.91401,0.0650426,0.198285,0.140999,0.865678,-0.298434,0.0294517
01324185,1523964220852,-11.0158,-0.661155,-0.605375,0.736743,0.0772217,-0.462111,0.823375,0.382177,-0.337575
01324181,1523964220852,-9.76769,0.395059,3.84997,0.371368,0.0781556,-0.294724,0.85547,0.382737,-0.130291
01324180,1523964220852,-10.6144,-2.97123,-0.619102,0.761497,0.527799,-0.848157,0.65325,0.536357,-0.384256
01324189,1523964220869,-9.58686,-2.61622,1.213,-0.103815,0.358854,0.153591,0.789705,-0.167445,-0.437738
01324188,1523964220869,-9.38404,-1.36519,-2.82535,0.12366,0.162304,0.167525,0.863667,-0.302607,0.0321776
01324185,1523964220869,-10.818,-0.696043,-0.550398,0.753155,0.123815,-0.368921,0.820251,0.381837,-0.340697
01324181,1523964220869,-9.64355,0.687829,3.6423,0.352818,0.0280867,-0.321026,0.852473,0.387583,-0.133017
01324180,1523964220869,-10.4123,-2.88662,-0.633582,0.759225,0.50697,-0.771857,0.649706,0.541496,-0.384642
01324189,1523964220885,-9.65496,-2.58968,1.54026,-0.0268568,0.369379,0.184054,0.791294,-0.169185,-0.432152
01324188,1523964220885,-9.6192,-0.874754,-2.84,-0.00618745,0.157156,0.194851,0.86152,-0.306745,0.0342343
01324185,1523964220885,-10.5915,-0.817789,-0.498182,0.755212,0.159707,-0.302866,0.818752,0.381204,-0.344344
01324181,1523964220885,-9.41041,0.831353,3.57825,0.354663,0.105908,-0.318709,0.85056,0.391009,-0.13453
01324180,1523964220885,-10.1423,-2.83078,-0.59197,0.704334,0.503704,-0.708096,0.646367,0.540835,-0.385416
01324189,1523964220902,-9.63735,-2.23341,1.23902,0.0834504,0.366468,0.189748,0.792646,-0.172371,-0.429249
01324188,1523964220902,-9.49212,-1.17585,-2.95137,-0.124743,0.14228,0.206298,0.862335,-0.306955,0.035288
01324185,1523964220902,-10.2586,-0.848671,-0.407784,0.800461,0.186219,-0.253833,0.816715,0.381167,-0.346297
01324181,1523964220902,-9.22038,0.90892,3.44274,0.331518,0.148541,-0.304534,0.848246,0.392629,-0.133875
01324180,1523964220902,-9.80712,-2.78442,-0.494185,0.677585,0.477338,-0.624995,0.642051,0.541908,-0.38236
01324189,1523964220919,-9.58581,-1.76513,0.988644,0.10131,0.383479,0.177318,0.793846,-0.177266,-0.423683
01324188,1523964220919,-9.29686,-1.33335,-2.94184,-0.110695,0.114928,0.213208,0.860728,-0.310509,0.0371052
01324185,1523964220919,-9.97352,-0.715573,-0.363124,0.874957,0.17885,-0.218214,0.816705,0.380239,-0.3506
01324181,1523964220919,-9.11903,1.00965,3.36418,0.274497,0.171838,-0.282641,0.846444,0.397355,-0.134752
01324180,1523964220919,-9.47035,-2.84384,-0.435636,0.685471,0.472028,-0.536279,0.638295,0.542707,-0.38364
01324189,1523964220935,-9.67376,-1.48411,0.725328,0.0770528,0.391506,0.193224,0.794352,-0.179841,-0.418091
01324188,1523964220935,-9.28735,-1.38363,-2.99921,-0.0250612,0.0731463,0.23458,0.860469,-0.312614,0.0385922
01324185,1523964220935,-9.70735,-0.413861,-0.363064,0.915908,0.194699,-0.184408,0.815208,0.375366,-0.35486
01324181,1523964220935,-9.03768,1.15626,3.26529,0.247601,0.209744,-0.238308,0.844525,0.399962,-0.134521
01324180,1523964220935,-9.22584,-2.71166,-0.335848,0.698967,0.468291,-0.480857,0.636672,0.544335,-0.384529
01324189,1523964220952,-9.68659,-1.29868,0.589656,0.0147804,0.41203,0.223182,0.800043,-0.18342,-0.413369
01324188,1523964220952,-9.34017,-1.28204,-3.01657,-0.0144673,0.046097,0.253815,0.858604,-0.318033,0.0367958
01324185,1523964220952,-9.5138,-0.111824,-0.500627,0.853291,0.179693,-0.16558,0.814389,0.37305,-0.358101
01324181,1523964220952,-9.02092,1.19545,3.05696,0.215452,0.300658,-0.196056,0.844043,0.404036,-0.131679
01324180,1523964220952,-9.02827,-2.67127,-0.282944,0.724758,0.438613,-0.396538,0.636743,0.541186,-0.391346
01324189,1523964220969,-9.83046,-1.42492,0.635341,-0.094337,0.4236,0.249478,0.800555,-0.186572,-0.408049
01324188,1523964220969,-9.28888,-1.14187,-3.09044,0.0170179,0.0244576,0.269728,0.857261,-0.320385,0.0377425
01324185,1523964220969,-9.32064,0.0746169,-0.670954,0.702399,0.172497,-0.155208,0.814931,0.370209,-0.359252
01324181,1523964220969,-9.04972,1.10544,2.94258,0.156517,0.342183,-0.145501,0.844002,0.406074,-0.130127
01324180,1523964220969,-8.90757,-2.6704,-0.231006,0.706452,0.390908,-0.338992,0.634899,0.539347,-0.393517
01324189,1523964220985,-9.92695,-1.71664,0.869773,-0.19767,0.423086,0.307796,0.80144,-0.185844,-0.401498
01324188,1523964220985,-9.47159,-0.838785,-2.88961,-0.0526263,-0.00552552,0.275963,0.855934,-0.324714,0.0342574
01324185,1523964220985,-9.16609,0.234835,-0.81752,0.485392,0.197196,-0.189181,0.815469,0.371457,-0.360311
01324181,1523964220985,-9.19091,1.1839,2.85807,0.0654535,0.304157,-0.0920761,0.842738,0.405794,-0.12413
01324180,1523964220985,-8.81704,-2.57299,-0.210253,0.679242,0.351008,-0.277899,0.634233,0.538923,-0.393381
01324189,1523964221002,-9.84867,-1.97603,0.809557,-0.214518,0.418102,0.340609,0.802377,-0.188873,-0.398055
01324188,1523964221002,-9.55681,-1.01192,-2.91144,-0.10562,-0.0319111,0.312475,0.85352,-0.329176,0.0340086
01324185,1523964221002,-9.1321,0.350143,-0.871114,0.29231,0.206017,-0.19924,0.812219,0.371468,-0.359777
01324181,1523964221002,-9.26266,1.3044,2.80217,0.0117025,0.265416,-0.0319036,0.84283,0.406447,-0.120425
01324180,1523964221002,-8.75083,-2.46868,-0.184865,0.60052,0.298552,-0.211939,0.631852,0.536944,-0.394871
01324189,1523964221019,-9.71241,-2.07724,0.80726,-0.20338,0.405849,0.32554,0.803449,-0.193768,-0.39329
01324188,1523964221019,-9.41432,-1.04658,-2.85689,-0.0871701,-0.031582,0.339178,0.852065,-0.33512,0.0339243
01324185,1523964221019,-9.08435,0.241417,-0.961816,0.0669091,0.195802,-0.205737,0.811812,0.373456,-0.359011
01324181,1523964221019,-9.27058,1.32376,2.75345,-0.00650276,0.255218,0.0396041,0.842645,0.408229,-0.117538
01324180,1523964221019,-8.68406,-2.39297,-0.193464,0.462771,0.227039,-0.167592,0.632153,0.535068,-0.397074
01324189,1523964221035,-9.51318,-2.1417,0.821137,-0.183357,0.422863,0.329092,0.803015,-0.197759,-0.388234
01324188,1523964221035,-9.40674,-0.937241,-2.63413,-0.0869686,-0.0417536,0.367383,0.850877,-0.340317,0.0333449
01324185,1523964221035,-9.06561,0.0679158,-0.994803,-0.10466,0.190576,-0.188506,0.812355,0.375876,-0.357729
01324181,1523964221035,-9.39509,1.29316,2.7629,-0.0246405,0.243021,0.0973395,0.843857,0.404046,-0.111884
01324180,1523964221035,-8.65601,-2.32022,-0.192791,0.304565,0.17463,-0.117958,0.633009,0.532027,-0.400254
01324189,1523964221052,-9.53614,-2.27615,0.682423,-0.141464,0.415526,0.339912,0.805311,-0.202973,-0.383218
01324188,1523964221052,-9.46529,-1.0866,-2.62269,-0.0379256,-0.0456131,0.410153,0.847934,-0.346949,0.032967
01324185,1523964221052,-9.12912,-0.196559,-1.02091,-0.247163,0.178212,-0.15083,0.811825,0.378379,-0.352133
01324181,1523964221052,-9.459,1.32161,2.65085,-0.0552748,0.186644,0.159017,0.84441,0.401505,-0.109978
01324180,1523964221052,-8.69478,-2.3084,-0.212439,0.1285,0.135907,-0.0542743,0.632073,0.532193,-0.401048
01324189,1523964221069,-9.51336,-2.27818,0.414329,-0.0882966,0.380418,0.349032,0.807739,-0.20446,-0.380047
01324188,1523964221069,-9.40228,-1.05659,-2.81117,0.0388441,-0.0293095,0.433879,0.846205,-0.352661,0.0342469
01324185,1523964221069,-9.27938,-0.44122,-1.03379,-0.348292,0.200676,-0.112554,0.811964,0.382948,-0.349042
01324181,1523964221069,-9.49194,1.27269,2.66124,-0.0893226,0.1537,0.196779,0.846281,0.400259,-0.106916
01324180,1523964221069,-8.77136,-2.35968,-0.242471,-0.0325857,0.08844,0.0111939,0.63232,0.532457,-0.397399
01324189,1523964221085,-9.5334,-2.23973,0.385514,-0.017736,0.38143,0.361708,0.808116,-0.209043,-0.373934
01324188,1523964221085,-9.38177,-0.724368,-2.74695,0.0556151,-0.0451251,0.470984,0.844065,-0.357551,0.0336986
01324185,1523964221085,-9.48741,-0.639778,-1.04954,-0.428628,0.198205,-0.0809327,0.810892,0.384744,-0.343568
01324181,1523964221085,-9.69304,1.08101,2.74574,-0.0647081,0.0925963,0.235893,0.847141,0.394295,-0.104409
01324180,1523964221085,-8.92496,-2.4458,-0.258945,-0.169168,0.0320484,0.0890713,0.633104,0.53389,-0.396842
01324189,1523964221102,-9.57128,-2.10459,0.337726,0.0642423,0.35126,0.379813,0.807438,-0.214333,-0.371025
01324188,1523964221102,-9.40113,-0.713659,-2.54234,0.0427167,-0.0313655,0.506442,0.841126,-0.364701,0.031942
01324185,1523964221102,-9.74365,-0.794747,-1.11947,-0.496174,0.173027,-0.0177033,0.811175,0.389096,-0.337077
01324181,1523964221102,-9.80562,1.00694,2.68847,-0.0843204,0.110495,0.248214,0.848495,0.393006,-0.1036
01324180,1523964221102,-9.10663,-2.59977,-0.283316,-0.30091,-0.00709641,0.182035,0.633088,0.534458,-0.394939
01324189,1523964221119,-9.69099,-1.78229,0.408453,0.138776,0.303888,0.362402,0.80908,-0.22026,-0.368282
01324188,1523964221119,-9.44978,-0.795618,-2.51956,0.0864999,-0.0349092,0.542983,0.836564,-0.372747,0.0312267
01324185,1523964221119,-9.97091,-0.933044,-1.19081,-0.606164,0.141165,0.0405063,0.813626,0.392733,-0.33111
01324181,1523964221119,-9.92361,0.84541,2.7053,-0.0480261,0.0197838,0.264599,0.851047,0.391176,-0.100666
01324180,1523964221119,-9.29318,-2.73895,-0.341489,-0.434307,-0.0496347,0.269695,0.633352,0.533271,-0.391185
01324189,1523964221135,-9.79317,-1.29693,0.25537,0.172664,0.227578,0.360892,0.809638,-0.227595,-0.365136
01324188,1523964221135,-9.48267,-0.541143,-2.69007,0.123189,-0.0480513,0.563435,0.834176,-0.381409,0.0304455
01324185,1523964221135,-10.1258,-1.08382,-1.25057,-0.682657,0.123097,0.100276,0.812286,0.395125,-0.323942
01324181,1523964221135,-9.64458,0.742055,2.59074,-0.0328691,0.00998022,0.262683,0.852037,0.387164,-0.100327
01324180,1523964221135,-9.37288,-2.92564,-0.35296,-0.532929,-0.0889427,0.376023,0.636434,0.53204,-0.388283
01324189,1523964221152,-9.72273,-0.699746,0.362825,0.132107,0.187459,0.383911,0.807327,-0.234562,-0.361152
01324188,1523964221152,-9.4609,0.143026,-2.61462,0.0831201,-0.0436434,0.577351,0.8307,-0.389675,0.0309145
01324185,1523964221152,-10.0731,-1.23579,-1.20274,-0.779667,0.117708,0.173547,0.814062,0.394379,-0.318714
01324181,1523964221152,-9.38988,0.730531,2.56602,-0.0399784,0.0028486,0.262581,0.854614,0.385695,-0.100456
01324180,1523964221152,-9.26186,-3.08854,-0.347937,-0.596296,-0.129478,0.461429,0.639479,0.533704,-0.384648
01324189,1523964221169,-9.7291,-0.211911,0.471179,0.0332962,0.17904,0.408469,0.80733,-0.238866,-0.358778
01324188,1523964221169,-9.55186,0.390078,-2.72686,-0.0346171,-0.037656,0.590752,0.827351,-0.396635,0.0314635
01324185,1523964221169,-9.80293,-1.31921,-1.06786,-0.826644,0.102356,0.265487,0.816517,0.396491,-0.311426
01324181,1523964221169,-9.3757,0.803423,2.63717,-0.034515,0.0236892,0.241185,0.854388,0.381018,-0.0986289
01324180,1523964221169,-9.01863,-3.19205,-0.334047,-0.619677,-0.150601,0.547209,0.642151,0.532763,-0.380654
01324189,1523964221185,-9.7468,0.0999208,0.38943,-0.117339,0.163397,0.454191,0.807081,-0.24432,-0.357748
01324188,1523964221185,-9.64947,0.12592,-2.82959,-0.103447,-0.0592962,0.602429,0.823598,-0.403766,0.0295837
01324185,1523964221185,-9.60046,-1.44075,-0.958816,-0.837376,0.0794405,0.341293,0.819247,0.39508,-0.304104
01324181,1523964221185,-9.59238,0.926914,2.76382,-0.00261756,0.0311636,0.257566,0.85496,0.378016,-0.0981738
01324180,1523964221185,-8.86057,-3.24797,-0.349729,-0.636003,-0.169768,0.625166,0.646434,0.531209,-0.375886
01324189,1523964221202,-9.80367,0.289787,0.225224,-0.267916,0.139124,0.501714,0.804379,-0.251142,-0.355631
01324188,1523964221202,-9.57216,0.1068,-2.895,-0.0947617,-0.0930362,0.582661,0.819872,-0.414882,0.0257042
01324185,1523964221202,-9.6056,-1.56109,-0.9428,-0.800375,0.070675,0.382134,0.821433,0.393376,-0.297431
01324181,1523964221202,-9.62708,0.912054,2.63348,0.0133972,-0.0131092,0.253692,0.856921,0.372535,-0.0990097
01324180,1523964221202,-8.93437,-3.32079,-0.394353,-0.650644,-0.178206,0.694465,0.652361,0.527314,-0.372539
01324189,1523964221219,-9.82384,0.384083,0.211148,-0.388985,0.136993,0.545737,0.802517,-0.255848,-0.357252
01324188,1523964221219,-9.54696,0.400172,-2.79437,-0.11828,-0.0915267,0.58605,0.814903,-0.423053,0.0247169
01324185,1523964221219,-9.7217,-1.61342,-1.03435,-0.764287,0.0529093,0.402646,0.824429,0.3932,-0.291821
01324181,1523964221219,-9.58727,0.779117,2.60005,0.0577248,-0.026736,0.279295,0.858333,0.368753,-0.100938
01324180,1523964221219,-9.10405,-3.48228,-0.377562,-0.658103,-0.189913,0.752358,0.657617,0.523138,-0.368513
01324189,1523964221235,-9.83671,0.321727,0.29882,-0.484156,0.117317,0.570336,0.801044,-0.260697,-0.356739
01324188,1523964221235,-9.57553,0.529953,-2.71832,-0.181869,-0.121282,0.587049,0.811561,-0.430759,0.0225267
01324185,1523964221235,-9.80862,-1.57445,-1.13779,-0.709369,0.0225307,0.412154,0.825526,0.391171,-0.287362
01324181,1523964221235,-9.47559,0.719754,2.63813,0.0595167,-0.0587179,0.272096,0.859593,0.364181,-0.0999259
01324180,1523964221235,-9.1784,-3.71503,-0.365065,-0.623462,-0.217506,0.822675,0.662599,0.520282,-0.366347
01324189,1523964221252,-9.75726,0.211295,0.384984,-0.522518,0.0797047,0.552496,0.799734,-0.265277,-0.359168
01324188,1523964221252,-9.45935,0.579286,-2.59212,-0.246321,-0.142495,0.589929,0.808625,-0.438086,0.0183358
01324185,1523964221252,-9.794,-1.48311,-1.19758,-0.664243,0.00828891,0.439405,0.828794,0.389587,-0.28174
01324181,1523964221252,-9.33502,0.842695,2.67048,0.066608,-0.0657702,0.273687,0.862085,0.359961,-0.101591
01324180,1523964221252,-9.20069,-3.85525,-0.370886,-0.555331,-0.233717,0.85637,0.66775,0.51423,-0.363437
01324189,1523964221269,-9.61014,0.135102,0.475076,-0.519123,0.0554614,0.540088,0.797586,-0.26839,-0.360239
01324188,1523964221269,-9.32886,0.570895,-2.49439,-0.242848,-0.126701,0.586605,0.804603,-0.445414,0.0145623
01324185,1523964221269,-9.71648,-1.38725,-1.16307,-0.628927,0.00399601,0.483598,0.830977,0.38516,-0.277392
01324181,1523964221269,-9.30972,0.964265,2.71179,0.0435468,-0.0669379,0.259939,0.862427,0.355069,-0.102688
01324180,1523964221269,-9.18501,-3.93698,-0.385683,-0.48693,-0.264717,0.884694,0.674498,0.509166,-0.360936
01324189,1523964221285,-9.59833,-0.0338775,0.547517,-0.500031,0.0224554,0.528665,0.794094,-0.27291,-0.362241
01324188,1523964221285,-9.41098,0.603917,-2.34485,-0.214884,-0.130174,0.588512,0.798687,-0.453582,0.01076
01324185,1523964221285,-9.63174,-1.34915,-1.05547,-0.570454,1.03687e-05,0.493744,0.835058,0.379887,-0.273043
01324181,1523964221285,-9.18482,0.960901,2.69816,0.0364297,-0.0873443,0.25803,0.862502,0.351563,-0.105936
01324180,1523964221285,-9.17062,-3.92464,-0.395142,-0.415052,-0.283149,0.899086,0.681002,0.502811,-0.359944
01324189,1523964221302,-9.65771,-0.221801,0.713483,-0.506845,0.00443922,0.52958,0.790892,-0.277447,-0.36612
01324188,1523964221302,-9.5653,0.720019,-2.31582,-0.15548,-0.125987,0.611948,0.794669,-0.461479,0.0066816
01324185,1523964221302,-9.5374,-1.32556,-0.94329,-0.499772,0.0205439,0.501167,0.83724,0.376019,-0.268963
01324181,1523964221302,-9.12298,0.99804,2.67852,0.00621886,-0.11232,0.249271,0.862428,0.347537,-0.106914
01324180,1523964221302,-9.15444,-3.8789,-0.365731,-0.360667,-0.293553,0.902881,0.684989,0.494626,-0.360571
01324189,1523964221319,-9.70875,-0.376387,0.801511,-0.477066,-0.0139584,0.538612,0.788474,-0.280124,-0.367719
01324188,1523964221319,-9.47774,0.868904,-2.27453,-0.143269,-0.102119,0.621152,0.789564,-0.46954,0.00651061
01324185,1523964221319,-9.45496,-1.27538,-0.7969,-0.411088,0.0432363,0.477942,0.840638,0.371702,-0.266189
01324181,1523964221319,-9.00217,0.931556,2.65642,-0.0203929,-0.133861,0.235356,0.863769,0.348502,-0.107745
01324180,1523964221319,-9.10678,-3.82524,-0.364971,-0.325726,-0.282755,0.895268,0.690614,0.485861,-0.365962
01324189,1523964221335,-9.66339,-0.467615,0.883367,-0.414627,-0.0560642,0.519347,0.785398,-0.284372,-0.37066
01324188,1523964221335,-9.41008,0.86573,-2.20043,-0.129313,-0.0950643,0.619564,0.786362,-0.477703,0.00159763
01324185,1523964221335,-9.53154,-1.14958,-0.668745,-0.363212,0.0565407,0.447201,0.843903,0.366975,-0.262757
01324181,1523964221335,-8.96901,0.871195,2.77854,-0.0328012,-0.167768,0.219587,0.864921,0.344009,-0.109656
01324180,1523964221335,-9.06178,-3.76718,-0.325543,-0.312434,-0.286033,0.885662,0.697682,0.477324,-0.365427
01324189,1523964221352,-9.60498,-0.423452,0.921535,-0.338369,-0.0689739,0.501847,0.783977,-0.289249,-0.375498
01324188,1523964221352,-9.52595,0.916671,-2.18314,-0.0927049,-0.0997356,0.611778,0.780991,-0.486549,-0.000369238
01324185,1523964221352,-9.39132,-1.07095,-0.612471,-0.300588,0.0927934,0.431559,0.847168,0.36168,-0.259581
01324181,1523964221352,-8.91457,0.884029,2.70619,-0.061217,-0.162611,0.214535,0.865255,0.34094,-0.112385
01324180,1523964221352,-9.06735,-3.75152,-0.214336,-0.307905,-0.255196,0.833163,0.702055,0.471171,-0.36764
01324189,1523964221369,-9.5731,-0.293137,0.838606,-0.255019,-0.0638192,0.500331,0.779538,-0.295468,-0.377102
01324188,1523964221369,-9.65917,0.844847,-2.18626,-0.0682872,-0.0877097,0.616485,0.77698,-0.495728,-0.00197003
01324185,1523964221369,-9.44377,-0.863553,-0.602653,-0.295032,0.0924185,0.399245,0.849348,0.355243,-0.257174
01324181,1523964221369,-9.05824,0.894402,2.77752,-0.0861291,-0.150229,0.214758,0.865845,0.338037,-0.113925
01324180,1523964221369,-8.98139,-3.68338,-0.169619,-0.314945,-0.206713,0.773674,0.706591,0.460051,-0.364013
01324189,1523964221385,-9.57343,-0.140145,0.882788,-0.237863,-0.0441547,0.489689,0.776172,-0.298839,-0.378696
01324188,1523964221385,-9.73632,0.89422,-2.31125,-0.0369104,-0.0674176,0.629301,0.770377,-0.502824,-0.00354269
01324185,1523964221385,-9.55426,-0.713572,-0.584908,-0.331518,0.0959939,0.370369,0.852614,0.351935,-0.253233
01324181,1523964221385,-9.22657,0.906961,2.78587,-0.111038,-0.175076,0.210353,0.865888,0.33516,-0.114662
01324180,1523964221385,-9.0452,-3.64642,-0.083032,-0.327066,-0.168751,0.713226,0.710006,0.454333,-0.363367
01324189,1523964221402,-9.67416,0.111502,0.894643,-0.314608,-0.0139992,0.480507,0.773225,-0.302801,-0.381101
01324188,1523964221402,-9.74784,1.06227,-2.19957,-0.0647924,-0.0810842,0.623642,0.766345,-0.508762,-0.00588295
01324185,1523964221402,-9.61195,-0.645794,-0.580709,-0.321953,0.0833449,0.348339,0.854658,0.348475,-0.24994
01324181,1523964221402,-9.26425,0.853133,2.79632,-0.125324,-0.197972,0.216249,0.864583,0.333141,-0.1162
01324180,1523964221402,-9.14894,-3.67441,-0.0624469,-0.335835,-0.116592,0.645858,0.715418,0.450474,-0.364334
01324189,1523964221419,-9.88146,0.476974,0.957059,-0.43783,-0.00581482,0.440135,0.771631,-0.30622,-0.383117
01324188,1523964221419,-9.67772,1.06672,-2.18332,-0.148576,-0.0670129,0.616153,0.76057,-0.518088,-0.00679774
01324185,1523964221419,-9.81952,-0.668617,-0.622541,-0.363063,0.0624254,0.333257,0.856835,0.34599,-0.24718
01324181,1523964221419,-9.27741,0.775317,2.8267,-0.153883,-0.214554,0.230001,0.866683,0.329038,-0.119324
01324180,1523964221419,-9.28262,-3.63266,-0.0490216,-0.337328,-0.0827847,0.577553,0.718252,0.448093,-0.362533
01324189,1523964221435,-10.1825,0.769484,1.03532,-0.524747,-0.00145751,0.383918,0.769787,-0.308784,-0.387798
01324188,1523964221435,-9.86378,1.10489,-2.02578,-0.190504,-0.0658188,0.592837,0.75696,-0.526358,-0.00928908
01324185,1523964221435,-9.9451,-0.711191,-0.640991,-0.395968,0.0527487,0.304468,0.859554,0.344218,-0.244036
01324181,1523964221435,-9.32024,0.755386,2.84613,-0.143272,-0.202809,0.242149,0.866584,0.327014,-0.120344
01324180,1523964221435,-9.39914,-3.61509,-0.0138099,-0.321369,-0.0364276,0.498007,0.72113,0.442531,-0.362146
01324189,1523964221452,-10.428,0.708513,1.11677,-0.56519,-0.0182829,0.346549,0.765753,-0.312,-0.390854
01324188,1523964221452,-9.98508,0.989439,-2.00213,-0.183637,-0.0354774,0.579042,0.750103,-0.535963,-0.0131695
01324185,1523964221452,-9.99345,-0.778267,-0.59941,-0.419033,0.0414545,0.299475,0.859568,0.340632,-0.239951
01324181,1523964221452,-9.41702,0.700773,2.96006,-0.129977,-0.188486,0.249158,0.86748,0.322079,-0.12304
01324180,1523964221452,-9.40445,-3.58639,0.00563073,-0.31254,0.0303753,0.402712,0.725414,0.441271,-0.358047
01324189,1523964221469,-10.5832,0.418661,1.31315,-0.518875,-0.0515779,0.289941,0.764016,-0.310967,-0.394839
01324188,1523964221469,-9.81724,0.611681,-1.85802,-0.246588,-0.0315181,0.532668,0.746607,-0.540761,-0.0151759
01324185,1523964221469,-10.0442,-0.828494,-0.579736,-0.431103,0.036325,0.304636,0.8612,0.338832,-0.23824
01324181,1523964221469,-9.45849,0.719724,2.92079,-0.125399,-0.215489,0.223059,0.866866,0.319453,-0.125768
01324180,1523964221469,-9.39759,-3.57477,0.0565155,-0.307303,0.0843546,0.333672,0.726784,0.437606,-0.355304
01324189,1523964221485,-10.79,0.372665,1.73482,-0.410219,-0.152841,0.207026,0.763087,-0.310238,-0.397766
01324188,1523964221485,-9.80758,0.620341,-1.721,-0.330961,0.00183898,0.390851,0.74366,-0.546749,-0.0168597
01324185,1523964221485,-10.042,-0.89832,-0.566982,-0.425245,0.0346297,0.317398,0.863385,0.334561,-0.23311
01324181,1523964221485,-9.54089,0.674978,3.04429,-0.150375,-0.22775,0.229956,0.868677,0.315677,-0.127169
01324180,1523964221485,-9.42488,-3.54927,0.126478,-0.304419,0.12623,0.255753,0.730416,0.436233,-0.35471
01324189,1523964221502,-10.8368,0.492708,2.23236,-0.298686,-0.2714,0.141891,0.762053,-0.311098,-0.402844
01324188,1523964221502,-9.8908,0.993337,-1.91867,-0.615102,0.0373409,0.265371,0.739339,-0.549291,-0.0231572
01324185,1523964221502,-10.0521,-1.06918,-0.540529,-0.393866,0.00605334,0.309898,0.86353,0.332362,-0.230215
01324181,1523964221502,-9.60327,0.523769,3.10958,-0.147801,-0.245181,0.24276,0.86941,0.313029,-0.130044
01324180,1523964221502,-9.47276,-3.60344,0.17405,-0.308047,0.177268,0.200699,0.733066,0.437767,-0.352287
01324189,1523964221519,-10.5667,0.70988,2.5866,-0.253687,-0.382499,0.0480235,0.757363,-0.311298,-0.410284
01324188,1523964221519,-9.75739,1.11816,-1.90881,-0.995126,0.0641949,0.132983,0.737734,-0.552391,-0.0279081
01324185,1523964221519,-10.0667,-1.12449,-0.563596,-0.340933,0.00205303,0.313271,0.865567,0.32984,-0.229414
01324181,1523964221519,-9.53602,0.524568,3.10516,-0.143368,-0.271736,0.241637,0.868105,0.311428,-0.132122
01324180,1523964221519,-9.52574,-3.63836,0.221678,-0.280045,0.225055,0.138794,0.735179,0.437985,-0.346505
01324189,1523964221535,-10.0413,0.755723,2.58608,-0.318986,-0.451111,-0.0312408,0.751949,-0.307729,-0.415544
01324188,1523964221535,-9.45295,1.05573,-2.10796,-1.37445,0.0932449,-0.0258928,0.738685,-0.551257,-0.0399652
01324185,1523964221535,-9.99682,-1.13936,-0.561583,-0.273723,0.00326086,0.321679,0.867741,0.325486,-0.228595
01324181,1523964221535,-9.2709,0.586009,3.00908,-0.126443,-0.277992,0.239729,0.867395,0.307049,-0.13654
01324180,1523964221535,-9.40988,-3.63256,0.259094,-0.242256,0.239858,0.105705,0.736533,0.4343,-0.340386
01324189,1523964221552,-9.54629,0.505474,2.53907,-0.525001,-0.473363,-0.10217,0.749022,-0.304244,-0.42458
01324188,1523964221552,-9.34676,1.01573,-1.95922,-1.75884,0.145294,-0.158035,0.740173,-0.54892,-0.0530308
01324185,1523964221552,-9.79653,-1.1069,-0.560785,-0.222286,0.0257966,0.331638,0.868289,0.322834,-0.227265
01324181,1523964221552,-9.17036,0.480392,3.07937,-0.105792,-0.224506,0.214258,0.868667,0.304393,-0.13942
01324180,1523964221552,-9.25551,-3.60685,0.282494,-0.196234,0.242774,0.0549979,0.737836,0.435261,-0.335253
01324189,1523964221569,-9.11073,0.0756425,2.48766,-0.750107,-0.472957,-0.170526,0.747292,-0.297191,-0.432932
01324188,1523964221569,-9.08678,0.754484,-1.28022,-2.0681,0.25996,-0.271253,0.74152,-0.545563,-0.0691271
01324185,1523964221569,-9.61297,-1.05503,-0.508518,-0.16743,0.00403108,0.319769,0.869649,0.319183,-0.226581
01324181,1523964221569,-8.95979,0.446401,3.18762,-0.0898469,-0.242956,0.220895,0.86848,0.300319,-0.142654
01324180,1523964221569,-9.11582,-3.56676,0.298579,-0.147569,0.281881,0.036217,0.740383,0.434333,-0.333148
01324189,1523964221585,-8.84793,-0.367281,2.71144,-0.848456,-0.494529,-0.256148,0.745572,-0.289428,-0.442883
01324188,1523964221585,-8.45536,0.233305,-0.866483,-2.08962,0.43302,-0.359669,0.746087,-0.536495,-0.0839642
01324185,1523964221585,-9.41022,-1.02256,-0.481136,-0.11213,0.0173963,0.297465,0.872234,0.316419,-0.223688
01324181,1523964221585,-8.67451,0.474071,3.14545,-0.0772683,-0.229162,0.203661,0.870702,0.297078,-0.145532
01324180,1523964221585,-8.91049,-3.55502,0.329651,-0.0878892,0.29318,0.00673941,0.74222,0.435723,-0.328555
01324189,1523964221602,-8.85147,-0.794028,3.28491,-0.786747,-0.543544,-0.341127,0.743025,-0.279055,-0.453206
01324188,1523964221602,-8.43248,-0.15521,-1.18081,-1.9959,0.624036,-0.367531,0.749312,-0.530221,-0.0946513
01324185,1523964221602,-9.24128,-0.999512,-0.459489,-0.0595269,0.0239234,0.293925,0.873326,0.310803,-0.222592
01324181,1523964221602,-8.44058,0.435568,3.17667,-0.11085,-0.205987,0.170301,0.869934,0.294775,-0.146671
01324180,1523964221602,-8.74925,-3.50024,0.350861,-0.0349825,0.290494,-0.0254958,0.741787,0.436281,-0.323675
01324189,1523964221619,-8.9554,-1.17184,3.97198,-0.70414,-0.680795,-0.438289,0.736809,-0.266294,-0.465608
01324188,1523964221619,-9.08448,0.0367362,-1.39405,-1.88441,0.775683,-0.315643,0.753333,-0.521068,-0.104899
01324185,1523964221619,-9.14,-1.00977,-0.458867,-0.017215,0.0321591,0.275944,0.873326,0.308538,-0.223093
01324181,1523964221619,-8.44895,0.377198,3.23086,-0.117782,-0.199507,0.138498,0.867269,0.295586,-0.150513
01324180,1523964221619,-8.71105,-3.45368,0.327321,0.00894133,0.287379,-0.0366658,0.741898,0.436692,-0.320022
01324189,1523964221635,-9.03565,-1.37746,4.36216,-0.673849,-0.815829,-0.539195,0.732517,-0.254453,-0.479378
01324188,1523964221635,-9.19996,0.0854103,-2.78941,-1.60604,1.00793,-0.288178,0.759267,-0.514877,-0.108625
01324185,1523964221635,-9.22707,-1.06465,-0.503102,0.0353546,0.0715081,0.21017,0.87685,0.306841,-0.22335
01324181,1523964221635,-8.58397,0.278493,3.30917,-0.158505,-0.193095,0.104254,0.867007,0.295712,-0.151442
01324180,1523964221635,-8.91131,-3.47727,0.281733,0.025362,0.305103,-0.0416735,0.742947,0.437233,-0.316515
01324189,1523964221652,-9.14674,-1.61603,4.28051,-0.70998,-0.85529,-0.644057,0.729288,-0.244206,-0.48956
01324188,1523964221652,-9.76361,-0.715627,-3.10986,-1.33782,1.32697,-0.222714,0.761816,-0.510549,-0.105559
01324185,1523964221652,-9.49253,-1.10875,-0.510695,0.116332,0.11678,0.150318,0.877266,0.301799,-0.221735
01324181,1523964221652,-8.83182,0.154209,3.36792,-0.156484,-0.172571,0.0639933,0.867454,0.294217,-0.154073
01324180,1523964221652,-9.17872,-3.55758,0.273847,0.0580113,0.276946,-0.029316,0.745062,0.437894,-0.31221
01324189,1523964221669,-9.38246,-2.12937,3.83498,-0.770617,-0.847911,-0.752619,0.724845,-0.228913,-0.503969
01324188,1523964221669,-10.8406,-2.35402,-2.71117,-0.608575,1.58942,-0.114067,0.76626,-0.506499,-0.0941877
01324185,1523964221669,-9.84475,-1.14266,-0.495268,0.185952,0.160401,0.0922095,0.878354,0.299987,-0.220676
01324181,1523964221669,-9.12973,0.116749,3.33292,-0.140109,-0.147957,0.00476088,0.866672,0.293616,-0.155911
01324180,1523964221669,-9.46878,-3.56553,0.246803,0.0851847,0.251955,-0.000244226,0.746916,0.438422,-0.308985
01324189,1523964221685,-9.75671,-2.90481,3.4104,-0.496479,-0.718,-0.895796,0.71994,-0.213006,-0.51315
01324188,1523964221685,-10.5679,-2.45879,-2.35136,0.531464,1.7433,-0.0443602,0.768949,-0.505332,-0.0704547
01324185,1523964221685,-10.1534,-1.11907,-0.501707,0.231248,0.198578,0.0817773,0.879581,0.299473,-0.218061
01324181,1523964221685,-9.26,0.110405,3.27425,-0.131063,-0.129772,-0.0174875,0.865591,0.293362,-0.155098
01324180,1523964221685,-9.67511,-3.3612,0.328084,0.0546018,0.221263,0.0390054,0.746631,0.437818,-0.304131
01324189,1523964221702,-9.72939,-3.49891,3.02886,0.0917344,-0.613941,-1.07882,0.715888,-0.198288,-0.525428
01324188,1523964221702,-10.5251,-0.64061,-2.39706,1.3363,1.78903,-0.0472549,0.770823,-0.505414,-0.0353467
01324185,1523964221702,-10.2883,-1.07004,-0.457617,0.23278,0.237245,0.0764538,0.878234,0.295563,-0.21619
01324181,1523964221702,-9.19449,0.164649,3.15771,-0.116568,-0.135881,-0.060707,0.865356,0.29301,-0.158276
01324180,1523964221702,-9.78794,-3.69837,0.586151,-0.0303409,0.191737,0.00479584,0.747141,0.439983,-0.30396
01324189,1523964221719,-10.0056,-3.52709,2.67759,0.63456,-0.448736,-1.13412,0.712472,-0.18973,-0.529201
01324188,1523964221719,-10.8256,1.15225,-2.7816,1.40402,1.76891,-0.0878207,0.772564,-0.505759,-0.000791974
01324185,1523964221719,-10.2107,-1.03186,-0.310896,0.253641,0.255,0.111167,0.880137,0.293904,-0.214482
01324181,1523964221719,-9.08658,0.272786,3.02109,-0.100413,-0.072435,-0.0723171,0.865055,0.296142,-0.159135
01324180,1523964221719,-9.53578,-4.20539,0.875851,-0.0834669,0.171878,-0.0714676,0.745805,0.439129,-0.302742
01324189,1523964221735,-10.1809,-3.20257,2.75403,0.906521,-0.373033,-1.18307,0.712724,-0.185425,-0.529838
01324188,1523964221735,-10.7649,1.89769,-2.87066,1.03397,1.72117,-0.156381,0.774417,-0.501615,0.0281187
01324185,1523964221735,-10.1093,-1.09977,-0.154399,0.258368,0.24817,0.138398,0.881501,0.291556,-0.211981
01324181,1523964221735,-9.0654,0.404151,2.89313,-0.0967386,-0.0231078,-0.0822669,0.863789,0.299895,-0.158403
01324180,1523964221735,-9.42048,-4.2357,1.133,0.00994782,0.176832,-0.131537,0.749013,0.439503,-0.301971
01324189,1523964221752,-9.97462,-2.19157,2.72411,1.02906,-0.380468,-1.22712,0.712286,-0.180236,-0.529926
01324188,1523964221752,-10.3018,1.63922,-2.3521,0.660611,1.58862,-0.268293,0.774387,-0.500169,0.0562111
01324185,1523964221752,-9.97919,-1.24972,-0.0128448,0.223898,0.195197,0.0936749,0.882725,0.28989,-0.210662
01324181,1523964221752,-9.03396,0.482264,2.76384,-0.128619,0.0154608,-0.0973642,0.863781,0.301024,-0.159091
01324180,1523964221752,-9.12572,-3.87085,1.20072,0.114699,0.201805,-0.135071,0.747926,0.440387,-0.301127
01324189,1523964221769,-10.023,-0.664243,2.55809,1.14709,-0.3696,-1.20721,0.710617,-0.174438,-0.529861
01324188,1523964221769,-10.0741,1.12878,-1.88237,0.590858,1.40137,-0.382297,0.776504,-0.494293,0.0791688
01324185,1523964221769,-9.7768,-1.3713,0.0573847,0.229155,0.0976614,0.0330186,0.882865,0.287656,-0.209596
01324181,1523964221769,-8.92843,0.459296,2.70941,-0.137562,0.0120787,-0.0870464,0.862433,0.299937,-0.157327
01324180,1523964221769,-8.78607,-3.28456,1.38127,0.0987742,0.177689,-0.161647,0.746412,0.442572,-0.29836
01324189,1523964221785,-10.1238,0.78803,2.42675,1.23036,-0.403248,-1.19532,0.710037,-0.171537,-0.527958
01324188,1523964221785,-10.0167,0.957849,-1.60211,0.68152,1.19164,-0.506104,0.776152,-0.484189,0.10296
01324185,1523964221785,-9.54528,-1.3415,-0.00136042,0.194974,0.0287616,-0.0235341,0.881781,0.285528,-0.210356
01324181,1523964221785,-8.79425,0.393061,2.5763,-0.160668,0.0120419,-0.0852766,0.862666,0.30085,-0.154692
01324180,1523964221785,-8.93665,-3.57521,1.30569,-0.0440974,0.196661,-0.171247,0.744618,0.444893,-0.293424
01324189,1523964221802,-10.2365,1.41898,2.61251,1.13511,-0.47123,-1.17329,0.709507,-0.169522,-0.530612
01324188,1523964221802,-9.98504,1.04559,-1.40581,0.777584,0.993126,-0.578429,0.780156,-0.475623,0.120678
01324185,1523964221802,-9.37155,-1.18145,-0.204553,0.19008,-0.0383699,-0.052905,0.880962,0.287038,-0.212458
01324181,1523964221802,-8.72606,0.33078,2.58759,-0.159684,0.0365715,-0.0971433,0.861294,0.302317,-0.153912
01324180,1523964221802,-8.8866,-3.71509,1.34892,-0.104763,0.178648,-0.203452,0.744308,0.4472,-0.290402
01324189,1523964221819,-9.78584,1.69109,3.07612,0.935279,-0.588338,-1.18981,0.705161,-0.164537,-0.534669
01324188,1523964221819,-9.66839,1.71867,-1.27962,1.0097,0.779292,-0.651737,0.783207,-0.466618,0.138704
01324185,1523964221819,-9.36155,-0.912052,-0.421271,0.134489,-0.069721,-0.0747609,0.880416,0.289282,-0.213001
01324181,1523964221819,-8.67982,0.49628,2.6137,-0.160656,0.0128489,-0.0887578,0.859914,0.303804,-0.152201
01324180,1523964221819,-8.75589,-3.85709,1.22374,-0.126948,0.143744,-0.214451,0.744377,0.449032,-0.281722
01324189,1523964221835,-9.28885,1.95471,3.05464,0.687365,-0.639427,-1.20842,0.702455,-0.157304,-0.540734
01324188,1523964221835,-9.47694,2.52552,-1.25233,1.12087,0.522236,-0.668842,0.787195,-0.45557,0.156307
01324185,1523964221835,-9.31075,-0.743987,-0.592593,0.0264564,-0.142782,-0.0894954,0.879329,0.289826,-0.214048
01324181,1523964221835,-8.67099,0.642068,2.47089,-0.158906,0.0653075,-0.0728157,0.85977,0.304939,-0.152755
01324180,1523964221835,-8.79949,-3.96668,1.03661,-0.0600829,0.0951714,-0.268892,0.741374,0.453284,-0.280917
01324189,1523964221852,-9.05144,1.88523,3.02655,0.378121,-0.621584,-1.19532,0.699595,-0.14805,-0.546247
01324188,1523964221852,-9.30278,3.22895,-1.25285,1.07171,0.255424,-0.657057,0.789815,-0.442067,0.168696
01324185,1523964221852,-9.29181,-0.753891,-0.760721,-0.0914186,-0.177261,-0.129969,0.876613,0.289923,-0.216391
01324181,1523964221852,-8.94606,0.614467,2.57592,-0.187485,0.0815836,-0.0544094,0.859583,0.305893,-0.148522
01324180,1523964221852,-8.90442,-3.95955,0.699684,0.145895,0.0535601,-0.248514,0.738919,0.456512,-0.280006
01324189,1523964221869,-9.08964,1.42122,3.19641,0.114036,-0.60491,-1.13403,0.69455,-0.137013,-0.551987
01324188,1523964221869,-9.19775,3.51884,-1.38866,0.988518,-0.0378851,-0.655527,0.792442,-0.428754,0.172727
01324185,1523964221869,-9.40828,-0.926616,-0.865571,-0.150507,-0.202017,-0.195201,0.877148,0.291996,-0.218504
01324181,1523964221869,-9.31669,0.520045,2.90862,-0.201825,0.0339182,-0.0538064,0.859002,0.309332,-0.148588
01324180,1523964221869,-8.89971,-3.85035,0.419974,0.408496,-0.00102393,-0.183911,0.737893,0.456586,-0.289444
01324189,1523964221885,-9.26043,0.523099,3.38671,-0.06698,-0.600247,-1.04753,0.690175,-0.123695,-0.558119
01324188,1523964221885,-9.08118,3.6566,-1.49671,0.90343,-0.34287,-0.696613,0.796971,-0.415587,0.176052
01324185,1523964221885,-9.70549,-1.0741,-0.928974,-0.157199,-0.21506,-0.26903,0.875242,0.295057,-0.220617
01324181,1523964221885,-9.55916,0.490289,3.15397,-0.248209,-0.0225675,-0.0480471,0.85898,0.308688,-0.145386
01324180,1523964221885,-9.29454,-3.71698,0.150998,0.630301,-0.0189425,-0.117455,0.736054,0.454754,-0.292696
01324189,1523964221902,-9.28462,-0.337218,3.68198,-0.148426,-0.585369,-0.926091,0.687457,-0.112153,-0.565621
01324188,1523964221902,-8.93597,3.67963,-1.76518,0.785294,-0.626636,-0.696971,0.801506,-0.403133,0.175966
01324185,1523964221902,-10.1449,-1.18698,-0.972089,-0.10908,-0.192953,-0.29634,0.871572,0.301215,-0.222886
01324181,1523964221902,-9.79376,0.40019,3.13487,-0.224983,0.0392659,-0.055273,0.858969,0.309546,-0.145404
01324180,1523964221902,-9.73864,-3.58128,0.0652342,0.754904,-0.0844095,-0.0607274,0.733445,0.452828,-0.302421
01324189,1523964221919,-9.32313,-0.840309,3.81281,-0.0906375,-0.546028,-0.779362,0.682284,-0.102122,-0.571636
01324188,1523964221919,-9.15375,3.60274,-2.03714,0.628741,-0.926904,-0.713754,0.807547,-0.391923,0.167706
01324185,1523964221919,-10.6443,-1.2128,-1.01838,-0.0302326,-0.176236,-0.304077,0.869122,0.30567,-0.225795
01324181,1523964221919,-10.0611,0.299933,3.19787,-0.194593,0.0760867,-0.0773807,0.85756,0.313044,-0.143337
01324180,1523964221919,-10.272,-3.5107,0.103918,0.762285,-0.15569,0.00049708,0.733126,0.449406,-0.310994
01324189,1523964221935,-9.56934,-0.996492,3.80398,0.00401874,-0.510532,-0.660009,0.677139,-0.0962635,-0.577952
01324188,1523964221935,-9.64153,3.73044,-2.46045,0.492393,-1.20898,-0.677143,0.814135,-0.380874,0.156468
01324185,1523964221935,-10.994,-1.21062,-1.01799,0.0117649,-0.144632,-0.26938,0.867755,0.310119,-0.228969
01324181,1523964221935,-10.1607,0.201699,3.21361,-0.175002,0.0725113,-0.0817469,0.857003,0.312539,-0.140664
01324180,1523964221935,-10.5391,-3.31271,0.26191,0.648797,-0.209693,0.0496209,0.731206,0.44514,-0.319155
01324189,1523964221952,-9.69617,-0.958616,3.75974,0.100416,-0.445729,-0.531847,0.671699,-0.089526,-0.582518
01324188,1523964221952,-10.106,3.6304,-2.7399,0.29518,-1.48269,-0.60456,0.82073,-0.369755,0.134464
01324185,1523964221952,-11.1965,-1.22855,-0.941197,0.0168695,-0.0827084,-0.234018,0.864768,0.3149,-0.229528
01324181,1523964221952,-10.1698,0.187006,3.24764,-0.144676,0.123709,-0.0891525,0.856927,0.315767,-0.137011
01324180,1523964221952,-10.5872,-3.37979,0.389166,0.44084,-0.263916,0.090998,0.73044,0.442847,-0.321351
01324189,1523964221969,-9.72359,-1.00645,3.85254,0.109989,-0.373205,-0.460867,0.668696,-0.0844233,-0.584717
01324188,1523964221969,-10.3447,3.1085,-2.80309,0.142474,-1.6997,-0.518617,0.82625,-0.360406,0.113306
01324185,1523964221969,-11.1964,-1.27657,-0.795128,-0.0346086,-0.0467146,-0.205277,0.862868,0.316864,-0.230063
01324181,1523964221969,-10.2142,0.244748,3.19795,-0.0983162,0.220997,-0.091901,0.856604,0.318118,-0.1344
01324180,1523964221969,-10.5485,-3.60035,0.516425,0.301485,-0.271201,0.119893,0.729468,0.437398,-0.32847
01324189,1523964221985,-9.63449,-1.12173,3.93368,0.102444,-0.303961,-0.37308,0.665166,-0.081467,-0.587463
01324188,1523964221985,-10.535,2.63241,-2.89356,0.15616,-1.87677,-0.456757,0.828808,-0.354777,0.0918165
01324185,1523964221985,-11.0948,-1.28668,-0.624676,-0.130104,-0.0371153,-0.217162,0.861105,0.317992,-0.230068
01324181,1523964221985,-10.311,0.2582,3.14877,-0.0698104,0.288328,-0.0879386,0.856438,0.317079,-0.129727
01324180,1523964221985,-10.4707,-3.68299,0.656909,0.209658,-0.297633,0.150739,0.729221,0.434486,-0.325688
01324189,1523964222002,-9.39094,-1.25126,3.96864,0.0858177,-0.222617,-0.310252,0.661918,-0.079096,-0.590751
01324188,1523964222002,-10.6042,2.19976,-3.05274,0.192397,-2.02538,-0.406803,0.830128,-0.345623,0.0639671
01324185,1523964222002,-10.9039,-1.20112,-0.551233,-0.234081,-0.0786095,-0.240639,0.860152,0.322782,-0.230111
01324181,1523964222002,-10.2979,0.268159,3.02792,-0.0235759,0.300915,-0.079364,0.856252,0.319004,-0.126843
01324180,1523964222002,-10.3147,-3.61932,0.745788,0.145491,-0.336426,0.148283,0.727923,0.433532,-0.331901
01324189,1523964222019,-9.10485,-1.33742,3.94951,0.0885289,-0.162188,-0.234003,0.660297,-0.0787727,-0.592201
01324188,1523964222019,-10.6296,1.85746,-3.05184,0.210195,-2.14661,-0.382339,0.83365,-0.341437,0.0356446
01324185,1523964222019,-10.6792,-1.04848,-0.606094,-0.323417,-0.113038,-0.250577,0.857572,0.327,-0.230666
01324181,1523964222019,-10.1463,0.296802,2.83031,0.0279977,0.332147,-0.0655112,0.856053,0.319711,-0.120878
01324180,1523964222019,-10.0177,-3.57216,0.724779,0.0354449,-0.331884,0.119431,0.725821,0.431857,-0.336496
01324189,1523964222035,-8.90116,-1.31211,3.9757,0.151765,-0.0833979,-0.175339,0.658541,-0.0801673,-0.592727
01324188,1523964222035,-10.7563,1.59705,-2.98351,0.288811,-2.22903,-0.397763,0.833775,-0.336191,0.00460399
01324185,1523964222035,-10.3995,-0.997341,-0.701093,-0.433446,-0.15754,-0.231523,0.855131,0.331248,-0.229653
01324181,1523964222035,-9.96952,0.320798,2.74404,0.0466032,0.358149,-0.0455694,0.856532,0.32081,-0.116124
01324180,1523964222035,-9.71692,-3.61148,0.667078,-0.0657919,-0.33167,0.0897038,0.723771,0.428186,-0.346805
01324189,1523964222052,-8.6397,-1.31593,3.96444,0.225812,-0.0375082,-0.0952667,0.658545,-0.0813168,-0.592469
01324188,1523964222052,-10.6684,1.1445,-3.13893,0.366671,-2.28128,-0.360603,0.834717,-0.331211,-0.0272713
01324185,1523964222052,-10.1248,-1.06652,-0.755814,-0.517271,-0.187383,-0.217691,0.852691,0.33379,-0.229408
01324181,1523964222052,-9.72574,0.362573,2.65303,0.0830111,0.338896,-0.034715,0.855132,0.322204,-0.112154
01324180,1523964222052,-9.43553,-3.65607,0.63091,-0.116063,-0.328196,0.0374666,0.722039,0.428524,-0.349744
01324189,1523964222069,-8.46662,-1.35835,4.02258,0.37956,-0.0330203,-0.0414847,0.657318,-0.0817132,-0.591923
01324188,1523964222069,-10.43,0.846701,-3.4365,0.510656,-2.27937,-0.325916,0.832941,-0.326053,-0.0557358
01324185,1523964222069,-9.9322,-1.17367,-0.77509,-0.586265,-0.217217,-0.186848,0.850788,0.339709,-0.229459
01324181,1523964222069,-9.51055,0.437917,2.63365,0.0795388,0.351012,-0.0467288,0.85658,0.32184,-0.108309
01324180,1523964222069,-9.28031,-3.64583,0.51889,-0.147488,-0.313662,0.00744654,0.721518,0.430169,-0.356592
01324189,1523964222085,-8.30634,-1.55548,4.13166,0.496724,-0.0385147,0.00153701,0.657329,-0.0863079,-0.590221
01324188,1523964222085,-9.90275,0.863563,-4.06166,0.678096,-2.18412,-0.24841,0.827235,-0.321752,-0.0831276
01324185,1523964222085,-9.75428,-1.37942,-0.763606,-0.5584,-0.239568,-0.194425,0.849165,0.344132,-0.226621
01324181,1523964222085,-9.41455,0.409982,2.58167,0.0681168,0.34879,-0.0691429,0.855435,0.32354,-0.103285
01324180,1523964222085,-9.2271,-3.61785,0.442224,-0.166319,-0.31826,-0.0278755,0.719087,0.432249,-0.357865
01324189,1523964222102,-7.96638,-1.63976,4.32105,0.575731,-0.0273185,-0.0071651,0.656267,-0.0924597,-0.589187
01324188,1523964222102,-9.42842,0.9484,-4.72554,0.837459,-1.98698,-0.174275,0.822634,-0.320816,-0.107513
01324185,1523964222102,-9.68739,-1.59414,-0.778819,-0.463353,-0.241362,-0.194529,0.84753,0.348184,-0.228484
01324181,1523964222102,-9.50972,0.389386,2.65632,0.090387,0.3345,-0.0796535,0.856189,0.324206,-0.0985247
01324180,1523964222102,-9.25029,-3.65568,0.340281,-0.192131,-0.321014,-0.0685026,0.716279,0.432896,-0.360782
01324189,1523964222119,-7.71619,-1.70129,4.67736,0.618494,0.037848,0.00880658,0.653467,-0.100589,-0.590156
01324188,1523964222119,-8.74624,0.991282,-5.70832,0.806291,-1.73234,-0.145912,0.820622,-0.322134,-0.128302
01324185,1523964222119,-9.72138,-1.68059,-0.76677,-0.369048,-0.23011,-0.210855,0.842369,0.3559,-0.23037
01324181,1523964222119,-9.51203,0.34552,2.86242,0.0851174,0.265017,-0.107812,0.856554,0.323734,-0.0937367
01324180,1523964222119,-9.30188,-3.74961,0.261922,-0.211335,-0.326316,-0.0686727,0.712607,0.436573,-0.358764
01324189,1523964222135,-7.5369,-1.4198,4.63638,0.552106,0.0894854,0.0599793,0.653618,-0.107197,-0.587668
01324188,1523964222135,-8.30121,1.02975,-5.92873,0.579005,-1.43201,-0.117549,0.816979,-0.323229,-0.147037
01324185,1523964222135,-9.75771,-1.74776,-0.747539,-0.2566,-0.201291,-0.214556,0.842633,0.359533,-0.231974
01324181,1523964222135,-9.31239,0.100466,2.8056,0.129737,0.207898,-0.136914,0.855041,0.325495,-0.092695
01324180,1523964222135,-9.26654,-3.84781,0.227892,-0.212857,-0.339361,-0.0740807,0.710622,0.436492,-0.363599
01324189,1523964222152,-7.52665,-0.915285,4.39402,0.335784,0.177192,0.0928401,0.655249,-0.111398,-0.584911
01324188,1523964222152,-8.40027,0.382727,-5.75603,0.38405,-1.13746,-0.106796,0.811539,-0.319721,-0.160751
01324185,1523964222152,-9.83726,-1.75687,-0.712497,-0.154647,-0.160027,-0.216616,0.840322,0.362035,-0.23382
01324181,1523964222152,-9.14023,-0.217735,2.7959,0.186128,0.212201,-0.193087,0.854846,0.328276,-0.0899614
01324180,1523964222152,-9.27994,-3.935,0.239367,-0.204139,-0.335798,-0.0757774,0.70766,0.436823,-0.361658
01324189,1523964222169,-8.01455,-0.608052,4.29015,0.0398861,0.277032,0.0881968,0.657272,-0.113593,-0.581607
01324188,1523964222169,-8.59624,-0.310797,-5.43295,0.444655,-0.787553,-0.0777718,0.806659,-0.319147,-0.171154
01324185,1523964222169,-9.79853,-1.80032,-0.572979,-0.0878651,-0.13516,-0.218559,0.83815,0.364276,-0.234618
01324181,1523964222169,-8.89174,-0.234058,2.61667,0.183743,0.246825,-0.229904,0.852646,0.331744,-0.0897452
01324180,1523964222169,-9.20223,-3.97068,0.276182,-0.14315,-0.322635,-0.0665343,0.704015,0.439504,-0.362766
01324189,1523964222185,-8.68613,-0.860593,3.96866,-0.219998,0.278036,0.0270369,0.658457,-0.111453,-0.578795
01324188,1523964222185,-8.3496,-0.970081,-5.41445,0.642972,-0.445821,-0.054906,0.805035,-0.319291,-0.176797
01324185,1523964222185,-9.67754,-1.82012,-0.342598,-0.0460942,-0.0639364,-0.189323,0.836521,0.366521,-0.235157
01324181,1523964222185,-8.73852,-0.280664,2.49055,0.204551,0.323827,-0.273295,0.85231,0.334679,-0.0866149
01324180,1523964222185,-8.97543,-3.96184,0.377536,-0.08235,-0.290992,-0.0624604,0.702671,0.440701,-0.365018
01324189,1523964222202,-8.80672,-1.3765,3.4435,-0.44699,0.294064,-0.0430307,0.66018,-0.108894,-0.575584
01324188,1523964222202,-7.94329,-0.923526,-5.38917,0.831517,-0.0742434,-0.0547888,0.804222,-0.319473,-0.175721
01324185,1523964222202,-9.46474,-1.74905,-0.160757,0.0106437,-0.0573183,-0.178421,0.832723,0.367629,-0.2362
01324181,1523964222202,-8.57303,-0.264137,2.47439,0.257273,0.355034,-0.309437,0.850747,0.337946,-0.0821504
01324180,1523964222202,-8.74442,-3.90213,0.467126,-0.0192355,-0.267254,-0.100615,0.698825,0.440526,-0.372799
01324189,1523964222219,-8.60496,-1.78261,3.1474,-0.458069,0.318198,-0.0875731,0.661629,-0.104893,-0.573161
01324188,1523964222219,-7.83496,-1.03631,-5.17721,0.707046,0.231653,-0.0752764,0.802604,-0.321757,-0.16992
01324185,1523964222219,-9.20617,-1.64943,-0.0539588,0.0528152,-0.0453679,-0.178604,0.831905,0.369718,-0.237524
01324181,1523964222219,-8.47871,-0.345471,2.42825,0.260851,0.418855,-0.30029,0.848364,0.341945,-0.0774269
01324180,1523964222219,-8.49446,-3.8033,0.530531,0.0361036,-0.210792,-0.110451,0.696022,0.441472,-0.377332
01324189,1523964222235,-8.32939,-1.82464,2.58818,-0.249956,0.364205,-0.105679,0.664681,-0.0993408,-0.568469
01324188,1523964222235,-7.98055,-1.16551,-4.89574,0.470016,0.42007,-0.163355,0.803816,-0.321247,-0.162634
01324185,1523964222235,-9.01019,-1.47724,0.00624508,0.063217,-0.0386158,-0.200817,0.831082,0.374894,-0.239531
01324181,1523964222235,-8.36587,-0.300296,2.22042,0.314372,0.484141,-0.310274,0.849065,0.346344,-0.0720799
01324180,1523964222235,-8.36997,-3.73014,0.59982,0.0939234,-0.169121,-0.168706,0.693765,0.442275,-0.38363
01324189,1523964222252,-8.02292,-1.4111,2.01983,-0.0620689,0.491639,-0.0582715,0.668162,-0.0982566,-0.563284
01324188,1523964222252,-7.71713,-1.80819,-4.15073,0.144272,0.46432,-0.294262,0.806376,-0.318928,-0.157136
01324185,1523964222252,-8.89151,-1.31665,0.0286288,0.014022,-0.0298903,-0.258679,0.828101,0.376317,-0.238881
01324181,1523964222252,-8.22432,-0.245077,2.01258,0.341068,0.535652,-0.297891,0.847095,0.349623,-0.0673457
01324180,1523964222252,-8.24579,-3.63778,0.678879,0.142957,-0.141964,-0.204255,0.69082,0.442332,-0.384396
01324189,1523964222269,-7.70627,-0.859357,0.54133,-0.0754679,0.664261,0.0372255,0.672444,-0.0971851,-0.556368
01324188,1523964222269,-7.3305,-1.79824,-3.35726,-0.0373185,0.366654,-0.431055,0.81013,-0.312404,-0.151659
01324185,1523964222269,-8.69569,-1.17579,0.0551924,-0.0356857,-0.0765559,-0.307698,0.82498,0.380545,-0.238912
01324181,1523964222269,-8.12895,-0.219648,1.96441,0.360638,0.572931,-0.290762,0.845656,0.352632,-0.0615488
01324180,1523964222269,-7.96692,-3.52893,0.740205,0.170326,-0.101863,-0.277685,0.687865,0.443848,-0.386754
01324189,1523964222285,-7.80204,-0.715525,-0.824818,-0.346238,0.881089,0.122979,0.682154,-0.0958184,-0.54804
01324188,1523964222285,-7.8637,-0.773037,-2.79204,-0.174978,0.249032,-0.47766,0.812796,-0.305217,-0.147474
01324185,1523964222285,-8.51222,-1.11434,0.04428,-0.0931937,-0.11588,-0.334639,0.822803,0.385014,-0.241038
01324181,1523964222285,-8.19427,-0.220591,2.17169,0.36245,0.585156,-0.300986,0.84287,0.355385,-0.0552011
01324180,1523964222285,-7.82363,-3.38962,0.737535,0.157162,-0.0515635,-0.340712,0.684339,0.446654,-0.385025
01324189,1523964222302,-10.2605,-2.38388,0.62495,-0.544948,0.873634,0.153936,0.688576,-0.0924903,-0.538723
01324188,1523964222302,-12.533,1.11725,-1.00153,-0.398759,0.306209,-0.254552,0.814397,-0.301341,-0.143751
01324185,1523964222302,-8.33881,-1.19488,0.032832,-0.0778635,-0.104674,-0.34667,0.818732,0.389228,-0.241849
01324181,1523964222302,-8.95963,-0.234809,2.55347,0.305422,0.500156,-0.311685,0.842607,0.360682,-0.0486672
01324180,1523964222302,-7.83923,-3.30521,0.728179,0.134447,-0.0173426,-0.389824,0.680299,0.449056,-0.386809
01324189,1523964222319,-12.9499,-5.39079,3.27988,-0.123555,0.818419,0.103624,0.693812,-0.0931656,-0.530896
01324188,1523964222319,-12.9598,-1.90059,-0.215162,-0.195378,0.318569,-0.083079,0.818311,-0.298103,-0.14279
01324185,1523964222319,-8.45016,-1.31701,0.00488591,-0.0207609,-0.0673924,-0.349497,0.816422,0.392729,-0.243051
01324181,1523964222319,-9.69007,-0.107747,2.74921,0.267977,0.344244,-0.331709,0.839974,0.364364,-0.0455285
01324180,1523964222319,-8.07496,-3.39953,0.710858,0.108401,0.00821807,-0.444287,0.67703,0.451845,-0.382923
01324189,1523964222335,-12.9122,-6.58123,4.68823,0.74356,0.528065,-0.00395668,0.698382,-0.0978462,-0.522156
01324188,1523964222335,-10.5744,-2.74625,0.163772,0.669496,0.360462,-0.175449,0.820474,-0.297546,-0.136859
01324185,1523964222335,-8.92825,-1.46336,-0.0483592,0.165477,-0.057182,-0.376023,0.813158,0.398034,-0.245704
01324181,1523964222335,-9.68659,0.304813,2.64956,0.196565,0.196832,-0.312125,0.839894,0.36913,-0.0435018
01324180,1523964222335,-8.56094,-3.59335,0.692965,0.104077,0.0155675,-0.460026,0.674316,0.455972,-0.386177
01324189,1523964222352,-10.2134,-3.49055,3.73232,1.58426,0.120408,-0.163535,0.701666,-0.10841,-0.517462
01324188,1523964222352,-9.45028,-0.0853217,-0.28788,1.04403,0.41479,-0.219992,0.821823,-0.29743,-0.127445
01324185,1523964222352,-9.28064,-1.44205,-0.205764,0.41557,-0.0918503,-0.428726,0.811253,0.401238,-0.247689
01324181,1523964222352,-9.25309,0.605938,2.63208,0.17485,0.131393,-0.25933,0.836856,0.373652,-0.0414391
01324180,1523964222352,-8.94622,-3.75316,0.768081,0.18951,-0.0263421,-0.452699,0.669438,0.460113,-0.385347
01324189,1523964222369,-8.27427,0.31266,3.81919,1.70781,-0.130053,-0.250141,0.700324,-0.118852,-0.512981
01324188,1523964222369,-9.81994,2.68626,-0.257196,0.619743,0.479802,-0.264805,0.820866,-0.297666,-0.11587
01324185,1523964222369,-9.15764,-1.36588,-0.323426,0.652224,-0.12089,-0.46625,0.805406,0.407181,-0.253867
01324181,1523964222369,-8.95842,0.662611,2.85747,0.132574,0.1611,-0.178856,0.835754,0.375115,-0.0406611
01324180,1523964222369,-8.89085,-3.73818,0.783205,0.305892,-0.0765277,-0.464631,0.664074,0.462852,-0.391156
01324189,1523964222385,-8.0994,1.30299,3.95034,1.0464,-0.327715,-0.205833,0.698346,-0.126002,-0.515156
01324188,1523964222385,-10.109,1.60813,-0.403995,-0.272124,0.561676,-0.342586,0.824222,-0.292455,-0.110201
01324185,1523964222385,-8.90826,-1.13615,-0.171472,0.902921,-0.0688402,-0.483929,0.802271,0.409311,-0.260411
01324181,1523964222385,-9.07968,0.539683,3.08847,0.123317,0.171046,-0.120944,0.8352,0.375852,-0.0400066
01324180,1523964222385,-8.78652,-3.39399,0.76678,0.440159,-0.107895,-0.53603,0.658705,0.465292,-0.395351
01324189,1523964222402,-8.4229,0.179324,2.36068,0.326162,-0.396224,-0.133436,0.693337,-0.129613,-0.515662
01324188,1523964222402,-9.77415,-0.797284,-1.06344,-0.809858,0.601073,-0.411187,0.827148,-0.283682,-0.105785
01324185,1523964222402,-8.90706,-0.923993,0.141721,1.15628,-0.064232,-0.480842,0.798053,0.410036,-0.266806
01324181,1523964222402,-9.37587,0.460896,3.17985,0.116747,0.118926,-0.0730227,0.833958,0.377329,-0.0386961
01324180,1523964222402,-8.80261,-2.91127,0.75719,0.516153,-0.120644,-0.583869,0.652024,0.467937,-0.40587
01324189,1523964222419,-9.11903,-1.34666,0.955817,-0.111016,-0.466735,-0.0902148,0.689435,-0.129819,-0.520167
01324188,1523964222419,-9.53726,-2.90439,-1.92217,-0.839546,0.563553,-0.397526,0.830635,-0.277519,-0.101809
01324185,1523964222419,-9.15181,-0.609293,0.333366,1.29249,-0.0675537,-0.501335,0.792606,0.410965,-0.27725
01324181,1523964222419,-9.64476,0.571595,3.35955,-0.00467077,-0.0253171,-0.0255621,0.834627,0.3783,-0.0396531
01324180,1523964222419,-8.86607,-2.49647,0.725012,0.511398,-0.123294,-0.625121,0.648007,0.469926,-0.411309
01324189,1523964222435,-9.24755,-2.25042,0.717072,-0.304492,-0.393136,-0.128283,0.685818,-0.127458,-0.527465
01324188,1523964222435,-9.48953,-3.77544,-2.20583,-0.404828,0.496672,-0.329756,0.831682,-0.272106,-0.0965022
01324185,1523964222435,-9.52698,-0.216921,0.323555,1.31784,-0.0931027,-0.562357,0.789595,0.412011,-0.288879
01324181,1523964222435,-10.0269,0.64442,3.71313,-0.111772,-0.150367,0.0048162,0.833524,0.380043,-0.0391467
01324180,1523964222435,-9.19153,-2.34915,0.584883,0.470871,-0.0760903,-0.665377,0.64087,0.47516,-0.417042
01324189,1523964222452,-9.89887,-2.87392,0.96396,-0.416336,-0.308981,-0.171324,0.684759,-0.121136,-0.534493
01324188,1523964222452,-9.72428,-3.17593,-2.3033,0.0353428,0.395092,-0.22702,0.833004,-0.26688,-0.0934995
01324185,1523964222452,-10.3679,0.173433,0.202678,1.26383,-0.09861,-0.628418,0.782788,0.412478,-0.301404
01324181,1523964222452,-10.2297,0.644111,4.12238,-0.138715,-0.265029,0.0186169,0.833134,0.380574,-0.041279
01324180,1523964222452,-10.2363,-2.32625,0.453966,0.411205,-0.0764087,-0.653209,0.633459,0.478186,-0.416198
01324189,1523964222469,-10.0142,-3.21673,0.877261,-0.435471,-0.229345,-0.164404,0.681604,-0.113583,-0.536537
01324188,1523964222469,-9.81776,-2.30039,-2.64262,0.126434,0.302706,-0.151335,0.835823,-0.262639,-0.0886924
01324185,1523964222469,-11.3442,0.449062,0.0839247,1.16781,-0.110749,-0.690957,0.778561,0.414551,-0.310948
01324181,1523964222469,-10.2703,0.505262,4.22138,-0.112211,-0.212995,0.056074,0.832658,0.378771,-0.0454871
01324180,1523964222469,-11.1796,-2.31495,0.391647,0.418281,-0.0716138,-0.666982,0.627557,0.480198,-0.419988
01324189,1523964222485,-9.9771,-3.41904,1.01009,-0.459732,-0.160017,-0.153956,0.67955,-0.109364,-0.537818
01324188,1523964222485,-9.9301,-1.95634,-2.82295,-0.000471807,0.187028,-0.0897752,0.83569,-0.263615,-0.0833669
01324185,1523964222485,-12.0719,0.732814,0.00782791,1.01076,-0.1147,-0.700808,0.772445,0.418527,-0.316846
01324181,1523964222485,-10.3751,0.314912,4.0698,-0.0729439,-0.101507,0.0569624,0.83495,0.377618,-0.0444243
01324180,1523964222485,-11.8936,-2.05385,0.245932,0.372676,-0.0753968,-0.654764,0.620681,0.485419,-0.424239
01324189,1523964222502,-10.1359,-3.44345,1.07328,-0.451833,-0.132334,-0.08465,0.6783,-0.103726,-0.538695
01324188,1523964222502,-10.0867,-1.82458,-2.96491,-0.06987,0.0740593,-0.0437237,0.83569,-0.263603,-0.0836353
01324185,1523964222502,-12.3033,0.748741,0.0515402,0.77263,-0.0871371,-0.636036,0.767,0.422309,-0.325488
01324181,1523964222502,-10.5863,0.200907,3.95713,-0.0825507,-0.0452453,0.0385838,0.835346,0.379019,-0.0455204
01324180,1523964222502,-12.1239,-1.80955,0.17252,0.277882,-0.0599813,-0.650748,0.615677,0.490749,-0.427976
01324189,1523964222519,-10.0701,-3.23519,1.0241,-0.312383,-0.0957739,-0.0469519,0.677631,-0.101133,-0.541476
01324188,1523964222519,-10.1004,-1.59296,-2.97894,-0.0746836,-0.0550376,-0.00270129,0.835415,-0.263005,-0.0838637
01324185,1523964222519,-12.2573,0.666807,0.283343,0.488459,0.0169473,-0.539448,0.762105,0.426581,-0.330608
01324181,1523964222519,-10.6193,0.200466,4.0173,-0.088673,-0.0269879,0.0215325,0.834432,0.37869,-0.0480278
01324180,1523964222519,-11.9813,-1.60955,0.136341,0.173694,-0.029682,-0.606341,0.610823,0.493742,-0.429195
01324189,1523964222535,-10.0747,-2.89603,1.02011,-0.189541,0.00650175,-0.0645033,0.677628,-0.0989804,-0.542529
01324188,1523964222535,-9.99941,-1.75187,-3.06492,-0.00450921,-0.171961,0.0407683,0.837305,-0.261129,-0.0872703
01324185,1523964222535,-12.0329,0.473083,0.59601,0.306798,0.0835686,-0.391743,0.759114,0.432186,-0.332351
01324181,1523964222535,-10.6963,0.218949,4.03577,-0.0902196,0.0423206,-0.00887325,0.834012,0.379012,-0.0467018
01324180,1523964222535,-11.7268,-1.31783,0.227435,0.0244783,0.0102699,-0.61666,0.602175,0.499987,-0.429754
01324189,1523964222552,-10.3809,-2.72173,0.859634,-0.123498,0.119834,-0.0413393,0.678416,-0.0946847,-0.542236
01324188,1523964222552,-9.99948,-1.77562,-3.11765,0.0812152,-0.273412,0.0561731,0.835561,-0.263853,-0.0906498
01324185,1523964222552,-11.715,0.223244,0.740255,0.144625,0.0970181,-0.260746,0.756126,0.435398,-0.33394
01324181,1523964222552,-10.8159,0.222542,3.84657,-0.0821194,0.0616298,-0.0173239,0.834024,0.377039,-0.0453324
01324180,1523964222552,-11.3327,-1.33357,0.32787,-0.0841328,0.0854824,-0.543944,0.599967,0.505244,-0.429616
01324189,1523964222569,-10.4483,-2.65125,0.924103,-0.0760202,0.226388,-0.0466967,0.680859,-0.0946022,-0.541595
01324188,1523964222569,-10.0569,-1.6026,-3.00326,0.128837,-0.42525,0.102608,0.835293,-0.263975,-0.0941542
01324185,1523964222569,-11.4404,0.0963165,0.720101,-0.00456723,0.067849,-0.153296,0.757214,0.437128,-0.33187
01324181,1523964222569,-10.7857,0.159977,3.65718,-0.0635575,0.0213271,0.00295073,0.835462,0.378227,-0.0424499
01324180,1523964222569,-10.9863,-1.2343,0.457474,-0.212999,0.149431,-0.525023,0.596235,0.511202,-0.420932
01324189,1523964222585,-10.1386,-2.80815,0.831429,0.0741357,0.304147,-0.0499511,0.684095,-0.0936684,-0.539083
01324188,1523964222585,-9.99898,-1.60908,-2.79428,0.149302,-0.541408,0.1298,0.833957,-0.266548,-0.100895
01324185,1523964222585,-11.1514,-0.0186989,0.660385,-0.130244,0.0278409,-0.0509081,0.755995,0.437989,-0.33109
01324181,1523964222585,-10.5582,0.240494,3.42525,-0.083231,-0.0102163,0.0233562,0.835197,0.378222,-0.0428455
01324180,1523964222585,-10.5957,-1.34638,0.533178,-0.287836,0.20417,-0.474238,0.594803,0.517293,-0.417008
01324189,1523964222602,-9.72066,-2.82134,1.0831,0.249457,0.350577,-0.0637417,0.686499,-0.0948559,-0.533635
01324188,1523964222602,-9.82443,-1.44367,-2.40006,0.129636,-0.633207,0.154339,0.831266,-0.269213,-0.108298
01324185,1523964222602,-10.872,-0.0542441,0.554158,-0.279186,-0.0120195,0.0430009,0.756407,0.437601,-0.329258
01324181,1523964222602,-10.2542,0.156748,3.42639,-0.0609709,0.0119014,0.0251347,0.8344,0.377375,-0.0428195
01324180,1523964222602,-10.3257,-1.46904,0.561726,-0.336784,0.277254,-0.414345,0.590395,0.525168,-0.411787
01324189,1523964222619,-9.28782,-2.8199,1.03275,0.371174,0.397554,-0.0528439,0.691937,-0.097577,-0.531311
01324188,1523964222619,-9.7454,-1.63368,-2.1631,0.0846715,-0.720306,0.187606,0.829113,-0.271046,-0.118078
01324185,1523964222619,-10.436,-0.211128,0.46917,-0.399316,-0.0308611,0.151169,0.757901,0.439475,-0.32706
01324181,1523964222619,-10.1121,0.144066,3.19087,-0.0851162,0.0292321,0.0580776,0.834381,0.377974,-0.0416363
01324180,1523964222619,-10.0981,-1.66435,0.565292,-0.313821,0.318484,-0.326096,0.591961,0.528324,-0.410802
01324189,1523964222635,-9.15441,-2.71601,0.923888,0.381387,0.469905,-0.052973,0.69488,-0.10021,-0.524409
01324188,1523964222635,-9.73693,-1.96888,-2.16013,0.105943,-0.822659,0.216731,0.828329,-0.274437,-0.129319
01324185,1523964222635,-10.1497,-0.410407,0.398303,-0.5108,-0.0203041,0.214949,0.760213,0.438684,-0.324185
01324181,1523964222635,-10.0276,0.203405,3.05262,-0.101324,0.00505853,0.0923662,0.836435,0.376477,-0.0433533
01324180,1523964222635,-9.81772,-1.81769,0.538185,-0.238407,0.337291,-0.202508,0.592154,0.532934,-0.40666
01324189,1523964222652,-9.2729,-2.42597,0.897157,0.311853,0.556992,-0.0338039,0.700554,-0.103063,-0.518343
01324188,1523964222652,-9.76747,-1.70277,-1.92405,0.18665,-0.927505,0.263907,0.826053,-0.278339,-0.13842
01324185,1523964222652,-9.93343,-0.618928,0.274725,-0.613672,-0.0222065,0.274563,0.761847,0.44059,-0.320289
01324181,1523964222652,-9.76607,0.153217,2.93934,-0.080007,0.0158653,0.104398,0.836834,0.376066,-0.0422862
01324180,1523964222652,-9.5073,-1.86441,0.507123,-0.202543,0.321295,-0.0987351,0.594621,0.536029,-0.398125
01324189,1523964222669,-9.36457,-1.99095,1.11377,0.23541,0.609646,-0.0181509,0.707838,-0.103795,-0.511209
01324188,1523964222669,-9.7949,-1.22375,-1.44446,0.235772,-0.992114,0.272358,0.823918,-0.282661,-0.151049
01324185,1523964222669,-9.70271,-0.832346,0.160283,-0.672425,-0.0333071,0.337586,0.763756,0.438696,-0.316096
01324181,1523964222669,-9.50825,0.0980452,2.93239,-0.0390975,0.00529095,0.105841,0.838062,0.374758,-0.0424046
01324180,1523964222669,-9.22648,-1.87049,0.480829,-0.181051,0.320747,0.0191376,0.595524,0.537293,-0.394061
01324189,1523964222685,-9.26162,-1.67376,1.3369,0.199202,0.632505,0.00831804,0.713229,-0.105345,-0.504862
01324188,1523964222685,-9.75561,-1.02393,-1.07356,0.255183,-1.0496,0.275394,0.818795,-0.286359,-0.163467
01324185,1523964222685,-9.40415,-0.940248,0.0467038,-0.683056,-0.0394198,0.415816,0.768511,0.438221,-0.311404
01324181,1523964222685,-9.22885,0.208136,2.88618,-0.0196087,-0.0760383,0.108438,0.838767,0.372455,-0.0426296
01324180,1523964222685,-8.94474,-1.97398,0.536182,-0.155623,0.304773,0.118441,0.599648,0.537917,-0.389382
01324189,1523964222702,-9.09825,-1.5571,1.29577,0.114383,0.609206,0.0320319,0.719698,-0.108351,-0.496398
01324188,1523964222702,-9.74382,-1.11046,-1.11859,0.319846,-1.12574,0.271466,0.813142,-0.292005,-0.177615
01324185,1523964222702,-9.12722,-1.03355,-0.0466882,-0.659914,-0.0459814,0.482108,0.772866,0.432402,-0.306136
01324181,1523964222702,-8.92997,0.303894,2.84762,-0.00545474,-0.0970759,0.12019,0.840172,0.369106,-0.044434
01324180,1523964222702,-8.64836,-2.07453,0.557859,-0.154547,0.260219,0.240245,0.604605,0.536648,-0.385833
01324189,1523964222719,-9.08386,-1.61657,1.42685,0.0470516,0.587515,0.0576116,0.724816,-0.10975,-0.490047
01324188,1523964222719,-9.65832,-0.838086,-0.804063,0.340814,-1.15065,0.250094,0.808438,-0.297686,-0.191374
01324185,1523964222719,-8.80212,-1.15604,-0.136989,-0.621231,-0.0509941,0.541561,0.778159,0.428213,-0.304023
01324181,1523964222719,-9.04686,0.32667,2.97201,0.00866336,-0.164145,0.124763,0.840741,0.367639,-0.0457377
01324180,1523964222719,-8.41036,-2.15162,0.579094,-0.135792,0.201659,0.364719,0.609865,0.533359,-0.384626
01324189,1523964222735,-9.07467,-1.67626,1.53367,0.0196017,0.523958,0.0700769,0.731294,-0.109606,-0.484501
01324188,1523964222735,-9.77367,-0.640274,-0.756826,0.302424,-1.16914,0.237214,0.805621,-0.301434,-0.203555
01324185,1523964222735,-8.66251,-1.20032,-0.215302,-0.526035,-0.0584801,0.586548,0.780878,0.427283,-0.301018
01324181,1523964222735,-8.87202,0.566705,2.71738,0.0175094,-0.261473,0.123815,0.84172,0.366568,-0.0482494
01324180,1523964222735,-8.33568,-2.29518,0.540365,-0.120589,0.166467,0.461223,0.614534,0.532954,-0.379299
01324189,1523964222752,-9.36725,-1.77315,1.69363,0.0305147,0.449732,0.0880806,0.734256,-0.110815,-0.480532
01324188,1523964222752,-9.87024,-0.590354,-0.602505,0.262391,-1.17825,0.243902,0.801185,-0.306393,-0.217271
01324185,1523964222752,-8.67466,-1.16663,-0.314609,-0.441658,-0.0504799,0.585556,0.785498,0.421137,-0.2981
01324181,1523964222752,-9.18688,0.795844,2.76893,-0.0592059,-0.317664,0.147758,0.842875,0.364848,-0.0542031
01324180,1523964222752,-8.35796,-2.43042,0.520069,-0.103622,0.109686,0.585742,0.61992,0.529653,-0.376608
01324189,1523964222768,-9.70026,-1.88815,1.73003,0.0914021,0.345585,0.0725527,0.738026,-0.11118,-0.476029
01324188,1523964222768,-9.95181,-0.436377,-0.858363,0.220414,-1.17282,0.238351,0.796319,-0.307657,-0.231963
01324185,1523964222768,-8.94244,-1.11209,-0.422598,-0.355483,-0.0574948,0.585564,0.789845,0.414976,-0.295964
01324181,1523964222768,-9.89109,0.787313,3.01574,-0.0523619,-0.421488,0.167703,0.844023,0.362725,-0.0589528
01324180,1523964222768,-8.655,-2.60148,0.38572,-0.121273,0.0446422,0.681905,0.627493,0.523422,-0.375223
01324189,1523964222785,-10.1457,-1.66111,2.18516,0.0575688,0.2356,0.0567414,0.741549,-0.112986,-0.473408
01324188,1523964222785,-10.2839,0.00740786,-0.700965,0.0685359,-1.11529,0.230797,0.790124,-0.313414,-0.246651
01324185,1523964222785,-9.5456,-1.06755,-0.576785,-0.287471,-0.0486563,0.571958,0.795823,0.407146,-0.292642
01324181,1523964222785,-10.2639,0.652061,2.81309,-0.0693327,-0.516925,0.170484,0.843337,0.357736,-0.0650847
01324180,1523964222785,-9.32618,-2.83986,0.266682,-0.142922,0.0092661,0.785352,0.635629,0.516332,-0.377376
01324189,1523964222802,-10.6062,-1.08195,2.74845,0.0237193,0.0980092,0.0400933,0.742896,-0.112728,-0.472084
01324188,1523964222802,-10.4882,-0.338265,-0.814158,-0.273641,-1.05184,0.199045,0.78336,-0.315088,-0.26121
01324185,1523964222802,-10.2695,-1.09446,-0.700805,-0.24882,-0.021147,0.549789,0.799081,0.401941,-0.29208
01324181,1523964222802,-9.91664,0.510868,2.48958,-0.0763831,-0.573763,0.163044,0.844491,0.357127,-0.0725228
01324180,1523964222802,-10.0262,-3.108,0.190703,-0.150462,-0.0366967,0.894087,0.642822,0.508077,-0.375756
01324189,1523964222818,-10.539,-0.316353,2.70788,-0.0464305,-0.0566434,0.0472312,0.74551,-0.115105,-0.473604
01324188,1523964222818,-10.8096,0.444395,0.192012,-0.515294,-0.980608,0.159145,0.782161,-0.316155,-0.281455
01324185,1523964222818,-10.5974,-1.15485,-0.521156,-0.214786,0.0245854,0.582699,0.80275,0.396621,-0.290212
01324181,1523964222818,-9.53707,0.593128,2.3238,-0.13948,-0.607695,0.154225,0.844004,0.358405,-0.0797174
01324180,1523964222818,-10.2949,-3.27522,0.182328,-0.153986,-0.101558,0.981544,0.650686,0.49981,-0.374281
01324189,1523964222835,-9.8619,0.449375,2.96722,-0.232076,-0.166946,0.123974,0.744997,-0.115538,-0.476545
01324188,1523964222835,-9.9381,0.802895,0.53573,-0.825201,-0.92107,0.0984959,0.778916,-0.317187,-0.289287
01324185,1523964222835,-10.5195,-1.14057,-0.177667,-0.175928,0.0479163,0.666682,0.809534,0.388881,-0.289507
01324181,1523964222835,-9.11314,0.690359,2.29326,-0.142863,-0.545331,0.135696,0.84464,0.356922,-0.0881945
01324180,1523964222835,-10.0869,-3.29787,0.273657,-0.157817,-0.174458,1.02931,0.657896,0.490988,-0.374834
01324189,1523964222852,-9.30316,0.83218,3.58281,-0.631299,-0.238772,0.14932,0.744757,-0.114974,-0.48015
01324188,1523964222852,-9.76261,1.29564,1.70912,-1.29821,-0.801311,0.014261,0.774539,-0.309598,-0.306528
01324185,1523964222852,-10.0436,-1.10955,0.126775,-0.149605,0.0594532,0.786386,0.816323,0.380475,-0.286836
01324181,1523964222852,-8.90346,0.765699,2.19897,-0.153375,-0.470467,0.122525,0.845797,0.354501,-0.0934695
01324180,1523964222852,-9.495,-3.28991,0.407573,-0.202285,-0.183457,1.02795,0.66832,0.482691,-0.375964
01324189,1523964222868,-9.15832,0.0773046,4.55732,-0.89126,-0.203127,0.180362,0.74043,-0.111002,-0.485553
01324188,1523964222868,-9.95833,0.787291,3.49372,-1.75173,-0.621323,-0.0223057,0.768523,-0.300006,-0.325507
01324185,1523964222868,-9.51478,-1.02116,0.33373,-0.164755,0.0461229,0.843348,0.820805,0.372603,-0.28573
01324181,1523964222868,-8.60037,0.711096,2.15124,-0.136337,-0.462011,0.103512,0.846829,0.353728,-0.101965
01324180,1523964222868,-8.88886,-3.26756,0.565876,-0.282655,-0.158424,0.983534,0.675939,0.473576,-0.377204
01324189,1523964222885,-9.32094,-1.71322,5.25653,-1.06765,-0.255513,0.19237,0.740848,-0.103131,-0.491382
01324188,1523964222885,-9.22419,-0.707864,4.52916,-1.63855,-0.444963,-0.069015,0.766289,-0.288304,-0.341172
01324185,1523964222885,-9.13838,-0.994577,0.36587,-0.227808,0.00632969,0.850393,0.828002,0.360229,-0.284197
01324181,1523964222885,-8.45052,0.581928,2.06774,-0.135346,-0.503083,0.0841672,0.846194,0.354484,-0.107022
01324180,1523964222885,-8.51707,-3.27473,0.745897,-0.368507,-0.112241,0.933118,0.682997,0.465615,-0.375981
01324189,1523964222902,-9.41067,-3.24912,6.24976,-0.985841,-0.412511,0.132573,0.740034,-0.0962274,-0.495866
01324188,1523964222902,-9.2994,-1.48642,4.18545,-1.04253,-0.276548,-0.102013,0.768563,-0.281439,-0.354771
01324185,1523964222902,-9.03237,-1.03857,0.369063,-0.326929,-0.091895,0.79668,0.832351,0.350958,-0.282555
01324181,1523964222902,-8.59522,0.2963,2.14473,-0.161853,-0.579936,0.041423,0.844936,0.352774,-0.114014
01324180,1523964222902,-8.38537,-3.41,0.901119,-0.420385,-0.0517882,0.877764,0.691162,0.457384,-0.381263
01324189,1523964222918,-9.67023,-4.46981,7.36313,-0.72711,-0.689601,0.0309779,0.736839,-0.0892961,-0.507546
01324188,1523964222918,-9.87854,0.0144251,2.24628,-0.556702,-0.114289,-0.0855104,0.768127,-0.276222,-0.360228
01324185,1523964222918,-9.14873,-1.20163,0.305357,-0.444856,-0.207869,0.714238,0.838183,0.3422,-0.283535
01324181,1523964222918,-8.97084,-0.0312331,2.65575,-0.206314,-0.675962,0.0107055,0.844344,0.352598,-0.122372
01324180,1523964222918,-8.52414,-3.74097,0.999454,-0.420047,-0.00244982,0.863116,0.698201,0.450431,-0.378805
01324189,1523964222935,-10.0842,-4.93672,7.67497,-0.476269,-0.952928,-0.107975,0.730779,-0.0845801,-0.517071
01324188,1523964222935,-9.29637,1.60685,-1.69303,-0.483304,0.200248,-0.0504851,0.767026,-0.273665,-0.361536
01324185,1523964222935,-9.44406,-1.51769,0.214491,-0.472981,-0.293019,0.632392,0.839947,0.335688,-0.285047
01324181,1523964222935,-9.55145,-0.557637,3.08474,-0.129649,-0.722582,-0.0362726,0.844676,0.35467,-0.131983
01324180,1523964222935,-8.92811,-4.09302,0.969407,-0.392234,0.0126573,0.859006,0.705239,0.444064,-0.377415
01324189,1523964222952,-10.4688,-4.51439,7.05866,-0.15866,-1.141,-0.154477,0.716886,-0.078684,-0.533453
01324188,1523964222952,-9.04453,2.8994,-3.93762,-1.20527,0.623301,-0.0640246,0.774871,-0.270562,-0.352959
01324185,1523964222952,-10.029,-1.85608,0.0610361,-0.402422,-0.334874,0.574038,0.843063,0.328584,-0.287994
01324181,1523964222952,-9.66882,-0.937742,3.38349,-0.0148716,-0.726151,-0.0486577,0.841802,0.354792,-0.141254
01324180,1523964222952,-9.5629,-4.3357,0.841034,-0.365592,-0.0106543,0.850302,0.712661,0.435168,-0.366356
01324189,1523964222968,-10.2296,-3.42912,5.98908,0.0538092,-1.18304,-0.0969002,0.708014,-0.0769287,-0.545912
01324188,1523964222968,-9.20631,2.9043,-4.5597,-1.86905,1.06547,-0.038945,0.781314,-0.25994,-0.348875
01324185,1523964222968,-10.5796,-2.06938,0.026142,-0.317897,-0.312868,0.57393,0.844149,0.322636,-0.289508
01324181,1523964222968,-9.58573,-1.07744,3.34323,0.0110558,-0.731829,-0.0694803,0.838933,0.355734,-0.152269
01324180,1523964222968,-10.0327,-4.61498,0.704404,-0.329699,-0.0211539,0.859284,0.719831,0.428944,-0.364966
01324189,1523964222985,-9.62569,-2.57474,5.24448,0.0742148,-1.1229,0.0290786,0.702125,-0.0762498,-0.556541
01324188,1523964222985,-9.43461,1.97127,-4.10424,-1.89343,1.46422,0.114825,0.785713,-0.248715,-0.338266
01324185,1523964222985,-10.9393,-2.1346,-0.0160234,-0.233265,-0.253598,0.59735,0.849165,0.317406,-0.290259
01324181,1523964222985,-9.48658,-0.940606,3.58757,0.0503913,-0.666926,-0.101834,0.837288,0.354686,-0.161927
01324180,1523964222985,-10.2369,-4.89239,0.686385,-0.307101,-0.0502692,0.82931,0.726766,0.422177,-0.368985
01324189,1523964223002,-8.72803,-2.56792,5.01187,0.00294243,-1.06793,0.101414,0.690709,-0.0806149,-0.569555
01324188,1523964223002,-10.0736,1.15818,-3.34103,-1.33102,1.81146,0.386141,0.794483,-0.242667,-0.321439
01324185,1523964223002,-10.9466,-2.15866,-0.0494296,-0.103288,-0.180504,0.63246,0.851877,0.309324,-0.292803
01324181,1523964223002,-9.21352,-0.680204,3.5795,0.089735,-0.500866,-0.112686,0.835582,0.356971,-0.169661
01324180,1523964223002,-10.3127,-5.04893,0.79596,-0.236599,-0.0761774,0.820761,0.73302,0.41423,-0.36775
01324189,1523964223018,-7.9607,-2.83724,4.85848,0.0287991,-1.02431,0.151027,0.681424,-0.0818575,-0.579625
01324188,1523964223018,-9.72655,0.216728,-2.67098,-0.305991,2.094,0.713167,0.803603,-0.2501,-0.296843
01324185,1523964223018,-10.7123,-2.04691,-0.00237948,-0.0101016,-0.092411,0.631738,0.854181,0.299818,-0.296117
01324181,1523964223018,-8.89975,-0.496858,3.45241,0.137998,-0.348999,-0.125416,0.834945,0.359259,-0.17661
01324180,1523964223018,-10.0898,-5.14476,0.976458,-0.144895,-0.0981108,0.790343,0.738745,0.406009,-0.367594
01324189,1523964223035,-7.03459,-3.33548,3.85995,0.139047,-0.851336,0.236179,0.672315,-0.0874271,-0.591204
01324188,1523964223035,-9.58412,0.847011,-2.53823,0.940087,2.34137,0.961593,0.816007,-0.262888,-0.264951
01324185,1523964223035,-10.2412,-1.81145,0.033265,0.0130908,-0.0532339,0.600737,0.857166,0.29247,-0.297101
01324181,1523964223035,-8.46833,-0.423798,3.41996,0.19499,-0.207268,-0.112419,0.832005,0.361614,-0.181941
01324180,1523964223035,-9.60654,-5.17511,1.18886,-0.0582041,-0.114251,0.73088,0.744092,0.395765,-0.367337
01324189,1523964223052,-6.14788,-3.8232,2.98862,0.419603,-0.59723,0.329756,0.665486,-0.09304,-0.59933
01324188,1523964223052,-9.99216,2.3349,-2.69775,1.73277,2.47364,1.21528,0.821277,-0.285572,-0.224433
01324185,1523964223052,-9.59872,-1.50725,0.0463067,-0.000193823,-0.0465535,0.541029,0.85975,0.282888,-0.297017
01324181,1523964223052,-8.34347,-0.470781,3.34438,0.250218,-0.0495565,-0.0983262,0.832568,0.361688,-0.184738
01324180,1523964223052,-8.8919,-5.11994,1.33148,0.00787381,-0.147686,0.65619,0.747808,0.387875,-0.36809
01324189,1523964223068,-5.87441,-3.49329,2.2794,0.833076,-0.358227,0.368832,0.659608,-0.103695,-0.604029
01324188,1523964223068,-9.93161,3.70547,-2.87912,1.97927,2.56433,1.40379,0.823837,-0.309323,-0.181929
01324185,1523964223068,-9.0217,-1.32303,0.0633845,-0.067617,-0.0625895,0.449226,0.864495,0.277084,-0.298284
01324181,1523964223068,-8.56994,-0.444329,3.32311,0.294756,0.0478751,-0.0949845,0.832185,0.360534,-0.185374
01324180,1523964223068,-8.40569,-4.94551,1.35652,0.0477025,-0.166683,0.559537,0.751359,0.38098,-0.364904
01324189,1523964223085,-6.40466,-2.80407,2.09432,1.14021,-0.0937149,0.389005,0.657508,-0.117446,-0.603579
01324188,1523964223085,-9.88562,4.3994,-2.83283,1.78778,2.60502,1.51354,0.825185,-0.334872,-0.13481
01324185,1523964223085,-8.80941,-1.30029,0.0492097,-0.0827882,-0.0867618,0.303923,0.865851,0.273262,-0.299167
01324181,1523964223085,-8.73141,-0.29089,3.22736,0.310768,0.0461485,-0.0950298,0.831533,0.360497,-0.187492
01324180,1523964223085,-8.27188,-4.79343,1.27649,0.0624897,-0.150664,0.463923,0.755465,0.373951,-0.365375
01324189,1523964223102,-6.80662,-1.3836,2.39098,1.36991,0.0525789,0.451757,0.656488,-0.135809,-0.599433
01324188,1523964223102,-9.73996,4.59004,-2.58541,1.38528,2.5638,1.58292,0.822871,-0.360518,-0.0904786
01324185,1523964223102,-8.93278,-1.35499,-0.0565588,-0.0911119,-0.139273,0.153767,0.86463,0.270837,-0.300707
01324181,1523964223102,-8.84792,-0.19523,3.23445,0.292948,0.0462122,-0.0915069,0.833122,0.363311,-0.18863
01324180,1523964223102,-8.43628,-4.75042,1.13494,0.0670362,-0.170121,0.389136,0.756072,0.369174,-0.368181
01324189,1523964223118,-6.91786,0.466045,2.879,1.51261,0.110804,0.498331,0.657798,-0.158831,-0.594012
01324188,1523964223118,-9.67843,4.24953,-2.19293,0.948069,2.4838,1.66049,0.815953,-0.38754,-0.0461755
01324185,1523964223118,-9.23707,-1.39897,-0.188662,-0.0538932,-0.154014,0.039078,0.866116,0.269101,-0.303047
01324181,1523964223118,-8.84494,-0.156261,3.09365,0.312583,0.0522866,-0.0984196,0.831265,0.361609,-0.189107
01324180,1523964223118,-8.79369,-4.72847,0.943061,0.0752858,-0.202627,0.311682,0.757796,0.364431,-0.380188
01324189,1523964223135,-6.89253,2.21907,2.71971,1.56831,0.178448,0.548116,0.660176,-0.180723,-0.587123
01324188,1523964223135,-9.69903,3.92848,-1.78074,0.565656,2.36158,1.68486,0.806309,-0.411858,-0.0088041
01324185,1523964223135,-9.55564,-1.43555,-0.23288,-0.0166415,-0.115514,-0.0351278,0.866921,0.271591,-0.305426
01324181,1523964223135,-8.84027,-0.107516,2.88989,0.358891,0.0903887,-0.0965229,0.832343,0.363257,-0.191543
01324180,1523964223135,-9.10278,-4.72099,0.804741,0.0747176,-0.219129,0.220203,0.75892,0.361239,-0.383104
01324189,1523964223152,-7.21005,3.17642,2.62211,1.39384,0.318588,0.66637,0.658606,-0.199356,-0.58217
01324188,1523964223152,-9.93209,3.67668,-1.5071,0.221546,2.17447,1.67334,0.798276,-0.432899,0.023367
01324185,1523964223152,-9.76543,-1.42941,-0.214257,0.0413661,-0.0623081,-0.11713,0.865291,0.2717,-0.30712
01324181,1523964223152,-8.83068,-0.170411,2.80421,0.373224,0.151325,-0.101208,0.831668,0.364104,-0.192484
01324180,1523964223152,-9.2756,-4.63097,0.774545,0.0811668,-0.250988,0.150629,0.759478,0.359638,-0.383685
01324189,1523964223168,-8.11422,3.30261,3.13261,1.05828,0.453743,0.79844,0.660957,-0.218079,-0.574586
01324188,1523964223168,-9.9806,3.64665,-1.32355,-0.169055,1.95261,1.59211,0.787266,-0.454307,0.048956
01324185,1523964223168,-9.88839,-1.49113,-0.0967456,0.0604272,-0.0101543,-0.165083,0.865834,0.272563,-0.306216
01324181,1523964223168,-8.83736,-0.204464,2.81448,0.392088,0.210177,-0.124024,0.832625,0.363084,-0.192738
01324180,1523964223168,-9.27031,-4.49608,0.809174,0.0907464,-0.2557,0.0812367,0.758725,0.356184,-0.385634
01324189,1523964223185,-8.70483,3.46102,3.56543,0.687933,0.509747,0.918041,0.661392,-0.235025,-0.566833
01324188,1523964223185,-9.94337,3.25039,-1.22398,-0.639849,1.67123,1.49731,0.774081,-0.47453,0.068723
01324185,1523964223185,-9.85442,-1.53212,0.0696405,0.12123,0.0427909,-0.183356,0.864478,0.27511,-0.305713
01324181,1523964223185,-8.8813,-0.209772,2.73703,0.374525,0.280413,-0.150067,0.833118,0.364848,-0.190256
01324180,1523964223185,-9.18545,-4.35336,0.876041,0.0827997,-0.249745,0.000363068,0.758197,0.356644,-0.388318
01324189,1523964223202,-8.86521,3.71534,3.64147,0.306861,0.582957,1.02682,0.662622,-0.252842,-0.556421
01324188,1523964223202,-9.38976,2.59516,-0.909501,-1.02796,1.36902,1.33656,0.759006,-0.495094,0.0778571
01324185,1523964223202,-9.748,-1.56871,0.276554,0.187005,0.0727245,-0.208307,0.862308,0.276233,-0.305978
01324181,1523964223202,-9.13077,-0.217609,2.77905,0.366663,0.336702,-0.168452,0.832408,0.367304,-0.189636
01324180,1523964223202,-9.07586,-4.25637,0.9574,0.0744925,-0.223785,-0.0733564,0.753957,0.355162,-0.394634
01324189,1523964223218,-8.8083,3.58096,3.16322,-0.0516767,0.697244,1.13911,0.665786,-0.266996,-0.551218
01324188,1523964223218,-9.06046,1.38372,-0.934771,-1.22774,1.01779,1.15885,0.747446,-0.512887,0.0825432
01324185,1523964223218,-9.72583,-1.52535,0.449858,0.265383,0.0583666,-0.245728,0.861494,0.277924,-0.305991
01324181,1523964223218,-9.31156,-0.171232,2.78666,0.341876,0.334518,-0.190762,0.833415,0.369948,-0.185849
01324180,1523964223218,-9.03383,-4.16229,1.0115,0.0697187,-0.188716,-0.1628,0.75183,0.355516,-0.399053
01324189,1523964223235,-9.09953,2.92051,2.83502,-0.438804,0.777392,1.24079,0.666716,-0.273749,-0.544728
01324188,1523964223235,-9.14106,0.486333,-0.829738,-1.25571,0.670989,0.974315,0.740076,-0.527851,0.0843921
01324185,1523964223235,-9.73515,-1.47464,0.546789,0.358697,0.0419061,-0.303556,0.861757,0.280847,-0.30785
01324181,1523964223235,-9.43528,-0.196829,2.6318,0.332011,0.317109,-0.175335,0.833111,0.371837,-0.18469
01324180,1523964223235,-9.10258,-4.11568,1.09326,0.0994663,-0.131057,-0.236029,0.750645,0.357623,-0.408448
01324189,1523964223252,-9.41251,2.19325,2.64816,-0.829791,0.835117,1.30873,0.668755,-0.282692,-0.538936
01324188,1523964223252,-9.11396,-0.0446895,-0.762561,-1.18962,0.371527,0.786528,0.732966,-0.540313,0.0793939
01324185,1523964223252,-9.80914,-1.25501,0.625342,0.462447,0.024652,-0.342669,0.861207,0.283059,-0.310091
01324181,1523964223252,-9.48535,-0.00821765,2.67134,0.268807,0.279897,-0.175465,0.833075,0.372474,-0.181781
01324180,1523964223252,-9.10288,-4.09647,1.10303,0.16803,-0.0726123,-0.340678,0.749811,0.360102,-0.408386
01324189,1523964223268,-9.52672,1.25782,2.37991,-1.15773,0.893726,1.28534,0.670521,-0.286753,-0.536179
01324188,1523964223268,-9.29541,-0.788839,-1.14426,-0.993441,0.0710473,0.658013,0.727338,-0.550601,0.0710128
01324185,1523964223268,-9.89526,-1.0209,0.650884,0.48794,0.0347848,-0.361458,0.861473,0.285573,-0.311292
01324181,1523964223268,-9.39004,0.0826483,2.70402,0.217143,0.249876,-0.1687,0.834376,0.375058,-0.18052
01324180,1523964223268,-9.21062,-4.00122,1.10733,0.248893,-0.0302356,-0.427737,0.746281,0.364374,-0.409329
01324189,1523964223285,-9.81333,0.604564,2.03949,-1.41746,0.977436,1.18043,0.674546,-0.285825,-0.530733
01324188,1523964223285,-9.4711,-1.2415,-1.1436,-0.74823,-0.191291,0.56741,0.721425,-0.558441,0.0602305
01324185,1523964223285,-9.92847,-0.878571,0.728486,0.527493,0.0289156,-0.38102,0.858887,0.287474,-0.315091
01324181,1523964223285,-9.27744,-0.112498,2.66018,0.200327,0.280668,-0.174418,0.833273,0.374578,-0.177045
01324180,1523964223285,-9.30492,-3.85603,1.19905,0.349135,0.019582,-0.533952,0.741378,0.370397,-0.408056
01324189,1523964223302,-9.82835,0.0428211,2.09436,-1.48836,1.00912,1.07886,0.677503,-0.286888,-0.526227
01324188,1523964223302,-9.49754,-1.8535,-0.844236,-0.304933,-0.427833,0.490858,0.716052,-0.566087,0.0513384
01324185,1523964223302,-9.99524,-0.690243,0.850725,0.533255,0.0181972,-0.388601,0.855491,0.288824,-0.318228
01324181,1523964223302,-8.99724,-0.119001,2.79733,0.160148,0.277476,-0.151113,0.834321,0.376157,-0.176159
01324180,1523964223302,-9.38789,-3.82135,1.2516,0.449106,0.0761148,-0.625207,0.738256,0.374081,-0.408747
01324189,1523964223318,-9.60727,-0.751795,2.29359,-1.41869,1.04445,0.954613,0.682516,-0.287009,-0.523878
01324188,1523964223318,-9.17464,-1.63955,-3.0098,0.458489,-0.533226,0.445434,0.712555,-0.570721,0.0489384
01324185,1523964223318,-9.98008,-0.531318,0.972186,0.492991,-0.0238444,-0.402752,0.854802,0.293001,-0.320879
01324181,1523964223318,-9.04171,-0.196973,2.5667,0.124735,0.304509,-0.167987,0.834107,0.379396,-0.172106
01324180,1523964223318,-9.31209,-3.7047,1.26265,0.563891,0.152409,-0.737345,0.735271,0.376003,-0.406098
01324189,1523964223335,-9.63112,-1.67074,1.91693,-1.2393,1.07347,0.852111,0.688188,-0.286132,-0.519922
01324188,1523964223335,-10.4693,-1.84118,-1.06299,0.231355,-0.702794,0.36215,0.709748,-0.576813,0.0432076
01324185,1523964223335,-9.91672,-0.377517,1.08436,0.364725,-0.0401823,-0.398272,0.851943,0.296731,-0.324826
01324181,1523964223335,-9.05543,-0.233547,2.59147,0.046525,0.383126,-0.167047,0.834167,0.382065,-0.167779
01324180,1523964223335,-9.32507,-3.46362,1.27835,0.654162,0.235802,-0.857449,0.732542,0.381875,-0.410262
01324189,1523964223352,-10.1239,-2.3162,2.05914,-0.898298,1.15797,0.751918,0.695996,-0.284287,-0.512238
01324188,1523964223352,-10.1828,-4.20594,-0.952319,0.540738,-0.864386,0.00859495,0.710983,-0.578323,0.0377127
01324185,1523964223352,-9.82965,-0.313024,1.11394,0.219579,-0.0530701,-0.41846,0.850043,0.300109,-0.325113
01324181,1523964223352,-9.12066,-0.382328,2.61322,0.00224734,0.410836,-0.195936,0.834763,0.383898,-0.162112
01324180,1523964223352,-9.4341,-3.26186,1.25422,0.665072,0.273567,-0.944955,0.728173,0.388326,-0.409529
01324189,1523964223368,-10.6651,-2.63357,2.35377,-0.533105,1.24914,0.64647,0.704234,-0.289491,-0.502475
01324188,1523964223368,-9.81064,-5.63524,-1.57278,1.74733,-0.918261,-0.300476,0.714211,-0.573849,0.0374136
01324185,1523964223368,-9.81079,-0.404721,1.01944,0.0558008,-0.0253126,-0.443973,0.846918,0.306722,-0.325689
01324181,1523964223368,-9.31201,-0.413751,2.67056,-0.0617066,0.402479,-0.214714,0.833464,0.386339,-0.156039
01324180,1523964223368,-9.49285,-3.20446,1.23946,0.635642,0.30202,-1.01349,0.724097,0.394803,-0.413931
01324189,1523964223385,-10.8661,-2.79989,3.7925,-0.0824729,1.23764,0.528122,0.7127,-0.292671,-0.489353
01324188,1523964223385,-10.0824,-3.32442,-2.95375,2.9416,-0.826672,-0.493185,0.720675,-0.567655,0.0519901
01324185,1523964223385,-9.88881,-0.64748,0.94521,-0.0451527,-0.0286552,-0.522059,0.844204,0.312651,-0.325214
01324181,1523964223385,-9.51365,-0.391921,2.72681,-0.123074,0.366887,-0.22426,0.834461,0.389284,-0.151594
01324180,1523964223385,-9.64811,-3.17499,1.24778,0.572596,0.341361,-1.0628,0.718372,0.403466,-0.415294
01324189,1523964223402,-10.8157,-2.20929,5.52619,0.398509,1.0963,0.393184,0.720347,-0.297979,-0.474768
01324188,1523964223402,-11.4613,-0.229801,-3.4235,2.42018,-0.806426,-0.594181,0.725084,-0.558533,0.0670447
01324185,1523964223402,-9.9958,-0.897286,0.867437,-0.0581935,-0.0164004,-0.540805,0.842027,0.32025,-0.325803
01324181,1523964223402,-9.33794,-0.326649,2.58661,-0.21194,0.380735,-0.231667,0.834489,0.392998,-0.145296
01324180,1523964223402,-9.75414,-3.21264,1.26587,0.491347,0.348545,-1.08611,0.713607,0.409491,-0.414699
01324189,1523964223418,-10.4485,-1.0704,5.95661,0.8374,0.880896,0.250161,0.726527,-0.30943,-0.459412
01324188,1523964223418,-11.1937,2.36637,-2.42635,1.13294,-0.787701,-0.811704,0.733702,-0.548352,0.0704006
01324185,1523964223418,-9.92901,-1.06396,0.725563,-0.0350949,-0.0359371,-0.536463,0.839851,0.327286,-0.326386
01324181,1523964223418,-9.54541,-0.285412,2.56035,-0.246591,0.389456,-0.237467,0.83436,0.397739,-0.137955
01324180,1523964223418,-9.64262,-3.22567,1.25238,0.404805,0.344834,-1.09198,0.707857,0.420477,-0.416555
01324189,1523964223435,-9.94923,-0.106691,4.38871,0.777321,0.810178,0.0900405,0.731192,-0.315813,-0.445336
01324188,1523964223435,-10.5361,2.37331,-2.38581,-0.538227,-0.705793,-0.998257,0.743687,-0.538521,0.0621398
01324185,1523964223435,-9.90052,-1.21584,0.711347,0.0390142,-0.0260397,-0.53236,0.83686,0.335439,-0.3275
01324181,1523964223435,-9.77519,-0.196119,2.78176,-0.271612,0.377282,-0.227962,0.834126,0.400885,-0.131642
01324180,1523964223435,-9.60877,-3.20541,1.19966,0.355869,0.341242,-1.09584,0.70346,0.429248,-0.415774
01324189,1523964223452,-10.1594,0.351111,2.95688,0.370835,0.774264,-0.110253,0.738311,-0.32169,-0.432087
01324188,1523964223452,-11.0274,1.57378,-1.91748,-1.7807,-0.595694,-1.09853,0.754745,-0.525216,0.041563
01324185,1523964223452,-9.91538,-1.33375,0.68408,0.120036,-0.0276873,-0.530732,0.833869,0.341614,-0.328856
01324181,1523964223452,-9.4642,-0.235939,2.57199,-0.340997,0.315204,-0.228355,0.834965,0.404579,-0.12575
01324180,1523964223452,-9.60271,-3.28713,1.17268,0.341431,0.348482,-1.06601,0.696596,0.440644,-0.410178
01324189,1523964223468,-10.2306,0.281744,2.19106,-0.179015,0.707155,-0.271888,0.74665,-0.318848,-0.423598
01324188,1523964223468,-10.9533,0.717674,-1.24126,-1.99423,-0.449408,-1.04791,0.764582,-0.511808,0.0192578
01324185,1523964223468,-9.95381,-1.28294,0.694907,0.199614,-0.0398065,-0.520529,0.830743,0.348922,-0.329961
01324181,1523964223468,-9.27479,-0.330807,2.64989,-0.325168,0.338833,-0.193759,0.832463,0.406879,-0.120326
01324180,1523964223468,-9.47192,-3.28769,1.14253,0.393847,0.329591,-1.03243,0.691131,0.449145,-0.409522
01324189,1523964223485,-10.0153,-0.0884129,1.83886,-0.630834,0.656421,-0.333764,0.750913,-0.310453,-0.4193
01324188,1523964223485,-10.7012,-0.437334,-1.01856,-1.41036,-0.346085,-0.937392,0.773885,-0.499889,-0.00219148
01324185,1523964223485,-9.66677,-1.25586,0.66293,0.280151,-0.0543078,-0.488272,0.827891,0.352708,-0.331033
01324181,1523964223485,-9.28819,-0.389216,2.6799,-0.343855,0.331737,-0.19375,0.832892,0.409205,-0.111878
01324180,1523964223485,-9.30478,-3.09414,1.05822,0.444285,0.323796,-0.995219,0.686996,0.457021,-0.405251
01324189,1523964223502,-9.77663,-0.670207,1.67323,-0.908204,0.687692,-0.345454,0.758421,-0.299122,-0.414614
01324188,1523964223502,-10.2075,-0.299216,-1.03089,-0.303926,-0.256298,-0.776543,0.780335,-0.488597,-0.0123359
01324185,1523964223502,-9.58688,-1.09272,0.575336,0.300178,-0.0772017,-0.471159,0.825712,0.35603,-0.334194
01324181,1523964223502,-9.23162,-0.398145,2.55002,-0.335782,0.335134,-0.200656,0.832378,0.412796,-0.10504
01324180,1523964223502,-9.10888,-3.26052,1.03022,0.553157,0.304275,-0.920904,0.68131,0.461906,-0.40534
01324189,1523964223518,-10.0219,-0.995851,1.98772,-1.05717,0.66607,-0.322758,0.765422,-0.289229,-0.412876
01324188,1523964223518,-9.6914,0.66949,-1.56833,0.599908,-0.210159,-0.654747,0.78463,-0.481311,-0.0108571
01324185,1523964223518,-9.50955,-0.972906,0.473739,0.305333,-0.0922121,-0.472788,0.821358,0.361286,-0.339457
01324181,1523964223518,-9.21757,-0.383406,2.53051,-0.342995,0.294644,-0.189785,0.831196,0.416664,-0.0989979
01324180,1523964223518,-9.08443,-3.08603,0.992747,0.599581,0.276621,-0.887359,0.675997,0.470575,-0.40887
01324189,1523964223535,-9.71212,-0.768541,2.0712,-0.950322,0.61836,-0.270842,0.772129,-0.278028,-0.409653
01324188,1523964223535,-9.65964,1.3809,-2.29701,0.898161,-0.191371,-0.601176,0.790269,-0.47252,-0.0047237
01324185,1523964223535,-9.48067,-0.900986,0.331034,0.257244,-0.102021,-0.445465,0.818633,0.367698,-0.343168
01324181,1523964223535,-9.24853,-0.388644,2.55456,-0.325281,0.275393,-0.180519,0.832278,0.420971,-0.091129
01324180,1523964223535,-9.0346,-2.99312,0.935739,0.594173,0.242121,-0.827842,0.671547,0.475032,-0.413848
01324189,1523964223552,-10.1013,-0.617929,2.02389,-0.643592,0.629157,-0.209347,0.7776,-0.267648,-0.404818
01324188,1523964223552,-10.5489,2.82072,-2.57267,0.550915,-0.178467,-0.592079,0.796181,-0.463569,-0.00208396
01324185,1523964223552,-9.53144,-0.881492,0.240805,0.192306,-0.123375,-0.441843,0.816454,0.371878,-0.345684
01324181,1523964223552,-9.58118,-0.40724,2.6832,-0.323548,0.258662,-0.180582,0.831648,0.42466,-0.0864174
01324180,1523964223552,-9.05871,-2.97084,0.85587,0.572923,0.209221,-0.763139,0.666701,0.477447,-0.415349
01324189,1523964223568,-10.6807,-0.942731,2.01239,-0.249529,0.571703,-0.19892,0.781876,-0.26471,-0.398556
01324188,1523964223568,-10.2939,1.80882,-2.47403,0.0727735,-0.158915,-0.641972,0.800212,-0.456923,-0.00548826
01324185,1523964223568,-9.65952,-0.900045,0.144572,0.134497,-0.117489,-0.436685,0.813054,0.378738,-0.34809
01324181,1523964223568,-9.85077,-0.313453,2.76662,-0.279195,0.208524,-0.172482,0.831833,0.42707,-0.0807577
01324180,1523964223568,-9.11604,-2.98978,0.756115,0.531632,0.165634,-0.693366,0.662894,0.481862,-0.41507
01324189,1523964223585,-10.5926,-1.11692,1.99848,0.0965138,0.507576,-0.263401,0.786818,-0.261639,-0.39083
01324188,1523964223585,-10.1248,1.11663,-2.18991,-0.222206,-0.146948,-0.703112,0.80503,-0.446166,-0.00676058
01324185,1523964223585,-9.87698,-0.918114,-0.0303364,0.0849646,-0.115325,-0.443399,0.810334,0.383062,-0.350475
01324181,1523964223585,-9.87247,-0.216557,2.63421,-0.270481,0.152403,-0.147147,0.829639,0.428166,-0.0778354
01324180,1523964223585,-9.31355,-3.02752,0.681474,0.451519,0.114092,-0.583426,0.659112,0.484835,-0.416306
01324189,1523964223602,-10.0881,-1.23862,1.65711,0.312436,0.432515,-0.367474,0.790685,-0.258975,-0.384164
01324188,1523964223602,-10.0985,0.371435,-1.8344,-0.222174,-0.0983207,-0.702556,0.809584,-0.43615,-0.0107684
01324185,1523964223602,-10.0654,-0.941144,-0.167613,0.0217348,-0.1059,-0.441645,0.806262,0.387552,-0.35155
01324181,1523964223602,-9.91998,-0.289871,2.59667,-0.229654,0.177607,-0.126353,0.829552,0.432116,-0.0739318
01324180,1523964223602,-9.41769,-3.17281,0.607153,0.393555,0.0235212,-0.447293,0.655508,0.485212,-0.420162
01324189,1523964223618,-9.52188,-1.48142,0.676795,0.39391,0.39073,-0.440096,0.797123,-0.255655,-0.376452
01324188,1523964223618,-9.70343,-0.0199796,-1.92779,0.0448406,-0.055283,-0.651507,0.814426,-0.429171,-0.0122772
01324185,1523964223618,-10.1189,-1.02755,-0.237227,-0.0567591,-0.0728945,-0.387327,0.803267,0.392835,-0.35538
01324181,1523964223618,-9.96917,-0.241886,2.54231,-0.176396,0.199339,-0.103057,0.829238,0.433054,-0.0704945
01324180,1523964223618,-9.41939,-3.20104,0.534476,0.366758,-0.0387904,-0.316034,0.652954,0.487896,-0.425068
01324189,1523964223635,-9.48368,-1.66548,0.0550979,0.424848,0.37216,-0.461294,0.801938,-0.252155,-0.369925
01324188,1523964223635,-9.48769,-0.534239,-1.94406,0.332881,-0.0265578,-0.590761,0.817631,-0.421153,-0.0104697
01324185,1523964223635,-10.0566,-1.2253,-0.165069,-0.0708864,-0.0583028,-0.349996,0.800823,0.397345,-0.355415
01324181,1523964223635,-10.2128,-0.307906,2.61447,-0.155151,0.20324,-0.0875061,0.82918,0.435133,-0.0670835
01324180,1523964223635,-9.34491,-3.12171,0.41963,0.284389,-0.116637,-0.206326,0.651091,0.489123,-0.430689
01324189,1523964223652,-9.81348,-1.59196,-0.273213,0.460638,0.275153,-0.459158,0.803236,-0.251153,-0.364046
01324188,1523964223652,-9.49723,-0.51579,-2.16555,0.561431,-0.0085378,-0.558907,0.82301,-0.41381,-0.00751998
01324185,1523964223652,-10.1003,-1.34057,-0.128045,-0.0297825,-0.0495676,-0.316067,0.799058,0.401006,-0.355575
01324181,1523964223652,-10.1219,-0.355266,2.5097,-0.130265,0.14751,-0.0889492,0.829685,0.435062,-0.0635008
01324180,1523964223652,-9.37395,-3.10716,0.380757,0.208607,-0.165592,-0.0946073,0.649513,0.490658,-0.44036
01324189,1523964223668,-9.87454,-1.50983,-0.272096,0.497674,0.178143,-0.435743,0.807241,-0.247778,-0.358179
01324188,1523964223668,-9.54693,-0.252152,-2.60556,0.533586,0.000964742,-0.509441,0.825666,-0.404943,-0.00497937
01324185,1523964223668,-10.0424,-1.42751,-0.0301458,0.0160161,-0.0370762,-0.254977,0.797429,0.403827,-0.355466
01324181,1523964223668,-9.65715,-0.373875,2.31983,-0.11239,0.144651,-0.0960431,0.829635,0.437817,-0.0618309
01324180,1523964223668,-9.28436,-3.1034,0.35265,0.132799,-0.207411,0.0100984,0.648991,0.490685,-0.443323
01324189,1523964223685,-9.74452,-0.818333,-0.525556,0.542298,0.137864,-0.465763,0.810457,-0.2454,-0.354451
01324188,1523964223685,-9.48866,-0.215602,-3.03953,0.369695,-0.0408892,-0.482686,0.83025,-0.400473,-0.00260322
01324185,1523964223685,-9.82505,-1.40467,0.0986155,0.0636915,-0.024343,-0.170115,0.796069,0.405207,-0.357043
01324181,1523964223685,-9.42622,-0.39055,2.3168,-0.0980411,0.177982,-0.109646,0.82934,0.437462,-0.0586325
01324180,1523964223685,-8.98729,-3.07105,0.362978,0.0887213,-0.246936,0.0921234,0.646908,0.487121,-0.447146
01324189,1523964223702,-9.41716,-0.288263,-0.77021,0.512328,0.171708,-0.476661,0.812569,-0.240117,-0.350955
01324188,1523964223702,-9.43667,0.12645,-3.01897,0.19193,-0.0687432,-0.45766,0.833178,-0.391724,-0.000746528
01324185,1523964223702,-9.54245,-1.33891,0.212012,0.092633,-0.0165571,-0.070758,0.794714,0.407479,-0.356145
01324181,1523964223702,-9.33249,-0.36036,2.35546,-0.0606051,0.193715,-0.121723,0.828481,0.43898,-0.0552015
01324180,1523964223702,-8.67699,-3.11805,0.358499,0.0441739,-0.262136,0.184843,0.648554,0.482872,-0.444554
01324189,1523964223718,-9.53404,0.12932,-0.295247,0.36464,0.239816,-0.461267,0.817547,-0.23692,-0.346974
01324188,1523964223718,-9.26799,-0.0107293,-2.79763,0.0821882,-0.0938332,-0.449809,0.836658,-0.384072,-0.000580726
01324185,1523964223718,-9.31312,-1.27773,0.220976,0.0862987,-0.0141336,-0.0138381,0.794438,0.407439,-0.358235
01324181,1523964223718,-9.38914,-0.297901,2.29352,-0.0605981,0.149371,-0.128997,0.827901,0.441305,-0.0539156
01324180,1523964223718,-8.49775,-3.13528,0.360154,0.0157328,-0.279298,0.247797,0.647144,0.478711,-0.447588
01324189,1523964223735,-9.73012,0.548074,0.0640804,0.227981,0.229312,-0.41458,0.819124,-0.234639,-0.342559
01324188,1523964223735,-9.27733,0.0854571,-2.75512,0.145017,-0.129621,-0.460398,0.837991,-0.380071,-0.00250118
01324185,1523964223735,-9.24311,-1.206,0.149303,0.0365863,-0.029385,-0.00349661,0.794709,0.406018,-0.358875
01324181,1523964223735,-9.51038,-0.260466,2.23165,-0.0375344,0.0822308,-0.127904,0.827857,0.442794,-0.0512895
01324180,1523964223735,-8.45819,-3.20251,0.369839,-0.00165183,-0.270015,0.30575,0.648558,0.476423,-0.456974
01324189,1523964223752,-9.65882,0.329037,0.208526,0.0572471,0.229487,-0.326316,0.822324,-0.230244,-0.338414
01324188,1523964223752,-9.40304,0.103702,-2.53771,0.0911234,-0.142196,-0.437916,0.840807,-0.374548,-0.003268
01324185,1523964223752,-9.35177,-1.19096,0.0615982,-0.038317,-0.0357464,-0.00675082,0.797142,0.407395,-0.360465
01324181,1523964223752,-9.5934,-0.290625,2.30898,0.00157252,0.0167275,-0.135467,0.827827,0.444531,-0.0503956
01324180,1523964223752,-8.57715,-3.33871,0.334093,-0.0420364,-0.255831,0.378556,0.649945,0.473072,-0.458413
01324189,1523964223768,-9.8573,-0.225848,0.31,-0.148741,0.181686,-0.285114,0.824981,-0.224402,-0.335321
01324188,1523964223768,-9.51949,0.0106919,-2.27605,0.112019,-0.128045,-0.457107,0.84334,-0.367207,-0.00539849
01324185,1523964223768,-9.53546,-1.19,-0.139215,-0.0867695,-0.0425447,-0.0287239,0.795381,0.407109,-0.360717
01324181,1523964223768,-9.66046,-0.374043,2.47678,0.0458523,-0.040292,-0.115387,0.827029,0.444936,-0.0519898
01324180,1523964223768,-8.76428,-3.45186,0.324394,-0.0827131,-0.276564,0.444103,0.652681,0.469415,-0.460957
01324189,1523964223785,-10.0706,-0.70779,0.757506,-0.156205,0.133545,-0.283219,0.826288,-0.217957,-0.333814
01324188,1523964223785,-9.59114,0.274529,-2.03722,0.0212581,-0.103119,-0.471637,0.844914,-0.358449,-0.00635128
01324185,1523964223785,-9.70232,-1.25409,-0.267289,-0.14787,-0.0420666,-0.0388262,0.796602,0.40883,-0.35917
01324181,1523964223785,-9.61806,-0.329846,2.44481,0.100165,-0.0519202,-0.126021,0.826081,0.447047,-0.0541493
01324180,1523964223785,-8.93158,-3.60346,0.321928,-0.118412,-0.2762,0.507179,0.653681,0.463295,-0.458663
01324189,1523964223802,-10.147,-1.32107,1.06876,-0.0418248,0.0219429,-0.279935,0.82763,-0.214541,-0.333936
01324188,1523964223802,-9.70838,-0.0491477,-1.89138,-0.100807,-0.065047,-0.457018,0.849085,-0.352608,-0.00819216
01324185,1523964223802,-9.71492,-1.3793,-0.362516,-0.150963,-0.0487894,-0.00985863,0.796737,0.409106,-0.359435
01324181,1523964223802,-9.52429,-0.248558,2.30137,0.140175,0.0014406,-0.111068,0.825636,0.450479,-0.0544819
01324180,1523964223802,-8.96865,-3.7146,0.289537,-0.108212,-0.292919,0.556339,0.657108,0.458473,-0.462592
01324189,1523964223818,-9.8477,-1.99495,0.867915,0.0695898,-0.0967208,-0.296273,0.830472,-0.212743,-0.333419
01324188,1523964223818,-9.46316,-0.417841,-1.70465,-0.146985,-0.00809832,-0.436307,0.852313,-0.34795,-0.00928754
01324185,1523964223818,-9.59468,-1.51727,-0.346834,-0.0978219,-0.0556609,0.058139,0.795786,0.412493,-0.359203
01324181,1523964223818,-9.53914,-0.0933871,2.20895,0.161463,0.0353772,-0.0944818,0.824824,0.451751,-0.0556955
01324180,1523964223818,-8.84052,-3.69335,0.247401,-0.109993,-0.307368,0.577303,0.659432,0.456135,-0.46632
01324189,1523964223835,-9.70944,-2.3541,0.723799,0.184143,-0.225759,-0.332987,0.829788,-0.208708,-0.335519
01324188,1523964223835,-9.35879,-0.959889,-1.47914,-0.107664,0.0498057,-0.412362,0.854708,-0.340412,-0.00938456
01324185,1523964223835,-9.35813,-1.51866,-0.252613,-0.0143975,-0.0726032,0.115933,0.796597,0.41049,-0.360754
01324181,1523964223835,-9.63136,0.167541,2.20819,0.168329,0.00954636,-0.0585354,0.824006,0.453869,-0.057458
01324180,1523964223835,-8.66091,-3.55105,0.230601,-0.0732929,-0.310956,0.588054,0.660601,0.449467,-0.469847
01324189,1523964223852,-9.67773,-2.33439,0.747708,0.300556,-0.323671,-0.351967,0.828852,-0.204963,-0.339492
01324188,1523964223852,-9.24917,-1.41727,-1.6443,0.00393256,0.10621,-0.389706,0.856844,-0.335181,-0.00679554
01324185,1523964223852,-9.0925,-1.45283,-0.184591,0.0803041,-0.0560038,0.190502,0.798493,0.408069,-0.362044
01324181,1523964223852,-9.54817,0.428123,2.20131,0.132438,-0.0498519,-0.0158923,0.825346,0.455391,-0.0589649
01324180,1523964223852,-8.41034,-3.45582,0.177983,-0.0558133,-0.307318,0.584641,0.663354,0.444505,-0.472554
01324189,1523964223868,-9.46705,-2.10983,0.842423,0.324738,-0.415487,-0.374856,0.829167,-0.20528,-0.343779
01324188,1523964223868,-9.3376,-1.13687,-1.6991,0.0562617,0.158743,-0.360472,0.858979,-0.329577,-0.00593331
01324185,1523964223868,-8.85089,-1.30987,-0.181847,0.175609,-0.053071,0.219237,0.800663,0.402408,-0.363303
01324181,1523964223868,-9.56227,0.461857,2.28027,0.108898,-0.0947106,0.0458524,0.824847,0.453364,-0.0603786
01324180,1523964223868,-8.29476,-3.39098,0.109379,-0.0662793,-0.296433,0.5653,0.666936,0.437795,-0.476252
01324189,1523964223885,-9.36207,-1.72258,0.73466,0.309751,-0.465455,-0.389055,0.827293,-0.201805,-0.349081
01324188,1523964223885,-9.47812,-0.565337,-1.98476,0.0247697,0.201111,-0.339901,0.86084,-0.323627,-0.00302667
01324185,1523964223885,-8.82136,-1.07414,-0.224357,0.309948,-0.0347973,0.23597,0.801611,0.397295,-0.365348
01324181,1523964223885,-9.51304,0.472032,2.41563,0.122747,-0.235429,0.0859482,0.826798,0.451241,-0.0646053
01324180,1523964223885,-8.35795,-3.36254,0.0895832,-0.0419397,-0.28764,0.569053,0.669687,0.432685,-0.478286
01324189,1523964223902,-9.4853,-1.52467,1.0096,0.28792,-0.499707,-0.402365,0.825926,-0.19603,-0.352096
01324188,1523964223902,-9.44472,-0.699775,-2.08728,-0.0624895,0.263938,-0.315902,0.862029,-0.31898,-5.84642e-05
01324185,1523964223902,-8.91235,-0.77992,-0.31569,0.349337,-0.0459535,0.213901,0.803504,0.392154,-0.368832
01324181,1523964223902,-9.37672,0.585389,2.24045,0.0672724,-0.30003,0.13723,0.827785,0.449459,-0.0669695
01324180,1523964223902,-8.43999,-3.36307,0.0476927,-0.0525862,-0.271704,0.560324,0.669474,0.427755,-0.477571
01324189,1523964223918,-9.52541,-1.4648,0.942199,0.213359,-0.593878,-0.402434,0.823802,-0.192559,-0.359669
01324188,1523964223918,-9.31792,-1.07595,-2.14984,0.028158,0.306367,-0.309474,0.862274,-0.315226,0.00367342
01324185,1523964223918,-9.08299,-0.499655,-0.413174,0.309846,-0.0536592,0.197868,0.804992,0.38759,-0.371668
01324181,1523964223918,-9.21417,0.570423,2.12586,0.0510682,-0.276328,0.178819,0.828379,0.448768,-0.0720089
01324180,1523964223918,-8.605,-3.30652,-0.0043617,-0.0608126,-0.28868,0.532951,0.671971,0.421784,-0.480294
01324189,1523964223935,-9.41867,-1.30645,0.687823,0.143371,-0.666546,-0.378571,0.820879,-0.19008,-0.368579
01324188,1523964223935,-9.03485,-1.03229,-2.33775,0.0298403,0.342933,-0.295742,0.864285,-0.311843,0.008437
01324185,1523964223935,-9.20098,-0.34014,-0.550492,0.220927,-0.0292241,0.176572,0.805122,0.384282,-0.375165
01324181,1523964223935,-9.04017,0.545739,2.19265,0.0650734,-0.279168,0.216634,0.83087,0.446912,-0.0767782
01324180,1523964223935,-8.78287,-3.20213,-0.0296935,-0.090525,-0.280566,0.51794,0.674729,0.417123,-0.484885
01324189,1523964223952,-9.14523,-1.44512,0.775859,0.0573919,-0.682108,-0.380656,0.818743,-0.182731,-0.377325
01324188,1523964223952,-8.97256,-1.17819,-2.19252,0.0909393,0.39401,-0.272625,0.865073,-0.308326,0.0138974
01324185,1523964223952,-9.20564,-0.267898,-0.570447,0.0692302,-0.0348978,0.167421,0.806882,0.381715,-0.376714
01324181,1523964223952,-8.8166,0.451231,2.32389,0.0524561,-0.273393,0.244263,0.830716,0.442484,-0.0830603
01324180,1523964223952,-8.763,-3.05198,-0.0528434,-0.163931,-0.259893,0.47985,0.676432,0.411178,-0.489757
01324189,1523964223968,-9.19396,-1.64219,1.00493,0.053679,-0.701053,-0.407272,0.815132,-0.177505,-0.387141
01324188,1523964223968,-9.20566,-1.45967,-2.15927,0.101529,0.406415,-0.242352,0.866666,-0.30337,0.0194377
01324185,1523964223968,-9.12829,-0.311578,-0.418022,-0.0536142,-0.0213364,0.173406,0.80851,0.378466,-0.37708
01324181,1523964223968,-8.58408,0.361733,2.39229,0.07997,-0.227966,0.261761,0.834457,0.43691,-0.086968
01324180,1523964223968,-8.62475,-2.89578,-0.0603031,-0.244142,-0.241589,0.42673,0.677932,0.409123,-0.489955
01324189,1523964223985,-9.31369,-1.86123,0.334416,0.127783,-0.748559,-0.453118,0.810279,-0.172382,-0.395072
01324188,1523964223985,-9.55505,-1.87026,-2.91811,0.198292,0.42357,-0.199049,0.867865,-0.300675,0.0267263
01324185,1523964223985,-8.97389,-0.423124,-0.234228,-0.150318,-0.023937,0.173496,0.810008,0.376961,-0.374719
01324181,1523964223985,-8.56429,0.28679,2.3528,0.080971,-0.158232,0.25547,0.835171,0.435141,-0.0889311
01324180,1523964223985,-8.41355,-2.77268,-0.0527312,-0.324818,-0.209789,0.399172,0.679674,0.406886,-0.484623
01324189,1523964224002,-9.6182,-1.74104,-0.235137,0.176626,-0.685238,-0.480565,0.80681,-0.168023,-0.404896
01324188,1523964224002,-9.2157,-1.70051,-3.93306,0.362114,0.379727,-0.186844,0.867156,-0.296583,0.0329145
01324185,1523964224002,-8.86551,-0.596991,-0.0599555,-0.185191,-0.0249214,0.219444,0.811497,0.37539,-0.375754
01324181,1523964224002,-8.89974,0.28516,2.46178,0.0597035,-0.194015,0.23118,0.837947,0.430465,-0.091652
01324180,1523964224002,-8.29836,-2.70375,-0.051228,-0.437033,-0.152936,0.340828,0.679947,0.406151,-0.483696
01324189,1523964224018,-10.0042,-1.35547,-0.291678,0.194951,-0.567913,-0.44867,0.804966,-0.164277,-0.413541
01324188,1523964224018,-9.18348,-0.825899,-4.20597,0.247972,0.290264,-0.17712,0.866731,-0.29458,0.0400455
01324185,1523964224018,-9.0274,-0.759625,0.0287177,-0.171701,-0.0318846,0.245026,0.812722,0.373588,-0.374173
01324181,1523964224018,-9.26631,0.23932,2.77908,0.050606,-0.328286,0.234456,0.839244,0.427195,-0.0963793
01324180,1523964224018,-8.49631,-2.73505,-0.0509157,-0.514436,-0.0945033,0.298586,0.681008,0.406855,-0.483292
01324189,1523964224035,-10.4047,-1.4363,0.118228,0.143591,-0.482553,-0.387615,0.801723,-0.158897,-0.419213
01324188,1523964224035,-9.39276,-0.504559,-3.84145,0.00757659,0.18337,-0.171134,0.868481,-0.292715,0.0431019
01324185,1523964224035,-9.47639,-0.889248,0.0347136,-0.152218,-0.0462158,0.246899,0.812182,0.373316,-0.373645
01324181,1523964224035,-9.43126,0.273437,3.17343,0.0487146,-0.517887,0.211312,0.840003,0.425323,-0.10299
01324180,1523964224035,-8.93621,-2.94296,-0.0539357,-0.5375,-0.0393037,0.253159,0.684236,0.407104,-0.486036
01324189,1523964224052,-10.4848,-1.58837,0.540167,0.168328,-0.411911,-0.357433,0.799572,-0.15613,-0.423715
01324188,1523964224052,-9.51825,-1.12097,-3.89745,-0.107357,0.126494,-0.153072,0.869277,-0.289887,0.0446151
01324185,1523964224052,-10.0507,-0.955533,-0.00553008,-0.0921473,-0.0538656,0.252113,0.81598,0.371498,-0.372857
01324181,1523964224052,-9.62388,0.183529,3.52651,0.0539449,-0.524759,0.218195,0.840131,0.421697,-0.111683
01324180,1523964224052,-9.46758,-3.19074,-0.0411497,-0.52254,0.0150967,0.254572,0.68631,0.411246,-0.481931
01324189,1523964224068,-10.317,-1.92368,0.940889,0.193626,-0.399994,-0.300532,0.799187,-0.151829,-0.42876
01324188,1523964224068,-9.61538,-1.21467,-3.54689,-0.00587733,0.0716695,-0.129986,0.869131,-0.288324,0.0455224
01324185,1523964224068,-10.6151,-0.923183,-0.0666224,-0.0466988,-0.0403458,0.245297,0.817471,0.368242,-0.373614
01324181,1523964224068,-9.67681,0.211989,3.55943,0.0825792,-0.431278,0.201686,0.841446,0.418386,-0.118269
01324180,1523964224068,-10.0984,-3.42534,-0.0147609,-0.435642,0.0565741,0.258133,0.688578,0.408546,-0.473374
01324189,1523964224085,-10.25,-2.20568,1.09255,0.228822,-0.364061,-0.272058,0.797169,-0.149493,-0.432598
01324188,1523964224085,-9.63971,-1.25791,-3.55593,0.0744485,0.0351687,-0.126299,0.869794,-0.286087,0.0472695
01324185,1523964224085,-11.0346,-0.848363,-0.0906806,0.00833447,0.0100746,0.2365,0.81951,0.364311,-0.372799
01324181,1523964224085,-9.72581,0.313276,3.59582,0.0383406,-0.303526,0.178802,0.842047,0.416568,-0.122488
01324180,1523964224085,-10.5653,-3.61222,0.0183232,-0.326272,0.0885602,0.301307,0.690961,0.410232,-0.471485
01324189,1523964224102,-9.89296,-1.82806,1.16108,0.259422,-0.366158,-0.254255,0.794769,-0.149312,-0.437786
01324188,1523964224102,-9.51834,-1.09647,-3.25752,0.135595,0.028328,-0.125947,0.871001,-0.283701,0.0456535
01324185,1523964224102,-11.1548,-0.727207,-0.0649435,0.0803632,0.0888243,0.25465,0.821277,0.362081,-0.371477
01324181,1523964224102,-9.78949,0.438646,3.63648,-0.0131045,-0.237578,0.16144,0.843757,0.413133,-0.128013
01324180,1523964224102,-10.7191,-3.71859,0.0911604,-0.209444,0.107884,0.319772,0.694436,0.409275,-0.467233
01324189,1523964224118,-9.7829,-1.6714,1.3034,0.263663,-0.302332,-0.250827,0.792617,-0.147977,-0.441229
01324188,1523964224118,-9.58604,-1.11408,-3.4638,0.174149,-0.0423007,-0.103454,0.870584,-0.282046,0.0446853
01324185,1523964224118,-11.0674,-0.616854,0.0903179,0.115888,0.180165,0.262508,0.82372,0.354306,-0.372717
01324181,1523964224118,-9.63203,0.590862,3.71427,-0.0539496,-0.163434,0.157847,0.84205,0.411117,-0.12968
01324180,1523964224118,-10.6481,-3.6219,0.157639,-0.0800724,0.120588,0.320687,0.696088,0.405622,-0.46733
01324189,1523964224135,-9.78192,-1.87423,0.779583,0.163095,-0.26334,-0.222811,0.791415,-0.146236,-0.444679
01324188,1523964224135,-9.58223,-1.4121,-3.60552,0.134216,-0.0959436,-0.0777533,0.871258,-0.281331,0.0447215
01324185,1523964224135,-10.7964,-0.420987,0.224712,0.152486,0.24712,0.295992,0.825356,0.348704,-0.370839
01324181,1523964224135,-9.54802,0.747174,3.65626,-0.062806,-0.0642461,0.167314,0.845054,0.410281,-0.133281
01324180,1523964224135,-10.3475,-3.34415,0.251524,0.014132,0.148121,0.31796,0.699361,0.400926,-0.467472
01324189,1523964224152,-9.8383,-2.22362,0.747961,0.0741665,-0.174381,-0.233922,0.791286,-0.143225,-0.447329
01324188,1523964224152,-9.45377,-1.99848,-3.60602,0.141494,-0.165549,-0.0447984,0.871927,-0.279694,0.0437386
01324185,1523964224152,-10.5595,-0.273113,0.302823,0.0949119,0.29098,0.307626,0.830241,0.347336,-0.368621
01324181,1523964224152,-9.79019,0.773552,3.49965,-0.094841,0.0387164,0.18905,0.846126,0.409166,-0.131276
01324180,1523964224152,-9.98652,-3.04365,0.314703,0.0541748,0.18648,0.290342,0.705031,0.39955,-0.472445
01324189,1523964224168,-9.90502,-2.15522,0.853795,0.0481019,-0.110193,-0.223454,0.791148,-0.139779,-0.449173
01324188,1523964224168,-9.42332,-1.60029,-3.67244,0.211546,-0.233575,-0.00436155,0.872597,-0.278195,0.0426123
01324185,1523964224168,-10.4532,-0.208783,0.28548,-0.00566823,0.285735,0.300942,0.83595,0.343499,-0.362854
01324181,1523964224168,-10.0691,0.644243,3.32163,-0.0843197,0.0357945,0.220103,0.848031,0.40576,-0.128834
01324180,1523964224168,-9.89517,-2.85781,0.420541,0.0521883,0.234546,0.252009,0.708536,0.396277,-0.468781
01324189,1523964224185,-9.77799,-1.92311,1.03011,0.0710604,-0.0603273,-0.188846,0.791963,-0.138652,-0.449709
01324188,1523964224185,-9.51855,-1.18985,-3.69948,0.16634,-0.311235,-0.000239904,0.872199,-0.279389,0.040254
01324185,1523964224185,-10.4341,-0.201749,0.20937,-0.110866,0.233591,0.269071,0.83935,0.339481,-0.359169
01324181,1523964224185,-10.1608,0.57776,3.19191,-0.12008,-0.0629247,0.240076,0.849176,0.400588,-0.129136
01324180,1523964224185,-9.88201,-2.80104,0.546657,-0.00222301,0.278983,0.209789,0.712825,0.394729,-0.465093
01324189,1523964224202,-9.78414,-1.73178,1.02336,0.0399706,0.0349872,-0.156256,0.791816,-0.136062,-0.450222
01324188,1523964224202,-9.58121,-1.11872,-3.49267,0.100345,-0.382941,0.0215178,0.873318,-0.283872,0.0329592
01324185,1523964224202,-10.4345,-0.254845,0.0692048,-0.20212,0.195376,0.233699,0.840177,0.335614,-0.355083
01324181,1523964224202,-10.1462,0.565802,3.19223,-0.16821,-0.126526,0.247434,0.850709,0.396003,-0.128525
01324180,1523964224202,-10.0033,-2.81825,0.671055,-0.082652,0.298584,0.177791,0.715516,0.390282,-0.456577
01324189,1523964224218,-9.83594,-1.68741,1.14595,-0.0409247,0.0670143,-0.0961614,0.79425,-0.135974,-0.448643
01324188,1523964224218,-9.46579,-1.27731,-3.28517,0.131944,-0.441409,0.0264217,0.873871,-0.284715,0.0258991
01324185,1523964224218,-10.4397,-0.274225,-0.095366,-0.274556,0.172718,0.186301,0.842761,0.334261,-0.352074
01324181,1523964224218,-9.93901,0.548818,3.22287,-0.170204,-0.129412,0.284428,0.852485,0.393696,-0.12823
01324180,1523964224218,-10.1293,-2.83506,0.751906,-0.154106,0.295269,0.154482,0.718977,0.390485,-0.452302
01324189,1523964224235,-9.67721,-1.72979,1.21647,-0.137547,0.106908,-0.0415047,0.795048,-0.133691,-0.448099
01324188,1523964224235,-9.42766,-1.41616,-3.10131,0.177541,-0.478348,0.0528865,0.87441,-0.283505,0.0216601
01324185,1523964224235,-10.3917,-0.269834,-0.230916,-0.339751,0.171584,0.183819,0.845752,0.33434,-0.347903
01324181,1523964224235,-9.72472,0.633923,3.12118,-0.151536,-0.0832184,0.29677,0.853204,0.391774,-0.130588
01324180,1523964224235,-10.1122,-2.86429,0.795416,-0.237724,0.284897,0.131012,0.723092,0.391097,-0.445732
01324189,1523964224252,-9.48454,-1.78903,1.28158,-0.151082,0.135536,-0.0132084,0.796946,-0.132591,-0.448112
01324188,1523964224252,-9.3593,-1.22404,-3.02657,0.22481,-0.533605,0.0641117,0.875096,-0.284142,0.0163614
01324185,1523964224252,-10.3485,-0.327939,-0.287971,-0.381756,0.213439,0.187842,0.848202,0.334137,-0.343729
01324181,1523964224252,-9.64611,0.853233,3.08367,-0.188031,-0.0503946,0.305744,0.857307,0.387263,-0.131467
01324180,1523964224252,-10.0422,-2.85382,0.796157,-0.293213,0.258685,0.116398,0.72573,0.392321,-0.440073
01324189,1523964224268,-9.50013,-2.07634,1.41744,-0.17895,0.182453,-0.0169346,0.798947,-0.129898,-0.445572
01324188,1523964224268,-9.45574,-1.13349,-2.81968,0.18304,-0.565567,0.0590297,0.875502,-0.283258,0.00981506
01324185,1523964224268,-10.3124,-0.402723,-0.2014,-0.423345,0.239508,0.201321,0.850385,0.33312,-0.337977
01324181,1523964224268,-9.54406,0.956337,3.08235,-0.232648,-0.0278458,0.333626,0.85923,0.383259,-0.130208
01324180,1523964224268,-9.98878,-2.86526,0.796615,-0.32099,0.251816,0.103851,0.729289,0.394391,-0.43306
01324189,1523964224285,-9.43475,-2.25357,1.33814,-0.136941,0.218277,0.00711602,0.800143,-0.130059,-0.44251
01324188,1523964224285,-9.52425,-1.34912,-2.63429,0.136102,-0.58725,0.072625,0.875114,-0.285127,0.000144787
01324185,1523964224285,-10.2377,-0.458527,-0.160349,-0.443789,0.253545,0.175724,0.853923,0.334511,-0.331469
01324181,1523964224285,-9.45785,0.986463,3.08956,-0.268238,0.0182449,0.342733,0.862522,0.377517,-0.12906
01324180,1523964224285,-9.94983,-2.89159,0.818603,-0.357301,0.227312,0.0946433,0.731268,0.396964,-0.432768
01324189,1523964224302,-9.37292,-2.46899,1.33183,-0.074572,0.250396,-0.00607086,0.801352,-0.129796,-0.441051
01324188,1523964224302,-9.50318,-1.52642,-2.45957,0.172867,-0.60338,0.083326,0.874586,-0.286489,-0.00787651
01324185,1523964224302,-10.1991,-0.405849,-0.215925,-0.477217,0.245557,0.135832,0.857194,0.334796,-0.323904
01324181,1523964224302,-9.54641,0.980538,3.12051,-0.30029,0.0493365,0.351747,0.864164,0.373406,-0.126335
01324180,1523964224302,-9.88596,-2.97068,0.83571,-0.332291,0.188732,0.098893,0.734455,0.397606,-0.428479
01324189,1523964224318,-9.34352,-2.59025,1.30189,-9.17982e-05,0.26685,-0.0236255,0.805,-0.130882,-0.437623
01324188,1523964224318,-9.5735,-1.57538,-2.31659,0.178282,-0.616906,0.109755,0.875002,-0.286995,-0.0158561
01324185,1523964224318,-10.2134,-0.335979,-0.262129,-0.498113,0.242775,0.101006,0.858696,0.335308,-0.31921
01324181,1523964224318,-9.51663,0.903258,3.11735,-0.311013,0.0379615,0.359442,0.866058,0.370718,-0.123774
01324180,1523964224318,-9.898,-2.98315,0.859692,-0.310875,0.171571,0.0839624,0.735267,0.398336,-0.431718
01324189,1523964224335,-9.21405,-2.70094,1.32888,0.0530339,0.257645,-0.0198995,0.806325,-0.130899,-0.433893
01324188,1523964224335,-9.56175,-1.65403,-2.10659,0.225683,-0.650232,0.150426,0.87462,-0.290076,-0.0245253
01324185,1523964224335,-10.2667,-0.35256,-0.325192,-0.558731,0.20618,0.0826098,0.859793,0.337964,-0.312968
01324181,1523964224335,-9.43387,0.812055,3.10513,-0.328627,0.0391621,0.331055,0.867442,0.366307,-0.121837
01324180,1523964224335,-9.90182,-2.89433,0.903646,-0.323539,0.136355,0.0889332,0.737366,0.399861,-0.426316
01324189,1523964224352,-9.16179,-2.73752,1.57627,0.0989654,0.255443,-0.0339627,0.810519,-0.131427,-0.431002
01324188,1523964224352,-9.27399,-1.60014,-1.68577,0.253674,-0.626014,0.152688,0.874638,-0.292066,-0.031785
01324185,1523964224352,-10.2526,-0.492282,-0.312226,-0.604763,0.196648,0.0546562,0.862517,0.338355,-0.307232
01324181,1523964224352,-9.39323,0.691173,3.17533,-0.32231,0.0441868,0.315569,0.87138,0.361589,-0.119256
01324180,1523964224352,-9.79953,-2.46278,1.07136,-0.474322,0.106239,0.0755439,0.739739,0.401388,-0.421998
01324189,1523964224368,-9.04437,-2.56266,1.56518,0.0899731,0.227854,-0.0561775,0.812533,-0.131323,-0.428215
01324188,1523964224368,-9.27857,-1.51899,-1.56373,0.265986,-0.609814,0.175956,0.872203,-0.292398,-0.0393142
01324185,1523964224368,-10.1951,-0.690006,-0.242288,-0.623133,0.167757,0.0557028,0.86362,0.337649,-0.299911
01324181,1523964224368,-9.25057,0.600694,3.14417,-0.296282,0.0301888,0.275692,0.8729,0.35731,-0.117721
01324180,1523964224368,-9.71752,-2.84932,1.19088,-0.664536,0.0831663,0.0512077,0.741519,0.405797,-0.413021
01324189,1523964224385,-9.15844,-2.26531,1.84752,0.0690102,0.194458,-0.0677131,0.813876,-0.131636,-0.426226
01324188,1523964224385,-9.51171,-1.12843,-1.4331,0.265124,-0.572227,0.190474,0.871684,-0.295231,-0.0470238
01324185,1523964224385,-9.993,-0.92713,-0.146595,-0.589981,0.140942,0.0481433,0.86526,0.339173,-0.293921
01324181,1523964224385,-9.10705,0.544287,2.99644,-0.280083,0.0376487,0.249816,0.873985,0.354636,-0.11502
01324180,1523964224385,-9.63126,-3.30131,1.1119,-0.646438,0.0502292,0.035136,0.741442,0.410557,-0.408873
01324189,1523964224402,-9.42494,-1.94068,1.98619,0.0293945,0.111248,-0.0516496,0.81535,-0.130803,-0.424363
01324188,1523964224402,-9.74405,-0.529145,-1.49929,0.1857,-0.541574,0.200835,0.871443,-0.299243,-0.0545413
01324185,1523964224402,-9.77627,-1.11138,-0.0520711,-0.537339,0.108016,0.0644099,0.865945,0.342639,-0.289514
01324181,1523964224402,-8.82928,0.48465,2.80616,-0.228163,0.020768,0.197724,0.875875,0.352792,-0.113142
01324180,1523964224402,-9.44524,-3.40856,0.958451,-0.46409,0.0362794,0.0220572,0.74287,0.413858,-0.407477
01324189,1523964224418,-9.53896,-1.52794,2.15441,-0.0243393,0.0471262,-0.0463602,0.815876,-0.128513,-0.423816
01324188,1523964224418,-9.72393,-0.298799,-1.34752,0.0269308,-0.50377,0.201928,0.870791,-0.302706,-0.0612116
01324185,1523964224418,-9.50377,-1.12752,-0.0538654,-0.483222,0.0750524,0.0755573,0.867171,0.344953,-0.286405
01324181,1523964224418,-8.6281,0.555154,2.56943,-0.167379,0.0536625,0.158105,0.876698,0.351356,-0.112855
01324180,1523964224418,-8.984,-3.09692,0.76165,-0.294257,0.0307865,0.0230662,0.743113,0.415736,-0.407037
01324189,1523964224435,-9.6643,-1.41982,2.41214,-0.112497,-0.0459513,-0.0286867,0.817799,-0.13058,-0.42439
01324188,1523964224435,-9.48052,-0.480921,-0.943458,-0.135375,-0.460221,0.174781,0.870949,-0.305443,-0.068116
01324185,1523964224435,-9.19253,-0.999574,-0.197102,-0.450106,0.0258243,0.110634,0.868125,0.344147,-0.284309
01324181,1523964224435,-8.50746,0.813842,2.45415,-0.161999,0.0588532,0.152898,0.878572,0.350242,-0.110327
01324180,1523964224435,-8.49334,-2.8487,0.661462,-0.143422,0.019335,0.00982478,0.744561,0.417148,-0.405004
01324189,1523964224452,-9.56811,-1.65054,2.59756,-0.110254,-0.177159,-0.0213399,0.814012,-0.129058,-0.427812
01324188,1523964224452,-9.32705,-0.797784,-0.532662,-0.170375,-0.403151,0.145104,0.867444,-0.30829,-0.0744427
01324185,1523964224452,-8.83103,-0.970702,-0.39,-0.422201,-0.0391903,0.146659,0.870296,0.346441,-0.282248
01324181,1523964224452,-8.47505,0.925811,2.47154,-0.144282,-0.0154175,0.152177,0.879684,0.346535,-0.109066
01324180,1523964224452,-8.07585,-2.59773,0.676584,-0.0769308,0.0194735,0.0137309,0.745216,0.416823,-0.401239
01324189,1523964224468,-9.44914,-2.10298,2.92085,-0.0534874,-0.312403,-0.0369021,0.813227,-0.128193,-0.431542
01324188,1523964224468,-9.29097,-0.833174,-0.31603,-0.11287,-0.341293,0.145295,0.866647,-0.310127,-0.081548
01324185,1523964224468,-8.4432,-1.01903,-0.575951,-0.331251,-0.113688,0.175868,0.870842,0.346043,-0.28094
01324181,1523964224468,-8.42131,0.926371,2.56364,-0.146155,-0.120699,0.149533,0.880259,0.344221,-0.109821
01324180,1523964224468,-7.93214,-2.48982,0.676162,-0.111644,-0.000811975,0.0133636,0.745332,0.417976,-0.400407
01324189,1523964224485,-9.40048,-2.66163,3.02588,0.0655146,-0.462151,-0.0770935,0.813257,-0.126918,-0.435412
01324188,1523964224485,-9.64846,-0.736227,-0.198606,-0.0703008,-0.274239,0.131218,0.866385,-0.311051,-0.0865836
01324185,1523964224485,-8.21446,-1.10721,-0.652774,-0.171927,-0.16644,0.158972,0.871119,0.343819,-0.279351
01324181,1523964224485,-8.79584,1.07701,2.80951,-0.217437,-0.249102,0.140108,0.880733,0.340722,-0.112542
01324180,1523964224485,-7.90705,-2.54716,0.64709,-0.158068,-0.0055305,0.0218087,0.746786,0.418513,-0.397581
01324189,1523964224502,-9.44592,-2.83789,2.82169,0.157973,-0.613401,-0.138685,0.80816,-0.126965,-0.443113
01324188,1523964224502,-9.97519,-0.845297,-0.291331,-0.0608361,-0.187972,0.146346,0.865453,-0.313479,-0.0903586
01324185,1523964224502,-8.31143,-1.23668,-0.717656,0.0537452,-0.195336,0.130017,0.870709,0.342372,-0.281296
01324181,1523964224502,-9.61949,1.09609,3.17095,-0.295959,-0.389521,0.146245,0.882112,0.339795,-0.114795
01324180,1523964224502,-8.12176,-2.72201,0.506273,-0.158981,-0.0270786,0.0497898,0.74569,0.420269,-0.396989
01324189,1523964224518,-9.3423,-2.61782,2.71355,0.210971,-0.7055,-0.149021,0.803755,-0.12761,-0.451629
01324188,1523964224518,-9.78883,-0.814468,-0.663678,-0.0313778,-0.12063,0.155284,0.864924,-0.315605,-0.0914273
01324185,1523964224518,-8.93864,-1.23763,-0.766013,0.316831,-0.21614,0.0721683,0.871509,0.339716,-0.287545
01324181,1523964224518,-9.98986,0.931364,3.43739,-0.241036,-0.607849,0.142569,0.881117,0.339344,-0.122878
01324180,1523964224518,-8.92883,-2.89583,0.294423,-0.1046,-0.0696364,0.0904148,0.746228,0.420555,-0.397937
01324189,1523964224535,-9.25064,-2.44745,2.76125,0.218108,-0.78845,-0.147085,0.797764,-0.129526,-0.46415
01324188,1523964224535,-9.6673,-0.640709,-0.750432,-0.096059,-0.0770341,0.149139,0.864402,-0.318741,-0.0926939
01324185,1523964224535,-9.85479,-1.02978,-0.869659,0.546372,-0.192622,0.0124317,0.870811,0.338424,-0.296154
01324181,1523964224535,-9.59232,0.654649,3.4235,-0.191108,-0.711014,0.111281,0.879308,0.33892,-0.130289
01324180,1523964224535,-9.8182,-3.07575,0.110738,-0.00280466,-0.131557,0.143529,0.746234,0.421445,-0.401296
01324189,1523964224552,-9.14967,-2.18752,2.48773,0.169484,-0.908858,-0.154157,0.793514,-0.128463,-0.475597
01324188,1523964224552,-9.75439,-0.655045,-0.72315,-0.188575,-0.0118215,0.1616,0.863598,-0.320079,-0.0949215
01324185,1523964224552,-10.5535,-0.775005,-0.842368,0.67751,-0.13933,0.0154968,0.870123,0.336074,-0.301094
01324181,1523964224552,-9.01946,0.535328,3.34976,-0.160649,-0.670863,0.0864063,0.879973,0.33779,-0.142228
01324180,1523964224552,-10.3161,-3.06587,-0.00766169,0.0829135,-0.174438,0.203667,0.74857,0.417944,-0.404642
01324189,1523964224568,-8.83726,-1.78394,2.49371,0.134747,-0.998348,-0.159502,0.785566,-0.124997,-0.486181
01324188,1523964224568,-9.79804,-0.684373,-0.643127,-0.192135,0.0309038,0.159382,0.862657,-0.32132,-0.0960643
01324185,1523964224568,-10.6731,-0.576696,-0.642675,0.741079,-0.0689277,0.0812759,0.870182,0.330573,-0.305195
01324181,1523964224568,-8.38397,0.402194,3.27185,-0.138911,-0.611773,0.0349901,0.879097,0.337373,-0.148719
01324180,1523964224568,-10.2076,-2.84697,-0.0416528,0.152443,-0.218456,0.226686,0.74803,0.416331,-0.399939
01324189,1523964224585,-8.86436,-1.59419,3.21505,0.0219642,-1.00742,-0.15452,0.777779,-0.121978,-0.499044
01324188,1523964224585,-10.0721,-0.23137,-0.454979,-0.16782,0.0862402,0.152132,0.862402,-0.323912,-0.0966271
01324185,1523964224585,-10.2377,-0.448987,-0.204045,0.731947,0.0168584,0.194596,0.872883,0.326391,-0.310128
01324181,1523964224585,-8.08654,0.294283,3.0633,-0.102782,-0.506981,-0.0349581,0.876215,0.337095,-0.156653
01324180,1523964224585,-9.66609,-2.47915,0.0188252,0.144069,-0.20514,0.258344,0.747692,0.412004,-0.402587
01324189,1523964224601,-8.87188,-1.48206,3.91644,-0.125489,-1.04031,-0.147835,0.768927,-0.121954,-0.512453
01324188,1523964224601,-10.0378,-0.101417,-0.437173,-0.259541,0.15226,0.148691,0.862417,-0.32628,-0.095833
01324185,1523964224601,-9.66262,-0.394349,0.26575,0.704346,0.0533063,0.287812,0.871527,0.318438,-0.313443
01324181,1523964224601,-8.27831,0.228962,3.03193,-0.0808562,-0.359778,-0.111269,0.875697,0.338999,-0.161469
01324180,1523964224601,-9.02192,-2.21216,0.14259,0.0841827,-0.148599,0.221358,0.748976,0.407075,-0.406487
01324189,1523964224618,-8.78087,-1.71762,4.41105,-0.182758,-1.05176,-0.155121,0.75815,-0.11685,-0.527004
01324188,1523964224618,-10.0004,-0.477818,-0.41961,-0.285021,0.198759,0.122493,0.858895,-0.327497,-0.0934418
01324185,1523964224618,-9.24224,-0.382201,0.611582,0.675793,0.0613512,0.359135,0.874508,0.309362,-0.316501
01324181,1523964224618,-8.45887,0.173329,3.18157,-0.0449825,-0.367816,-0.168285,0.873307,0.340626,-0.167057
01324180,1523964224618,-8.61271,-2.13224,0.345206,0.00625764,-0.0643752,0.198526,0.748648,0.403936,-0.413838
01324189,1523964224635,-8.6423,-1.9075,4.53021,-0.250575,-1.03036,-0.158964,0.750088,-0.113821,-0.539463
01324188,1523964224635,-9.93804,-0.652378,-1.01053,-0.15287,0.212315,0.068697,0.859585,-0.329643,-0.0914307
01324185,1523964224635,-9.10681,-0.286694,0.658182,0.552268,0.00630517,0.371499,0.876134,0.302549,-0.319053
01324181,1523964224635,-8.52197,0.177483,3.12313,-0.027059,-0.453333,-0.203546,0.870199,0.345697,-0.172577
01324180,1523964224635,-8.42851,-2.24613,0.592898,-0.0472604,0.0269381,0.175899,0.750281,0.40276,-0.416047
01324189,1523964224651,-8.3833,-1.92704,4.67716,-0.327553,-0.948506,-0.18341,0.744613,-0.109285,-0.553143
01324188,1523964224651,-9.49259,-0.500377,-1.26086,-0.148012,0.283739,0.0306385,0.86012,-0.328559,-0.0898888
01324185,1523964224651,-9.16967,-0.199817,0.451313,0.377668,-0.0553058,0.382305,0.879928,0.294323,-0.321861
01324181,1523964224651,-8.60907,0.186198,3.07411,-0.0341411,-0.478256,-0.212339,0.867548,0.347587,-0.179363
01324180,1523964224651,-8.42531,-2.53979,0.745996,-0.0304379,0.101216,0.143045,0.751719,0.402542,-0.408103
01324189,1523964224668,-8.42426,-2.06435,4.79916,-0.376795,-0.889323,-0.218324,0.736768,-0.101072,-0.563155
01324188,1523964224668,-9.58952,-0.56947,-1.32926,-0.249309,0.28988,0.008761,0.85998,-0.328311,-0.0858328
01324185,1523964224668,-9.45485,-0.188699,0.138275,0.223818,-0.147371,0.364419,0.881144,0.289757,-0.324826
01324181,1523964224668,-9.02193,0.195813,3.14614,-0.00571004,-0.47457,-0.210571,0.866222,0.350337,-0.185251
01324180,1523964224668,-8.80571,-2.87307,0.793622,0.0368153,0.165252,0.152714,0.756161,0.400281,-0.406728
01324189,1523964224685,-8.44836,-2.39505,4.66243,-0.444237,-0.867107,-0.255011,0.72814,-0.0945765,-0.575579
01324188,1523964224685,-9.70611,-0.718767,-1.29571,-0.305281,0.327407,-0.0124639,0.859971,-0.327085,-0.0840059
01324185,1523964224685,-9.85634,-0.379085,-0.155579,0.0542883,-0.226965,0.348201,0.883717,0.283646,-0.327519
01324181,1523964224685,-9.49201,0.19017,3.24709,0.00500535,-0.49421,-0.22617,0.863014,0.353387,-0.191658
01324180,1523964224685,-9.32508,-3.09852,0.763144,0.151818,0.203455,0.150253,0.758051,0.398645,-0.405438
01324189,1523964224701,-8.68997,-2.741,4.55329,-0.436627,-0.830045,-0.268332,0.716501,-0.0879935,-0.586363
01324188,1523964224701,-9.69232,-0.925656,-1.37096,-0.329757,0.336306,-0.0178341,0.859691,-0.326045,-0.0812449
01324185,1523964224701,-10.2772,-0.660735,-0.331202,-0.0754875,-0.240194,0.31451,0.881546,0.27752,-0.33111
01324181,1523964224701,-9.73441,0.0901285,3.40684,0.0547098,-0.515123,-0.216092,0.859846,0.356624,-0.202584
01324180,1523964224701,-9.80754,-3.1933,0.743412,0.239031,0.214041,0.16503,0.760012,0.392242,-0.407216
01324189,1523964224718,-8.90883,-2.93205,4.41009,-0.405195,-0.785431,-0.252275,0.709745,-0.0792361,-0.596784
01324188,1523964224718,-9.8141,-1.19385,-1.57454,-0.340349,0.344002,-0.0319894,0.861051,-0.326971,-0.0775504
01324185,1523964224718,-10.6304,-0.966802,-0.419694,-0.170424,-0.239346,0.312993,0.883033,0.27352,-0.333951
01324181,1523964224718,-9.55642,0.121302,3.46051,0.0759085,-0.484506,-0.186636,0.857732,0.358787,-0.209648
01324180,1523964224718,-10.1352,-3.27868,0.691408,0.280707,0.202813,0.210104,0.762359,0.385519,-0.405089
01324189,1523964224735,-8.94725,-3.03901,4.38608,-0.283091,-0.705499,-0.211138,0.703687,-0.0762416,-0.605386
01324188,1523964224735,-9.9263,-1.442,-1.19599,-0.336961,0.334687,-0.085185,0.860768,-0.325488,-0.0748963
01324185,1523964224735,-10.7589,-1.18274,-0.475055,-0.194877,-0.196632,0.334891,0.882757,0.271777,-0.336676
01324181,1523964224735,-9.52031,0.184525,3.80488,0.0589877,-0.372882,-0.176145,0.856255,0.361994,-0.214348
01324180,1523964224735,-10.2136,-3.37091,0.651466,0.277125,0.15676,0.277448,0.765868,0.383426,-0.404912
01324189,1523964224751,-8.86298,-3.023,4.52602,-0.153891,-0.608368,-0.157594,0.698032,-0.0726817,-0.613855
01324188,1523964224751,-9.74106,-1.05399,-1.61488,-0.15676,0.330774,-0.135306,0.861694,-0.322226,-0.0702613
01324185,1523964224751,-10.8172,-1.28835,-0.510297,-0.1928,-0.140027,0.360905,0.884114,0.266969,-0.337549
01324181,1523964224751,-9.62647,0.309534,3.67381,0.0616755,-0.207049,-0.151434,0.854648,0.364914,-0.219175
01324180,1523964224751,-10.3817,-3.45985,0.656586,0.247127,0.124683,0.342106,0.769165,0.376407,-0.404426
01324189,1523964224768,-8.28847,-2.85145,4.46421,-0.104968,-0.481219,-0.116023,0.692081,-0.0699628,-0.619383
01324188,1523964224768,-9.40557,-0.54746,-1.81943,-0.140111,0.278018,-0.125113,0.863854,-0.320785,-0.0676404
01324185,1523964224768,-10.9257,-1.26844,-0.534972,-0.190974,-0.0935596,0.341919,0.885333,0.263135,-0.339084
01324181,1523964224768,-9.87938,0.374449,3.70475,0.0776649,-0.119165,-0.136877,0.85249,0.366482,-0.220779
01324180,1523964224768,-10.4913,-3.61647,0.736829,0.196683,0.0638245,0.394095,0.772586,0.370254,-0.403789
01324189,1523964224785,-7.636,-2.51177,4.17281,-0.0790982,-0.307297,-0.0924065,0.687768,-0.0692969,-0.624145
01324188,1523964224785,-9.43838,-0.244749,-1.64384,-0.274145,0.20182,-0.103873,0.864919,-0.317866,-0.0650479
01324185,1523964224785,-11.0001,-1.13797,-0.542833,-0.212388,-0.0522224,0.315328,0.886424,0.257234,-0.338247
01324181,1523964224785,-9.91509,0.422674,3.55146,0.0474064,-0.0126655,-0.113446,0.85118,0.364475,-0.221786
01324180,1523964224785,-10.5717,-3.78978,0.82935,0.144352,0.0152918,0.442631,0.775609,0.364996,-0.40637
01324189,1523964224801,-7.33214,-2.14918,3.90378,-0.0712562,-0.105452,-0.0484008,0.686969,-0.06699,-0.627328
01324188,1523964224801,-9.32901,-0.732189,-1.29853,-0.257088,0.108239,-0.0605048,0.864096,-0.316349,-0.0660197
01324185,1523964224801,-10.997,-0.906855,-0.550194,-0.264013,-0.0117228,0.262392,0.888192,0.255017,-0.336272
01324181,1523964224801,-10.0548,0.430745,3.52867,0.0491021,0.0656686,-0.0868809,0.851424,0.365639,-0.22075
01324180,1523964224801,-10.594,-3.94247,0.86213,0.0906984,-0.0503888,0.472569,0.777975,0.357854,-0.406818
01324189,1523964224818,-7.47824,-2.1405,3.85489,-0.0250087,0.0521064,-0.00942068,0.684778,-0.0664954,-0.626229
01324188,1523964224818,-9.22529,-1.4484,-0.992023,-0.00284243,0.0106029,-0.0279427,0.864502,-0.31645,-0.0640118
01324185,1523964224818,-10.9483,-0.714477,-0.5325,-0.371946,0.0197076,0.209624,0.890029,0.255487,-0.336448
01324181,1523964224818,-10.0957,0.45955,3.31534,0.0508794,0.152683,-0.067166,0.851263,0.367646,-0.220657
01324180,1523964224818,-10.518,-4.03392,0.920373,0.0301138,-0.115089,0.49543,0.78086,0.3523,-0.407917
01324189,1523964224835,-7.87011,-2.61576,4.01789,0.0712903,0.183369,0.0493784,0.685738,-0.069106,-0.625458
01324188,1523964224835,-9.24416,-1.31583,-0.976233,0.449233,-0.0740878,0.00076312,0.863153,-0.317622,-0.063395
01324185,1523964224835,-10.8154,-0.662294,-0.487772,-0.511683,0.0521996,0.151709,0.889494,0.255258,-0.333699
01324181,1523964224835,-10.1069,0.488638,3.1843,0.0427693,0.204502,-0.0373881,0.851099,0.367855,-0.217738
01324180,1523964224835,-10.3558,-4.06646,0.9822,-0.0475897,-0.168316,0.467268,0.782303,0.344752,-0.410521
01324189,1523964224851,-8.02295,-3.12799,4.27942,0.191835,0.27979,0.0940645,0.689112,-0.071188,-0.621232
01324188,1523964224851,-9.21722,-0.56648,-1.2624,0.683213,-0.144636,0.0475951,0.862885,-0.318375,-0.0627657
01324185,1523964224851,-10.661,-0.701706,-0.409054,-0.6448,0.0836395,0.0835842,0.889908,0.257019,-0.330059
01324181,1523964224851,-9.90189,0.510598,3.03064,0.000846954,0.229704,-0.00778669,0.851204,0.368616,-0.215629
01324180,1523964224851,-10.1483,-4.04039,1.03029,-0.139592,-0.199643,0.437414,0.785584,0.340065,-0.412284
01324189,1523964224868,-7.83856,-3.3483,4.20309,0.274071,0.385122,0.14564,0.693173,-0.0764461,-0.615702
01324188,1523964224868,-9.21948,0.134512,-1.51422,0.625839,-0.199064,0.0881829,0.862086,-0.320894,-0.061567
01324185,1523964224868,-10.4706,-0.803938,-0.326379,-0.78236,0.0932905,0.0343074,0.891816,0.258525,-0.324984
01324181,1523964224868,-9.61559,0.514165,2.81022,-0.0115829,0.27226,0.00288986,0.853017,0.371529,-0.212123
01324180,1523964224868,-9.90224,-4.00902,1.07637,-0.240034,-0.223198,0.367993,0.78533,0.340088,-0.415251
01324189,1523964224885,-7.59144,-3.0727,3.99312,0.357844,0.490312,0.133232,0.697374,-0.0817106,-0.610708
01324188,1523964224885,-9.07362,0.35167,-1.61359,0.39417,-0.232841,0.156162,0.860736,-0.322059,-0.0610845
01324185,1523964224885,-10.2489,-0.930463,-0.266629,-0.863111,0.0866653,-0.00302787,0.891013,0.263423,-0.31941
01324181,1523964224885,-9.39097,0.52178,2.68111,-0.0418121,0.359131,0.0191952,0.854062,0.370198,-0.206925
01324180,1523964224885,-9.65661,-3.94642,1.13711,-0.356263,-0.238783,0.291503,0.785515,0.335587,-0.414669
01324189,1523964224901,-7.33268,-2.48257,3.72044,0.39647,0.598562,0.131322,0.700597,-0.0849283,-0.604216
01324188,1523964224901,-8.75636,-0.174563,-1.69552,0.232134,-0.249192,0.192111,0.859671,-0.324946,-0.064348
01324185,1523964224901,-9.99821,-1.02346,-0.203614,-0.934278,0.0711279,-0.0420246,0.891427,0.267172,-0.315005
01324181,1523964224901,-9.15978,0.466309,2.65467,-0.0614289,0.401834,0.0368148,0.85494,0.370886,-0.201104
01324180,1523964224901,-9.34687,-3.96484,1.16904,-0.44635,-0.227456,0.188958,0.785935,0.33663,-0.420732
01324189,1523964224918,-7.30183,-1.9322,3.75049,0.420754,0.70105,0.153411,0.707101,-0.0916815,-0.59712
01324188,1523964224918,-8.48733,-1.3685,-2.12719,0.198854,-0.258923,0.174161,0.857389,-0.328564,-0.0671036
01324185,1523964224918,-9.70667,-1.14804,-0.180844,-0.96865,0.0446424,-0.0844018,0.891979,0.272646,-0.308788
01324181,1523964224918,-8.95428,0.405623,2.70062,-0.074888,0.437641,0.0629821,0.855694,0.370581,-0.194995
01324180,1523964224918,-9.03737,-3.95148,1.16247,-0.499731,-0.236777,0.118157,0.784056,0.337396,-0.42204
01324189,1523964224935,-7.82934,-1.7224,4.21412,0.372291,0.767372,0.175442,0.714535,-0.0990217,-0.587364
01324188,1523964224935,-9.21158,-1.76787,-2.21899,0.355629,-0.194864,0.158141,0.856862,-0.330854,-0.0677787
01324185,1523964224935,-9.40775,-1.20528,-0.178494,-0.963027,0.00378766,-0.116528,0.893336,0.279476,-0.305331
01324181,1523964224935,-8.8055,0.31995,2.8143,-0.0703949,0.490666,0.0616783,0.85886,0.369711,-0.18704
01324180,1523964224935,-8.78983,-3.99396,1.11631,-0.527734,-0.224361,0.0177787,0.783484,0.340452,-0.42224
01324189,1523964224951,-8.87751,-1.85822,5.37119,0.368965,0.75917,0.165004,0.720303,-0.102716,-0.576356
01324188,1523964224951,-9.20823,-3.01746,-4.21958,0.538945,0.0439961,0.0204804,0.856083,-0.336323,-0.0689187
01324185,1523964224951,-9.22233,-1.28352,-0.222023,-0.918199,-0.013081,-0.177742,0.888734,0.286607,-0.300941
01324181,1523964224951,-8.80387,0.271359,2.9215,-0.0961681,0.52245,0.0603192,0.860463,0.364299,-0.178442
01324180,1523964224951,-8.63867,-4.04917,1.02565,-0.53018,-0.227679,-0.0790133,0.778875,0.343706,-0.419406
01324189,1523964224968,-9.39209,-1.97967,5.91416,0.316936,0.671845,0.149108,0.726503,-0.107868,-0.56697
01324188,1523964224968,-10.064,-0.705338,-0.956125,0.484672,0.137998,-0.172046,0.857145,-0.333196,-0.0645631
01324185,1523964224968,-9.08738,-1.27961,-0.288499,-0.826094,-0.0304473,-0.243247,0.8886,0.293149,-0.297868
01324181,1523964224968,-8.80314,0.242222,2.9607,-0.0882488,0.52095,0.0740754,0.861223,0.362731,-0.171245
01324180,1523964224968,-8.5938,-4.12272,0.953174,-0.486598,-0.22072,-0.155203,0.777192,0.349234,-0.41765
01324189,1523964224985,-9.10312,-1.27011,5.10338,0.208587,0.676219,0.134446,0.732973,-0.111449,-0.558378
01324188,1523964224985,-10.0029,1.48375,-0.952394,0.220566,0.0599259,-0.153529,0.857249,-0.328562,-0.060909
01324185,1523964224985,-8.96714,-1.35266,-0.368112,-0.711392,-0.0322486,-0.315675,0.886031,0.300151,-0.292831
01324181,1523964224985,-8.83202,0.280659,3.00808,-0.129155,0.510198,0.0689445,0.863279,0.364867,-0.163872
01324180,1523964224985,-8.55914,-4.1429,0.844643,-0.430685,-0.231547,-0.215598,0.775247,0.354038,-0.415229
01324189,1523964225001,-9.05246,-0.335973,4.32594,-0.000613576,0.740495,0.191342,0.738097,-0.115001,-0.551241
01324188,1523964225001,-9.54062,1.61486,-1.3278,-0.284893,0.0832533,-0.227461,0.857781,-0.32679,-0.0616126
01324185,1523964225001,-8.94553,-1.34322,-0.429794,-0.551806,0.000949432,-0.367095,0.883864,0.307962,-0.289763
01324181,1523964225001,-9.06759,0.360276,3.11131,-0.14867,0.502863,0.0534796,0.863737,0.36435,-0.154568
01324180,1523964225001,-8.62112,-4.16395,0.710995,-0.366123,-0.23351,-0.278493,0.770626,0.360808,-0.418537
01324189,1523964225018,-9.31182,-0.0370234,4.27702,-0.298781,0.747189,0.255232,0.745639,-0.117741,-0.54145
01324188,1523964225018,-10.443,1.40358,-1.67502,-0.581867,0.197158,-0.253147,0.859383,-0.322573,-0.062042
01324185,1523964225018,-9.15067,-1.35162,-0.484011,-0.353237,0.0404465,-0.452567,0.883051,0.315208,-0.286694
01324181,1523964225018,-9.20241,0.441099,3.19583,-0.123928,0.479433,0.0739087,0.865546,0.365329,-0.147965
01324180,1523964225018,-8.87235,-4.15374,0.60709,-0.297582,-0.225425,-0.316626,0.766022,0.365245,-0.419461
01324189,1523964225035,-9.44736,0.0402593,4.31819,-0.459869,0.683429,0.346347,0.749107,-0.11837,-0.533735
01324188,1523964225035,-10.2292,0.354428,-1.74659,-0.684989,0.274159,-0.269756,0.859894,-0.317536,-0.0609256
01324185,1523964225035,-9.33389,-1.27831,-0.544859,-0.200472,0.101921,-0.499015,0.878705,0.325774,-0.286912
01324181,1523964225035,-8.87708,0.449924,3.04319,-0.0723772,0.461932,0.0838507,0.867339,0.366068,-0.139232
01324180,1523964225035,-9.0228,-4.08946,0.523801,-0.200766,-0.232958,-0.358216,0.76193,0.372291,-0.421961
01324189,1523964225051,-9.50079,-0.208507,3.52978,-0.416912,0.665755,0.438036,0.753916,-0.118165,-0.524559
01324188,1523964225051,-9.47398,-0.687651,-1.0379,-0.336251,0.319938,-0.33488,0.861752,-0.311277,-0.0584035
01324185,1523964225051,-9.28521,-1.12933,-0.53877,-0.111414,0.120318,-0.512852,0.876811,0.333604,-0.2828
01324181,1523964225051,-8.58842,0.254592,2.80728,0.0165511,0.507459,0.104595,0.869447,0.364198,-0.131909
01324180,1523964225051,-8.8612,-3.85031,0.45902,-0.129756,-0.26318,-0.410705,0.756926,0.37762,-0.425563
01324189,1523964225068,-9.35434,-0.864196,2.64975,-0.518742,0.646878,0.487451,0.758073,-0.117956,-0.518317
01324188,1523964225068,-9.0639,-0.966481,-1.3803,0.261946,0.321631,-0.341315,0.86376,-0.307401,-0.0548207
01324185,1523964225068,-9.00008,-1.02506,-0.421025,-0.0531284,0.146072,-0.526754,0.874646,0.337318,-0.280215
01324181,1523964225068,-8.50953,0.066324,2.76551,0.096722,0.562217,0.0961975,0.869952,0.361212,-0.124281
01324180,1523964225068,-8.51171,-3.54605,0.381931,-0.113775,-0.224837,-0.483307,0.753246,0.381876,-0.423397
01324189,1523964225085,-9.47623,-1.73337,1.88036,-0.610409,0.578731,0.505063,0.759648,-0.117968,-0.512315
01324188,1523964225085,-9.13541,-0.765943,-2.44527,0.59664,0.298516,-0.332201,0.865085,-0.303103,-0.0475681
01324185,1523964225085,-8.66693,-1.02706,-0.287182,-0.00334869,0.147221,-0.535452,0.870911,0.345446,-0.278952
01324181,1523964225085,-8.49009,-0.0740251,2.60169,0.153739,0.555,0.0856196,0.872764,0.358149,-0.118667
01324180,1523964225085,-8.07537,-3.25123,0.380559,-0.10511,-0.176388,-0.538324,0.747398,0.389966,-0.425581
01324189,1523964225101,-9.34437,-2.60531,1.23614,-0.659202,0.512625,0.480123,0.762998,-0.118891,-0.506341
01324188,1523964225101,-9.54306,-1.17971,-2.36614,0.415394,0.277046,-0.310715,0.865607,-0.300485,-0.0414874
01324185,1523964225101,-8.40647,-1.12968,-0.154122,0.0396277,0.11352,-0.51833,0.866576,0.353391,-0.27614
01324181,1523964225101,-8.68778,-0.0714621,2.54241,0.167926,0.509088,0.0869485,0.873123,0.356023,-0.111055
01324180,1523964225101,-7.76771,-3.09781,0.367488,-0.112073,-0.122325,-0.613627,0.741283,0.397181,-0.426022
01324189,1523964225118,-9.22549,-4.05731,0.780597,-0.518365,0.490335,0.460191,0.768133,-0.122162,-0.50054
01324188,1523964225118,-9.53559,-1.77917,-2.1562,0.183582,0.270092,-0.289349,0.868682,-0.294019,-0.034525
01324185,1523964225118,-8.33448,-1.31303,-0.0728221,0.160027,0.0649581,-0.501156,0.862777,0.3586,-0.276439
01324181,1523964225118,-8.91008,-0.0548079,2.69523,0.180346,0.360158,0.0632634,0.871737,0.356133,-0.106925
01324180,1523964225118,-7.72527,-3.00529,0.339408,-0.0879477,-0.0491103,-0.675368,0.735688,0.406572,-0.428318
01324189,1523964225135,-9.25023,-5.25346,0.890094,-0.203378,0.414401,0.32903,0.770553,-0.123789,-0.496568
01324188,1523964225135,-9.43086,-2.18903,-1.52037,0.0130339,0.299488,-0.229105,0.868394,-0.291659,-0.0319506
01324185,1523964225135,-8.47964,-1.48065,-0.0551785,0.335967,0.00510217,-0.500931,0.860325,0.365735,-0.279112
01324181,1523964225135,-9.07509,0.054649,2.92875,0.155315,0.156441,0.0443699,0.874106,0.358029,-0.103801
01324180,1523964225135,-7.94233,-3.04621,0.315312,-0.0500503,0.0399413,-0.736884,0.730621,0.415355,-0.427527
01324189,1523964225151,-9.10017,-5.14545,1.59883,0.276344,0.32123,0.181532,0.771744,-0.126528,-0.491386
01324188,1523964225151,-9.81434,-2.61614,-1.61699,0.0134568,0.313061,-0.121907,0.87055,-0.289693,-0.0280852
01324185,1523964225151,-8.82254,-1.58932,-0.102467,0.580826,-0.0535952,-0.493093,0.855573,0.370627,-0.281233
01324181,1523964225151,-9.20935,0.227521,3.19505,0.130378,0.00382847,0.0155614,0.873736,0.35504,-0.103337
01324180,1523964225151,-8.36097,-3.18537,0.225871,0.0262991,0.096676,-0.751769,0.724602,0.42502,-0.426029
01324189,1523964225168,-9.32175,-4.20939,2.43198,0.588107,0.224809,0.0921778,0.773776,-0.131596,-0.487302
01324188,1523964225168,-10.0395,-2.01074,-1.52687,0.175994,0.362539,-0.0282633,0.870536,-0.28824,-0.0218015
01324185,1523964225168,-9.31465,-1.58388,-0.144541,0.86246,-0.0737382,-0.468503,0.85258,0.374503,-0.284918
01324181,1523964225168,-9.40861,0.482241,3.30481,0.110944,-0.088942,-0.0291178,0.874157,0.354439,-0.104391
01324180,1523964225168,-8.95786,-3.36973,0.103021,0.155201,0.144714,-0.75932,0.719174,0.430477,-0.425435
01324189,1523964225185,-9.4715,-3.23506,2.55339,0.670865,0.103086,0.0411705,0.773919,-0.137339,-0.484406
01324188,1523964225185,-9.87116,-1.58119,-1.3203,0.179577,0.438386,0.0168541,0.869711,-0.287222,-0.0152656
01324185,1523964225185,-9.95604,-1.43795,-0.264165,1.15803,-0.0380724,-0.486778,0.849579,0.375767,-0.292497
01324181,1523964225185,-9.67752,0.687455,3.60828,0.146456,-0.106565,-0.0327847,0.872855,0.353386,-0.107544
01324180,1523964225185,-9.73045,-3.44525,-0.00644427,0.300149,0.151949,-0.738856,0.714266,0.436787,-0.423751
01324189,1523964225201,-9.25234,-2.1131,2.45538,0.603771,-0.0188692,0.0313427,0.773952,-0.144383,-0.483526
01324188,1523964225201,-9.45767,-1.56737,-1.44638,0.291036,0.487842,0.00494721,0.870257,-0.288538,-0.00916209
01324185,1523964225201,-10.6403,-1.11356,-0.369231,1.38615,0.0104468,-0.517811,0.845216,0.37498,-0.304232
01324181,1523964225201,-9.87042,0.806402,3.70136,0.127791,-0.120871,-0.0422949,0.871259,0.354614,-0.111272
01324180,1523964225201,-10.4694,-3.50591,-0.113083,0.422399,0.144795,-0.704575,0.70922,0.443831,-0.422995
01324189,1523964225218,-9.09957,-1.11706,2.40189,0.448154,-0.0794398,0.0371107,0.772358,-0.149523,-0.484352
01324188,1523964225218,-9.46076,-1.13335,-2.14098,0.309964,0.520757,0.008089,0.869705,-0.288075,-0.000241034
01324185,1523964225218,-11.1459,-0.69403,-0.526598,1.53323,0.102238,-0.531214,0.840588,0.375949,-0.312587
01324181,1523964225218,-9.80664,0.763422,3.77988,0.169631,-0.0588773,-0.0401769,0.871417,0.354559,-0.113663
01324180,1523964225218,-10.9153,-3.4285,-0.167765,0.527262,0.121525,-0.65824,0.705984,0.446955,-0.426667
01324189,1523964225235,-9.12233,-0.699957,1.84827,0.187622,-0.0629496,0.0699592,0.770319,-0.151478,-0.483407
01324188,1523964225235,-9.41602,-0.831043,-2.64464,0.152936,0.515614,0.0317441,0.868482,-0.288945,0.00941273
01324185,1523964225235,-11.3858,-0.230229,-0.491985,1.52253,0.183154,-0.552087,0.837995,0.376796,-0.319902
01324181,1523964225235,-10.0443,0.648903,3.91096,0.183963,-0.0308242,-0.0571427,0.871668,0.356125,-0.113831
01324180,1523964225235,-11.0356,-3.11609,-0.167224,0.59372,0.121651,-0.650681,0.698603,0.449428,-0.430561
01324189,1523964225251,-9.63814,-1.01863,1.04719,-0.0676648,0.00881751,0.104599,0.769518,-0.153043,-0.484079
01324188,1523964225251,-9.57218,-1.2684,-3.12318,-0.0425201,0.496088,0.0301905,0.8678,-0.289142,0.0169478
01324185,1523964225251,-11.4278,0.155375,-0.370405,1.40172,0.209127,-0.536811,0.834725,0.376376,-0.327202
01324181,1523964225251,-10.4839,0.512612,4.01219,0.216275,-0.0139692,-0.108687,0.872228,0.355928,-0.115959
01324180,1523964225251,-11.0563,-2.65546,-0.147979,0.581348,0.132152,-0.650568,0.69644,0.451798,-0.432508
01324189,1523964225268,-9.9453,-1.62179,0.312878,-0.272769,0.0972595,0.119795,0.769499,-0.151742,-0.482865
01324188,1523964225268,-9.53571,-1.9235,-3.59643,-0.159248,0.426503,0.0569826,0.867797,-0.289401,0.0224512
01324185,1523964225268,-11.5092,0.317289,-0.269107,1.21021,0.23255,-0.490811,0.832411,0.376151,-0.331634
01324181,1523964225268,-10.4247,0.302338,3.89584,0.275118,-0.0514975,-0.132463,0.87006,0.358214,-0.117445
01324180,1523964225268,-11.1254,-2.2051,-0.124427,0.475665,0.193512,-0.668263,0.691577,0.455662,-0.43398
01324189,1523964225285,-10.1967,-2.2304,0.0839915,-0.331895,0.241207,0.133596,0.770837,-0.150188,-0.48153
01324188,1523964225285,-9.60456,-2.25987,-3.73242,-0.160556,0.312294,0.112365,0.867528,-0.290091,0.0248346
01324185,1523964225285,-11.6341,0.402465,-0.12876,0.942858,0.194102,-0.449423,0.829016,0.374527,-0.335526
01324181,1523964225285,-10.3193,0.315731,3.87694,0.278929,-0.0594033,-0.17653,0.866704,0.358241,-0.11834
01324180,1523964225285,-11.0255,-2.28179,-0.0658684,0.395783,0.237856,-0.622783,0.686212,0.456341,-0.434698
01324189,1523964225301,-10.4522,-2.7352,0.115858,-0.249287,0.338828,0.142631,0.7719,-0.150777,-0.47847
01324188,1523964225301,-9.65259,-2.16364,-3.67516,-0.0746216,0.203602,0.16662,0.866052,-0.293154,0.0285656
01324185,1523964225301,-11.6727,0.344995,-0.0488729,0.654481,0.137103,-0.346676,0.826842,0.375892,-0.337883
01324181,1523964225301,-10.1521,0.286087,3.97518,0.336192,0.00694204,-0.226165,0.86495,0.361609,-0.122377
01324180,1523964225301,-10.9093,-2.13661,0.0327369,0.335366,0.315054,-0.638439,0.683473,0.460731,-0.433489
01324189,1523964225318,-10.2819,-2.83487,0.288302,-0.0875014,0.418291,0.159877,0.772263,-0.151051,-0.473661
01324188,1523964225318,-9.55953,-1.82455,-3.59714,-0.00786001,0.106531,0.229736,0.863361,-0.296829,0.0302542
01324185,1523964225318,-11.4133,-0.113979,0.0612079,0.473545,0.0988726,-0.203404,0.825483,0.376997,-0.339065
01324181,1523964225318,-10.1008,0.44456,3.76961,0.382666,-0.0459733,-0.268179,0.864113,0.365578,-0.124577
01324180,1523964225318,-10.7547,-2.15509,0.125986,0.293909,0.398964,-0.636395,0.680493,0.466335,-0.440492
01324189,1523964225335,-10.0116,-2.51549,0.698768,0.124468,0.462689,0.159566,0.776564,-0.152284,-0.467299
01324188,1523964225335,-9.52451,-1.4723,-3.29979,0.0291198,0.0388162,0.262866,0.863381,-0.300234,0.0313873
01324185,1523964225335,-11.1876,-0.560695,0.182311,0.42134,0.0791296,-0.113114,0.82439,0.377211,-0.34259
01324181,1523964225335,-9.95208,0.735153,3.61285,0.388249,-0.00861032,-0.302424,0.863275,0.369546,-0.126776
01324180,1523964225335,-10.5901,-2.19266,0.20956,0.297624,0.4932,-0.616416,0.678146,0.471588,-0.439271
01324189,1523964225351,-9.9191,-2.08076,1.08542,0.267123,0.495783,0.175068,0.779811,-0.157235,-0.462292
01324188,1523964225351,-9.54289,-1.1936,-3.14575,0.0764458,-0.0304464,0.276576,0.861234,-0.304157,0.0319765
01324185,1523964225351,-10.9518,-0.745159,0.16926,0.462785,0.0630386,-0.0110505,0.825475,0.375656,-0.34284
01324181,1523964225351,-9.76438,1.05039,3.54764,0.392654,0.0145506,-0.29198,0.860589,0.371238,-0.129573
01324180,1523964225351,-10.4486,-2.29763,0.249034,0.331549,0.521817,-0.552761,0.6766,0.475498,-0.434038
01324189,1523964225368,-9.82372,-1.77593,1.28186,0.370761,0.505957,0.194035,0.784125,-0.163207,-0.454362
01324188,1523964225368,-9.49406,-1.041,-2.9237,0.0940573,-0.0597367,0.288765,0.86115,-0.312056,0.0295988
01324185,1523964225368,-10.614,-0.643834,0.0567048,0.506453,0.0264368,0.0638995,0.823843,0.371494,-0.346844
01324181,1523964225368,-9.49802,1.25736,3.52123,0.381097,0.0446262,-0.288326,0.85762,0.374353,-0.132928
01324180,1523964225368,-10.1376,-2.39539,0.251533,0.378019,0.538453,-0.501454,0.675459,0.476759,-0.423326
01324189,1523964225385,-9.68001,-1.50147,1.29008,0.384845,0.487671,0.2083,0.7857,-0.167379,-0.445852
01324188,1523964225385,-9.48903,-0.983368,-2.89298,0.111525,-0.0887725,0.279714,0.859957,-0.316552,0.0296018
01324185,1523964225385,-10.2159,-0.463498,-0.127186,0.507259,-0.00498882,0.0844203,0.824925,0.367225,-0.349027
01324181,1523964225385,-9.28347,1.34729,3.45326,0.33913,0.0273521,-0.260826,0.855715,0.377899,-0.135506
01324180,1523964225385,-9.75755,-2.58367,0.21554,0.464719,0.529091,-0.414068,0.673814,0.478802,-0.420694
01324189,1523964225401,-9.61072,-1.45307,1.24534,0.351905,0.506131,0.218802,0.787991,-0.173163,-0.439904
01324188,1523964225401,-9.42119,-0.936121,-2.78804,0.0837469,-0.118953,0.28982,0.859278,-0.316345,0.0285463
01324185,1523964225401,-9.78874,-0.235208,-0.332224,0.499562,-0.0331311,0.0717544,0.82397,0.362492,-0.35342
01324181,1523964225401,-8.99972,1.3167,3.42668,0.297177,0.0703373,-0.225911,0.854328,0.380512,-0.134616
01324180,1523964225401,-9.46716,-2.59488,0.227981,0.56556,0.516401,-0.332706,0.675853,0.477772,-0.424121
01324189,1523964225418,-9.5905,-1.48302,1.12326,0.2877,0.537006,0.23274,0.790681,-0.179528,-0.432762
01324188,1523964225418,-9.44132,-1.14446,-2.63679,0.0316091,-0.134367,0.315847,0.856873,-0.322026,0.0263363
01324185,1523964225418,-9.38809,-0.0307924,-0.49706,0.48529,-0.0355755,0.0691427,0.824366,0.359856,-0.358622
01324181,1523964225418,-8.8773,1.5173,3.16763,0.224183,0.124596,-0.201132,0.853079,0.38395,-0.135206
01324180,1523964225418,-9.19787,-2.45606,0.183036,0.606079,0.460325,-0.282757,0.675331,0.476328,-0.423467
01324189,1523964225435,-9.59854,-1.67666,1.15213,0.209655,0.517115,0.23785,0.794042,-0.185045,-0.425085
01324188,1523964225435,-9.38599,-1.20832,-2.49706,0.0107192,-0.142931,0.312078,0.856636,-0.327384,0.025735
01324185,1523964225435,-9.03086,0.147442,-0.625798,0.449249,0.0164308,0.0304972,0.824634,0.35671,-0.361074
01324181,1523964225435,-8.83946,1.47397,3.29911,0.159837,0.078427,-0.159095,0.851947,0.388258,-0.135151
01324180,1523964225435,-9.00692,-2.26062,0.176306,0.602879,0.375325,-0.197212,0.675621,0.474731,-0.424044
01324189,1523964225451,-9.47804,-1.72997,1.0869,0.130108,0.491181,0.262485,0.796594,-0.189684,-0.41873
01324188,1523964225451,-9.32568,-1.23814,-2.401,-0.0205178,-0.136102,0.345579,0.853004,-0.331965,0.022263
01324185,1523964225451,-8.82561,0.271303,-0.691665,0.391397,0.0660069,-0.00467254,0.825179,0.350489,-0.362192
01324181,1523964225451,-8.61931,1.47908,3.20141,0.0813075,0.0153164,-0.120663,0.850467,0.389111,-0.136349
01324180,1523964225451,-8.83469,-2.09879,0.130539,0.505311,0.298421,-0.138584,0.677538,0.47107,-0.42347
01324189,1523964225468,-9.35878,-1.65621,1.15829,0.0434755,0.477413,0.279967,0.800356,-0.19234,-0.412106
01324188,1523964225468,-9.38315,-1.07915,-2.34905,-0.0552664,-0.135998,0.375419,0.850451,-0.335939,0.0209695
01324185,1523964225468,-8.75546,0.335886,-0.678348,0.30429,0.11225,-0.0457112,0.824904,0.350743,-0.36363
01324181,1523964225468,-8.50666,1.4148,3.33619,0.0294782,0.0336981,-0.0789845,0.850335,0.388272,-0.135533
01324180,1523964225468,-8.68963,-2.07236,0.0740963,0.376266,0.230484,-0.0959452,0.678354,0.469599,-0.422431
01324189,1523964225485,-9.36105,-1.60264,1.19253,-0.0676407,0.482039,0.290247,0.801409,-0.196078,-0.406128
01324188,1523964225485,-9.4259,-0.859967,-2.29294,-0.103089,-0.132635,0.408746,0.85063,-0.342302,0.0167998
01324185,1523964225485,-8.80601,0.367505,-0.674082,0.212804,0.16997,-0.0867912,0.823826,0.350504,-0.361403
01324181,1523964225485,-8.54907,1.33667,3.32292,-0.0170298,0.0788226,-0.0267101,0.849804,0.387153,-0.134707
01324180,1523964225485,-8.67924,-2.11538,0.0449592,0.262168,0.135707,-0.0234956,0.678884,0.467375,-0.41573
01324189,1523964225501,-9.39495,-1.63196,1.1808,-0.201151,0.480011,0.31291,0.802737,-0.200399,-0.400023
01324188,1523964225501,-9.45968,-0.842898,-2.30246,-0.128336,-0.123092,0.424604,0.847818,-0.34816,0.0153917
01324185,1523964225501,-8.93385,0.341848,-0.639229,0.141177,0.174947,-0.0960704,0.823556,0.3498,-0.361396
01324181,1523964225501,-8.7449,1.24216,3.33073,-0.0287839,0.102507,0.00979376,0.849222,0.389204,-0.132884
01324180,1523964225501,-8.79555,-2.1023,0.0487292,0.158554,0.073333,0.00884891,0.677559,0.466977,-0.41788
01324189,1523964225518,-9.45867,-1.67883,1.10863,-0.299909,0.436181,0.328665,0.805144,-0.201014,-0.39524
01324188,1523964225518,-9.52232,-0.771433,-2.14379,-0.14571,-0.10985,0.437007,0.845012,-0.354668,0.0123273
01324185,1523964225518,-9.13653,0.297388,-0.613111,0.0244261,0.198981,-0.0917977,0.824913,0.351095,-0.359976
01324181,1523964225518,-8.94181,1.15257,3.23217,-0.0459271,0.0793935,0.0510787,0.84894,0.389237,-0.131554
01324180,1523964225518,-8.94065,-2.1139,0.0714174,0.0181344,0.00531879,0.0532296,0.677979,0.465668,-0.418452
01324189,1523964225535,-9.52286,-1.91915,1.08712,-0.356272,0.414341,0.330308,0.804599,-0.206018,-0.392063
01324188,1523964225535,-9.5199,-0.762463,-2.04762,-0.136875,-0.0802741,0.470137,0.84207,-0.361143,0.00859367
01324185,1523964225535,-9.39483,0.238781,-0.637846,-0.103678,0.214332,-0.0857431,0.825461,0.354548,-0.356223
01324181,1523964225535,-9.08505,1.00539,3.13989,-0.0620929,0.0843818,0.0822548,0.84894,0.387849,-0.129665
01324180,1523964225535,-9.15079,-2.13063,0.049939,-0.125045,-0.04491,0.0854227,0.678661,0.467141,-0.424376
01324189,1523964225551,-9.56543,-2.01978,0.946352,-0.347931,0.340914,0.355357,0.805131,-0.208751,-0.389148
01324188,1523964225551,-9.51712,-0.669976,-2.17363,-0.0871367,-0.0537164,0.496434,0.841175,-0.36966,0.00726446
01324185,1523964225551,-9.62912,0.134282,-0.658284,-0.242731,0.222649,-0.0889908,0.82547,0.356605,-0.351801
01324181,1523964225551,-9.34713,0.939081,3.29645,-0.0640434,0.0831183,0.106459,0.849893,0.385588,-0.127768
01324180,1523964225551,-9.28521,-2.19455,0.00960581,-0.267503,-0.0882169,0.122036,0.678918,0.467417,-0.422753
01324189,1523964225568,-9.65861,-1.9819,0.884564,-0.276168,0.28239,0.382377,0.806861,-0.207773,-0.385682
01324188,1523964225568,-9.55953,-0.363468,-2.19292,-0.0774122,-0.0537033,0.530116,0.837943,-0.373502,0.00652613
01324185,1523964225568,-9.87568,-0.0519845,-0.660371,-0.398834,0.235163,-0.0403647,0.826292,0.35824,-0.347378
01324181,1523964225568,-9.45119,0.870056,3.13048,-0.0580355,0.0732793,0.147759,0.850691,0.385738,-0.126983
01324180,1523964225568,-9.38944,-2.34502,-0.030908,-0.400572,-0.121141,0.166666,0.678779,0.468737,-0.424886
01324189,1523964225585,-9.71322,-1.74349,0.730176,-0.185509,0.218451,0.397909,0.806201,-0.212928,-0.384645
01324188,1523964225585,-9.58799,-0.213379,-2.26385,-0.140177,-0.0358298,0.551115,0.834602,-0.381385,0.004998
01324185,1523964225585,-10.0406,-0.385586,-0.615913,-0.541607,0.212138,-0.00940068,0.826577,0.361323,-0.340877
01324181,1523964225585,-9.49335,0.767678,3.11043,-0.0395424,0.0561932,0.178603,0.852612,0.382294,-0.126267
01324180,1523964225585,-9.47367,-2.5634,-0.0184286,-0.478112,-0.118818,0.210993,0.679033,0.468715,-0.422054
01324189,1523964225601,-9.74911,-1.27924,0.629591,-0.1298,0.159181,0.404425,0.805254,-0.217208,-0.382528
01324188,1523964225601,-9.56579,-0.0993771,-2.37336,-0.159329,-0.0486026,0.561466,0.831537,-0.390162,0.00381429
01324185,1523964225601,-10.1037,-0.570545,-0.572485,-0.613636,0.167414,0.0318044,0.827132,0.363556,-0.33463
01324181,1523964225601,-9.18717,0.766576,2.95303,-0.0182318,0.0927493,0.196874,0.852887,0.380889,-0.124912
01324180,1523964225601,-9.455,-2.72341,0.0678816,-0.506548,-0.11621,0.248591,0.679541,0.469701,-0.4188
01324189,1523964225618,-9.72889,-0.790223,0.567163,-0.124187,0.134986,0.438239,0.8038,-0.224505,-0.382569
01324188,1523964225618,-9.50968,0.0338261,-2.48811,-0.140138,-0.0524271,0.568641,0.825891,-0.398234,0.000956997
01324185,1523964225618,-9.87733,-0.750045,-0.488129,-0.673936,0.128168,0.100112,0.828769,0.367896,-0.328668
01324181,1523964225618,-8.91552,0.915397,2.9012,-0.0485964,0.0975145,0.220197,0.85355,0.379929,-0.12264
01324180,1523964225618,-9.17369,-2.79304,0.116166,-0.48068,-0.116922,0.286472,0.679785,0.469815,-0.414209
01324189,1523964225635,-9.6495,-0.378187,0.542603,-0.189819,0.140013,0.476192,0.801893,-0.228039,-0.380167
01324188,1523964225635,-9.59606,0.223966,-2.3929,-0.12788,-0.0671298,0.568543,0.822419,-0.407011,-8.69549e-05
01324185,1523964225635,-9.54962,-0.901306,-0.427812,-0.673607,0.0813021,0.167527,0.830679,0.36871,-0.322934
01324181,1523964225635,-9.19932,0.902157,3.1194,-0.0130174,0.138285,0.218789,0.85575,0.374654,-0.120428
01324180,1523964225635,-8.83911,-2.85447,0.133596,-0.463293,-0.120724,0.30229,0.682156,0.472074,-0.411227
01324189,1523964225651,-9.71197,-0.178798,0.665723,-0.262224,0.137404,0.5195,0.800852,-0.234919,-0.380879
01324188,1523964225651,-9.68774,0.286158,-2.27242,-0.129454,-0.0721576,0.598551,0.819211,-0.414384,-0.00320038
01324185,1523964225651,-9.40524,-1.0298,-0.410834,-0.63136,0.0586084,0.227979,0.83191,0.369652,-0.317852
01324181,1523964225651,-9.37266,0.851665,3.02266,0.0483339,0.106576,0.22009,0.855905,0.372105,-0.119181
01324180,1523964225651,-8.8095,-2.89508,0.126412,-0.437646,-0.107389,0.341211,0.683616,0.470118,-0.403589
01324189,1523964225668,-9.75408,-0.134395,0.788167,-0.327934,0.126059,0.540633,0.800049,-0.238346,-0.380094
01324188,1523964225668,-9.70228,0.285344,-2.14716,-0.08412,-0.0552602,0.593733,0.816538,-0.420699,-0.00423496
01324185,1523964225668,-9.45862,-1.07049,-0.517316,-0.589136,0.0441144,0.228038,0.8326,0.368046,-0.313398
01324181,1523964225668,-9.37689,0.817637,3.03777,0.0597325,0.0432645,0.238472,0.8577,0.36781,-0.11818
01324180,1523964225668,-8.94767,-3.06104,0.143486,-0.383852,-0.111696,0.390743,0.686308,0.468172,-0.401236
01324189,1523964225685,-9.67665,0.0214956,0.850654,-0.392191,0.0887372,0.540471,0.798741,-0.243788,-0.382263
01324188,1523964225685,-9.64399,0.364406,-2.10501,-0.0544698,-0.0618347,0.587673,0.812807,-0.431285,-0.00700423
01324185,1523964225685,-9.5937,-1.00233,-0.623847,-0.547615,0.0144948,0.212903,0.834913,0.368123,-0.309357
01324181,1523964225685,-9.39016,0.744676,3.06324,0.0596762,-0.00444381,0.240657,0.858698,0.364058,-0.119042
01324180,1523964225685,-9.03759,-3.2118,0.146614,-0.340124,-0.129602,0.417252,0.688055,0.467117,-0.399662
01324189,1523964225701,-9.68984,0.0999785,0.97761,-0.424443,0.0441888,0.526234,0.795788,-0.249754,-0.382811
01324188,1523964225701,-9.6141,0.621308,-1.96318,-0.0317586,-0.0652068,0.586901,0.806879,-0.437817,-0.00841549
01324185,1523964225701,-9.80593,-0.919254,-0.734507,-0.520807,0.0134472,0.223131,0.834924,0.368487,-0.305049
01324181,1523964225701,-9.31727,0.633991,2.9982,0.0740072,0.0183565,0.23046,0.85944,0.358892,-0.119341
01324180,1523964225701,-9.27319,-3.30581,0.100294,-0.298702,-0.125119,0.465048,0.689184,0.463783,-0.403122
01324189,1523964225718,-9.70915,0.0623661,1.13359,-0.442928,0.00466592,0.500487,0.793514,-0.253299,-0.384686
01324188,1523964225718,-9.65184,0.895401,-1.8306,-0.0684538,-0.0259677,0.583524,0.803409,-0.447068,-0.00868136
01324185,1523964225718,-9.89305,-0.971747,-0.805455,-0.48648,-0.0148698,0.243706,0.836288,0.36742,-0.301908
01324181,1523964225718,-9.2715,0.600594,2.96533,0.0652114,0.0011928,0.212231,0.860399,0.357729,-0.119592
01324180,1523964225718,-9.40815,-3.37095,0.175958,-0.248121,-0.141544,0.505708,0.694329,0.459489,-0.403419
01324189,1523964225735,-9.79528,-0.086824,1.30979,-0.470885,-0.0485471,0.476526,0.791941,-0.258881,-0.387522
01324188,1523964225735,-9.65652,0.947666,-1.71552,-0.106823,-0.00199315,0.588831,0.799658,-0.45452,-0.00990821
01324185,1523964225735,-9.85945,-1.10668,-0.693893,-0.437481,0.00218993,0.236734,0.835886,0.367739,-0.29995
01324181,1523964225735,-9.25948,0.615277,2.98444,0.0527737,-0.0175083,0.206071,0.861637,0.355149,-0.11902
01324180,1523964225735,-9.32574,-3.42183,0.285242,-0.201872,-0.155243,0.539281,0.69573,0.456745,-0.409167
01324189,1523964225751,-9.75836,-0.296542,1.42557,-0.491829,-0.0984115,0.457,0.788174,-0.259664,-0.391498
01324188,1523964225751,-9.45867,0.83174,-1.79303,-0.115586,0.0398349,0.601655,0.795363,-0.462039,-0.00951695
01324185,1523964225751,-9.70959,-1.19402,-0.398542,-0.35793,0.0191014,0.245009,0.837247,0.364811,-0.298359
01324181,1523964225751,-9.08227,0.665897,2.98219,0.0491878,-0.0475975,0.206633,0.862368,0.351952,-0.12082
01324180,1523964225751,-9.19075,-3.43372,0.419421,-0.148103,-0.176951,0.535919,0.697815,0.450621,-0.409455
01324189,1523964225768,-9.64473,-0.477196,1.49888,-0.492028,-0.155432,0.429545,0.787128,-0.261952,-0.394447
01324188,1523964225768,-9.37142,0.88514,-1.89045,-0.0930544,0.0531383,0.580728,0.790527,-0.469524,-0.0127516
01324185,1523964225768,-9.51608,-1.19977,-0.105899,-0.252474,0.0145327,0.243177,0.840374,0.362907,-0.294693
01324181,1523964225768,-8.85303,0.736592,2.9171,0.0296117,-0.0493728,0.210061,0.861352,0.34794,-0.121789
01324180,1523964225768,-8.97955,-3.33549,0.496945,-0.109443,-0.176606,0.523834,0.701091,0.446222,-0.410942
01324189,1523964225785,-9.58381,-0.448891,1.36902,-0.413336,-0.178764,0.40052,0.781481,-0.263272,-0.400814
01324188,1523964225785,-9.46621,0.723249,-2.13853,-0.0670295,0.0625992,0.567728,0.785284,-0.47735,-0.0116945
01324185,1523964225785,-9.38011,-1.07515,0.180588,-0.189249,-0.00155465,0.282297,0.840784,0.361086,-0.294155
01324181,1523964225785,-8.78465,0.742153,3.03818,0.034996,-0.070863,0.195188,0.863004,0.345054,-0.121878
01324180,1523964225785,-8.85015,-3.27704,0.592787,-0.116233,-0.176316,0.506196,0.703302,0.438617,-0.406265
01324189,1523964225801,-9.64737,-0.35732,1.0343,-0.296057,-0.174829,0.404465,0.777734,-0.266934,-0.405081
01324188,1523964225801,-9.79729,0.740651,-2.38639,-0.0407992,0.0526236,0.595188,0.781403,-0.486051,-0.0111131
01324185,1523964225801,-9.27826,-0.974543,0.313495,-0.17192,-0.00353342,0.277163,0.841063,0.357604,-0.292032
01324181,1523964225801,-8.80284,0.800219,2.97175,-0.00230644,-0.0551063,0.189407,0.863585,0.34356,-0.124377
01324180,1523964225801,-8.8122,-3.23848,0.641707,-0.109198,-0.161862,0.485243,0.70389,0.435141,-0.408504
01324189,1523964225818,-9.76374,-0.260853,0.734463,-0.296208,-0.137724,0.40619,0.774775,-0.270459,-0.406547
01324188,1523964225818,-9.84085,0.726474,-2.40518,-0.0652207,0.0457261,0.593169,0.776294,-0.493582,-0.0101738
01324185,1523964225818,-9.24204,-0.876167,0.189615,-0.14822,0.0260078,0.256528,0.843779,0.354959,-0.290317
01324181,1523964225818,-8.93631,0.745228,3.01783,-0.00851555,-0.0480762,0.186081,0.864274,0.340458,-0.121929
01324180,1523964225818,-8.87987,-3.26653,0.708564,-0.123059,-0.136473,0.439626,0.706089,0.431197,-0.410101
01324189,1523964225835,-9.89296,-0.107591,0.576131,-0.366183,-0.0774543,0.389871,0.772387,-0.273009,-0.411356
01324188,1523964225835,-9.75652,0.648873,-2.38588,-0.0878488,0.0247916,0.592799,0.771457,-0.501256,-0.00938162
01324185,1523964225835,-9.56267,-0.691362,5.28181e-05,-0.194114,0.0258122,0.193714,0.844593,0.352695,-0.290821
01324181,1523964225835,-9.18167,0.667011,3.14817,-0.0326284,-0.0735422,0.194629,0.865538,0.338237,-0.124552
01324180,1523964225835,-9.15604,-3.23344,0.696382,-0.154055,-0.141876,0.399022,0.70908,0.427665,-0.410081
01324189,1523964225851,-9.98168,0.309387,0.653917,-0.451631,-0.0213013,0.385939,0.769713,-0.276117,-0.414293
01324188,1523964225851,-9.74363,0.866429,-2.47218,-0.0931772,0.00176075,0.567726,0.766621,-0.508798,-0.0114082
01324185,1523964225851,-9.91007,-0.602679,-0.17039,-0.255139,-0.00404242,0.146424,0.845144,0.350778,-0.28793
01324181,1523964225851,-9.26813,0.627208,3.10249,-0.0256035,-0.0953789,0.208234,0.866123,0.334651,-0.124616
01324180,1523964225851,-9.4327,-3.19402,0.771236,-0.213529,-0.114138,0.360229,0.710463,0.424016,-0.410039
01324189,1523964225868,-9.95266,0.645013,0.797886,-0.483311,0.0144025,0.36799,0.768111,-0.278098,-0.416297
01324188,1523964225868,-9.73803,1.08311,-2.42847,-0.145437,-0.0330987,0.566979,0.761515,-0.51643,-0.014514
01324185,1523964225868,-10.1368,-0.570002,-0.207122,-0.32421,-0.0215264,0.0956343,0.846234,0.351109,-0.285324
01324181,1523964225868,-9.35992,0.599505,3.01791,-0.0557827,-0.0778352,0.202474,0.866465,0.330176,-0.126253
01324180,1523964225868,-9.66427,-3.25002,0.788003,-0.269229,-0.102925,0.316037,0.710763,0.421255,-0.409829
01324189,1523964225885,-9.98795,0.722139,1.07122,-0.448648,0.0434274,0.362731,0.766099,-0.27806,-0.41935
01324188,1523964225885,-9.72743,1.34793,-2.3756,-0.17347,-0.0486122,0.530323,0.757484,-0.522729,-0.015396
01324185,1523964225885,-10.277,-0.708759,-0.189985,-0.419433,-0.020705,0.0889641,0.847193,0.351471,-0.281151
01324181,1523964225885,-9.39336,0.565164,2.99421,-0.0395799,-0.0748654,0.170569,0.867577,0.328135,-0.127285
01324180,1523964225885,-9.76095,-3.23857,0.738785,-0.354713,-0.0882261,0.26815,0.712896,0.42179,-0.408769
01324189,1523964225901,-10.0866,0.570242,1.21839,-0.322044,0.0360781,0.336538,0.765173,-0.280773,-0.420431
01324188,1523964225901,-9.67814,1.61711,-2.27494,-0.230251,-0.0669927,0.496984,0.752641,-0.529058,-0.0184236
01324185,1523964225901,-10.1905,-0.887388,-0.104502,-0.428393,-0.0206773,0.083855,0.845434,0.352912,-0.27946
01324181,1523964225901,-9.39324,0.54092,2.97535,-0.0430501,-0.0361172,0.1623,0.867507,0.323129,-0.127313
01324180,1523964225901,-9.75095,-3.27004,0.758044,-0.417291,-0.0804229,0.216808,0.714062,0.421721,-0.400548
01324189,1523964225918,-10.2617,0.459934,1.45687,-0.191803,-0.0152937,0.314009,0.761942,-0.283575,-0.422423
01324188,1523964225918,-9.66069,1.0956,-2.18371,-0.248706,-0.050468,0.462541,0.748614,-0.535515,-0.0221425
01324185,1523964225918,-10.0893,-1.00106,0.0233571,-0.413315,0.0128596,0.105714,0.847468,0.353349,-0.278688
01324181,1523964225918,-9.39958,0.603988,2.89682,-0.057242,-0.000763983,0.162645,0.866839,0.322569,-0.127161
01324180,1523964225918,-9.51973,-3.19493,0.760714,-0.4679,-0.0659254,0.183149,0.712706,0.422609,-0.399565
01324189,1523964225935,-10.4181,0.512194,1.71493,-0.0749545,-0.0941871,0.264828,0.760351,-0.28843,-0.423781
01324188,1523964225935,-9.53686,0.582797,-2.01397,-0.258706,-0.0636429,0.348191,0.745932,-0.540345,-0.0237573
01324185,1523964225935,-9.92063,-1.11759,0.116815,-0.378449,0.0198976,0.137913,0.847202,0.353955,-0.276472
01324181,1523964225935,-9.42543,0.606055,2.96182,-0.0856959,-0.0221442,0.155662,0.867791,0.320589,-0.125536
01324180,1523964225935,-9.2491,-3.18489,0.797248,-0.490721,-0.0265626,0.137507,0.713212,0.42418,-0.39711
01324189,1523964225951,-10.4752,0.655993,1.85244,-0.0430051,-0.149761,0.24195,0.759044,-0.293871,-0.42595
01324188,1523964225951,-9.71998,0.763576,-1.90829,-0.397962,-0.0635843,0.210024,0.742705,-0.544586,-0.0284246
01324185,1523964225951,-9.8316,-1.20721,0.140615,-0.356166,0.00938138,0.164301,0.847214,0.349646,-0.273426
01324181,1523964225951,-9.38018,0.587238,2.89244,-0.0857449,-0.0379197,0.164134,0.8678,0.320569,-0.126465
01324180,1523964225951,-9.17059,-3.26852,0.802389,-0.47842,-0.0012188,0.0990415,0.715987,0.428053,-0.398559
01324189,1523964225968,-10.3178,0.580151,1.98132,-0.0943442,-0.166611,0.170706,0.756887,-0.294685,-0.427537
01324188,1523964225968,-10.0251,1.30282,-1.97097,-0.728056,-0.0411817,0.134492,0.742711,-0.544699,-0.0352976
01324185,1523964225968,-9.77388,-1.22689,0.0825401,-0.313545,-0.0173447,0.173768,0.847759,0.348393,-0.272631
01324181,1523964225968,-9.41258,0.535855,2.95601,-0.0928153,-0.0327711,0.155598,0.868269,0.315415,-0.126363
01324180,1523964225968,-9.16944,-3.34798,0.785045,-0.42102,0.0433333,0.0733225,0.716886,0.429607,-0.394354
01324189,1523964225985,-9.84873,0.414181,2.18804,-0.243463,-0.186009,0.0653205,0.754869,-0.291776,-0.431771
01324188,1523964225985,-9.95978,1.29392,-2.11339,-1.08599,-0.0300287,0.0702268,0.741913,-0.546183,-0.043727
01324185,1523964225985,-9.75685,-1.11632,-0.0042486,-0.280686,-0.0159992,0.161812,0.849661,0.349713,-0.269907
01324181,1523964225985,-9.39849,0.497274,2.8699,-0.0937733,-0.0458115,0.168416,0.869625,0.314123,-0.125686
01324180,1523964225985,-9.22252,-3.34581,0.748286,-0.364206,0.0650425,0.0509886,0.717218,0.432309,-0.386606
01324189,1523964226001,-9.43895,0.0382038,2.21991,-0.410118,-0.198345,-0.050787,0.752584,-0.289723,-0.43601
01324188,1523964226001,-9.69944,1.06757,-2.29386,-1.39183,-0.0159463,-0.0484858,0.741627,-0.542585,-0.055076
01324185,1523964226001,-9.76642,-1.04169,-0.0773969,-0.275919,-0.0161435,0.150752,0.849667,0.34848,-0.268067
01324181,1523964226001,-9.31244,0.459557,2.76974,-0.105276,-0.0415425,0.162438,0.870174,0.313675,-0.126213
01324180,1523964226001,-9.27072,-3.34848,0.718799,-0.323195,0.078488,0.0443193,0.717464,0.43316,-0.384161
01324189,1523964226018,-9.06512,-0.314734,2.12093,-0.579744,-0.214058,-0.129578,0.750971,-0.285101,-0.440904
01324188,1523964226018,-9.1594,0.712911,-1.50549,-1.77057,0.0477602,-0.123754,0.742042,-0.542162,-0.0704018
01324185,1523964226018,-9.71351,-1.04449,-0.152424,-0.289085,0.00758681,0.131043,0.849671,0.34809,-0.266364
01324181,1523964226018,-9.27807,0.435666,2.81389,-0.0875282,-0.0378555,0.169304,0.869645,0.31227,-0.125381
01324180,1523964226018,-9.20821,-3.31129,0.695445,-0.283039,0.0847514,0.0454914,0.717688,0.435456,-0.380877
01324189,1523964226035,-8.88653,-0.515903,2.32222,-0.702191,-0.192166,-0.186919,0.748679,-0.277021,-0.448037
01324188,1523964226035,-8.33982,0.0885744,-0.919016,-1.92449,0.173316,-0.209142,0.745021,-0.53906,-0.0878807
01324185,1523964226035,-9.6027,-1.08853,-0.156715,-0.317215,0.0246064,0.130942,0.849945,0.349244,-0.26494
01324181,1523964226035,-9.19576,0.4172,2.85099,-0.0643929,-0.0360991,0.167503,0.871037,0.308813,-0.12559
01324180,1523964226035,-9.06914,-3.22287,0.706956,-0.269083,0.0891902,0.0447222,0.718218,0.436321,-0.381677
01324189,1523964226051,-8.94598,-0.613669,2.85837,-0.713703,-0.191994,-0.211815,0.749499,-0.268727,-0.453599
01324188,1523964226051,-8.01945,-0.222636,-0.716538,-1.83785,0.320371,-0.291844,0.748524,-0.533517,-0.101713
01324185,1523964226051,-9.45828,-1.19536,-0.156946,-0.305022,0.0244701,0.127497,0.851033,0.349847,-0.262859
01324181,1523964226051,-9.05707,0.307214,2.88297,-0.0429536,-0.0399197,0.151866,0.870256,0.307097,-0.126077
01324180,1523964226051,-8.91053,-3.14373,0.704105,-0.253448,0.104313,0.0361194,0.717906,0.438626,-0.378385
01324189,1523964226068,-9.1298,-1.0002,3.71215,-0.596534,-0.270793,-0.255645,0.74923,-0.261408,-0.458354
01324188,1523964226068,-8.54816,-0.0269147,-0.844146,-1.7556,0.509108,-0.335315,0.751183,-0.523823,-0.110564
01324185,1523964226068,-9.33798,-1.32609,-0.119503,-0.249193,0.0312727,0.156283,0.850906,0.347357,-0.260483
01324181,1523964226068,-8.9854,0.155213,2.88875,-0.0268415,-0.0614921,0.132666,0.871521,0.304459,-0.12816
01324180,1523964226068,-8.79471,-3.11814,0.695709,-0.25525,0.107806,0.0361128,0.719924,0.439334,-0.381507
01324189,1523964226084,-9.29467,-1.43064,4.51685,-0.394584,-0.442036,-0.341668,0.746812,-0.254764,-0.465765
01324188,1523964226084,-9.02437,0.584646,-1.85674,-1.76763,0.703095,-0.335114,0.754674,-0.516878,-0.120135
01324185,1523964226084,-9.32148,-1.48987,-0.0724247,-0.180539,0.0517392,0.156076,0.853624,0.344578,-0.258375
01324181,1523964226084,-9.00761,0.0602772,2.95564,-0.0125288,-0.0989947,0.111627,0.871011,0.302318,-0.128243
01324180,1523964226084,-8.80851,-3.16145,0.666334,-0.243383,0.121544,0.0529803,0.720165,0.439885,-0.377447
01324189,1523964226101,-9.25862,-1.53629,4.61829,-0.282289,-0.590124,-0.477841,0.74467,-0.246982,-0.47424
01324188,1523964226101,-9.3631,0.433598,-2.84424,-1.73352,0.997145,-0.319294,0.758692,-0.508053,-0.123403
01324185,1523964226101,-9.44962,-1.61906,-0.0413468,-0.0875406,0.0599634,0.189969,0.853495,0.342646,-0.256266
01324181,1523964226101,-8.98244,-0.0122271,2.97892,-0.0184227,-0.119583,0.0511357,0.870488,0.302428,-0.1301
01324180,1523964226101,-8.90365,-3.27334,0.640622,-0.186323,0.160053,0.0667919,0.721488,0.440135,-0.374625
01324189,1523964226118,-9.22121,-1.53953,4.18932,-0.32761,-0.643423,-0.610286,0.737078,-0.236472,-0.483701
01324188,1523964226118,-9.94059,-1.48574,-2.53113,-1.39102,1.32219,-0.265622,0.763812,-0.502562,-0.121239
01324185,1523964226118,-9.6331,-1.68533,-0.0328104,0.0113249,0.0854823,0.197393,0.855397,0.339562,-0.255459
01324181,1523964226118,-9.04931,-0.0712171,2.94581,-0.0314877,-0.130217,0.00284126,0.869601,0.298842,-0.131078
01324180,1523964226118,-9.08839,-3.37159,0.594775,-0.107186,0.157617,0.116525,0.721179,0.439943,-0.365845
01324189,1523964226134,-9.28749,-1.97441,3.77063,-0.327671,-0.631554,-0.735567,0.734364,-0.224072,-0.492133
01324188,1523964226134,-9.94525,-2.75241,-2.06476,-0.235256,1.61082,-0.144773,0.769202,-0.498244,-0.106632
01324185,1523964226134,-9.86939,-1.66459,-0.0229081,0.111405,0.128483,0.192806,0.856079,0.335909,-0.254903
01324181,1523964226134,-9.10346,-0.0184307,2.88167,-0.00270313,-0.100148,-0.0469746,0.868664,0.300095,-0.13322
01324180,1523964226134,-9.3411,-3.47119,0.601429,-0.0211319,0.171217,0.15412,0.724127,0.439301,-0.364146
01324189,1523964226151,-9.28445,-2.82637,3.27201,-0.0845341,-0.591182,-0.873423,0.73276,-0.21544,-0.500474
01324188,1523964226151,-9.67015,-2.20482,-1.8986,1.05238,1.80424,0.00689824,0.773259,-0.498842,-0.0830266
01324185,1523964226151,-10.0378,-1.53832,0.00241457,0.172056,0.164872,0.192541,0.85757,0.335631,-0.254644
01324181,1523964226151,-9.11469,0.0688211,2.82679,0.00480057,-0.0942797,-0.112462,0.86878,0.301524,-0.133251
01324180,1523964226151,-9.49967,-3.57261,0.657328,0.0763968,0.186797,0.181231,0.726589,0.435935,-0.36614
01324189,1523964226168,-9.32271,-3.6653,2.60367,0.364886,-0.539204,-1.04614,0.730837,-0.203478,-0.505976
01324188,1523964226168,-10.9615,-0.322279,-2.52169,1.84763,1.90172,0.0689194,0.77433,-0.500995,-0.0438648
01324185,1523964226168,-10.0663,-1.39366,0.0215576,0.218242,0.207018,0.22369,0.858123,0.329473,-0.252497
01324181,1523964226168,-9.03376,0.0553044,2.72614,0.0601308,-0.0450875,-0.132918,0.867976,0.302915,-0.13553
01324180,1523964226168,-9.45672,-3.55603,0.735178,0.163109,0.205299,0.234652,0.730639,0.432368,-0.363435
01324189,1523964226184,-9.54628,-4.13614,2.01201,0.75181,-0.436434,-1.19959,0.72918,-0.194675,-0.508964
01324188,1523964226184,-11.1955,1.84259,-2.69353,1.8059,1.88771,0.121481,0.775393,-0.501947,-0.00543546
01324185,1523964226184,-9.90189,-1.31754,0.125348,0.216936,0.210676,0.234685,0.861112,0.327547,-0.250006
01324181,1523964226184,-9.02841,-0.0319236,2.66747,0.122642,-0.00673931,-0.167253,0.865796,0.305091,-0.135553
01324180,1523964226184,-9.25088,-3.41926,0.815278,0.22248,0.230366,0.217608,0.730941,0.42858,-0.361354
01324189,1523964226201,-10.0539,-3.92645,1.84006,0.969284,-0.338592,-1.28513,0.729157,-0.188927,-0.510122
01324188,1523964226201,-10.6382,2.86334,-2.76008,1.23025,1.80092,0.0883225,0.773767,-0.507048,0.0354605
01324185,1523964226201,-9.64597,-1.28535,0.208689,0.242135,0.217641,0.248163,0.861663,0.322657,-0.247871
01324181,1523964226201,-9.15316,-0.0528054,2.66466,0.140649,0.00501557,-0.203375,0.864958,0.308922,-0.137483
01324180,1523964226201,-9.02329,-3.29221,0.92454,0.264163,0.254988,0.218903,0.733665,0.423584,-0.358118
01324189,1523964226218,-9.96399,-2.00472,1.53171,1.11193,-0.214896,-1.21829,0.729395,-0.182319,-0.510607
01324188,1523964226218,-9.97522,2.3751,-2.24581,0.651234,1.62501,-0.00419395,0.772928,-0.506523,0.0648517
01324185,1523964226218,-9.41907,-1.25782,0.259351,0.23238,0.209139,0.266887,0.864108,0.318873,-0.246797
01324181,1523964226218,-9.01141,0.0751027,2.57376,0.169103,-0.055216,-0.209212,0.863334,0.310631,-0.13883
01324180,1523964226218,-8.71799,-3.17848,1.01032,0.290424,0.287412,0.177936,0.735586,0.419486,-0.357282
01324189,1523964226234,-10.4343,0.0716213,2.07924,1.3046,-0.232937,-1.0896,0.730585,-0.179751,-0.508594
01324188,1523964226234,-9.52054,1.79985,-1.58955,0.421333,1.40688,-0.0691511,0.77181,-0.5036,0.0836266
01324185,1523964226234,-9.18256,-1.20873,0.258427,0.25977,0.161584,0.290921,0.866421,0.314404,-0.244672
01324181,1523964226234,-8.86442,0.147295,2.45498,0.147777,-0.0951916,-0.215571,0.861271,0.314649,-0.139557
01324180,1523964226234,-8.45331,-3.09891,1.08584,0.297805,0.295287,0.134041,0.739224,0.417238,-0.355895
01324189,1523964226251,-10.1966,1.2907,2.30248,1.36973,-0.304333,-1.02534,0.72947,-0.178562,-0.506699
01324188,1523964226251,-9.15569,1.77194,-1.23597,0.44225,1.16448,-0.205258,0.771233,-0.500237,0.102153
01324185,1523964226251,-9.00411,-1.14013,0.138469,0.264211,0.0983887,0.313392,0.867782,0.307501,-0.24461
01324181,1523964226251,-8.7783,0.194394,2.47395,0.186926,-0.0943157,-0.218301,0.861687,0.315449,-0.141969
01324180,1523964226251,-8.33237,-3.10993,1.1208,0.276955,0.315282,0.0935784,0.741802,0.41326,-0.352771
01324189,1523964226268,-9.75939,2.25315,2.13752,1.32631,-0.345422,-1.00952,0.728391,-0.177965,-0.508019
01324188,1523964226268,-9.08553,2.46136,-1.24758,0.50497,0.917257,-0.327919,0.772003,-0.495254,0.119821
01324185,1523964226268,-8.89325,-1.0495,-0.0443325,0.27727,0.0505236,0.291547,0.869954,0.302565,-0.244831
01324181,1523964226268,-8.59294,0.376103,2.49098,0.152902,-0.148678,-0.189427,0.859797,0.317851,-0.144523
01324180,1523964226268,-8.27258,-3.26695,1.19786,0.294646,0.331854,0.0550719,0.744219,0.412045,-0.35067
01324189,1523964226284,-9.81054,3.04075,2.79736,1.09022,-0.408449,-0.994188,0.727559,-0.173633,-0.509046
01324188,1523964226284,-9.33364,3.37048,-1.48011,0.450633,0.687331,-0.468942,0.773022,-0.486114,0.132631
01324185,1523964226284,-8.77251,-0.85783,-0.255286,0.234082,-0.0143892,0.271571,0.870225,0.297459,-0.246611
01324181,1523964226284,-8.29941,0.619884,2.33845,0.134944,-0.112681,-0.151238,0.857111,0.319263,-0.147049
01324180,1523964226284,-8.18351,-3.42802,1.2341,0.364822,0.340486,0.0291421,0.745474,0.407376,-0.349431
01324189,1523964226301,-9.84744,3.2693,3.52867,0.756342,-0.522225,-0.968427,0.724562,-0.171545,-0.510065
01324188,1523964226301,-9.46778,3.69592,-1.74674,0.312834,0.495716,-0.533967,0.774598,-0.478783,0.140339
01324185,1523964226301,-8.65672,-0.743131,-0.41671,0.200437,-0.0549798,0.227617,0.87158,0.291783,-0.248651
01324181,1523964226301,-8.48309,0.823795,2.50242,0.092847,-0.062227,-0.100651,0.856304,0.319828,-0.147849
01324180,1523964226301,-8.18273,-3.47848,1.21208,0.442364,0.32108,0.00574706,0.746697,0.405903,-0.349209
01324189,1523964226318,-9.70543,2.76062,4.08028,0.421387,-0.659313,-0.910669,0.720916,-0.165154,-0.516929
01324188,1523964226318,-9.4239,3.80173,-1.72879,0.290273,0.310868,-0.59102,0.778074,-0.471338,0.148031
01324185,1523964226318,-8.69534,-0.685197,-0.515133,0.166061,-0.106538,0.14635,0.871844,0.291449,-0.251392
01324181,1523964226318,-8.9004,0.925417,2.73447,0.0311075,-0.0594488,-0.0468956,0.854536,0.321978,-0.148805
01324180,1523964226318,-8.36093,-3.49371,1.08458,0.515976,0.267498,-0.016105,0.747085,0.404261,-0.342359
01324189,1523964226334,-9.66152,1.83267,4.36463,0.120652,-0.728537,-0.822696,0.716718,-0.15645,-0.524437
01324188,1523964226334,-9.52408,4.15628,-2.03927,0.385342,0.127334,-0.649933,0.782088,-0.462905,0.153085
01324185,1523964226334,-8.9754,-0.702824,-0.633986,0.175253,-0.118135,0.0546281,0.87184,0.289995,-0.25373
01324181,1523964226334,-9.29589,0.9982,2.94789,-0.0403239,-0.106634,-0.0159545,0.854808,0.323357,-0.150962
01324180,1523964226334,-8.80909,-3.56967,0.920273,0.564722,0.225795,-0.0212816,0.747635,0.403534,-0.343597
01324189,1523964226351,-9.74529,0.825414,4.49494,-0.13144,-0.757681,-0.72928,0.712664,-0.146319,-0.533674
01324188,1523964226351,-9.76987,4.36581,-2.22215,0.375867,-0.030163,-0.679204,0.785281,-0.453195,0.156076
01324185,1523964226351,-9.54471,-0.720963,-0.648249,0.227161,-0.0884102,-0.0866684,0.870345,0.287405,-0.256574
01324181,1523964226351,-9.74435,0.987967,3.04182,-0.131328,-0.134248,0.0229976,0.855109,0.321613,-0.151992
01324180,1523964226351,-9.45556,-3.65287,0.763659,0.591042,0.16394,-0.030215,0.748624,0.400195,-0.345704
01324189,1523964226368,-9.77511,-0.0915106,4.37638,-0.282621,-0.749053,-0.617843,0.703839,-0.134482,-0.543111
01324188,1523964226368,-10.0706,4.09297,-2.35691,0.346566,-0.196076,-0.665329,0.791029,-0.439208,0.153917
01324185,1523964226368,-10.3528,-0.761673,-0.642351,0.316497,-0.0462425,-0.177006,0.869391,0.291901,-0.257267
01324181,1523964226368,-10.2364,0.947961,3.30991,-0.14377,-0.129053,0.0120091,0.853368,0.32134,-0.152499
01324180,1523964226368,-10.306,-3.6707,0.590912,0.54204,0.0783218,-0.00280535,0.749114,0.395588,-0.352557
01324189,1523964226384,-10.0467,-0.890112,4.3372,-0.256997,-0.737924,-0.539533,0.697736,-0.125585,-0.550729
01324188,1523964226384,-10.3524,3.68735,-2.47618,0.430757,-0.376497,-0.6349,0.795164,-0.427688,0.152162
01324185,1523964226384,-11.1946,-0.782913,-0.637637,0.397741,0.00496852,-0.251226,0.86803,0.292988,-0.259363
01324181,1523964226384,-10.526,0.793967,3.49455,-0.16692,-0.143233,0.00860588,0.852292,0.322327,-0.153837
01324180,1523964226384,-11.1092,-3.62583,0.476975,0.466079,0.00819317,-0.0106186,0.747558,0.392149,-0.354764
01324189,1523964226401,-10.5791,-1.44889,4.12728,-0.188273,-0.715143,-0.477047,0.691785,-0.119711,-0.558239
01324188,1523964226401,-10.4442,3.0119,-2.72925,0.577761,-0.550568,-0.591542,0.797829,-0.419826,0.151274
01324185,1523964226401,-11.8506,-0.771552,-0.578132,0.463315,0.0761682,-0.281376,0.86586,0.29439,-0.259761
01324181,1523964226401,-10.6494,0.646967,3.46277,-0.154432,-0.090956,0.0125151,0.852438,0.322299,-0.155033
01324180,1523964226401,-11.6326,-3.53964,0.419167,0.323599,-0.0712564,-0.00490424,0.747189,0.388667,-0.353073
01324189,1523964226418,-10.8694,-1.66522,3.89018,-0.0749588,-0.70071,-0.451763,0.685964,-0.11269,-0.565742
01324188,1523964226418,-10.651,2.65099,-2.72917,0.754683,-0.742204,-0.509263,0.801441,-0.411083,0.146795
01324185,1523964226418,-12.2169,-0.769128,-0.421747,0.449943,0.15565,-0.266482,0.865314,0.296488,-0.260563
01324181,1523964226418,-10.7391,0.560945,3.5218,-0.147196,-0.0283717,0.000139481,0.852155,0.323029,-0.154514
01324180,1523964226418,-11.731,-3.44504,0.496065,0.151107,-0.110925,-0.0255688,0.746261,0.389725,-0.35763
01324189,1523964226434,-10.9254,-1.69259,3.52342,0.00526182,-0.66874,-0.423118,0.67854,-0.110518,-0.573399
01324188,1523964226434,-10.5833,1.98201,-2.60811,0.880284,-0.945323,-0.41148,0.806141,-0.402395,0.14001
01324185,1523964226434,-12.2934,-0.700998,-0.161979,0.395584,0.197088,-0.22245,0.86355,0.297747,-0.261092
01324181,1523964226434,-10.7855,0.451193,3.55742,-0.141741,0.0351163,-0.0105071,0.852126,0.323789,-0.152537
01324180,1523964226434,-11.6161,-3.40152,0.61827,0.00627473,-0.100785,-0.0791776,0.744678,0.388608,-0.360061
01324189,1523964226451,-10.6898,-1.65144,3.08669,0.0280365,-0.570644,-0.387738,0.673417,-0.106535,-0.5808
01324188,1523964226451,-10.3999,1.21735,-2.66037,1.06681,-1.20849,-0.359938,0.808805,-0.393169,0.128707
01324185,1523964226451,-12.1913,-0.585881,0.0362838,0.295164,0.191374,-0.184908,0.862063,0.298054,-0.259784
01324181,1523964226451,-10.8282,0.387632,3.52938,-0.131064,0.128271,0.00493709,0.851008,0.326539,-0.151786
01324180,1523964226451,-11.374,-3.45798,0.748416,-0.13021,-0.0508797,-0.148333,0.742122,0.390114,-0.361884
01324189,1523964226468,-10.368,-1.59323,2.92133,0.0755454,-0.455489,-0.325667,0.668,-0.102535,-0.586057
01324188,1523964226468,-10.2199,0.813735,-2.96615,1.26292,-1.48107,-0.294282,0.81176,-0.386953,0.116269
01324185,1523964226468,-11.9592,-0.430774,0.0926905,0.130507,0.152644,-0.167524,0.863146,0.300599,-0.259289
01324181,1523964226468,-10.8305,0.416882,3.33078,-0.14168,0.187574,0.00978915,0.851516,0.326044,-0.147929
01324180,1523964226468,-11.1116,-3.59155,0.888005,-0.168541,-0.0219905,-0.201213,0.74074,0.393617,-0.361794
01324189,1523964226484,-9.81169,-1.50864,2.90096,0.137993,-0.311158,-0.249429,0.663798,-0.0992773,-0.589729
01324188,1523964226484,-9.97103,0.77522,-3.10732,1.27906,-1.72877,-0.29685,0.813751,-0.378638,0.105995
01324185,1523964226484,-11.6359,-0.314913,-0.0193965,-0.072981,0.0786567,-0.193263,0.860713,0.30135,-0.256937
01324181,1523964226484,-10.7428,0.500633,3.05443,-0.154103,0.274478,0.0260611,0.852442,0.323986,-0.143379
01324180,1523964226484,-10.8488,-3.73896,0.967101,-0.177287,0.0427481,-0.287067,0.739106,0.396703,-0.364004
01324189,1523964226501,-9.06404,-1.43916,2.70728,0.188215,-0.156412,-0.173289,0.662574,-0.0999629,-0.589453
01324188,1523964226501,-9.5713,0.992125,-3.30494,1.10694,-1.9924,-0.270774,0.817255,-0.372456,0.0847975
01324185,1523964226501,-11.3084,-0.321977,-0.246866,-0.284552,0.0278112,-0.20383,0.860707,0.306554,-0.257379
01324181,1523964226501,-10.5338,0.537252,2.83288,-0.125677,0.310186,0.0451824,0.852261,0.324788,-0.139542
01324180,1523964226501,-10.5993,-3.74515,0.916332,-0.1335,0.0753985,-0.334092,0.736125,0.399658,-0.364441
01324189,1523964226518,-8.37701,-1.2862,2.37841,0.268544,0.0126684,-0.113059,0.661619,-0.100797,-0.588646
01324188,1523964226518,-9.36125,0.927536,-3.14234,0.783158,-2.25529,-0.248407,0.819691,-0.3686,0.060776
01324185,1523964226518,-10.9015,-0.454718,-0.457026,-0.455483,-0.0339583,-0.210987,0.859082,0.31068,-0.255323
01324181,1523964226518,-10.2077,0.507241,2.7148,-0.102635,0.348657,0.0712202,0.854366,0.323618,-0.132897
01324180,1523964226518,-10.239,-3.69644,0.818609,-0.127646,0.0946411,-0.418387,0.733892,0.40562,-0.360777
01324189,1523964226534,-7.90429,-1.06671,1.99939,0.379748,0.205607,-0.0758306,0.663408,-0.10702,-0.586843
01324188,1523964226534,-9.53713,0.399467,-3.39368,0.546405,-2.51185,-0.241343,0.822673,-0.364387,0.0289619
01324185,1523964226534,-10.4489,-0.712819,-0.531979,-0.632735,-0.0691081,-0.203006,0.856374,0.31452,-0.253522
01324181,1523964226534,-9.73468,0.318787,2.66589,-0.0741314,0.344149,0.0692697,0.85591,0.324868,-0.127095
01324180,1523964226534,-9.81416,-3.58887,0.704922,-0.137753,0.0954218,-0.458955,0.730043,0.411307,-0.354934
01324189,1523964226551,-7.71586,-1.02728,1.98203,0.493404,0.363301,-0.00292782,0.665561,-0.111797,-0.58142
01324188,1523964226551,-9.47133,-0.188668,-4.15175,0.424332,-2.63461,-0.245255,0.82267,-0.360212,-0.0040289
01324185,1523964226551,-9.96991,-1.05287,-0.522299,-0.707234,-0.0804355,-0.179138,0.85475,0.319931,-0.250564
01324181,1523964226551,-9.23202,0.101533,2.66361,-0.0241627,0.366766,0.0502443,0.856148,0.323826,-0.122294
01324180,1523964226551,-9.33842,-3.49545,0.615823,-0.188127,0.0996233,-0.503285,0.727664,0.41858,-0.352052
01324189,1523964226568,-7.7211,-1.2945,2.50723,0.700772,0.464855,0.0366813,0.66921,-0.116326,-0.576014
01324188,1523964226568,-9.16199,-0.285259,-4.99077,0.465632,-2.58649,-0.301025,0.821038,-0.35572,-0.0369794
01324185,1523964226568,-9.47882,-1.39299,-0.513135,-0.712048,-0.0943464,-0.170641,0.853943,0.32423,-0.246814
01324181,1523964226568,-8.77917,-0.0531493,2.5608,0.00991924,0.357074,0.0068594,0.854935,0.321626,-0.119047
01324180,1523964226568,-8.88172,-3.45626,0.613246,-0.245538,0.0892538,-0.523155,0.724862,0.425983,-0.345379
01324189,1523964226584,-7.69642,-1.65352,3.05123,0.940983,0.460715,0.0446092,0.672994,-0.124156,-0.568494
01324188,1523964226584,-8.94325,0.00168697,-5.45714,0.432784,-2.44895,-0.340421,0.818311,-0.350205,-0.0664866
01324185,1523964226584,-9.04059,-1.69422,-0.456006,-0.656623,-0.0928932,-0.152093,0.850964,0.329355,-0.24411
01324181,1523964226584,-8.40753,-0.174907,2.55585,0.0422262,0.405858,-0.0316855,0.855932,0.324014,-0.113927
01324180,1523964226584,-8.43908,-3.46348,0.64653,-0.322469,0.0755739,-0.513289,0.720203,0.433295,-0.342193
01324189,1523964226601,-7.52468,-1.67324,3.5281,1.03266,0.440738,0.00228221,0.676115,-0.135418,-0.560593
01324188,1523964226601,-8.3482,0.0115601,-6.50152,0.393577,-2.19906,-0.353772,0.814104,-0.346504,-0.0971657
01324185,1523964226601,-8.65042,-1.94698,-0.377908,-0.552781,-0.0938616,-0.152283,0.851505,0.333175,-0.243235
01324181,1523964226601,-8.14601,-0.264076,2.64134,0.0869459,0.385573,-0.0777393,0.856016,0.323295,-0.107537
01324180,1523964226601,-8.04379,-3.53359,0.63792,-0.367737,0.0605479,-0.517303,0.717026,0.440296,-0.339845
01324189,1523964226618,-7.38881,-1.30737,4.37397,0.912687,0.450687,-0.00526463,0.679907,-0.1444,-0.553082
01324188,1523964226618,-7.71708,0.645567,-7.51333,0.197623,-1.69678,-0.395531,0.81545,-0.342036,-0.121405
01324185,1523964226618,-8.32989,-2.09817,-0.288169,-0.385141,-0.0761582,-0.161155,0.847308,0.336178,-0.241029
01324181,1523964226618,-8.00434,-0.252697,2.64203,0.10493,0.386734,-0.110576,0.856117,0.322538,-0.102873
01324180,1523964226618,-7.74171,-3.67938,0.606233,-0.37135,0.0315114,-0.470159,0.713011,0.450801,-0.33917
01324189,1523964226634,-7.51271,-0.70599,5.11479,0.548861,0.414827,-0.0490358,0.682601,-0.152057,-0.545549
01324188,1523964226634,-7.38232,0.918559,-8.11525,-0.110782,-1.05043,-0.386955,0.813533,-0.337078,-0.139379
01324185,1523964226634,-8.14923,-2.21481,-0.236471,-0.17891,-0.0557395,-0.212578,0.84744,0.338424,-0.241443
01324181,1523964226634,-8.08325,-0.241547,2.69927,0.103365,0.361188,-0.153869,0.855502,0.324942,-0.0980016
01324180,1523964226634,-7.6392,-3.92928,0.610695,-0.298134,0.02399,-0.432909,0.709823,0.458671,-0.336669
01324189,1523964226651,-7.52016,0.0657119,5.27251,0.00409159,0.373832,-0.0934366,0.68827,-0.151035,-0.541325
01324188,1523964226651,-7.02197,0.304755,-7.76113,-0.259756,-0.537493,-0.346874,0.809697,-0.330092,-0.150202
01324185,1523964226651,-8.17805,-2.18813,-0.2161,0.0511043,-0.00736565,-0.262463,0.845807,0.345742,-0.2419
01324181,1523964226651,-8.32418,-0.198298,2.6969,0.105297,0.31814,-0.18867,0.856176,0.331764,-0.0931033
01324180,1523964226651,-7.71482,-4.21414,0.526219,-0.116445,-0.00116382,-0.368691,0.70575,0.461621,-0.333174
01324189,1523964226668,-7.58968,0.905035,4.51857,-0.333742,0.358234,-0.112317,0.68943,-0.147448,-0.536895
01324188,1523964226668,-6.81271,0.700397,-7.55457,-0.201273,-0.031089,-0.319658,0.810213,-0.325231,-0.154617
01324185,1523964226668,-8.44304,-2.0637,-0.225447,0.280347,0.00559059,-0.329078,0.844178,0.347705,-0.242436
01324181,1523964226668,-8.37323,-0.160018,2.64514,0.133757,0.26145,-0.196141,0.854264,0.33241,-0.0909715
01324180,1523964226668,-7.99068,-4.35644,0.435737,0.139124,-0.0523558,-0.30235,0.704128,0.46281,-0.333126
01324189,1523964226684,-7.89138,1.33816,2.77407,-0.550075,0.40181,-0.065119,0.692635,-0.142196,-0.533813
01324188,1523964226684,-6.87156,1.19962,-6.84389,-0.38677,0.373491,-0.316521,0.812076,-0.319459,-0.154144
01324185,1523964226684,-8.67879,-1.81188,-0.276177,0.455173,0.0437821,-0.392401,0.841728,0.352445,-0.245086
01324181,1523964226684,-8.22692,-0.197037,2.56226,0.192608,0.243355,-0.220653,0.852859,0.335619,-0.0890313
01324180,1523964226684,-8.18872,-4.17951,0.376771,0.411831,-0.0808186,-0.229526,0.700621,0.465494,-0.335182
01324189,1523964226701,-8.12472,1.00137,1.06322,-0.847222,0.503264,0.0385576,0.696779,-0.13438,-0.530856
01324188,1523964226701,-7.32151,0.630351,-4.48398,-0.648366,0.652123,-0.333036,0.815825,-0.312309,-0.146475
01324185,1523964226701,-8.8226,-1.50279,-0.263493,0.556424,0.0602628,-0.407901,0.837927,0.354937,-0.247448
01324181,1523964226701,-8.01336,-0.204178,2.51546,0.270863,0.273678,-0.21035,0.852017,0.33571,-0.0854378
01324180,1523964226701,-8.2201,-3.83751,0.417013,0.580101,-0.103229,-0.217099,0.695735,0.462729,-0.34327
01324189,1523964226718,-8.26894,0.205388,-0.547835,-1.0381,0.651966,0.156707,0.702832,-0.129628,-0.526473
01324188,1523964226718,-8.88269,-0.205873,0.105873,-0.761739,0.419394,-0.331331,0.817002,-0.305812,-0.142583
01324185,1523964226718,-8.78808,-1.34876,-0.0967108,0.611012,0.0756061,-0.40552,0.834391,0.358524,-0.251521
01324181,1523964226718,-7.99836,-0.191933,2.59261,0.310985,0.307089,-0.223983,0.850596,0.339235,-0.0821757
01324180,1523964226718,-8.06238,-3.53706,0.487875,0.665807,-0.11213,-0.195481,0.693242,0.461369,-0.350824
01324189,1523964226734,-10.0717,-1.39844,1.04797,-0.929254,0.750031,0.255896,0.704102,-0.12474,-0.520027
01324188,1523964226734,-10.4789,-3.71366,0.537603,0.00312962,0.315826,-0.433576,0.824984,-0.302036,-0.142177
01324185,1523964226734,-8.75359,-1.19955,0.0555653,0.670885,0.0532296,-0.382491,0.831538,0.360022,-0.254269
01324181,1523964226734,-8.56304,-0.0946181,2.99284,0.313587,0.289418,-0.230905,0.849994,0.342581,-0.0799811
01324180,1523964226734,-7.98391,-3.26114,0.507074,0.695371,-0.0854105,-0.210881,0.69208,0.459384,-0.354899
01324189,1523964226751,-11.9591,-4.59303,3.13294,-0.660095,0.530447,0.235428,0.709605,-0.120114,-0.51497
01324188,1523964226751,-11.9631,-3.09497,-0.621218,0.766352,0.353797,-0.316651,0.826447,-0.298138,-0.135759
01324185,1523964226751,-8.87871,-1.09765,0.0622999,0.71803,0.0137361,-0.409479,0.829901,0.362631,-0.257816
01324181,1523964226751,-9.32283,0.0175998,3.11624,0.304649,0.20616,-0.24521,0.849409,0.345335,-0.0787041
01324180,1523964226751,-8.26141,-3.12912,0.49784,0.703954,-0.0532633,-0.236881,0.688649,0.456865,-0.359761
01324189,1523964226768,-11.6308,-7.1248,3.28261,-0.199103,0.288854,0.052597,0.711744,-0.11843,-0.512038
01324188,1523964226768,-11.1471,-0.815175,-1.92857,0.879782,0.405955,-0.183363,0.826561,-0.296031,-0.124859
01324185,1523964226768,-9.28367,-0.945934,-0.0311103,0.787602,-0.0197286,-0.426264,0.826767,0.365053,-0.263838
01324181,1523964226768,-9.18526,0.383319,2.90001,0.26883,0.13596,-0.211309,0.848589,0.346902,-0.0795253
01324180,1523964226768,-8.85148,-3.1383,0.482361,0.691867,-0.0385209,-0.27189,0.685746,0.455648,-0.365956
01324189,1523964226784,-10.149,-6.31227,2.59524,0.433147,0.190136,-0.0928869,0.71307,-0.118734,-0.50831
01324188,1523964226784,-10.683,0.600685,-1.2038,0.531203,0.40012,-0.156591,0.825455,-0.2936,-0.117289
01324185,1523964226784,-9.68806,-0.620837,-0.08508,0.884214,-0.0757083,-0.46675,0.823091,0.367747,-0.270383
01324181,1523964226784,-9.29332,0.658516,3.02204,0.170784,0.09737,-0.188925,0.846645,0.350676,-0.0782554
01324180,1523964226784,-9.20951,-3.12521,0.445101,0.667693,-0.0595246,-0.275622,0.68272,0.453566,-0.372437
01324189,1523964226801,-9.65948,-2.89032,2.43534,1.02356,0.114813,-0.0820221,0.714964,-0.125518,-0.502901
01324188,1523964226801,-10.2752,-0.306965,-1.26854,0.246721,0.40297,-0.1947,0.828422,-0.291477,-0.110866
01324185,1523964226801,-9.9549,-0.296565,-0.106108,0.991403,-0.11023,-0.466594,0.819414,0.369877,-0.276923
01324181,1523964226801,-9.53159,0.893226,3.30098,0.1884,0.0800679,-0.173582,0.845399,0.353551,-0.0784352
01324180,1523964226801,-9.50459,-3.08388,0.316771,0.662864,-0.0568018,-0.321273,0.679148,0.45251,-0.379159
01324189,1523964226818,-9.25029,-0.77941,1.67476,1.04676,-0.0100032,-0.13158,0.71254,-0.133498,-0.500663
01324188,1523964226818,-9.53154,-1.26788,-1.47981,0.243362,0.372039,-0.174562,0.83113,-0.291434,-0.103493
01324185,1523964226818,-10.0724,-0.038218,-0.113441,1.10074,-0.112963,-0.458172,0.815332,0.369173,-0.284348
01324181,1523964226818,-9.25615,1.05167,3.40838,0.185556,0.0379623,-0.153338,0.844141,0.356314,-0.0771514
01324180,1523964226818,-9.80098,-2.95104,0.208265,0.667166,-0.0785516,-0.368772,0.674389,0.452382,-0.392193
01324189,1523964226834,-8.93024,0.0142876,1.37486,0.718148,0.0622878,-0.16843,0.714722,-0.138863,-0.497787
01324188,1523964226834,-9.67909,-1.31362,-1.75981,0.346247,0.341205,-0.177753,0.833555,-0.289289,-0.0973312
01324185,1523964226834,-10.052,0.262706,-0.0155001,1.13136,-0.124518,-0.439433,0.812055,0.370674,-0.29428
01324181,1523964226834,-8.98866,1.15191,3.35987,0.171161,0.0437767,-0.122293,0.84388,0.356855,-0.078754
01324180,1523964226834,-9.70811,-2.65528,0.193878,0.683637,-0.0870256,-0.423182,0.671485,0.451166,-0.398388
01324189,1523964226851,-9.70603,-0.289319,1.69741,0.354656,0.0594402,-0.132171,0.715402,-0.139885,-0.497134
01324188,1523964226851,-9.71017,-0.526256,-1.58622,0.314033,0.31019,-0.183657,0.835037,-0.288259,-0.0919004
01324185,1523964226851,-9.89678,0.492986,0.101656,1.0764,-0.154479,-0.406902,0.807968,0.371638,-0.302898
01324181,1523964226851,-9.08857,1.18457,3.51317,0.13261,0.0818821,-0.0692391,0.843597,0.357723,-0.0785034
01324180,1523964226851,-9.50444,-2.2996,0.11323,0.642015,-0.0800888,-0.46907,0.667347,0.451996,-0.403713
01324189,1523964226868,-9.8896,-1.27382,2.30635,0.18721,-0.0266723,-0.0916466,0.714585,-0.14058,-0.496729
01324188,1523964226868,-10.0104,-0.629589,-1.47705,0.154554,0.288345,-0.17087,0.835146,-0.284333,-0.0886945
01324185,1523964226868,-9.77088,0.62708,0.15312,0.986868,-0.179973,-0.401568,0.803337,0.370881,-0.313064
01324181,1523964226868,-9.36835,1.06945,3.76716,0.0914615,0.0204218,-0.0462817,0.841441,0.358176,-0.0787561
01324180,1523964226868,-9.48357,-2.03825,0.0761996,0.562207,-0.0807912,-0.534577,0.662925,0.451341,-0.402311
01324189,1523964226884,-9.68586,-2.14786,2.27686,0.177802,-0.102604,-0.108446,0.713374,-0.141129,-0.49779
01324188,1523964226884,-10.2116,-1.44539,-1.25149,0.0778963,0.298316,-0.165097,0.834852,-0.281569,-0.0823252
01324185,1523964226884,-9.85284,0.70936,0.0538753,0.865451,-0.20651,-0.442069,0.79898,0.371849,-0.32142
01324181,1523964226884,-9.46731,0.934821,3.79808,0.0219442,-0.0350834,-0.0309852,0.842807,0.357138,-0.0795457
01324180,1523964226884,-9.71688,-1.95895,0.079191,0.464089,-0.0606009,-0.552567,0.656206,0.454529,-0.406335
01324189,1523964226901,-9.35553,-2.40633,1.89154,0.113316,-0.160873,-0.189468,0.712844,-0.141122,-0.499255
01324188,1523964226901,-9.80738,-2.02297,-1.62483,0.164204,0.299548,-0.154673,0.83823,-0.279547,-0.0800872
01324185,1523964226901,-10.2098,0.790937,-0.0530008,0.714773,-0.180013,-0.488769,0.795581,0.374593,-0.325354
01324181,1523964226901,-9.61998,0.925647,3.90837,-0.0608366,-0.0306037,-0.023746,0.842803,0.35701,-0.0788788
01324180,1523964226901,-10.1423,-1.97335,0.0556231,0.392949,-0.051377,-0.54231,0.651646,0.458872,-0.416041
01324189,1523964226918,-9.39078,-2.79623,1.62827,0.0245309,-0.173807,-0.203948,0.710946,-0.138782,-0.501489
01324188,1523964226918,-9.52373,-1.82205,-1.88877,0.179143,0.26584,-0.12658,0.837936,-0.276625,-0.0739773
01324185,1523964226918,-10.6751,0.909331,-0.131352,0.573995,-0.173633,-0.509815,0.791225,0.378547,-0.332301
01324181,1523964226918,-9.69709,0.929599,3.89331,-0.111523,-0.0147383,-0.023428,0.843034,0.358898,-0.0774594
01324180,1523964226918,-10.6221,-1.88896,-0.011436,0.316662,-0.0590441,-0.51986,0.64614,0.461604,-0.420228
01324189,1523964226934,-9.33661,-3.00461,1.59775,0.0299013,-0.187682,-0.198582,0.710135,-0.137472,-0.502807
01324188,1523964226934,-9.72606,-1.61174,-1.86022,0.0730286,0.234168,-0.073704,0.838483,-0.277651,-0.070952
01324185,1523964226934,-10.9959,0.957012,-0.19818,0.375242,-0.164705,-0.509582,0.787547,0.382227,-0.338856
01324181,1523964226934,-9.88552,0.949267,3.81928,-0.173785,0.0455231,-0.0131818,0.841404,0.360622,-0.0781425
01324180,1523964226934,-10.9522,-1.76848,-0.130006,0.222631,-0.101543,-0.511857,0.641303,0.464029,-0.42362
01324189,1523964226951,-9.51566,-2.84967,1.67871,0.104724,-0.164222,-0.18768,0.709334,-0.135308,-0.505724
01324188,1523964226951,-9.75306,-1.75596,-2.2582,0.0574973,0.185006,-0.0327469,0.838751,-0.277516,-0.067716
01324185,1523964226951,-11.1312,0.847149,-0.145158,0.203248,-0.106234,-0.46211,0.783064,0.388093,-0.34164
01324181,1523964226951,-10.2512,0.884178,3.95584,-0.205802,0.0685046,-0.0153649,0.841118,0.359969,-0.0754693
01324180,1523964226951,-11.1754,-1.68062,-0.240461,0.0752014,-0.118939,-0.454816,0.637714,0.471908,-0.421383
01324189,1523964226968,-9.85557,-2.62567,1.38742,0.118808,-0.129765,-0.160985,0.708923,-0.134149,-0.506245
01324188,1523964226968,-9.93083,-1.45712,-2.49055,0.0629751,0.11333,0.00895264,0.838477,-0.277335,-0.065278
01324185,1523964226968,-11.2132,0.73223,0.0051178,0.0602953,-0.00732903,-0.39453,0.780078,0.392169,-0.342192
01324181,1523964226968,-10.314,0.815608,3.82876,-0.189866,0.0351367,-0.00361602,0.841935,0.359103,-0.0753269
01324180,1523964226968,-11.2108,-1.54779,-0.285998,-0.0602572,-0.110787,-0.403705,0.633379,0.475754,-0.421378
01324189,1523964226984,-10.1363,-2.0826,0.969427,0.0701396,-0.0679312,-0.134569,0.706887,-0.133237,-0.507285
01324188,1523964226984,-10.0656,-1.29984,-2.8471,0.0352801,0.00928422,0.0359222,0.8386,-0.27548,-0.0644904
01324185,1523964226984,-11.2641,0.535285,0.188871,-0.112089,0.0637721,-0.31654,0.778451,0.395422,-0.341565
01324181,1523964226984,-10.4092,0.567001,3.85223,-0.180971,0.0546991,0.000888739,0.842868,0.358139,-0.0730583
01324180,1523964226984,-11.0391,-1.37219,-0.264022,-0.2104,-0.114994,-0.35281,0.629432,0.478251,-0.415057
01324189,1523964227001,-10.385,-1.51337,0.777375,-0.0151745,0.008101,-0.118967,0.70701,-0.13094,-0.507402
01324188,1523964227001,-9.97638,-1.39498,-3.08278,0.0216033,-0.100121,0.0647388,0.839015,-0.276655,-0.0644345
01324185,1523964227001,-11.1971,0.253303,0.334484,-0.279974,0.0892666,-0.216174,0.776558,0.400841,-0.338214
01324181,1523964227001,-10.4979,0.347616,3.83655,-0.159666,0.0549115,0.0103519,0.842691,0.359209,-0.0700236
01324180,1523964227001,-10.8229,-1.28852,-0.174445,-0.347718,-0.0819736,-0.321826,0.625088,0.482526,-0.414097
01324189,1523964227018,-10.4566,-1.41501,0.386809,-0.108581,0.0677978,-0.0696312,0.707701,-0.130676,-0.508611
01324188,1523964227018,-9.91633,-1.51038,-3.16403,0.0235601,-0.23706,0.0561826,0.838359,-0.280004,-0.0673282
01324185,1523964227018,-11.0697,0.0815873,0.359912,-0.392935,0.0835356,-0.105479,0.776018,0.403693,-0.336411
01324181,1523964227018,-10.4284,0.33412,3.54745,-0.159683,0.0320333,0.018753,0.84389,0.359222,-0.0687081
01324180,1523964227018,-10.6346,-1.30197,-0.0615045,-0.46886,-0.0389719,-0.261676,0.623528,0.48892,-0.412055
01324189,1523964227034,-10.4063,-1.76253,0.5337,-0.155124,0.149471,-0.0379586,0.710938,-0.130173,-0.505969
01324188,1523964227034,-9.81432,-1.37604,-3.11791,0.0204357,-0.370381,0.077719,0.837297,-0.282898,-0.0735539
01324185,1523964227034,-10.9472,-0.116608,0.356709,-0.485874,0.0478196,0.0206962,0.775618,0.406868,-0.332521
01324181,1523964227034,-10.3518,0.35444,3.54031,-0.189943,0.0435739,0.0240995,0.842391,0.360813,-0.0688584
01324180,1523964227034,-10.3954,-1.4983,0.0509277,-0.542267,0.0169397,-0.181848,0.622112,0.495912,-0.413515
01324189,1523964227051,-10.0719,-2.03315,0.754375,-0.134584,0.239039,0.00630802,0.711191,-0.129883,-0.504097
01324188,1523964227051,-9.92989,-1.2232,-2.84404,-0.0384777,-0.484718,0.100816,0.837034,-0.283841,-0.0781868
01324185,1523964227051,-10.9213,-0.27577,0.255331,-0.600378,0.00428407,0.136761,0.77793,0.409208,-0.327979
01324181,1523964227051,-10.4396,0.474683,3.56884,-0.198883,0.0658539,0.0329483,0.843724,0.359711,-0.0660599
01324180,1523964227051,-10.2911,-1.72968,0.132848,-0.564653,0.0573629,-0.106181,0.622406,0.502541,-0.407713
01324189,1523964227068,-10.0526,-2.26382,0.987204,-0.141305,0.285769,0.0221929,0.714015,-0.126785,-0.502499
01324188,1523964227068,-9.95002,-1.40939,-2.40901,-0.0589221,-0.601124,0.131256,0.836089,-0.283629,-0.0854313
01324185,1523964227068,-10.8329,-0.488306,0.137267,-0.688211,-0.0275079,0.21869,0.779566,0.409001,-0.324064
01324181,1523964227068,-10.3289,0.684814,3.353,-0.220427,0.0257122,0.065366,0.843044,0.359044,-0.064312
01324180,1523964227068,-10.2876,-2.00024,0.155565,-0.531215,0.0796696,0.010166,0.62248,0.507319,-0.406943
01324189,1523964227084,-9.68273,-2.56524,0.971167,-0.0935876,0.323155,0.0168849,0.716394,-0.123658,-0.497151
01324188,1523964227084,-9.84457,-1.63457,-1.98183,-0.0271813,-0.666459,0.151128,0.835422,-0.284319,-0.0952936
01324185,1523964227084,-10.7393,-0.556401,0.03205,-0.724649,-0.04756,0.290278,0.781745,0.408946,-0.319498
01324181,1523964227084,-10.1472,0.716131,3.28595,-0.225034,0.0191367,0.0945787,0.843872,0.356485,-0.0630717
01324180,1523964227084,-10.2114,-2.26468,0.135522,-0.455747,0.100397,0.125874,0.623366,0.509593,-0.401913
01324189,1523964227101,-9.55851,-2.60433,1.16879,-0.0571277,0.333124,0.0116373,0.721132,-0.124056,-0.494265
01324188,1523964227101,-9.78733,-1.83625,-1.78792,0.0987549,-0.737448,0.183969,0.831652,-0.287862,-0.105295
01324185,1523964227101,-10.5322,-0.630008,-0.063405,-0.720066,-0.0576949,0.334518,0.782297,0.408878,-0.315711
01324181,1523964227101,-9.88359,0.70477,3.19125,-0.227714,0.0404798,0.104187,0.844912,0.357387,-0.0604447
01324180,1523964227101,-10.1178,-2.38917,0.140585,-0.355219,0.0808259,0.245005,0.62722,0.51066,-0.397896
01324189,1523964227118,-9.47693,-2.65061,1.09443,0.018193,0.349551,-0.00592603,0.723165,-0.127261,-0.491504
01324188,1523964227118,-9.76213,-1.53621,-1.60553,0.193212,-0.799268,0.206939,0.829781,-0.291102,-0.116244
01324185,1523964227118,-10.2237,-0.656082,-0.146708,-0.74156,-0.0377447,0.365813,0.788271,0.408412,-0.310501
01324181,1523964227118,-9.69598,0.699705,3.19738,-0.238403,0.0458205,0.108531,0.844639,0.355733,-0.0577507
01324180,1523964227118,-9.85173,-2.38597,0.133534,-0.264856,0.0555569,0.340288,0.630976,0.507654,-0.391258
01324189,1523964227134,-9.43,-2.56858,1.02576,0.0778539,0.369603,-0.0217666,0.727736,-0.126205,-0.486331
01324188,1523964227134,-9.81209,-1.30953,-1.58313,0.193504,-0.872356,0.241525,0.827908,-0.294247,-0.126111
01324185,1523964227134,-9.89106,-0.694301,-0.182394,-0.728518,-0.0319689,0.422669,0.790856,0.405095,-0.307081
01324181,1523964227134,-9.68356,0.639231,3.15998,-0.24205,-0.0230498,0.114845,0.847332,0.355969,-0.0583151
01324180,1523964227134,-9.51853,-2.34359,0.149104,-0.204376,0.0317135,0.445937,0.635562,0.504225,-0.388963
01324189,1523964227151,-9.4481,-2.23265,0.927036,0.158113,0.380886,0.00868653,0.731108,-0.127283,-0.482499
01324188,1523964227151,-9.76301,-1.09808,-1.50361,0.177954,-0.926639,0.247902,0.826184,-0.299403,-0.136643
01324185,1523964227151,-9.63537,-0.688666,-0.17884,-0.715475,-0.0248439,0.439561,0.793441,0.40645,-0.302531
01324181,1523964227151,-9.45617,0.58626,2.98857,-0.204741,-0.0919496,0.119247,0.848282,0.35455,-0.0572327
01324180,1523964227151,-9.33565,-2.27891,0.170579,-0.199564,-0.001566,0.531865,0.639981,0.501935,-0.382726
01324189,1523964227168,-9.46528,-1.86218,0.90627,0.152789,0.374033,0.00690295,0.73461,-0.128073,-0.478265
01324188,1523964227168,-9.8278,-0.93169,-1.12437,0.117168,-0.986466,0.2592,0.821735,-0.302537,-0.148899
01324185,1523964227168,-9.47621,-0.708907,-0.166034,-0.671106,-0.0247603,0.488803,0.797789,0.401729,-0.298842
01324181,1523964227168,-9.46844,0.530189,3.14171,-0.220805,-0.17345,0.111708,0.846983,0.352239,-0.0590306
01324180,1523964227168,-9.12356,-2.23337,0.209153,-0.252252,-0.0372641,0.596302,0.64657,0.498902,-0.379912
01324189,1523964227184,-9.56253,-1.63425,0.981302,0.0919831,0.340171,0.00677921,0.737837,-0.127565,-0.474552
01324188,1523964227184,-9.98605,-0.542651,-0.813813,0.0570821,-1.00718,0.254981,0.818512,-0.306171,-0.163356
01324185,1523964227184,-9.47635,-0.790724,-0.119086,-0.629027,-0.0353804,0.525396,0.801735,0.399307,-0.292823
01324181,1523964227184,-9.88015,0.539718,3.33451,-0.264489,-0.281444,0.10412,0.848629,0.351034,-0.0607495
01324180,1523964227184,-9.11308,-2.2911,0.201688,-0.305363,-0.0458036,0.662704,0.651976,0.493566,-0.376316
01324189,1523964227201,-9.52449,-1.5664,0.961416,0.00542574,0.318648,0.0296205,0.742161,-0.130101,-0.469806
01324188,1523964227201,-10.3151,-0.589743,-0.454646,-0.0710589,-1.00193,0.250569,0.812037,-0.310699,-0.176213
01324185,1523964227201,-9.78074,-0.933324,-0.155542,-0.597782,-0.0673395,0.534991,0.805674,0.394133,-0.290696
01324181,1523964227201,-9.95264,0.490426,3.22873,-0.304463,-0.370292,0.0845376,0.849241,0.348499,-0.0650865
01324180,1523964227201,-9.54025,-2.54468,0.193708,-0.39509,-0.0622634,0.725353,0.657179,0.486548,-0.381801
01324189,1523964227218,-9.80766,-1.53918,1.49151,-0.224326,0.23998,-0.0118099,0.744583,-0.129147,-0.467552
01324188,1523964227218,-10.694,-1.04447,-0.0480735,-0.0532212,-1.01007,0.308965,0.808815,-0.314636,-0.190419
01324185,1523964227218,-10.2152,-1.02696,-0.189359,-0.485697,-0.0652767,0.502635,0.809751,0.389684,-0.287532
01324181,1523964227218,-9.70108,0.435514,2.81601,-0.373788,-0.425369,0.0807716,0.850344,0.348979,-0.0685617
01324180,1523964227218,-10.01,-2.88118,0.218692,-0.403401,-0.0865132,0.797243,0.663694,0.479471,-0.381363
01324189,1523964227234,-10.0501,-0.951698,2.071,-0.425822,0.0989102,-0.022836,0.747302,-0.127926,-0.467974
01324188,1523964227234,-10.7259,-0.496749,-0.0864858,0.110823,-1.03466,0.322186,0.806403,-0.317949,-0.202713
01324185,1523964227234,-10.4079,-0.982335,-0.0966477,-0.407601,-0.0377191,0.518572,0.811788,0.386174,-0.286852
01324181,1523964227234,-9.18482,0.369162,2.4197,-0.426987,-0.409875,0.0688822,0.849555,0.349781,-0.0716254
01324180,1523964227234,-10.136,-3.07664,0.300978,-0.402677,-0.116571,0.852403,0.671503,0.474227,-0.376045
01324189,1523964227251,-10.3194,0.175025,2.53048,-0.464652,-0.100812,-0.021661,0.748913,-0.121362,-0.469814
01324188,1523964227251,-10.3035,1.35191,0.13892,-0.0881054,-1.03594,0.303112,0.802092,-0.321313,-0.216331
01324185,1523964227251,-10.0887,-0.854095,0.133431,-0.348428,0.00820047,0.585324,0.817897,0.378894,-0.28432
01324181,1523964227251,-8.78382,0.45654,2.23947,-0.474853,-0.353676,0.0556183,0.849327,0.348856,-0.0747917
01324180,1523964227251,-9.74184,-3.09711,0.391721,-0.393402,-0.166967,0.872235,0.67962,0.467408,-0.37495
01324189,1523964227268,-9.66004,0.848094,3.03084,-0.568397,-0.253356,0.0572198,0.747298,-0.118747,-0.473252
01324188,1523964227268,-9.55466,2.54418,0.271472,-0.71042,-0.972737,0.22528,0.795869,-0.32251,-0.231944
01324185,1523964227268,-9.46574,-0.7759,0.363152,-0.339107,0.0443327,0.678492,0.823058,0.371755,-0.281787
01324181,1523964227268,-8.59654,0.536321,2.32366,-0.501488,-0.304268,0.0526288,0.849875,0.349105,-0.076131
01324180,1523964227268,-9.06225,-2.94307,0.505544,-0.42479,-0.148091,0.838647,0.684096,0.462098,-0.372961
01324189,1523964227284,-9.20527,0.490791,4.172,-0.73179,-0.342986,0.140287,0.743237,-0.112054,-0.479574
01324188,1523964227284,-9.34818,2.21197,1.12962,-1.3936,-0.864718,0.15456,0.790177,-0.321132,-0.252923
01324185,1523964227284,-8.93233,-0.769423,0.544064,-0.36083,0.0468185,0.725156,0.826871,0.362257,-0.277397
01324181,1523964227284,-8.38982,0.499986,2.27738,-0.508685,-0.335934,0.0643959,0.850053,0.348726,-0.0802428
01324180,1523964227284,-8.3879,-2.7701,0.650838,-0.487562,-0.134522,0.801312,0.691009,0.455304,-0.372388
01324189,1523964227301,-8.99282,-0.273871,4.79252,-0.876534,-0.386246,0.198498,0.740276,-0.108265,-0.485396
01324188,1523964227301,-9.60501,0.77189,2.04956,-1.56491,-0.714484,0.0682975,0.785261,-0.314318,-0.268994
01324185,1523964227301,-8.50041,-0.743169,0.598095,-0.431694,-0.0316241,0.734995,0.831761,0.354689,-0.275251
01324181,1523964227301,-8.17623,0.342382,2.2866,-0.482095,-0.381706,0.0759465,0.849661,0.349259,-0.0822423
01324180,1523964227301,-7.84701,-2.75585,0.818127,-0.540278,-0.0767494,0.746758,0.69639,0.452585,-0.370091
01324189,1523964227318,-9.04358,-1.09889,5.27571,-1.0563,-0.54481,0.221318,0.740057,-0.103123,-0.494048
01324188,1523964227318,-9.65863,-0.672287,2.40963,-1.19526,-0.562343,0.068988,0.785524,-0.310584,-0.28963
01324185,1523964227318,-8.28822,-0.708455,0.511011,-0.516257,-0.136886,0.693193,0.837999,0.349064,-0.274564
01324181,1523964227318,-8.14103,0.221491,2.28914,-0.459092,-0.44157,0.0891503,0.849943,0.34992,-0.0845173
01324180,1523964227318,-7.62715,-2.96723,0.964124,-0.569787,-0.0305817,0.664154,0.702506,0.447137,-0.374207
01324189,1523964227334,-9.15163,-2.28354,5.6591,-1.05786,-0.732937,0.177282,0.735231,-0.0981573,-0.504655
01324188,1523964227334,-9.77083,-0.986906,1.94167,-0.640765,-0.422333,0.111488,0.782543,-0.310073,-0.299388
01324185,1523964227334,-8.31777,-0.744628,0.248175,-0.628066,-0.249149,0.631111,0.840174,0.344289,-0.273742
01324181,1523964227334,-8.37681,0.107039,2.36711,-0.475296,-0.494179,0.112091,0.850021,0.347798,-0.08992
01324180,1523964227334,-7.79311,-3.23766,1.01419,-0.609747,-0.0121572,0.611252,0.708414,0.444544,-0.370158
01324189,1523964227351,-9.54002,-3.55899,6.04651,-0.961436,-0.858239,0.0642131,0.729047,-0.0908625,-0.516967
01324188,1523964227351,-9.80469,0.283688,0.929266,-0.197899,-0.235874,0.224507,0.779827,-0.309232,-0.303879
01324185,1523964227351,-8.67356,-0.944974,-0.0936342,-0.741649,-0.342278,0.546872,0.84424,0.338061,-0.275133
01324181,1523964227351,-9.1886,-0.23746,2.48443,-0.478245,-0.577468,0.143516,0.850069,0.347409,-0.0945616
01324180,1523964227351,-8.2914,-3.58332,0.959089,-0.625783,0.0305632,0.578069,0.713916,0.441954,-0.365428
01324189,1523964227368,-9.87655,-4.27359,6.24705,-0.794362,-0.961911,-0.0753322,0.716626,-0.0808348,-0.533467
01324188,1523964227368,-9.60838,1.04448,0.292716,-0.05688,-0.01816,0.305759,0.77959,-0.314848,-0.302073
01324185,1523964227368,-9.38168,-1.24421,-0.3878,-0.818537,-0.39361,0.455601,0.845596,0.334949,-0.27576
01324181,1523964227368,-9.32921,-0.486834,2.78777,-0.376108,-0.678915,0.146689,0.851241,0.34551,-0.102106
01324180,1523964227368,-8.95795,-4.0007,0.880199,-0.642722,0.0173123,0.539234,0.718621,0.436591,-0.35534
01324189,1523964227384,-9.75143,-4.31508,5.83614,-0.599635,-1.00735,-0.195453,0.70825,-0.0730447,-0.544546
01324188,1523964227384,-9.13856,-0.187044,-1.08356,-0.0404112,0.209126,0.26159,0.778515,-0.317016,-0.298964
01324185,1523964227384,-10.0442,-1.72176,-0.538929,-0.854075,-0.411501,0.403183,0.846546,0.333822,-0.275753
01324181,1523964227384,-9.33465,-0.545423,3.1511,-0.374436,-0.694683,0.152593,0.850527,0.344195,-0.110307
01324180,1523964227384,-9.46571,-4.34847,0.786325,-0.62297,-0.0373627,0.561862,0.723976,0.434429,-0.348979
01324189,1523964227401,-9.35354,-3.94393,5.37342,-0.414737,-0.988796,-0.25537,0.704357,-0.0670901,-0.553819
01324188,1523964227401,-9.00038,-0.825396,-1.9404,0.235808,0.541564,0.200804,0.778115,-0.318929,-0.292213
01324185,1523964227401,-10.3589,-2.14831,-0.474972,-0.765036,-0.435516,0.384606,0.848305,0.33154,-0.277174
01324181,1523964227401,-9.49028,-0.55964,3.44984,-0.326278,-0.617099,0.133333,0.849691,0.341189,-0.117408
01324180,1523964227401,-9.68869,-4.65705,0.726866,-0.594365,-0.0945643,0.579199,0.727738,0.430991,-0.342755
01324189,1523964227418,-8.73484,-3.71969,5.20883,-0.126331,-1.00578,-0.261604,0.695059,-0.0617294,-0.566646
01324188,1523964227418,-8.79967,0.416971,-3.52714,0.65935,0.911205,0.200692,0.780321,-0.326001,-0.278951
01324185,1523964227418,-10.5238,-2.49876,-0.427912,-0.552498,-0.3686,0.414602,0.847898,0.328698,-0.278451
01324181,1523964227418,-9.19543,-0.655657,3.4922,-0.254765,-0.521498,0.0881906,0.850284,0.340778,-0.122719
01324180,1523964227418,-9.94725,-4.84308,0.682233,-0.554979,-0.163815,0.587767,0.732569,0.430028,-0.341629
01324189,1523964227434,-8.16849,-3.51352,4.93303,0.0608537,-1.03117,-0.235279,0.68564,-0.0599583,-0.578831
01324188,1523964227434,-9.04523,2.66184,-4.45047,0.486636,1.287,0.240712,0.785508,-0.33311,-0.259806
01324185,1523964227434,-10.5243,-2.74426,-0.333163,-0.300547,-0.268802,0.421343,0.851148,0.324425,-0.280772
01324181,1523964227434,-9.01275,-0.784366,3.32196,-0.181356,-0.392466,0.0338798,0.850052,0.342362,-0.12886
01324180,1523964227434,-10.0662,-4.98178,0.653724,-0.521089,-0.232681,0.61914,0.73769,0.427176,-0.340411
01324189,1523964227451,-7.8735,-3.11537,4.56928,0.133424,-1.00436,-0.188065,0.674867,-0.0584416,-0.591538
01324188,1523964227451,-10.0433,4.82791,-4.04359,-0.370149,1.54074,0.276355,0.795004,-0.335088,-0.239855
01324185,1523964227451,-10.5891,-2.71965,-0.194767,-0.104246,-0.156377,0.404261,0.853992,0.319026,-0.283081
01324181,1523964227451,-9.0313,-0.787067,3.38951,-0.0634557,-0.244916,-0.0298549,0.84819,0.343171,-0.132311
01324180,1523964227451,-10.0693,-5.11719,0.672285,-0.459207,-0.299721,0.650678,0.740198,0.421219,-0.345565
01324189,1523964227468,-7.65723,-1.99258,4.27173,0.212791,-0.90412,-0.0672165,0.665711,-0.0593973,-0.601072
01324188,1523964227468,-9.74221,5.20698,-3.92904,-1.21601,1.69764,0.374988,0.800141,-0.333847,-0.224764
01324185,1523964227468,-10.5714,-2.51262,-0.112728,-0.0294147,-0.0744716,0.386636,0.855351,0.313949,-0.283298
01324181,1523964227468,-8.87121,-0.656443,3.20932,0.0525074,-0.130487,-0.0646295,0.847939,0.344245,-0.135652
01324180,1523964227468,-9.92829,-5.20336,0.760195,-0.352079,-0.345564,0.680872,0.742937,0.416535,-0.346239
01324189,1523964227484,-7.65178,-1.26548,4.29772,0.193751,-0.708612,0.103816,0.660204,-0.0612969,-0.607445
01324188,1523964227484,-9.18009,4.26619,-3.1211,-1.5852,1.83514,0.51568,0.801904,-0.335557,-0.207661
01324185,1523964227484,-10.3099,-2.20118,-0.0324998,-0.0293286,-0.0536507,0.350719,0.856575,0.307459,-0.283762
01324181,1523964227484,-9.00339,-0.754943,3.07996,0.154265,0.00161521,-0.10169,0.848757,0.34407,-0.136587
01324180,1523964227484,-9.46516,-5.15604,0.909988,-0.256381,-0.354709,0.669013,0.74728,0.410639,-0.342909
01324189,1523964227501,-7.28017,-0.989489,4.63804,0.18759,-0.622085,0.282909,0.651989,-0.0674243,-0.614518
01324188,1523964227501,-9.38725,3.16155,-2.61611,-1.38892,1.95938,0.741411,0.806534,-0.34003,-0.19171
01324185,1523964227501,-9.94245,-1.953,0.0414182,-0.0669119,-0.0749022,0.298082,0.859147,0.304037,-0.285828
01324181,1523964227501,-9.18771,-0.786268,3.11802,0.210617,0.0379269,-0.152358,0.847406,0.344935,-0.137122
01324180,1523964227501,-9.09397,-5.09742,1.02994,-0.163941,-0.375975,0.650038,0.750073,0.402785,-0.346889
01324189,1523964227518,-7.1259,-1.1265,4.69381,0.207446,-0.54438,0.464935,0.647733,-0.0739563,-0.620539
01324188,1523964227518,-9.5642,2.38785,-2.21544,-0.737196,2.03813,0.994535,0.807398,-0.350774,-0.168026
01324185,1523964227518,-9.63792,-1.77186,0.0944566,-0.10052,-0.0998255,0.235275,0.860232,0.300923,-0.286586
01324181,1523964227518,-9.21051,-0.650515,2.92207,0.242752,0.065165,-0.163442,0.847518,0.347484,-0.138239
01324180,1523964227518,-8.86742,-5.05929,1.10004,-0.0936364,-0.342825,0.581221,0.753661,0.396082,-0.351669
01324189,1523964227534,-6.57459,-1.58333,3.92497,0.235161,-0.406602,0.605035,0.642113,-0.0831755,-0.624694
01324188,1523964227534,-9.65152,2.31281,-2.12744,0.0443547,2.11231,1.24141,0.807887,-0.366855,-0.142248
01324185,1523964227534,-9.47864,-1.71029,0.0530354,-0.127939,-0.125024,0.152086,0.859822,0.296642,-0.289417
01324181,1523964227534,-9.26735,-0.476354,2.73483,0.273923,0.0997248,-0.161527,0.846563,0.348361,-0.137982
01324180,1523964227534,-8.78582,-4.99758,1.0625,-0.0158412,-0.348233,0.515737,0.755137,0.38828,-0.360491
01324189,1523964227551,-6.73909,-1.66924,3.56701,0.393617,-0.18462,0.663818,0.638669,-0.0943144,-0.627418
01324188,1523964227551,-9.66472,2.66816,-2.25089,0.640633,2.1301,1.39436,0.804319,-0.385798,-0.109867
01324185,1523964227551,-9.52696,-1.71483,0.0187553,-0.123805,-0.155675,0.0859532,0.861447,0.294931,-0.290451
01324181,1523964227551,-9.34981,-0.355883,2.56295,0.307677,0.13368,-0.14496,0.847478,0.350076,-0.137496
01324180,1523964227551,-8.91318,-4.84598,0.965418,0.0321018,-0.323251,0.417817,0.756579,0.38132,-0.364433
01324189,1523964227568,-7.2741,-1.45874,3.51231,0.666769,0.00176512,0.716015,0.636156,-0.105324,-0.628145
01324188,1523964227568,-9.77003,2.9585,-2.33934,0.934028,2.12297,1.47857,0.80076,-0.406422,-0.0758408
01324185,1523964227568,-9.65259,-1.70935,-0.099667,-0.105747,-0.171518,0.0163259,0.861851,0.297469,-0.290346
01324181,1523964227568,-9.40063,-0.278903,2.62877,0.310169,0.175008,-0.110991,0.847458,0.352483,-0.138608
01324180,1523964227568,-9.04553,-4.6724,0.839402,0.0443591,-0.317805,0.326574,0.758218,0.379415,-0.365981
01324189,1523964227584,-7.49545,-0.615643,3.31563,0.936431,0.121629,0.770031,0.634053,-0.121364,-0.625841
01324188,1523964227584,-9.76878,3.31045,-2.3281,0.986738,2.0234,1.52296,0.79246,-0.428096,-0.0424943
01324185,1523964227584,-9.87449,-1.64064,-0.202486,-0.109153,-0.14809,-0.0211921,0.860899,0.298571,-0.29166
01324181,1523964227584,-9.33881,-0.215105,2.64243,0.367821,0.196878,-0.0799792,0.847211,0.350491,-0.138298
01324180,1523964227584,-9.22152,-4.51447,0.775713,0.0323174,-0.313899,0.219349,0.757496,0.374234,-0.370127
01324189,1523964227601,-7.73059,0.303398,3.53799,1.15386,0.245534,0.813211,0.634942,-0.141495,-0.620929
01324188,1523964227601,-9.81175,3.4693,-2.26423,0.790771,1.93663,1.54367,0.782797,-0.449048,-0.00854694
01324185,1523964227601,-10.0096,-1.65423,-0.184432,-0.0947218,-0.130957,-0.0536049,0.858586,0.299065,-0.295315
01324181,1523964227601,-9.25745,-0.204419,2.6186,0.389109,0.271598,-0.0570114,0.846103,0.352246,-0.137261
01324180,1523964227601,-9.3389,-4.40434,0.731669,-0.0141866,-0.319773,0.155769,0.757128,0.373253,-0.374733
01324189,1523964227618,-8.15894,0.864522,3.64315,1.14391,0.377039,0.876978,0.638263,-0.166557,-0.611269
01324188,1523964227618,-9.80813,3.12264,-2.34534,0.414999,1.78619,1.50937,0.769622,-0.471898,0.0206138
01324185,1523964227618,-9.99486,-1.60131,-0.139505,-0.0460097,-0.119216,-0.0656448,0.859392,0.301571,-0.296909
01324181,1523964227618,-9.2724,-0.209396,2.55581,0.437278,0.361709,-0.0649995,0.847666,0.354564,-0.134935
01324180,1523964227618,-9.33992,-4.32706,0.72725,-0.0855374,-0.28681,0.0729282,0.755699,0.372304,-0.381485
01324189,1523964227634,-8.37661,1.34252,3.54048,1.06288,0.497137,0.952923,0.641735,-0.186756,-0.606119
01324188,1523964227634,-9.63641,2.49261,-1.98479,-0.0087474,1.58288,1.41932,0.75752,-0.491917,0.0418607
01324185,1523964227634,-9.86898,-1.51532,-0.0293136,-0.00182971,-0.079466,-0.100847,0.858036,0.301843,-0.29743
01324181,1523964227634,-9.37367,-0.196025,2.54041,0.455136,0.396114,-0.0716299,0.848477,0.35246,-0.132508
01324180,1523964227634,-9.2924,-4.26128,0.723241,-0.133674,-0.2781,-0.0204989,0.754362,0.373215,-0.384418
01324189,1523964227651,-8.54707,1.71305,3.3054,0.814984,0.622394,1.03007,0.641897,-0.205124,-0.59744
01324188,1523964227651,-9.31066,1.66944,-1.67183,-0.272105,1.33846,1.291,0.748915,-0.506419,0.0591011
01324185,1523964227651,-9.8128,-1.40954,0.180713,0.0452722,-0.0363791,-0.149666,0.85966,0.303671,-0.297584
01324181,1523964227651,-9.46079,-0.182462,2.49613,0.449949,0.391216,-0.0974937,0.850313,0.353517,-0.12883
01324180,1523964227651,-9.24455,-4.22462,0.733577,-0.143524,-0.258885,-0.106584,0.752627,0.373403,-0.386415
01324189,1523964227668,-8.69722,1.83377,3.0256,0.415401,0.780247,1.07643,0.646799,-0.219879,-0.588786
01324188,1523964227668,-8.9644,1.14708,-1.63128,-0.375089,1.07428,1.1494,0.737873,-0.521366,0.0712283
01324185,1523964227668,-9.74739,-1.41942,0.347859,0.070908,-1.97336e-05,-0.187362,0.858302,0.30422,-0.298368
01324181,1523964227668,-9.4504,-0.0901065,2.44612,0.434877,0.392816,-0.105203,0.849766,0.352988,-0.127219
01324180,1523964227668,-9.21642,-4.16661,0.758339,-0.130951,-0.224029,-0.181859,0.74992,0.376213,-0.38767
01324189,1523964227684,-8.74456,1.65888,2.69,0.0727303,0.920159,1.08391,0.650297,-0.231708,-0.577418
01324188,1523964227684,-8.93284,0.527963,-1.38044,-0.540723,0.80731,1.02676,0.727644,-0.535102,0.0758824
01324185,1523964227684,-9.72269,-1.27504,0.432666,0.134549,-0.00467443,-0.239289,0.857759,0.307329,-0.297874
01324181,1523964227684,-9.37243,-0.00182409,2.42078,0.427016,0.390559,-0.130224,0.849201,0.353057,-0.124425
01324180,1523964227684,-9.10167,-4.0738,0.784138,-0.107798,-0.179989,-0.276354,0.748006,0.380319,-0.389855
01324189,1523964227701,-8.74358,1.50115,2.35371,-0.197765,1.02297,1.02773,0.656937,-0.244772,-0.56663
01324188,1523964227701,-9.03305,-0.417503,-0.937897,-0.570169,0.516155,0.908318,0.715382,-0.548968,0.0778612
01324185,1523964227701,-9.6402,-1.11903,0.451794,0.13436,0.0178112,-0.282827,0.854367,0.310696,-0.298679
01324181,1523964227701,-9.30138,0.0524226,2.38156,0.409167,0.384522,-0.119901,0.850881,0.356386,-0.12159
01324180,1523964227701,-8.99689,-3.96688,0.834085,-0.0798077,-0.136748,-0.330379,0.742868,0.384915,-0.391714
01324189,1523964227718,-8.89043,1.21036,2.12157,-0.344743,1.12455,0.974657,0.66452,-0.254416,-0.556897
01324188,1523964227718,-8.80294,-1.00602,-1.37957,-0.254538,0.263664,0.79625,0.708809,-0.560908,0.0770622
01324185,1523964227718,-9.56288,-1.11223,0.516351,0.173698,0.0383193,-0.308533,0.852327,0.313047,-0.301046
01324181,1523964227718,-9.27748,0.0236352,2.32913,0.375586,0.394441,-0.154188,0.850156,0.357211,-0.117083
01324180,1523964227718,-8.98529,-3.9579,0.911587,-0.0420687,-0.0860457,-0.405392,0.739593,0.38961,-0.391302
01324189,1523964227734,-9.15545,0.546261,1.92927,-0.368271,1.16962,0.907917,0.66909,-0.258952,-0.548292
01324188,1523964227734,-9.08708,-1.95317,-0.249702,-0.0360999,-0.00469347,0.68768,0.703568,-0.569403,0.0799621
01324185,1523964227734,-9.53398,-1.17495,0.583697,0.200301,0.0500302,-0.344362,0.851643,0.318536,-0.301358
01324181,1523964227734,-9.1856,-0.0431827,2.29719,0.338301,0.384419,-0.166238,0.850375,0.359682,-0.115145
01324180,1523964227734,-8.97836,-3.93866,0.926261,0.0481751,-0.0477243,-0.464331,0.737543,0.393863,-0.393482
01324189,1523964227751,-9.56306,-0.2215,1.88005,-0.36598,1.17992,0.813817,0.67637,-0.265275,-0.537458
01324188,1523964227751,-9.38157,-3.1682,-0.120866,0.506004,-0.210193,0.489992,0.698988,-0.574764,0.0810304
01324185,1523964227751,-9.4858,-1.17527,0.557374,0.21375,0.0493682,-0.398812,0.851638,0.322613,-0.301789
01324181,1523964227751,-9.14608,-0.144593,2.27524,0.283219,0.389482,-0.174635,0.851126,0.361607,-0.111739
01324180,1523964227751,-9.02833,-3.82845,0.950547,0.146355,-0.0182718,-0.516214,0.734535,0.399727,-0.395482
01324189,1523964227768,-9.86734,-0.720685,2.07853,-0.355106,1.24027,0.732193,0.684902,-0.270405,-0.527519
01324188,1523964227768,-9.89597,-3.63455,0.643042,1.127,-0.482777,0.317706,0.696828,-0.576926,0.0844225
01324185,1523964227768,-9.43507,-1.17555,0.594027,0.215638,0.0983033,-0.436559,0.849331,0.325988,-0.302206
01324181,1523964227768,-9.12314,-0.255914,2.26544,0.245956,0.398015,-0.188226,0.850819,0.361836,-0.108021
01324180,1523964227768,-9.04699,-3.70325,0.96072,0.230298,0.0115871,-0.547088,0.731009,0.403858,-0.396968
01324189,1523964227784,-10.4287,-0.941134,2.69013,-0.253608,1.29802,0.654361,0.694445,-0.275328,-0.512149
01324188,1523964227784,-10.4975,-4.19617,0.587851,1.80759,-0.788474,0.0507683,0.694658,-0.577521,0.0885858
01324185,1523964227784,-9.4835,-1.23786,0.587036,0.233827,0.155981,-0.464151,0.846349,0.330939,-0.301198
01324181,1523964227784,-9.11126,-0.28969,2.20579,0.162543,0.404397,-0.218933,0.849945,0.363526,-0.103265
01324180,1523964227784,-9.12598,-3.58342,0.955773,0.284522,0.0450332,-0.586904,0.72691,0.410013,-0.395974
01324189,1523964227801,-11.0194,-1.29,4.2341,-0.0614711,1.22547,0.556662,0.702921,-0.280521,-0.49891
01324188,1523964227801,-10.0239,-3.90769,-3.71421,2.91183,-0.756565,-0.243001,0.699754,-0.569699,0.103147
01324185,1523964227801,-9.62117,-1.2996,0.583859,0.221819,0.189206,-0.498337,0.844314,0.337163,-0.299945
01324181,1523964227801,-9.24526,-0.291326,2.26775,0.114686,0.405525,-0.251488,0.85014,0.364664,-0.0969149
01324180,1523964227801,-9.22598,-3.51685,0.940662,0.303878,0.0669292,-0.625272,0.722319,0.413877,-0.39826
01324189,1523964227818,-11.1025,-1.95071,5.90111,0.159331,0.990103,0.363319,0.710343,-0.287281,-0.488213
01324188,1523964227818,-11.0642,0.582634,-3.96342,2.76933,-0.631055,-0.410165,0.702546,-0.563039,0.124664
01324185,1523964227818,-9.77085,-1.35885,0.598155,0.270491,0.21832,-0.532562,0.842415,0.342396,-0.298944
01324181,1523964227818,-9.41209,-0.37097,2.31168,0.058816,0.394279,-0.283246,0.848271,0.371767,-0.0938556
01324180,1523964227818,-9.40829,-3.45636,0.953715,0.328947,0.105143,-0.645889,0.718107,0.418883,-0.398638
01324189,1523964227834,-10.4555,-1.36203,5.84893,0.466694,0.820798,0.204612,0.716512,-0.293707,-0.474824
01324188,1523964227834,-11.2592,2.82931,-4.13149,1.55635,-0.646237,-0.539974,0.708985,-0.552606,0.135871
01324185,1523964227834,-9.88658,-1.40861,0.693397,0.368778,0.232943,-0.558251,0.839428,0.348449,-0.299254
01324181,1523964227834,-9.42644,-0.366299,2.32599,0.0420893,0.361766,-0.31881,0.847614,0.377046,-0.0883799
01324180,1523964227834,-9.46438,-3.44314,1.01124,0.35417,0.136405,-0.67099,0.713627,0.424188,-0.399817
01324189,1523964227851,-10.0268,0.761172,5.10025,0.674023,0.726861,0.151167,0.722159,-0.299557,-0.464099
01324188,1523964227851,-10.0652,4.19505,-3.17131,-0.154249,-0.646262,-0.857773,0.718162,-0.544145,0.132246
01324185,1523964227851,-9.93705,-1.38416,0.753538,0.469774,0.244457,-0.541417,0.838884,0.353687,-0.297996
01324181,1523964227851,-9.58952,-0.363411,2.36836,-0.00233303,0.366855,-0.328926,0.847782,0.381164,-0.0831542
01324180,1523964227851,-9.40248,-3.39988,1.09909,0.408268,0.174026,-0.702916,0.71077,0.428306,-0.401043
01324189,1523964227868,-10.2704,1.9571,4.18913,0.489121,0.623368,0.124994,0.726984,-0.306817,-0.452039
01324188,1523964227868,-10.0942,2.8416,-3.04329,-1.67635,-0.613145,-1.09789,0.732205,-0.530865,0.111092
01324185,1523964227868,-10.021,-1.32089,0.911768,0.574943,0.231406,-0.509116,0.835629,0.359755,-0.297521
01324181,1523964227868,-9.89126,-0.328296,2.53239,-0.0113064,0.297864,-0.33287,0.845541,0.385284,-0.0793646
01324180,1523964227868,-9.46697,-3.2998,1.15218,0.476265,0.233145,-0.753902,0.706161,0.433325,-0.402496
01324189,1523964227884,-10.16,2.01929,2.80507,-0.102457,0.569701,0.0981933,0.729104,-0.308565,-0.444987
01324188,1523964227884,-10.7433,1.22145,-2.37375,-2.24875,-0.499917,-1.15903,0.741791,-0.520396,0.0863177
01324185,1523964227884,-10.1363,-1.18049,0.951655,0.647788,0.183305,-0.491006,0.831962,0.362529,-0.299887
01324181,1523964227884,-9.8008,-0.307764,2.46737,-0.00599975,0.253643,-0.332434,0.84316,0.389972,-0.0758511
01324180,1523964227884,-9.53095,-3.24086,1.21472,0.563912,0.27508,-0.818961,0.702477,0.439194,-0.403405
01324189,1523964227901,-9.96553,1.26123,1.51759,-0.816052,0.553503,0.0371481,0.731767,-0.304877,-0.441243
01324188,1523964227901,-10.921,-0.414612,-1.39729,-1.97954,-0.381626,-1.04791,0.751652,-0.510601,0.0633824
01324185,1523964227901,-10.102,-0.973673,0.918943,0.67876,0.11899,-0.464276,0.831956,0.364609,-0.301605
01324181,1523964227901,-9.65786,-0.28173,2.36636,-0.0613472,0.201029,-0.302587,0.840797,0.393093,-0.0720394
01324180,1523964227901,-9.5311,-3.23372,1.22443,0.640757,0.316438,-0.856866,0.697455,0.444796,-0.404029
01324189,1523964227918,-9.98609,-0.161613,1.14698,-1.3384,0.629568,-0.0322501,0.737286,-0.296961,-0.439771
01324188,1523964227918,-10.8012,-1.37657,-1.12719,-0.963769,-0.260576,-0.889131,0.759883,-0.501373,0.0468939
01324185,1523964227918,-10.1691,-0.751835,0.824906,0.644539,0.0447029,-0.439938,0.830316,0.366774,-0.306323
01324181,1523964227918,-9.66756,-0.228521,2.42807,-0.08814,0.242103,-0.279739,0.840698,0.398598,-0.0689652
01324180,1523964227918,-9.56601,-3.15196,1.21487,0.686269,0.365241,-0.921265,0.694462,0.44906,-0.40525
01324189,1523964227934,-10.2506,-1.90424,1.5241,-1.50044,0.603658,-0.100189,0.743608,-0.286335,-0.438689
01324188,1523964227934,-10.2627,-0.898193,-1.55206,0.123361,-0.194707,-0.737525,0.765665,-0.49271,0.0433246
01324185,1523964227934,-9.99577,-0.777127,0.677018,0.627691,0.0380308,-0.422905,0.82705,0.370629,-0.311052
01324181,1523964227934,-9.86371,-0.221227,2.53776,-0.119427,0.172461,-0.268126,0.840761,0.402093,-0.0661164
01324180,1523964227934,-9.7251,-2.82031,1.17888,0.667131,0.410453,-0.991283,0.688217,0.456281,-0.406365
01324189,1523964227951,-10.1271,-2.97661,1.88723,-1.33735,0.558756,-0.153759,0.748835,-0.271661,-0.439435
01324188,1523964227951,-10.0103,-0.0272214,-2.45959,0.678105,-0.15645,-0.646555,0.770465,-0.479509,0.0458402
01324185,1523964227951,-10.0538,-0.728731,0.54798,0.577613,-0.0160675,-0.42079,0.822975,0.37282,-0.314456
01324181,1523964227951,-9.67815,-0.170399,2.40273,-0.1506,0.175253,-0.25599,0.837999,0.405347,-0.0629675
01324180,1523964227951,-9.75875,-3.17239,1.10653,0.666899,0.388469,-0.944044,0.683192,0.462174,-0.407253
01324189,1523964227968,-9.71701,-3.14332,2.03156,-0.865165,0.531259,-0.206396,0.754477,-0.261448,-0.438081
01324188,1523964227968,-9.83538,0.864857,-2.8926,0.580315,-0.143633,-0.631148,0.777871,-0.470798,0.0499271
01324185,1523964227968,-10.0226,-0.724227,0.420431,0.549227,-0.0406891,-0.44612,0.821069,0.374735,-0.317473
01324181,1523964227968,-9.62978,-0.165007,2.44158,-0.145366,0.189758,-0.236931,0.837936,0.408546,-0.0606426
01324180,1523964227968,-9.75495,-3.08515,1.07805,0.688099,0.397045,-0.97372,0.678176,0.467195,-0.407754
01324189,1523964227984,-9.65131,-2.71033,1.90746,-0.358129,0.494839,-0.239298,0.758725,-0.253762,-0.431781
01324188,1523964227984,-9.68824,1.44344,-2.95676,0.0760082,-0.146453,-0.668254,0.781084,-0.464018,0.0501762
01324185,1523964227984,-9.96735,-0.722255,0.320989,0.498805,-0.0717554,-0.43227,0.817941,0.377906,-0.321151
01324181,1523964227984,-9.73454,-0.192989,2.50906,-0.145517,0.16894,-0.216395,0.835941,0.412715,-0.0544656
01324180,1523964227984,-9.6546,-2.96242,0.997527,0.655126,0.38402,-0.984561,0.673464,0.472695,-0.416489
01324189,1523964228001,-9.84456,-2.2991,1.6217,0.0149659,0.45121,-0.277918,0.763563,-0.251707,-0.426737
01324188,1523964228001,-9.93885,1.70659,-2.52401,-0.396608,-0.125333,-0.660687,0.787002,-0.455149,0.0452718
01324185,1523964228001,-9.93858,-0.734536,0.251946,0.423467,-0.109704,-0.425146,0.813727,0.380922,-0.325607
01324181,1523964228001,-9.84506,-0.191875,2.51558,-0.159846,0.130218,-0.206314,0.834558,0.41532,-0.0539741
01324180,1523964228001,-9.57277,-2.90268,0.916481,0.598353,0.373291,-0.983241,0.668704,0.478726,-0.417109
01324189,1523964228018,-10.4074,-2.37981,1.52291,0.319952,0.379004,-0.354837,0.768127,-0.249644,-0.421422
01324188,1523964228018,-10.3246,0.655186,-2.29968,-0.451149,-0.0883233,-0.572178,0.792125,-0.449355,0.0409929
01324185,1523964228018,-9.95336,-0.825961,0.224403,0.360848,-0.106309,-0.409785,0.811541,0.385039,-0.331387
01324181,1523964228018,-9.92579,-0.221996,2.58085,-0.165349,0.0668709,-0.189583,0.832859,0.419424,-0.0505883
01324180,1523964228018,-9.6567,-2.9468,0.886416,0.555088,0.354426,-0.923857,0.66261,0.484642,-0.418522
01324189,1523964228034,-10.5218,-1.99269,1.47166,0.649556,0.295177,-0.41765,0.773306,-0.249106,-0.413256
01324188,1523964228034,-9.83572,-0.528632,-2.22056,0.114933,-0.0375726,-0.555249,0.796169,-0.444819,0.039072
01324185,1523964228034,-9.97304,-0.912581,0.153345,0.305857,-0.105488,-0.380808,0.808272,0.390298,-0.336391
01324181,1523964228034,-9.84381,-0.259825,2.55795,-0.149431,0.0299518,-0.177903,0.832693,0.421302,-0.0498288
01324180,1523964228034,-9.56656,-2.96666,0.809848,0.527223,0.31143,-0.88216,0.657412,0.491665,-0.413983
01324189,1523964228051,-10.3744,-1.03828,1.3646,0.933875,0.234277,-0.461048,0.777878,-0.246762,-0.409144
01324188,1523964228051,-9.67347,-0.487669,-2.65056,0.73941,-0.0392392,-0.527956,0.798826,-0.436312,0.0430709
01324185,1523964228051,-9.9108,-1.03341,0.0888382,0.253947,-0.0951012,-0.362119,0.806905,0.394037,-0.339819
01324181,1523964228051,-9.81497,-0.3128,2.4867,-0.140602,0.0160225,-0.165987,0.831964,0.424356,-0.0480253
01324180,1523964228051,-9.5245,-2.84017,0.765033,0.468858,0.293883,-0.803508,0.653323,0.497097,-0.413273
01324189,1523964228068,-9.88251,0.0924409,0.697805,0.933513,0.213354,-0.459351,0.779021,-0.247754,-0.40007
01324188,1523964228068,-9.56172,0.288185,-3.3275,0.953851,-0.0518054,-0.510695,0.802151,-0.426301,0.0489057
01324185,1523964228068,-9.8318,-1.22173,0.0582767,0.23259,-0.0980816,-0.328922,0.803648,0.39555,-0.341782
01324181,1523964228068,-9.79312,-0.453329,2.57647,-0.0998079,0.0199998,-0.145384,0.832886,0.425919,-0.0479347
01324180,1523964228068,-9.3584,-2.93154,0.686397,0.407282,0.242688,-0.709368,0.649112,0.502693,-0.415396
01324189,1523964228084,-9.491,1.00469,0.032002,0.66246,0.221209,-0.423944,0.782094,-0.2458,-0.395543
01324188,1523964228084,-9.4577,0.96019,-3.62801,0.626806,-0.0897705,-0.499189,0.806437,-0.417771,0.0518087
01324185,1523964228084,-9.74759,-1.27285,0.0260811,0.256128,-0.0766046,-0.273824,0.800662,0.396648,-0.34335
01324181,1523964228084,-9.65613,-0.383853,2.66778,-0.0678474,-0.0560964,-0.149635,0.831511,0.428226,-0.0479685
01324180,1523964228084,-9.19364,-2.92897,0.625181,0.367116,0.194133,-0.655492,0.644787,0.505815,-0.41554
01324189,1523964228101,-9.3234,1.31774,-0.300814,0.265776,0.287467,-0.367688,0.784608,-0.244109,-0.389138
01324188,1523964228101,-9.13889,0.86335,-3.74032,0.153158,-0.131409,-0.525844,0.809106,-0.410762,0.0535599
01324185,1523964228101,-9.63925,-1.31449,-0.0193764,0.283062,-0.0974583,-0.221015,0.799297,0.397421,-0.347142
01324181,1523964228101,-9.40581,-0.332248,2.51867,-0.0446701,-0.066833,-0.155045,0.829066,0.430116,-0.0481152
01324180,1523964228101,-8.96993,-2.98831,0.5497,0.343841,0.144469,-0.543521,0.640727,0.50981,-0.417021
01324189,1523964228118,-9.32827,1.02108,-0.432884,-0.0880195,0.360268,-0.303262,0.78973,-0.242069,-0.385436
01324188,1523964228118,-8.99068,0.403762,-3.60736,-0.216565,-0.181928,-0.543052,0.815162,-0.402602,0.0513019
01324185,1523964228118,-9.50654,-1.31049,0.00159106,0.302155,-0.100404,-0.146206,0.797929,0.399306,-0.351727
01324181,1523964228118,-9.3977,-0.555397,2.57129,0.0264225,-0.0443424,-0.139537,0.828505,0.433092,-0.0497655
01324180,1523964228118,-8.85947,-3.0704,0.443986,0.325596,0.126852,-0.454132,0.637271,0.509025,-0.420903
01324189,1523964228134,-9.43181,0.325843,-0.359953,-0.303709,0.414399,-0.257857,0.794001,-0.235975,-0.380622
01324188,1523964228134,-9.11134,-0.177454,-3.17758,-0.31044,-0.208066,-0.513011,0.817703,-0.395988,0.0460295
01324185,1523964228134,-9.45805,-1.25536,0.052328,0.327567,-0.0912532,-0.0876239,0.797243,0.398955,-0.35538
01324181,1523964228134,-9.40281,-0.623496,2.70298,0.0584523,-0.08251,-0.150302,0.827943,0.435376,-0.0503386
01324180,1523964228134,-8.77341,-3.13833,0.342945,0.344256,0.102442,-0.368944,0.635111,0.510663,-0.421784
01324189,1523964228151,-9.55049,-0.45952,-0.0338657,-0.365935,0.44621,-0.247426,0.796794,-0.231142,-0.377004
01324188,1523964228151,-9.28911,-0.511707,-2.86512,-0.181928,-0.227117,-0.474306,0.82161,-0.39097,0.0401018
01324185,1523964228151,-9.48425,-1.20455,0.149981,0.334728,-0.070646,-0.0443864,0.797239,0.396226,-0.358097
01324181,1523964228151,-9.39363,-0.574881,2.72142,0.0975912,-0.155205,-0.163132,0.827301,0.436426,-0.055003
01324180,1523964228151,-8.69522,-3.16548,0.256553,0.341821,0.0939796,-0.296074,0.633785,0.511881,-0.427548
01324189,1523964228168,-9.81056,-1.26896,0.386792,-0.322148,0.411349,-0.250702,0.800785,-0.223746,-0.372176
01324188,1523964228168,-9.50255,-0.681995,-2.53462,-0.00637241,-0.228433,-0.43952,0.825106,-0.385451,0.0360952
01324185,1523964228168,-9.63594,-1.14818,0.201996,0.313933,-0.0726385,0.00330684,0.796555,0.395039,-0.361218
01324181,1523964228168,-9.39572,-0.545851,2.7933,0.118916,-0.130308,-0.157814,0.827315,0.43806,-0.0587566
01324180,1523964228168,-8.73352,-3.16999,0.183648,0.325233,0.0923806,-0.217939,0.632719,0.512054,-0.429149
01324189,1523964228184,-9.95644,-1.83107,0.772238,-0.191863,0.394515,-0.27507,0.805887,-0.219544,-0.367654
01324188,1523964228184,-9.5991,-0.633702,-2.49339,0.161064,-0.22254,-0.443637,0.827769,-0.37709,0.0338923
01324185,1523964228184,-9.77586,-1.12808,0.161678,0.284475,-0.0863586,0.0136634,0.796141,0.392569,-0.365112
01324181,1523964228184,-9.51122,-0.503582,2.83522,0.1403,-0.130415,-0.166478,0.82555,0.440063,-0.0598427
01324180,1523964228184,-8.79314,-3.38217,0.0924771,0.310455,0.0783177,-0.130256,0.631134,0.511082,-0.431577
01324189,1523964228201,-9.84149,-1.8735,1.16472,-0.0442059,0.348095,-0.295827,0.80826,-0.214121,-0.363225
01324188,1523964228201,-9.54855,-0.012482,-2.39594,0.145431,-0.20118,-0.420512,0.828532,-0.368981,0.0346591
01324185,1523964228201,-9.82436,-1.13031,0.0279018,0.265797,-0.0842533,0.0289902,0.79641,0.38773,-0.367679
01324181,1523964228201,-9.5748,-0.397607,2.86177,0.163343,-0.131914,-0.154494,0.823696,0.440576,-0.0636862
01324180,1523964228201,-8.85107,-3.56114,0.0595094,0.312844,0.067223,-0.0134232,0.633405,0.510738,-0.429186
01324189,1523964228218,-9.57534,-1.64288,1.07849,0.160588,0.257807,-0.327012,0.812019,-0.2119,-0.359372
01324188,1523964228218,-9.38479,-0.177979,-2.26095,0.0765186,-0.166771,-0.417922,0.831081,-0.364079,0.0317029
01324185,1523964228218,-9.80528,-1.14015,-0.069868,0.267635,-0.057815,0.0305162,0.797217,0.386691,-0.370415
01324181,1523964228218,-9.53245,-0.300089,2.89398,0.188241,-0.12923,-0.154573,0.822487,0.443228,-0.0674483
01324180,1523964228218,-8.92753,-3.61961,0.0246057,0.308627,0.0559613,0.0673552,0.635191,0.507818,-0.431162
01324189,1523964228234,-9.53218,-1.34168,0.844885,0.313258,0.211267,-0.345975,0.813731,-0.208189,-0.355751
01324188,1523964228234,-9.14357,-0.332827,-2.31196,0.133116,-0.141897,-0.426956,0.835672,-0.360253,0.0291922
01324185,1523964228234,-9.7619,-1.1212,-0.115594,0.277305,-0.020902,0.0302593,0.795585,0.387781,-0.372379
01324181,1523964228234,-9.4181,-0.230794,2.87889,0.206874,-0.126412,-0.146026,0.823019,0.446013,-0.0705671
01324180,1523964228234,-8.89851,-3.61927,0.0248909,0.31131,0.0354849,0.170961,0.634709,0.502746,-0.429906
01324189,1523964228251,-9.38294,-1.20077,0.507069,0.335994,0.136726,-0.340464,0.817224,-0.205821,-0.352562
01324188,1523964228251,-9.11539,-0.555554,-2.19705,0.129725,-0.103538,-0.396457,0.839572,-0.354413,0.0274892
01324185,1523964228251,-9.64111,-1.06176,-0.106818,0.286686,0.00931166,0.0640456,0.79748,0.38521,-0.37419
01324181,1523964228251,-9.37659,-0.266711,2.89916,0.245094,-0.0899141,-0.135494,0.821816,0.447539,-0.0735088
01324180,1523964228251,-8.79502,-3.57447,0.0116463,0.299617,0.00602227,0.239242,0.639331,0.498624,-0.433163
01324189,1523964228268,-9.45385,-1.06662,0.352679,0.320217,0.0591783,-0.357243,0.817165,-0.203066,-0.34826
01324188,1523964228268,-9.09684,-0.786441,-2.29136,0.176849,-0.102279,-0.385489,0.840624,-0.349252,0.0288758
01324185,1523964228268,-9.45264,-0.966589,-0.0721912,0.296484,0.0253343,0.0877011,0.79802,0.382075,-0.375991
01324181,1523964228268,-9.28299,-0.287404,2.85669,0.269849,-0.115104,-0.111679,0.821174,0.448032,-0.0774974
01324180,1523964228268,-8.66029,-3.5173,0.00602511,0.277387,-0.00824791,0.290855,0.641262,0.494538,-0.434488
01324189,1523964228284,-9.67539,-0.558926,0.330456,0.396286,-0.00366611,-0.325739,0.820133,-0.199117,-0.347995
01324188,1523964228284,-9.17213,-0.225108,-2.53171,0.187127,-0.0857327,-0.401194,0.843031,-0.343362,0.0266562
01324185,1523964228284,-9.25225,-0.900417,-0.0668923,0.304607,0.0502022,0.113001,0.800183,0.379765,-0.37885
01324181,1523964228284,-9.14075,-0.212849,2.7475,0.28931,-0.128896,-0.0920829,0.820904,0.451093,-0.0815435
01324180,1523964228284,-8.51188,-3.39968,0.00570327,0.247583,-0.0381784,0.335288,0.644329,0.48801,-0.442768
01324189,1523964228301,-9.87148,-0.743357,0.442856,0.374206,-0.0705069,-0.233127,0.820189,-0.199023,-0.348041
01324188,1523964228301,-9.5805,0.500401,-2.62656,-0.0230515,-0.0937168,-0.388641,0.845978,-0.337279,0.0263266
01324185,1523964228301,-9.12427,-0.831414,-0.0924917,0.293272,0.0681801,0.135831,0.802349,0.375785,-0.380647
01324181,1523964228301,-9.14615,-0.164392,2.74895,0.314216,-0.106702,-0.0893887,0.819069,0.450728,-0.0862987
01324180,1523964228301,-8.34336,-3.34728,0.0318049,0.222802,-0.0460368,0.371976,0.647893,0.481424,-0.442953
01324189,1523964228318,-10.0173,-1.73333,0.647164,0.20452,-0.0876343,-0.21052,0.821277,-0.199338,-0.347788
01324188,1523964228318,-9.84779,-0.523799,-2.21569,-0.240849,-0.0648124,-0.352656,0.847041,-0.3334,0.0239981
01324185,1523964228318,-9.07124,-0.826951,-0.116645,0.245173,0.075963,0.162186,0.803436,0.373252,-0.380496
01324181,1523964228318,-9.25118,-0.141462,2.85651,0.338862,-0.138693,-0.0535192,0.819348,0.45223,-0.0893882
01324180,1523964228318,-8.29574,-3.31857,0.109767,0.199563,-0.0489207,0.422795,0.650904,0.477624,-0.446585
01324189,1523964228334,-10.0571,-2.5141,0.899051,0.123174,-0.129899,-0.210693,0.822366,-0.196786,-0.349386
01324188,1523964228334,-9.67118,-1.82328,-1.98147,-0.119532,-0.0167513,-0.337073,0.848221,-0.326852,0.0237197
01324185,1523964228334,-9.06899,-0.822232,-0.206565,0.231838,0.0480883,0.179389,0.806144,0.370262,-0.382044
01324181,1523964228334,-9.2474,-0.0516601,2.86689,0.32972,-0.198236,-0.0212651,0.820718,0.453684,-0.0939492
01324180,1523964228334,-8.31252,-3.33833,0.133663,0.155456,-0.0335544,0.434931,0.65208,0.470081,-0.449454
01324189,1523964228351,-9.62778,-2.69539,1.02845,0.225593,-0.194956,-0.236072,0.82305,-0.195658,-0.350455
01324188,1523964228351,-9.45431,-2.01075,-1.83466,0.116057,0.0340895,-0.302121,0.851037,-0.321537,0.0242861
01324185,1523964228351,-9.08608,-0.870314,-0.244161,0.22822,0.0146282,0.177061,0.80669,0.366741,-0.382012
01324181,1523964228351,-9.19128,0.0727343,2.86728,0.309984,-0.234999,0.000859934,0.819177,0.45187,-0.0993414
01324180,1523964228351,-8.35761,-3.40157,0.128042,0.148029,-0.0343892,0.475313,0.657234,0.465652,-0.45124
01324189,1523964228368,-9.17106,-2.87991,1.04058,0.387963,-0.259016,-0.321673,0.819531,-0.194141,-0.353346
01324188,1523964228368,-9.46836,-1.84732,-1.40285,0.318637,0.121516,-0.235183,0.850745,-0.318388,0.0255637
01324185,1523964228368,-9.1006,-0.865439,-0.277558,0.266355,0.012375,0.164279,0.80994,0.360061,-0.384963
01324181,1523964228368,-9.06695,0.215029,2.73253,0.308041,-0.227351,0.0336352,0.819004,0.449847,-0.106869
01324180,1523964228368,-8.45871,-3.42653,0.0930817,0.136721,-0.0504678,0.489212,0.662026,0.457158,-0.45121
01324189,1523964228384,-9.34537,-2.84147,1.39868,0.494596,-0.329219,-0.417099,0.81981,-0.190997,-0.355999
01324188,1523964228384,-9.25303,-1.8178,-1.60213,0.425,0.22008,-0.188202,0.851533,-0.314852,0.0306214
01324185,1523964228384,-9.09805,-0.802874,-0.297722,0.31494,0.02626,0.189649,0.809672,0.354696,-0.385564
01324181,1523964228384,-8.88966,0.357942,2.60776,0.304332,-0.202909,0.0665486,0.820662,0.450281,-0.112076
01324180,1523964228384,-8.52672,-3.40062,0.0780589,0.149656,-0.0660837,0.527888,0.665859,0.451452,-0.453812
01324189,1523964228401,-9.36239,-2.3593,1.10313,0.568981,-0.452641,-0.448611,0.819417,-0.1887,-0.35892
01324188,1523964228401,-9.09815,-1.14401,-2.18703,0.47542,0.265807,-0.163449,0.854368,-0.313074,0.0351397
01324185,1523964228401,-9.03723,-0.615457,-0.302253,0.349038,0.0384496,0.206525,0.810618,0.350563,-0.388009
01324181,1523964228401,-8.55589,0.52207,2.53672,0.281016,-0.17131,0.106441,0.821001,0.447895,-0.11628
01324180,1523964228401,-8.48647,-3.32501,0.0498648,0.162214,-0.0915509,0.533074,0.667801,0.444732,-0.451004
01324189,1523964228418,-9.30257,-1.77946,1.47358,0.586271,-0.54085,-0.464394,0.818091,-0.185528,-0.364498
01324188,1523964228418,-9.14324,-0.223475,-2.08674,0.283526,0.318206,-0.142983,0.854341,-0.30965,0.042893
01324185,1523964228418,-8.89201,-0.450216,-0.285906,0.310671,0.0708408,0.23524,0.81265,0.345876,-0.38993
01324181,1523964228418,-8.4645,0.54738,2.57545,0.266641,-0.146064,0.134262,0.821331,0.446087,-0.120231
01324180,1523964228418,-8.34592,-3.17402,0.0810687,0.174606,-0.114694,0.552337,0.671655,0.437433,-0.453908
01324189,1523964228434,-9.52644,-1.42467,1.72607,0.536017,-0.674903,-0.472266,0.815976,-0.184643,-0.371556
01324188,1523964228434,-9.38649,-0.633169,-1.98727,0.181305,0.364728,-0.171517,0.853515,-0.308412,0.0478273
01324185,1523964228434,-8.75657,-0.354702,-0.232027,0.248269,0.0776397,0.236934,0.816443,0.341616,-0.3916
01324181,1523964228434,-8.529,0.468824,2.76733,0.239735,-0.17206,0.163455,0.823544,0.444115,-0.123932
01324180,1523964228434,-8.23705,-3.00406,0.109651,0.138208,-0.124977,0.53359,0.676304,0.430698,-0.456542
01324189,1523964228451,-9.8463,-1.09192,1.69518,0.449268,-0.727433,-0.462629,0.811408,-0.181398,-0.379638
01324188,1523964228451,-9.36554,-0.904099,-2.56736,0.218554,0.388059,-0.184262,0.854714,-0.305526,0.0541854
01324185,1523964228451,-8.65495,-0.285456,-0.171578,0.21295,0.0524202,0.234559,0.816315,0.337131,-0.390381
01324181,1523964228451,-8.60857,0.351372,2.83911,0.211102,-0.244282,0.180194,0.824734,0.439258,-0.129422
01324180,1523964228451,-8.19533,-2.87836,0.139751,0.0718932,-0.117658,0.50599,0.679544,0.420243,-0.463283
01324189,1523964228468,-9.92703,-0.581704,0.692352,0.383296,-0.763085,-0.437912,0.808057,-0.176173,-0.38812
01324188,1523964228468,-9.3974,-1.09107,-3.40532,0.282943,0.35501,-0.181516,0.855359,-0.301256,0.0622525
01324185,1523964228468,-8.691,-0.289978,-0.0971976,0.165485,0.0218394,0.215255,0.818216,0.333191,-0.390088
01324181,1523964228468,-8.73665,0.349711,3.01703,0.2074,-0.302427,0.190079,0.824967,0.435974,-0.135467
01324180,1523964228468,-8.26405,-2.82173,0.187728,-0.0121429,-0.110825,0.499382,0.682693,0.414972,-0.463975
01324189,1523964228484,-9.90636,0.273768,-0.518083,0.241116,-0.668459,-0.363968,0.80389,-0.171931,-0.396065
01324188,1523964228484,-9.04547,-0.790588,-4.50337,0.260109,0.25956,-0.188855,0.853849,-0.298976,0.0669912
01324185,1523964228484,-8.89595,-0.307906,-0.0348596,0.130139,0.0256234,0.211062,0.820112,0.328929,-0.391882
01324181,1523964228484,-9.07586,0.456999,3.38229,0.178822,-0.396259,0.181677,0.826524,0.434111,-0.141156
01324180,1523964228484,-8.49573,-2.85809,0.173182,-0.0854189,-0.114195,0.480476,0.685019,0.411606,-0.465562
01324189,1523964228501,-10.1044,0.336228,-0.785124,-0.0182041,-0.427327,-0.221324,0.799594,-0.16984,-0.403491
01324188,1523964228501,-9.11389,-0.342145,-4.81014,0.0561587,0.0965903,-0.207105,0.854103,-0.296441,0.068762
01324185,1523964228501,-9.38805,-0.314495,-0.0573995,0.122633,0.0367678,0.179642,0.822014,0.326699,-0.390561
01324181,1523964228501,-9.30894,0.580051,3.80589,0.185619,-0.480557,0.208555,0.82744,0.431075,-0.148541
01324180,1523964228501,-8.99652,-3.01793,0.121494,-0.1346,-0.0984011,0.473315,0.687479,0.408237,-0.467016
01324189,1523964228518,-10.8067,-0.415109,-0.437974,-0.211977,-0.238464,-0.0853556,0.799891,-0.167852,-0.407224
01324188,1523964228518,-9.63182,-0.479665,-4.52328,-0.257454,-0.036544,-0.200168,0.855722,-0.294807,0.0674977
01324185,1523964228518,-10.1266,-0.413514,-0.150936,0.127953,0.0661638,0.138791,0.823912,0.3233,-0.391449
01324181,1523964228518,-9.17293,0.620311,4.00885,0.196227,-0.44319,0.220014,0.827536,0.427936,-0.154587
01324180,1523964228518,-9.68524,-3.24297,0.0917824,-0.175173,-0.104469,0.50916,0.689948,0.403557,-0.467417
01324189,1523964228534,-10.8502,-1.89763,-0.0708666,-0.246516,-0.182721,-0.0322363,0.800185,-0.165003,-0.411218
01324188,1523964228534,-10.0088,-1.71767,-3.82083,-0.279469,-0.1384,-0.147477,0.857338,-0.292491,0.0641221
01324185,1523964228534,-10.8071,-0.445532,-0.301022,0.125837,0.0709029,0.089589,0.823371,0.321892,-0.391434
01324181,1523964228534,-9.23959,0.595234,4.04272,0.169497,-0.210721,0.263507,0.828211,0.422616,-0.161921
01324180,1523964228534,-10.3424,-3.4824,0.0888845,-0.156909,-0.127976,0.550519,0.693235,0.397406,-0.466778
01324189,1523964228551,-10.4523,-2.35952,0.438048,0.0192346,-0.132884,-0.0546017,0.798587,-0.164405,-0.415208
01324188,1523964228551,-9.73964,-2.15284,-3.44837,-0.0166273,-0.214906,-0.136735,0.859368,-0.291224,0.0612142
01324185,1523964228551,-11.1451,-0.361809,-0.564021,0.0933983,0.123479,0.0315317,0.82581,0.321189,-0.391304
01324181,1523964228551,-9.52507,0.669573,3.94528,0.1109,-0.093143,0.263913,0.829401,0.416649,-0.165794
01324180,1523964228551,-10.8898,-3.63416,0.135878,-0.103451,-0.174466,0.606883,0.694384,0.391009,-0.467058
01324189,1523964228568,-9.89215,-2.13639,1.08245,0.168776,-0.142258,-0.0586264,0.798164,-0.162953,-0.414657
01324188,1523964228568,-9.48129,-1.53249,-2.98673,0.253063,-0.259358,-0.138907,0.860158,-0.287252,0.0601065
01324185,1523964228568,-11.2896,-0.163654,-0.75398,0.0338202,0.222377,-0.00302512,0.82758,0.319691,-0.388553
01324181,1523964228568,-9.74028,0.880614,3.83601,0.0273816,0.015564,0.265149,0.832267,0.413463,-0.165758
01324180,1523964228568,-11.2538,-3.55653,0.152086,-0.0575471,-0.222162,0.635072,0.70034,0.388915,-0.47394
01324189,1523964228584,-9.48611,-1.9528,1.10109,0.244788,-0.136279,-0.0877816,0.798867,-0.163125,-0.416806
01324188,1523964228584,-9.5385,-1.32557,-3.24085,0.275841,-0.280954,-0.107138,0.861508,-0.285753,0.0556062
01324185,1523964228584,-11.3662,0.0150025,-0.742831,-0.0442383,0.355099,-0.0182335,0.830166,0.320915,-0.383478
01324181,1523964228584,-9.95522,1.19827,3.89617,-0.0508593,0.125262,0.270676,0.834848,0.411705,-0.166014
01324180,1523964228584,-11.3431,-3.41339,0.214838,-0.0605696,-0.259126,0.641883,0.702858,0.380909,-0.476029
01324189,1523964228601,-9.46871,-2.17507,0.866633,0.152034,-0.0559865,-0.119342,0.799009,-0.164136,-0.416816
01324188,1523964228601,-9.52992,-1.62718,-3.21411,0.193171,-0.313738,-0.083272,0.862315,-0.284346,0.0532609
01324185,1523964228601,-11.3556,0.200545,-0.507411,-0.144309,0.40854,-0.0533411,0.829906,0.32143,-0.378649
01324181,1523964228601,-10.2444,1.18522,3.79797,-0.0900816,0.178764,0.295472,0.836752,0.40705,-0.161819
01324180,1523964228601,-11.1983,-3.22886,0.27527,-0.0969179,-0.272945,0.623986,0.703489,0.37366,-0.477804
01324189,1523964228618,-9.99225,-2.66133,0.629976,0.144864,-0.00318127,-0.130911,0.79684,-0.165231,-0.417067
01324188,1523964228618,-9.63752,-1.96925,-3.20295,0.119291,-0.344793,-0.041642,0.861243,-0.285875,0.0490054
01324185,1523964228618,-11.297,0.265448,-0.224278,-0.254171,0.40803,-0.0311205,0.83412,0.323805,-0.372285
01324181,1523964228618,-10.2621,1.04937,3.52998,-0.123051,0.187921,0.316359,0.839181,0.403252,-0.157381
01324180,1523964228618,-10.9338,-2.95131,0.347048,-0.167955,-0.266485,0.549743,0.704593,0.371326,-0.478678
01324189,1523964228634,-9.89548,-2.95054,0.16049,0.207204,0.0331881,-0.139676,0.800929,-0.165772,-0.417386
01324188,1523964228634,-9.47654,-2.26273,-3.38685,0.100358,-0.385757,0.00737697,0.863143,-0.285382,0.0440313
01324185,1523964228634,-11.1807,0.269794,0.0521551,-0.393352,0.362616,-0.0358059,0.835896,0.32733,-0.364748
01324181,1523964228634,-10.11,0.876628,3.36522,-0.170088,0.214217,0.309822,0.843496,0.399144,-0.152824
01324180,1523964228634,-10.648,-2.65702,0.457797,-0.301464,-0.232107,0.470025,0.705173,0.368134,-0.479831
01324189,1523964228651,-9.66794,-2.90102,0.171777,0.324998,0.152739,-0.148433,0.80063,-0.164746,-0.415234
01324188,1523964228651,-9.3731,-2.40559,-3.35507,0.149675,-0.46077,0.0794832,0.86287,-0.284563,0.0391049
01324185,1523964228651,-11.0312,0.124559,0.221948,-0.52374,0.331613,-0.00147634,0.838622,0.329725,-0.357334
01324181,1523964228651,-10.0588,0.789921,3.3334,-0.207289,0.196839,0.282206,0.846464,0.396864,-0.150549
01324180,1523964228651,-10.3601,-2.51236,0.567744,-0.437047,-0.156026,0.364174,0.708044,0.364917,-0.483719
01324189,1523964228668,-9.55443,-2.4012,0.20046,0.358043,0.252532,-0.122771,0.804549,-0.165552,-0.411807
01324188,1523964228668,-9.39151,-2.14284,-3.33566,0.225955,-0.538392,0.137554,0.863423,-0.285368,0.0312395
01324185,1523964228668,-10.9641,-0.078018,0.315785,-0.668995,0.301443,0.014174,0.841075,0.332677,-0.350317
01324181,1523964228668,-10.0272,0.707869,3.25789,-0.226709,0.174208,0.256216,0.848887,0.394052,-0.146797
01324180,1523964228668,-10.1958,-2.54058,0.680368,-0.566848,-0.0589621,0.262008,0.709079,0.366617,-0.480189
01324189,1523964228684,-9.62555,-2.00677,0.479953,0.31627,0.318631,-0.113248,0.806407,-0.166294,-0.406483
01324188,1523964228684,-9.50619,-1.73497,-2.98229,0.263847,-0.612318,0.174137,0.862764,-0.287656,0.0243735
01324185,1523964228684,-10.9744,-0.30908,0.328307,-0.817978,0.274781,0.0247213,0.843532,0.335656,-0.341862
01324181,1523964228684,-9.95898,0.577728,3.18354,-0.228271,0.156707,0.219866,0.850259,0.389945,-0.144069
01324180,1523964228684,-10.1656,-2.67698,0.829759,-0.630225,0.0408516,0.16556,0.711959,0.370599,-0.475829
01324189,1523964228701,-9.62201,-1.66442,0.87503,0.271438,0.358898,-0.0814889,0.810439,-0.168526,-0.399859
01324188,1523964228701,-9.63043,-1.29776,-2.68206,0.209134,-0.655966,0.192718,0.863061,-0.290793,0.0166347
01324185,1523964228701,-10.9603,-0.444026,0.297552,-0.920007,0.210094,0.0643688,0.843009,0.339204,-0.333142
01324181,1523964228701,-9.75277,0.56082,3.10791,-0.207756,0.141495,0.210999,0.851972,0.389311,-0.139291
01324180,1523964228701,-10.1019,-2.79368,0.979585,-0.647967,0.124855,0.0789582,0.712418,0.374026,-0.468473
01324189,1523964228718,-9.58131,-1.41518,1.11841,0.184852,0.37712,-0.0551671,0.8115,-0.171265,-0.395344
01324188,1523964228718,-9.4989,-1.008,-2.4643,0.140344,-0.675534,0.19735,0.862401,-0.292702,0.0079077
01324185,1523964228718,-10.7104,-0.676815,0.194617,-1.00428,0.117122,0.10753,0.845458,0.342408,-0.327695
01324181,1523964228718,-9.51117,0.384231,3.00416,-0.192468,0.143696,0.188518,0.85505,0.38792,-0.135575
01324180,1523964228718,-9.83226,-2.89484,1.03,-0.636002,0.199931,0.00650539,0.714209,0.379479,-0.464338
01324189,1523964228734,-9.47779,-1.2838,1.13177,0.151919,0.355867,-0.0499284,0.815792,-0.168478,-0.390555
01324188,1523964228734,-9.43576,-0.90638,-2.201,0.0880181,-0.690174,0.175593,0.862305,-0.297771,-0.00196639
01324185,1523964228734,-10.2965,-0.920311,0.0313961,-1.03085,0.0367603,0.142857,0.848043,0.350717,-0.320468
01324181,1523964228734,-9.34446,0.294035,2.97556,-0.170957,0.165385,0.166197,0.855613,0.384244,-0.133246
01324180,1523964228734,-9.52787,-3.03834,1.01285,-0.60806,0.259339,-0.0677327,0.716162,0.382462,-0.459985
01324189,1523964228751,-9.41232,-1.38802,1.09159,0.11919,0.35535,-0.0305031,0.816972,-0.16906,-0.385624
01324188,1523964228751,-9.40195,-0.894003,-1.91739,0.074056,-0.687486,0.156942,0.86313,-0.298556,-0.0103724
01324185,1523964228751,-9.8439,-1.10867,-0.131624,-0.99947,-0.0212681,0.176266,0.848599,0.35225,-0.313953
01324181,1523964228751,-9.2678,0.328891,2.99471,-0.162004,0.166079,0.155808,0.85776,0.383116,-0.131119
01324180,1523964228751,-9.29097,-3.03091,1.0297,-0.529156,0.299475,-0.13294,0.718996,0.389183,-0.452868
01324189,1523964228768,-9.38629,-1.71735,1.40684,0.152286,0.33777,-0.0392403,0.822237,-0.16889,-0.381268
01324188,1523964228768,-9.47523,-1.07494,-1.51569,0.0810544,-0.65912,0.147555,0.862478,-0.301488,-0.0221252
01324185,1523964228768,-9.49726,-1.2482,-0.280904,-0.920939,-0.0419669,0.201752,0.851866,0.353783,-0.307447
01324181,1523964228768,-9.16621,0.417488,2.92604,-0.179774,0.154471,0.152279,0.858162,0.380339,-0.127081
01324180,1523964228768,-9.02738,-3.00802,0.984065,-0.47427,0.313613,-0.12903,0.720492,0.395932,-0.446542
01324189,1523964228784,-9.41725,-2.13892,1.42577,0.249811,0.264255,-0.0458725,0.823706,-0.17207,-0.376495
01324188,1523964228784,-9.43788,-1.42652,-1.25288,0.163123,-0.64534,0.15359,0.861543,-0.302823,-0.0305437
01324185,1523964228784,-9.22773,-1.34154,-0.461328,-0.823744,-0.0753334,0.212007,0.853229,0.354129,-0.304058
01324181,1523964228784,-9.18099,0.441579,2.92065,-0.154908,0.133344,0.155465,0.859902,0.378669,-0.123876
01324180,1523964228784,-8.85266,-3.03702,0.951776,-0.431805,0.287638,-0.137782,0.720957,0.398336,-0.437856
01324189,1523964228801,-9.43439,-2.39305,1.46924,0.345205,0.190727,-0.0773927,0.824621,-0.172649,-0.372229
01324188,1523964228801,-9.55631,-1.40774,-1.11736,0.307892,-0.590023,0.167558,0.86049,-0.307088,-0.0386053
01324185,1523964228801,-9.08835,-1.36669,-0.690261,-0.693887,-0.0686758,0.204988,0.855132,0.353897,-0.30145
01324181,1523964228801,-9.23915,0.503943,2.9529,-0.151393,0.0731577,0.151492,0.860719,0.377108,-0.122789
01324180,1523964228801,-8.76152,-3.11181,0.819328,-0.40616,0.26313,-0.133434,0.723024,0.402764,-0.432935
01324189,1523964228818,-9.44395,-2.34549,1.66666,0.421705,0.120893,-0.0894403,0.826512,-0.173838,-0.369986
01324188,1523964228818,-9.57733,-1.19354,-1.04935,0.381169,-0.566075,0.178931,0.860642,-0.309023,-0.0439785
01324185,1523964228818,-9.0696,-1.41275,-0.904109,-0.555582,-0.0690466,0.209939,0.854187,0.356762,-0.298992
01324181,1523964228818,-9.15387,0.53414,2.86109,-0.129979,0.0144695,0.13365,0.861258,0.375848,-0.121175
01324180,1523964228818,-8.76421,-3.23383,0.712289,-0.346462,0.216965,-0.0920896,0.723719,0.408942,-0.425528
01324189,1523964228834,-9.49085,-2.02038,1.74846,0.433815,0.0292754,-0.103438,0.827336,-0.175298,-0.369873
01324188,1523964228834,-9.56172,-0.871694,-0.876709,0.391684,-0.527093,0.198891,0.8593,-0.310756,-0.0499935
01324185,1523964228834,-9.05548,-1.47312,-1.00115,-0.426537,-0.0760194,0.163915,0.855544,0.355504,-0.298462
01324181,1523964228834,-8.91709,0.527346,2.7275,-0.0961984,-0.0439143,0.132976,0.863971,0.373957,-0.120898
01324180,1523964228834,-8.82829,-3.30641,0.655677,-0.276234,0.179858,-0.0637763,0.72527,0.411786,-0.420902
01324189,1523964228851,-9.52022,-1.67409,2.04668,0.406244,-0.0532463,-0.0980402,0.829238,-0.176207,-0.368966
01324188,1523964228851,-9.46444,-0.681776,-0.498951,0.281722,-0.460837,0.190019,0.859321,-0.313396,-0.0558131
01324185,1523964228851,-8.97347,-1.49287,-0.970485,-0.294775,-0.0422877,0.139723,0.858123,0.355678,-0.296644
01324181,1523964228851,-8.65863,0.559578,2.65126,-0.0959598,-0.0553146,0.0931584,0.863172,0.373811,-0.121551
01324180,1523964228851,-8.71154,-3.33839,0.613138,-0.198937,0.11406,-0.00312158,0.726449,0.413202,-0.41873
01324189,1523964228868,-9.60435,-1.74657,2.72931,0.276039,-0.207181,-0.123039,0.827074,-0.17716,-0.369751
01324188,1523964228868,-9.40707,-0.812027,0.173219,0.133389,-0.348603,0.18139,0.855553,-0.317766,-0.0606164
01324185,1523964228868,-8.79468,-1.49383,-0.808285,-0.129442,-0.0183341,0.139347,0.857726,0.35348,-0.293747
01324181,1523964228868,-8.47724,0.653924,2.64095,-0.0852542,-0.0900157,0.0824234,0.864833,0.370627,-0.122166
01324180,1523964228868,-8.47798,-3.24852,0.591744,-0.123285,0.0502289,0.0461115,0.728701,0.416071,-0.420326
01324189,1523964228884,-9.75572,-1.96623,3.22032,0.177108,-0.433972,-0.160224,0.824386,-0.174669,-0.374784
01324188,1523964228884,-9.48079,-1.12246,0.47262,0.136755,-0.231365,0.184464,0.854746,-0.318656,-0.0630852
01324185,1523964228884,-8.5725,-1.51431,-0.630756,0.0680572,-0.0282421,0.130638,0.86016,0.353021,-0.29558
01324181,1523964228884,-8.66042,0.768129,2.73902,-0.104818,-0.126466,0.0709984,0.865946,0.368724,-0.123466
01324180,1523964228884,-8.14617,-3.08991,0.571686,-0.0317831,-0.0115688,0.084025,0.729792,0.414309,-0.419972
01324189,1523964228901,-9.77965,-2.18499,3.14471,0.167562,-0.663613,-0.259328,0.824726,-0.174568,-0.381877
01324188,1523964228901,-9.75399,-1.14835,0.178976,0.154032,-0.140263,0.206787,0.855188,-0.323968,-0.0649038
01324185,1523964228901,-8.45175,-1.53422,-0.521682,0.27979,-0.0530279,0.145844,0.859891,0.348209,-0.296708
01324181,1523964228901,-8.94156,0.774494,2.75642,-0.0959421,-0.209749,0.0591129,0.865943,0.370536,-0.125629
01324180,1523964228901,-8.03688,-2.94386,0.578389,0.0136056,-0.0260678,0.115871,0.729226,0.414135,-0.413349
01324189,1523964228918,-9.70873,-2.16886,2.69581,0.18453,-0.870236,-0.31399,0.821008,-0.172079,-0.392918
01324188,1523964228918,-9.82213,-0.631444,-0.265586,0.13629,-0.0382061,0.216616,0.854936,-0.326983,-0.0657623
01324185,1523964228918,-8.51899,-1.46634,-0.470974,0.527616,-0.0924542,0.142435,0.861237,0.344456,-0.301379
01324181,1523964228918,-9.31113,0.770078,2.8121,-0.126343,-0.370687,0.0579083,0.864633,0.370055,-0.128793
01324180,1523964228918,-8.1192,-2.91766,0.519724,0.0817705,-0.0277637,0.126865,0.730875,0.410625,-0.413173
01324189,1523964228934,-9.40508,-1.83822,2.06403,0.220612,-0.982162,-0.345715,0.815129,-0.170688,-0.405013
01324188,1523964228934,-9.79185,-0.301413,-0.586485,-0.0314154,0.0489031,0.221734,0.85319,-0.32989,-0.0652492
01324185,1523964228934,-8.88031,-1.29797,-0.471796,0.736509,-0.0963537,0.133801,0.861228,0.338566,-0.307332
01324181,1523964228934,-9.64126,0.688491,2.86951,-0.10517,-0.486267,0.0672748,0.866871,0.368582,-0.135826
01324180,1523964228934,-8.53452,-2.94828,0.442996,0.156985,-0.0338025,0.138813,0.732529,0.407858,-0.415954
01324189,1523964228951,-9.33933,-1.61296,2.01976,0.220499,-1.06162,-0.361576,0.808168,-0.164541,-0.420803
01324188,1523964228951,-9.79952,-0.415051,-0.537262,-0.202503,0.101319,0.208751,0.851308,-0.33284,-0.0637946
01324185,1523964228951,-9.47789,-1.08479,-0.482375,0.912723,-0.09099,0.142205,0.861758,0.333228,-0.313814
01324181,1523964228951,-9.65585,0.537871,2.90611,-0.128231,-0.57607,0.0424582,0.863142,0.370767,-0.142873
01324180,1523964228951,-9.16279,-2.96922,0.354574,0.235674,-0.0380526,0.150846,0.733131,0.406162,-0.425047
01324189,1523964228968,-9.25543,-1.4272,1.87289,0.1307,-1.1608,-0.330617,0.801493,-0.162709,-0.435294
01324188,1523964228968,-9.74515,-0.811056,-1.17906,-0.150335,0.109004,0.212762,0.851198,-0.337101,-0.0629827
01324185,1523964228968,-10.0754,-0.876388,-0.454086,0.997035,-0.0672327,0.140387,0.862697,0.327481,-0.31964
01324181,1523964228968,-9.4344,0.336681,2.92587,-0.150366,-0.626084,0.0196543,0.862162,0.36917,-0.151065
01324180,1523964228968,-9.73923,-2.8932,0.286525,0.270526,-0.0435318,0.172276,0.734525,0.402232,-0.426497
01324189,1523964228984,-9.07605,-0.852559,2.13442,-0.0368668,-1.18659,-0.25565,0.794517,-0.158275,-0.448422
01324188,1523964228984,-9.96005,-0.0713965,-1.33089,-0.115583,0.103165,0.195182,0.850933,-0.337904,-0.0643759
01324185,1523964228984,-10.364,-0.684263,-0.322388,1.03665,-0.051588,0.162414,0.863367,0.320606,-0.325455
01324181,1523964228984,-9.08756,0.253472,2.89105,-0.188465,-0.628384,-0.00273121,0.861293,0.369155,-0.15876
01324180,1523964228984,-9.94424,-2.75301,0.270792,0.238862,-0.0493265,0.194973,0.735102,0.399772,-0.428851
01324189,1523964229001,-9.12173,-0.459559,2.83219,-0.339935,-1.13834,-0.173228,0.786755,-0.155555,-0.463696
01324188,1523964229001,-10.2634,0.286894,-1.3775,-0.272759,0.0894498,0.153188,0.84864,-0.340234,-0.0635505
01324185,1523964229001,-10.2858,-0.4919,-0.0680948,0.988471,-0.0154496,0.208138,0.86336,0.313463,-0.330611
01324181,1523964229001,-8.84218,0.183649,2.82151,-0.195356,-0.574104,-0.029012,0.860133,0.370167,-0.165544
01324180,1523964229001,-9.72851,-2.61563,0.302655,0.184328,-0.046491,0.217491,0.737449,0.394814,-0.43101
01324189,1523964229018,-9.29877,-0.578004,3.26784,-0.596625,-1.082,-0.133283,0.779801,-0.150558,-0.479362
01324188,1523964229018,-10.409,0.123185,-1.33638,-0.4177,0.0818617,0.109615,0.846749,-0.341466,-0.0645462
01324185,1523964229018,-10.0146,-0.305535,0.207115,0.885908,0.00717709,0.257368,0.866198,0.305458,-0.336553
01324181,1523964229018,-8.74051,0.175094,2.88511,-0.179037,-0.525445,-0.0760711,0.858815,0.372899,-0.172229
01324180,1523964229018,-9.39152,-2.52833,0.412766,0.117365,0.00271599,0.196259,0.737647,0.390182,-0.432727
01324189,1523964229034,-9.38898,-0.919967,3.57994,-0.796762,-0.984924,-0.145658,0.769309,-0.142314,-0.497235
01324188,1523964229034,-10.1929,-0.275599,-1.31519,-0.459698,0.0860596,0.0757874,0.847449,-0.344597,-0.0663663
01324185,1523964229034,-9.73427,-0.222854,0.378666,0.740064,0.0407496,0.301472,0.866597,0.297454,-0.342486
01324181,1523964229034,-8.71988,0.124324,2.96591,-0.177106,-0.476294,-0.096335,0.856159,0.375909,-0.180101
01324180,1523964229034,-9.11732,-2.47386,0.589756,0.0642714,0.0570711,0.182189,0.73818,0.390462,-0.432729
01324189,1523964229051,-9.22507,-1.41414,3.80996,-0.875044,-0.887447,-0.147013,0.760954,-0.133101,-0.51138
01324188,1523964229051,-9.6958,-0.531589,-1.17235,-0.419515,0.0663595,0.0688464,0.847178,-0.344542,-0.0674365
01324185,1523964229051,-9.62567,-0.206667,0.388408,0.542997,0.0252321,0.320475,0.869312,0.287847,-0.34384
01324181,1523964229051,-8.91279,0.0104116,3.00308,-0.148554,-0.465881,-0.110926,0.854303,0.3774,-0.185028
01324180,1523964229051,-8.93368,-2.52188,0.770133,0.0305176,0.11707,0.152452,0.741028,0.387217,-0.431755
01324189,1523964229068,-9.04893,-2.07706,4.14163,-0.875198,-0.813231,-0.163165,0.758014,-0.123873,-0.522644
01324188,1523964229068,-9.79285,-0.618745,-1.06973,-0.395239,0.0795616,0.0346277,0.847309,-0.343585,-0.0692629
01324185,1523964229068,-9.6816,-0.297906,0.284981,0.334375,-0.00627786,0.315819,0.872566,0.281481,-0.345096
01324181,1523964229068,-9.26975,-0.0690343,3.02164,-0.123597,-0.469532,-0.122143,0.852591,0.378725,-0.190882
01324180,1523964229068,-8.96591,-2.69018,0.899404,0.0401633,0.189202,0.138917,0.744366,0.385964,-0.426157
01324189,1523964229084,-8.91339,-2.85411,4.4639,-0.798738,-0.782959,-0.178969,0.7518,-0.114842,-0.532936
01324188,1523964229084,-9.92862,-0.731352,-1.10134,-0.430265,0.0657992,-0.00206566,0.847037,-0.343359,-0.0708609
01324185,1523964229084,-9.8318,-0.383844,0.0714967,0.12524,-0.0746892,0.319926,0.874191,0.276085,-0.34727
01324181,1523964229084,-9.43836,-0.027373,3.03908,-0.0932849,-0.504305,-0.141466,0.850444,0.382213,-0.196246
01324180,1523964229084,-9.20075,-2.86953,0.934796,0.0343145,0.240258,0.126939,0.747581,0.384876,-0.423389
01324189,1523964229101,-8.98221,-3.41636,4.48307,-0.645804,-0.75778,-0.187367,0.744237,-0.106641,-0.544021
01324188,1523964229101,-9.90267,-0.907672,-1.07106,-0.423482,0.0886592,-0.0398157,0.847843,-0.341825,-0.0727944
01324185,1523964229101,-10.1515,-0.646982,-0.234815,-0.0315816,-0.126126,0.312001,0.873921,0.271832,-0.348665
01324181,1523964229101,-9.49712,0.0883512,3.07996,-0.0995561,-0.480257,-0.132617,0.847549,0.382382,-0.203392
01324180,1523964229101,-9.49274,-3.09475,0.90654,0.0530702,0.267338,0.136048,0.750665,0.383792,-0.421025
01324189,1523964229118,-9.02139,-3.60861,4.70471,-0.393511,-0.757755,-0.176736,0.735342,-0.0984205,-0.558034
01324188,1523964229118,-9.8373,-0.861518,-0.807267,-0.343428,0.122485,-0.0840292,0.847309,-0.343345,-0.0712673
01324185,1523964229118,-10.3745,-0.87694,-0.460687,-0.171915,-0.152902,0.319186,0.874998,0.268944,-0.352299
01324181,1523964229118,-9.63102,0.217784,3.07179,-0.0987532,-0.417904,-0.109651,0.845124,0.387143,-0.209577
01324180,1523964229118,-9.7753,-3.30056,0.878482,0.0579833,0.276664,0.15374,0.751099,0.380882,-0.42055
01324189,1523964229134,-9.1533,-3.74327,4.90353,-0.135848,-0.745663,-0.151877,0.72752,-0.0953827,-0.567284
01324188,1523964229134,-10.2129,-0.435931,-0.784133,-0.20052,0.156616,-0.0951379,0.847853,-0.343436,-0.072626
01324185,1523964229134,-10.4721,-1.17022,-0.628189,-0.248091,-0.162488,0.344873,0.876356,0.264003,-0.352778
01324181,1523964229134,-9.65496,0.387342,3.0539,-0.120296,-0.369431,-0.0695284,0.842454,0.388797,-0.2141
01324180,1523964229134,-9.93216,-3.48513,0.808265,0.087828,0.240996,0.190593,0.754875,0.37849,-0.419572
01324189,1523964229151,-8.73552,-3.59497,5.04849,0.00668215,-0.692834,-0.143581,0.723225,-0.0940092,-0.574314
01324188,1523964229151,-9.79347,-0.78348,-0.957525,-0.181568,0.252351,-0.0991911,0.848095,-0.339044,-0.0700658
01324185,1523964229151,-10.4824,-1.30028,-0.742878,-0.276908,-0.153157,0.368664,0.876088,0.261327,-0.352752
01324181,1523964229151,-9.73901,0.594968,3.08319,-0.141807,-0.28029,-0.0307659,0.841801,0.389457,-0.217029
01324180,1523964229151,-10.037,-3.58712,0.748677,0.0941398,0.210819,0.21152,0.759408,0.378379,-0.414509
01324189,1523964229168,-8.23121,-2.74777,5.2863,0.0902597,-0.619518,-0.110669,0.718396,-0.0933441,-0.582012
01324188,1523964229168,-9.28654,-1.0285,-1.35875,-0.0965152,0.27317,-0.163784,0.849698,-0.335705,-0.0642229
01324185,1523964229168,-10.4826,-1.30759,-0.834996,-0.298119,-0.11245,0.365875,0.877716,0.256804,-0.353497
01324181,1523964229168,-9.93758,0.730887,3.1083,-0.154522,-0.204098,0.0234079,0.842663,0.38793,-0.220858
01324180,1523964229168,-10.0816,-3.65935,0.680172,0.0359281,0.141252,0.261647,0.761877,0.372815,-0.412495
01324189,1523964229184,-7.60584,-1.69984,5.10653,0.142225,-0.495904,-0.0824311,0.713267,-0.0925134,-0.586897
01324188,1523964229184,-9.06596,-0.869787,-1.41485,0.00818609,0.2319,-0.168802,0.851585,-0.333741,-0.0633159
01324185,1523964229184,-10.6564,-1.2705,-0.954108,-0.335401,-0.0560059,0.337528,0.879348,0.254011,-0.352169
01324181,1523964229184,-10.0379,0.74176,3.19439,-0.178651,-0.140829,0.049916,0.841585,0.388506,-0.22139
01324180,1523964229184,-10.2149,-3.8101,0.63454,-0.0589205,0.0573697,0.319355,0.762984,0.369308,-0.411096
01324189,1523964229201,-6.83351,-0.768894,4.15024,0.138264,-0.280353,-0.0510357,0.707579,-0.0933817,-0.589246
01324188,1523964229201,-9.08448,-0.607344,-1.00316,0.0225302,0.130098,-0.149483,0.851154,-0.330368,-0.0605417
01324185,1523964229201,-10.8781,-1.1969,-0.959932,-0.411301,-0.0136846,0.271053,0.880711,0.249814,-0.350566
01324181,1523964229201,-10.0199,0.615857,3.14378,-0.163634,-0.065936,0.0824183,0.840538,0.386507,-0.221869
01324180,1523964229201,-10.442,-3.99826,0.597453,-0.141762,-0.00532708,0.372024,0.766646,0.366355,-0.412965
01324189,1523964229218,-6.73121,-0.744296,3.5305,-0.0163711,-0.0215603,0.00479539,0.708023,-0.0951319,-0.591807
01324188,1523964229218,-8.95698,-0.775121,-0.867862,0.0281787,0.00678291,-0.119799,0.852105,-0.330744,-0.0590963
01324185,1523964229218,-11.0997,-1.08236,-0.971035,-0.528701,0.00610429,0.201366,0.883153,0.249561,-0.349004
01324181,1523964229218,-10.0299,0.45077,3.13722,-0.152905,0.0261686,0.0892383,0.841057,0.386821,-0.220287
01324180,1523964229218,-10.6375,-4.22543,0.632966,-0.211953,-0.09069,0.419323,0.769782,0.361951,-0.413099
01324189,1523964229234,-7.39162,-1.69574,3.67452,-0.210294,0.155079,0.0670366,0.707464,-0.0946798,-0.590593
01324188,1523964229234,-9.31019,-0.799446,-0.301747,0.0539228,-0.128168,-0.112314,0.853167,-0.326953,-0.0595456
01324185,1523964229234,-11.208,-1.04074,-0.947412,-0.69825,0.0423928,0.145214,0.883424,0.25226,-0.347855
01324181,1523964229234,-9.89189,0.302056,3.04919,-0.147379,0.0983433,0.0725902,0.841837,0.387151,-0.217778
01324180,1523964229234,-10.6628,-4.34965,0.709376,-0.273655,-0.151364,0.459802,0.771069,0.357908,-0.419682
01324189,1523964229251,-7.98827,-2.87503,3.77322,-0.326858,0.241103,0.111927,0.708796,-0.0918323,-0.589382
01324188,1523964229251,-9.27564,-0.615077,-0.481776,0.119409,-0.215329,-0.121672,0.852753,-0.325734,-0.0605412
01324185,1523964229251,-11.1357,-1.0989,-0.867415,-0.908379,0.052627,0.085833,0.883709,0.253784,-0.341862
01324181,1523964229251,-9.61576,0.179324,2.85528,-0.133891,0.188439,0.0698236,0.844255,0.385877,-0.215651
01324180,1523964229251,-10.5251,-4.38069,0.831393,-0.320072,-0.22026,0.474812,0.773266,0.353521,-0.419802
01324189,1523964229268,-8.12753,-3.43769,3.77885,-0.284436,0.335722,0.166122,0.713384,-0.0902125,-0.586345
01324188,1523964229268,-9.22149,-0.365272,-0.720309,0.0635975,-0.291182,-0.137043,0.854376,-0.324422,-0.0642489
01324185,1523964229268,-10.8296,-1.3053,-0.698844,-1.07918,0.0591085,0.039991,0.885479,0.258957,-0.336562
01324181,1523964229268,-9.36217,0.100026,2.62417,-0.118475,0.290488,0.0438828,0.845568,0.384546,-0.210324
01324180,1523964229268,-10.0997,-4.3964,0.963553,-0.380828,-0.251161,0.470595,0.774381,0.349729,-0.419355
01324189,1523964229284,-7.80134,-3.04906,3.72617,-0.0657392,0.434438,0.227906,0.717138,-0.0914298,-0.579709
01324188,1523964229284,-9.27873,-0.176725,-1.10663,-0.0323386,-0.346305,-0.134773,0.851364,-0.31942,-0.0703603
01324185,1523964229284,-10.4198,-1.54839,-0.442137,-1.18333,0.0547354,0.0298413,0.884546,0.263618,-0.328635
01324181,1523964229284,-9.34306,0.0736043,2.5765,-0.0879239,0.388888,0.00757384,0.844697,0.385119,-0.204349
01324180,1523964229284,-9.60119,-4.29096,1.13576,-0.429286,-0.260362,0.434972,0.774936,0.346213,-0.414841
01324189,1523964229301,-7.45727,-2.34863,3.87355,0.191721,0.531016,0.267607,0.722011,-0.0972808,-0.57339
01324188,1523964229301,-8.53763,-1.28464,-2.71958,-0.267378,-0.330859,-0.1325,0.853802,-0.318053,-0.0755556
01324185,1523964229301,-10.0923,-1.85123,-0.278344,-1.2204,0.0215807,0.0249245,0.884146,0.27048,-0.323474
01324181,1523964229301,-9.08061,0.193199,2.53,-0.0558046,0.434713,-0.00083118,0.847468,0.384651,-0.19786
01324180,1523964229301,-9.05774,-3.5969,1.39623,-0.664933,-0.263832,0.386033,0.774951,0.345643,-0.416473
01324189,1523964229318,-7.43983,-2.14978,4.49687,0.234156,0.585886,0.259654,0.725115,-0.101078,-0.568372
01324188,1523964229318,-8.48025,-1.39916,-1.8815,-0.169297,-0.189673,-0.232944,0.852851,-0.317374,-0.0803476
01324185,1523964229318,-9.66855,-2.18843,-0.161995,-1.19362,-0.0423976,-0.00795062,0.884832,0.277781,-0.317407
01324181,1523964229318,-9.06871,0.13761,2.4442,-0.0520726,0.476775,-0.0211618,0.846977,0.387494,-0.192468
01324180,1523964229318,-8.87064,-4.23295,1.48641,-0.935116,-0.244685,0.251508,0.775985,0.34646,-0.410799
01324189,1523964229334,-7.66134,-2.28349,4.86501,0.088756,0.628904,0.240479,0.73011,-0.106352,-0.56098
01324188,1523964229334,-8.93919,-1.4128,-3.49742,0.0570158,-0.0192285,-0.155227,0.852824,-0.312953,-0.081417
01324185,1523964229334,-9.36035,-2.41181,-0.109806,-1.06435,-0.119577,-0.0289243,0.884696,0.283174,-0.315368
01324181,1523964229334,-9.17906,0.0973047,2.66645,-0.0485663,0.438726,-0.0249151,0.849333,0.38803,-0.186127
01324180,1523964229334,-8.7095,-4.72406,1.53845,-1.02367,-0.236449,0.170847,0.776164,0.352966,-0.408375
01324189,1523964229351,-8.1685,-2.1973,5.00674,-0.0104071,0.699133,0.245445,0.736712,-0.107209,-0.553571
01324188,1523964229351,-9.09611,-0.607949,-2.64916,0.0656351,0.147651,-0.151628,0.854032,-0.311002,-0.0799639
01324185,1523964229351,-9.22497,-2.29709,-0.116781,-0.89074,-0.155203,-0.079947,0.883344,0.288728,-0.312282
01324181,1523964229351,-8.94307,0.15337,2.78763,-0.0521978,0.360833,-0.027367,0.849269,0.388177,-0.179488
01324180,1523964229351,-8.62635,-5.07817,1.32947,-0.905232,-0.255234,0.0816855,0.775685,0.358029,-0.405025
01324189,1523964229368,-8.47939,-1.90162,4.22315,-0.0785103,0.792964,0.244964,0.740267,-0.112108,-0.54219
01324188,1523964229368,-9.88008,0.700805,-0.768162,-0.340167,0.155358,-0.112024,0.854686,-0.307237,-0.0797366
01324185,1523964229368,-9.10146,-2.04035,-0.241174,-0.703037,-0.183881,-0.129328,0.881448,0.294411,-0.309848
01324181,1523964229368,-8.60641,0.157334,2.80903,-0.0450069,0.382737,-0.0359036,0.850585,0.387394,-0.175235
01324180,1523964229368,-8.58509,-5.18132,1.08279,-0.60823,-0.291308,0.0147035,0.77152,0.360149,-0.407893
01324189,1523964229384,-8.7074,-1.43532,3.56808,-0.110008,0.845059,0.257228,0.74834,-0.113996,-0.531732
01324188,1523964229384,-9.12892,-0.840938,-0.673397,-0.390733,0.0928641,-0.155377,0.855896,-0.305356,-0.0799034
01324185,1523964229384,-9.01161,-1.71843,-0.398766,-0.521939,-0.179801,-0.1687,0.879279,0.298087,-0.309223
01324181,1523964229384,-8.47125,0.132225,2.83452,-0.0253777,0.428668,-0.0390462,0.851047,0.387838,-0.16781
01324180,1523964229384,-8.49829,-5.05159,0.779824,-0.27344,-0.332319,-0.0599391,0.768804,0.363685,-0.409268
01324189,1523964229401,-8.86293,-0.984496,3.06035,-0.22606,0.87392,0.306556,0.752473,-0.115352,-0.52216
01324188,1523964229401,-9.54558,-1.71556,-0.195337,-0.277595,0.0827228,-0.25211,0.856563,-0.303479,-0.0797943
01324185,1523964229401,-8.93841,-1.33618,-0.527149,-0.360391,-0.159725,-0.212403,0.876703,0.299635,-0.30936
01324181,1523964229401,-8.6429,0.117958,2.96411,-0.0289204,0.465821,-0.0403901,0.852319,0.389238,-0.161875
01324180,1523964229401,-8.46865,-4.65787,0.559925,-0.0197407,-0.353183,-0.104985,0.766166,0.363342,-0.416935
01324189,1523964229418,-9.47641,-1.46576,3.80842,-0.318065,0.819944,0.347351,0.759067,-0.118069,-0.512895
01324188,1523964229418,-10.9062,-1.61997,-0.741512,-0.0546946,0.188015,-0.251399,0.858167,-0.299761,-0.0789087
01324185,1523964229418,-8.87546,-1.22826,-0.564922,-0.264196,-0.123276,-0.264636,0.874665,0.305266,-0.309669
01324181,1523964229418,-8.87085,0.154006,3.05373,-0.0574433,0.459738,-0.0351263,0.852244,0.389689,-0.154445
01324180,1523964229418,-8.53142,-4.44496,0.444473,0.134256,-0.365338,-0.167328,0.762269,0.365753,-0.420612
01324189,1523964229434,-10.0223,-2.68113,4.21782,-0.353849,0.76002,0.299493,0.764714,-0.119617,-0.504948
01324188,1523964229434,-10.4664,-0.383251,-1.29283,0.0376434,0.250069,-0.2058,0.858013,-0.297308,-0.0752532
01324185,1523964229434,-8.99092,-1.11679,-0.565978,-0.178979,-0.0731578,-0.367083,0.872896,0.312018,-0.310251
01324181,1523964229434,-9.04398,0.176201,3.07634,-0.0699287,0.457165,-0.0316201,0.853517,0.391086,-0.148643
01324180,1523964229434,-8.76395,-4.23504,0.424021,0.221542,-0.367367,-0.222951,0.758001,0.366738,-0.427282
01324189,1523964229451,-9.83002,-3.38158,3.4733,-0.331873,0.750951,0.253345,0.771682,-0.119747,-0.493794
01324188,1523964229451,-9.78975,0.240307,-1.16899,-0.0616869,0.338775,-0.148783,0.86154,-0.297506,-0.0723481
01324185,1523964229451,-9.17884,-1.0506,-0.553762,-0.118587,-0.00260705,-0.474718,0.870179,0.318207,-0.310824
01324181,1523964229451,-8.91767,0.177787,2.96362,-0.0628519,0.466209,-0.0195308,0.852767,0.392107,-0.141749
01324180,1523964229451,-9.00874,-4.02565,0.439699,0.251779,-0.382547,-0.245617,0.751856,0.367461,-0.432986
01324189,1523964229468,-9.30189,-2.6192,2.47405,-0.344282,0.659316,0.250684,0.776215,-0.118959,-0.484745
01324188,1523964229468,-9.61561,-1.10015,-1.28333,-0.0301561,0.35857,-0.112879,0.861107,-0.293899,-0.0683476
01324185,1523964229468,-9.27993,-1.00659,-0.503786,-0.0964026,0.0719508,-0.5713,0.865839,0.326117,-0.30984
01324181,1523964229468,-8.68239,0.0836519,2.80995,-0.0574136,0.515622,-0.0226171,0.854453,0.390006,-0.132159
01324180,1523964229468,-9.0062,-3.85174,0.433428,0.212778,-0.383754,-0.279237,0.748387,0.368425,-0.438453
01324189,1523964229484,-8.8346,-1.32343,1.8567,-0.421054,0.608128,0.25485,0.778064,-0.116973,-0.480203
01324188,1523964229484,-9.30425,-1.9099,-1.15809,0.290663,0.384594,-0.148385,0.861214,-0.290193,-0.0604437
01324185,1523964229484,-9.15672,-1.0866,-0.282587,-0.0424309,0.100827,-0.62515,0.86367,0.334334,-0.307561
01324181,1523964229484,-8.41222,-0.0877288,2.68456,-0.00309586,0.561684,-0.0189923,0.85504,0.391025,-0.124482
01324180,1523964229484,-8.78328,-3.52589,0.456729,0.108665,-0.398633,-0.343268,0.743119,0.374059,-0.443666
01324189,1523964229501,-8.87638,-1.00653,2.12096,-0.453887,0.601628,0.268975,0.781253,-0.118738,-0.471159
01324188,1523964229501,-9.17146,-1.29222,-1.28987,0.515609,0.392153,-0.149416,0.862832,-0.289589,-0.0522141
01324185,1523964229501,-8.88875,-1.20356,0.0152919,0.0430006,0.146018,-0.603481,0.859602,0.34126,-0.306438
01324181,1523964229501,-8.23391,-0.264996,2.4959,0.0406916,0.596664,-0.0404026,0.855508,0.391456,-0.117588
01324180,1523964229501,-8.37142,-3.20716,0.450417,0.000977303,-0.337896,-0.420023,0.736941,0.377242,-0.448644
01324189,1523964229518,-9.10915,-1.70302,1.79909,-0.446974,0.52213,0.246095,0.784464,-0.118796,-0.465579
01324188,1523964229518,-8.98645,-0.947154,-1.4268,0.419642,0.408618,-0.137483,0.862816,-0.287745,-0.0449636
01324185,1523964229518,-8.57017,-1.33529,0.316008,0.155616,0.145134,-0.583258,0.856614,0.348868,-0.306501
01324181,1523964229518,-8.30162,-0.353213,2.58892,0.0603575,0.567975,-0.0639571,0.857837,0.392194,-0.108595
01324180,1523964229518,-7.9056,-2.95573,0.47568,-0.10139,-0.262626,-0.522166,0.729627,0.384487,-0.450552
01324189,1523964229534,-9.3975,-2.30109,1.69736,-0.261651,0.452844,0.179385,0.789044,-0.118319,-0.461081
01324188,1523964229534,-9.47314,-0.500107,-1.6581,0.171583,0.428438,-0.192147,0.864415,-0.28402,-0.0380195
01324185,1523964229534,-8.39383,-1.39396,0.539567,0.291405,0.103581,-0.555115,0.852543,0.359173,-0.305542
01324181,1523964229534,-8.63572,-0.37191,2.81898,0.0923798,0.427814,-0.0944907,0.855621,0.392646,-0.102471
01324180,1523964229534,-7.59704,-2.89227,0.524962,-0.156872,-0.150088,-0.638709,0.724472,0.391268,-0.454122
01324189,1523964229551,-9.95445,-2.81859,1.8165,-0.0438776,0.29882,0.17874,0.789824,-0.119182,-0.456817
01324188,1523964229551,-10.1474,-0.439993,-1.6245,-0.105857,0.425621,-0.21365,0.866831,-0.280145,-0.0345764
01324185,1523964229551,-8.38396,-1.38189,0.6385,0.43266,0.0389201,-0.542103,0.848741,0.364787,-0.306759
01324181,1523964229551,-9.11114,-0.368083,3.12981,0.0690151,0.235107,-0.0951024,0.856356,0.395023,-0.0980119
01324180,1523964229551,-7.64406,-3.00169,0.54807,-0.129539,-0.0378283,-0.724801,0.719793,0.401057,-0.452912
01324189,1523964229568,-10.2808,-3.06385,1.92307,0.126843,0.121048,0.170827,0.789668,-0.121032,-0.45362
01324188,1523964229568,-10.4179,-1.02295,-1.55935,-0.128417,0.468814,-0.175297,0.86559,-0.277825,-0.0276847
01324185,1523964229568,-8.65872,-1.25266,0.55188,0.609842,-0.029441,-0.511186,0.84589,0.36715,-0.30847
01324181,1523964229568,-9.37101,-0.279038,3.21821,0.056392,0.052021,-0.0991798,0.856888,0.395584,-0.098162
01324180,1523964229568,-8.0832,-3.26258,0.532683,-0.00762975,0.0749423,-0.817274,0.713917,0.407937,-0.44661
01324189,1523964229584,-10.1813,-2.78265,1.88816,0.247067,-0.0131488,0.17501,0.789134,-0.124177,-0.452702
01324188,1523964229584,-9.92145,-1.53112,-1.52735,0.0357676,0.502671,-0.155146,0.865653,-0.276633,-0.0206421
01324185,1523964229584,-9.15779,-1.03787,0.342958,0.76719,-0.0558522,-0.531494,0.841538,0.369723,-0.313967
01324181,1523964229584,-9.39814,-0.201956,3.50153,0.107717,0.00934648,-0.0695452,0.854456,0.396196,-0.0978838
01324180,1523964229584,-8.7839,-3.47757,0.452155,0.159894,0.146725,-0.865719,0.707647,0.416451,-0.445807
01324189,1523964229601,-9.77921,-2.8406,1.69697,0.328767,-0.0900907,0.164687,0.786991,-0.128725,-0.453383
01324188,1523964229601,-9.43641,-1.78788,-1.61544,0.154468,0.533945,-0.119392,0.866711,-0.273083,-0.0128962
01324185,1523964229601,-9.71221,-0.736115,0.0675737,0.892187,-0.0459868,-0.567296,0.836099,0.372689,-0.321031
01324181,1523964229601,-8.98559,0.0409081,3.22421,0.125295,-0.0111844,-0.0285435,0.853094,0.397085,-0.0973567
01324180,1523964229601,-9.4377,-3.5859,0.382338,0.347883,0.190393,-0.907182,0.70179,0.424089,-0.445028
01324189,1523964229618,-9.0827,-2.81571,0.795651,0.345821,-0.133738,0.148687,0.785126,-0.135005,-0.453679
01324188,1523964229618,-9.17934,-2.29051,-2.28673,0.29405,0.533468,-0.0732414,0.866025,-0.27292,-0.00372506
01324185,1523964229618,-10.0156,-0.38775,-0.182641,0.886783,-0.0111023,-0.608273,0.832283,0.376065,-0.328758
01324181,1523964229618,-8.89326,0.250746,3.10003,0.112859,0.175002,-0.000219955,0.853234,0.397071,-0.0978893
01324180,1523964229618,-9.71223,-3.46751,0.295718,0.481826,0.202742,-0.927256,0.695404,0.432628,-0.448004
01324189,1523964229634,-8.69632,-2.10519,0.709095,0.425399,-0.127706,0.148091,0.784266,-0.139627,-0.455381
01324188,1523964229634,-9.11003,-1.86404,-2.62806,0.318462,0.525526,-0.053689,0.866697,-0.273304,0.00727913
01324185,1523964229634,-9.99602,-0.200189,-0.309152,0.787631,0.0258572,-0.622015,0.827393,0.381357,-0.332059
01324181,1523964229634,-9.78809,0.30546,3.35407,0.0931147,0.230474,0.0264026,0.854426,0.397375,-0.096314
01324180,1523964229634,-9.73067,-3.14333,0.207895,0.54178,0.199363,-0.963741,0.690244,0.439109,-0.449825
01324189,1523964229651,-9.39419,-1.90408,0.778527,0.393305,-0.0443923,0.107981,0.781701,-0.14502,-0.45419
01324188,1523964229651,-9.43292,-1.59073,-2.92643,0.144163,0.478302,-0.0218209,0.866013,-0.273179,0.0141598
01324185,1523964229651,-10.0302,-0.296339,-0.369787,0.748156,0.0595201,-0.640888,0.822637,0.384934,-0.33665
01324181,1523964229651,-10.5338,0.255296,3.47584,0.0981981,0.168337,0.0536233,0.855233,0.395281,-0.0934892
01324180,1523964229651,-9.97646,-2.80688,0.0768331,0.489269,0.2155,-0.986679,0.683986,0.446609,-0.449177
01324189,1523964229668,-10.3963,-2.01495,0.778788,0.30303,0.00255217,0.122,0.779801,-0.147984,-0.452854
01324188,1523964229668,-9.76383,-1.52961,-3.22042,-0.0144297,0.41922,0.00471972,0.864649,-0.272499,0.0187955
01324185,1523964229668,-10.4696,-0.442893,-0.383437,0.719045,0.0841604,-0.664726,0.819915,0.389096,-0.340077
01324181,1523964229668,-10.8042,0.0433728,3.57477,0.0998803,0.0702195,0.0528616,0.855491,0.394886,-0.0917569
01324180,1523964229668,-10.3762,-2.55978,0.00661586,0.356294,0.240423,-1.02588,0.67721,0.452668,-0.448416
01324189,1523964229684,-10.4339,-2.05607,0.501777,0.273568,0.0192466,0.134312,0.779007,-0.151846,-0.452876
01324188,1523964229684,-10.1722,-1.49821,-3.3595,-0.131083,0.356505,0.0368045,0.865188,-0.272616,0.0241652
01324185,1523964229684,-11.1118,-0.607496,-0.451307,0.639875,0.134136,-0.667365,0.814892,0.394416,-0.34194
01324181,1523964229684,-10.5971,-0.0463047,3.49571,0.149908,0.0146362,0.0108058,0.854598,0.39215,-0.0931516
01324180,1523964229684,-10.9973,-2.75453,-0.073024,0.238485,0.247322,-0.906919,0.670814,0.460313,-0.447224
01324189,1523964229701,-10.1792,-1.92942,0.753807,0.363575,0.0976716,0.118428,0.781476,-0.156223,-0.452136
01324188,1523964229701,-9.84089,-2.1269,-3.27697,-0.139482,0.285153,0.0678936,0.863279,-0.271454,0.0280304
01324185,1523964229701,-11.8501,-0.684794,-0.486841,0.491237,0.140456,-0.608395,0.808515,0.399731,-0.34406
01324181,1523964229701,-10.7443,-0.154834,3.54514,0.16337,0.0337878,-0.00798274,0.854745,0.391284,-0.0934007
01324180,1523964229701,-11.2623,-2.80493,-0.167728,0.161056,0.27427,-0.907172,0.664411,0.469419,-0.448028
01324189,1523964229718,-10.1224,-1.99798,0.633518,0.342784,0.174702,0.135972,0.782832,-0.161131,-0.448579
01324188,1523964229718,-9.43951,-2.11357,-3.32594,-0.0119141,0.206063,0.0874292,0.864372,-0.273088,0.0314139
01324185,1523964229718,-12.0103,-1.06897,-0.422654,0.333379,0.170505,-0.480803,0.806338,0.405053,-0.345802
01324181,1523964229718,-10.5848,-0.162721,3.62842,0.224956,0.0357991,-0.0461241,0.855288,0.391545,-0.0942089
01324180,1523964229718,-11.3497,-2.7719,-0.192569,0.0628387,0.290798,-0.830285,0.658935,0.477907,-0.445076
01324189,1523964229734,-9.81625,-1.99264,0.531547,0.295256,0.232982,0.165851,0.781724,-0.1631,-0.445371
01324188,1523964229734,-9.60336,-1.94994,-3.19138,0.0303204,0.159743,0.144705,0.862757,-0.275543,0.0346454
01324185,1523964229734,-11.9191,-1.37273,-0.234176,0.252656,0.219158,-0.358575,0.804578,0.407045,-0.34477
01324181,1523964229734,-10.5879,-0.104324,3.37613,0.249399,0.0514115,-0.11072,0.852035,0.393032,-0.0936746
01324180,1523964229734,-11.2241,-2.7807,-0.133386,-0.0234509,0.34448,-0.770704,0.654528,0.486666,-0.442134
01324189,1523964229751,-9.74055,-1.98445,0.912569,0.223244,0.290748,0.177931,0.783353,-0.169164,-0.441291
01324188,1523964229751,-9.6015,-2.07345,-2.76672,0.0167783,0.0985366,0.183765,0.862774,-0.27834,0.0352779
01324185,1523964229751,-11.5871,-1.79353,-0.00870829,0.275239,0.261844,-0.20756,0.804716,0.41033,-0.342451
01324181,1523964229751,-10.4906,-0.030572,3.59751,0.323453,0.0648519,-0.154828,0.853112,0.394543,-0.0958427
01324180,1523964229751,-10.8721,-2.9131,-0.00500081,-0.0545425,0.408431,-0.647484,0.651213,0.492635,-0.436563
01324189,1523964229768,-9.94888,-2.10692,0.857006,0.176015,0.321467,0.160876,0.783188,-0.17144,-0.436893
01324188,1523964229768,-9.5161,-1.86743,-2.96659,0.0134239,0.0605144,0.211655,0.861437,-0.281626,0.0375118
01324185,1523964229768,-11.1963,-1.98831,0.277436,0.409118,0.279414,-0.0837379,0.804989,0.409918,-0.341925
01324181,1523964229768,-10.3387,0.0731697,3.53854,0.345859,0.0536943,-0.184352,0.850955,0.396108,-0.0975797
01324180,1523964229768,-10.456,-3.15617,0.159656,0.0222074,0.480312,-0.551701,0.649776,0.499014,-0.432362
01324189,1523964229784,-9.68507,-2.00513,0.719393,0.184353,0.341125,0.143044,0.786304,-0.178685,-0.430966
01324188,1523964229784,-9.3988,-1.52703,-3.09093,-0.0492098,0.0196619,0.240878,0.859004,-0.282817,0.0358527
01324185,1523964229784,-10.8149,-1.96168,0.403989,0.630972,0.278856,-0.0177293,0.803369,0.404998,-0.34135
01324181,1523964229784,-9.86089,0.14208,3.3181,0.361201,0.0690185,-0.211981,0.849068,0.398641,-0.100668
01324180,1523964229784,-10.0719,-3.3364,0.280842,0.176541,0.512171,-0.455685,0.648635,0.502186,-0.426069
01324189,1523964229801,-9.59441,-1.68809,0.93054,0.210347,0.355533,0.142198,0.78791,-0.181581,-0.426325
01324188,1523964229801,-9.43784,-1.54298,-2.8883,-0.119787,-0.0122009,0.266607,0.85815,-0.288589,0.0335273
01324185,1523964229801,-10.474,-1.66046,0.369314,0.829752,0.248577,0.0459482,0.805268,0.398628,-0.342863
01324181,1523964229801,-9.69991,0.357459,3.34398,0.315051,0.0880758,-0.228972,0.847142,0.401403,-0.0999086
01324180,1523964229801,-9.71256,-3.45583,0.332032,0.423454,0.551256,-0.35198,0.648341,0.503336,-0.423611
01324189,1523964229818,-9.58316,-1.47942,0.962509,0.173037,0.374062,0.152695,0.790197,-0.185214,-0.421431
01324188,1523964229818,-9.32259,-1.76078,-2.83428,-0.103076,-0.052649,0.275151,0.858171,-0.291949,0.0337208
01324185,1523964229818,-10.2103,-1.31068,0.2598,0.92655,0.203918,0.0707261,0.80702,0.397423,-0.346907
01324181,1523964229818,-9.69314,0.595284,3.35879,0.295523,0.0843265,-0.239315,0.845882,0.406116,-0.101056
01324180,1523964229818,-9.46635,-3.42173,0.349124,0.675074,0.591024,-0.279825,0.647818,0.501302,-0.421347
01324189,1523964229834,-9.59317,-1.60607,0.884469,0.045549,0.397851,0.174437,0.791937,-0.188399,-0.416392
01324188,1523964229834,-9.36523,-1.51038,-2.75921,-0.101165,-0.0646298,0.305109,0.856027,-0.295886,0.0314821
01324185,1523964229834,-9.9973,-0.910091,0.0791411,0.932702,0.165209,0.0743151,0.808909,0.388996,-0.352841
01324181,1523964229834,-9.50884,0.757685,3.23852,0.268627,0.0743409,-0.201459,0.84478,0.409799,-0.10338
01324180,1523964229834,-9.37861,-3.29534,0.365176,0.888839,0.595904,-0.222162,0.650807,0.498651,-0.4232
01324189,1523964229851,-9.56645,-1.61454,0.71853,-0.0881212,0.420815,0.192596,0.794364,-0.191893,-0.4119
01324188,1523964229851,-9.40887,-1.54847,-2.80665,-0.114937,-0.0966945,0.335634,0.855783,-0.300195,0.0302733
01324185,1523964229851,-9.78418,-0.473398,-0.11645,0.895156,0.13912,0.0642637,0.808499,0.384137,-0.356451
01324181,1523964229851,-9.36299,0.808152,2.97042,0.232944,0.0605388,-0.177377,0.843271,0.412385,-0.103817
01324180,1523964229851,-9.39425,-3.04489,0.405069,0.993822,0.563741,-0.172426,0.653019,0.493693,-0.424953
01324189,1523964229868,-9.54739,-1.66436,0.842261,-0.157364,0.444881,0.213641,0.796203,-0.190188,-0.406155
01324188,1523964229868,-9.39603,-1.33652,-2.7798,-0.143604,-0.118491,0.352009,0.853934,-0.307844,0.0263178
01324185,1523964229868,-9.61955,-0.0966342,-0.353024,0.793684,0.134637,0.0396987,0.812152,0.37672,-0.361094
01324181,1523964229868,-9.24518,0.843677,2.76764,0.181216,0.1142,-0.138859,0.842469,0.411967,-0.1038
01324180,1523964229868,-9.35853,-2.81741,0.392166,0.973358,0.496267,-0.13254,0.655835,0.48366,-0.428302
01324189,1523964229884,-9.58753,-1.68828,0.903661,-0.212778,0.438587,0.225914,0.798216,-0.19166,-0.40231
01324188,1523964229884,-9.46574,-1.21418,-2.65281,-0.177443,-0.146586,0.372694,0.85262,-0.314282,0.0243162
01324185,1523964229884,-9.48158,0.208101,-0.551321,0.591281,0.162662,-0.00111451,0.810386,0.375408,-0.363427
01324181,1523964229884,-9.08804,0.961989,2.76638,0.140065,0.13261,-0.0955261,0.8407,0.412591,-0.102599
01324180,1523964229884,-9.19127,-2.66093,0.389825,0.86702,0.45168,-0.114183,0.656457,0.47743,-0.430597
01324189,1523964229901,-9.60686,-1.5619,0.96267,-0.249034,0.454542,0.247088,0.799519,-0.191092,-0.396702
01324188,1523964229901,-9.47274,-1.13975,-2.6029,-0.158087,-0.151786,0.406396,0.851422,-0.317805,0.0222261
01324185,1523964229901,-9.25709,0.329416,-0.637396,0.366778,0.178718,-0.0256843,0.809716,0.370926,-0.362075
01324181,1523964229901,-8.92103,0.988304,2.67034,0.0757466,0.148514,-0.0417904,0.841734,0.414619,-0.100792
01324180,1523964229901,-8.89729,-2.56049,0.349743,0.71168,0.396154,-0.083946,0.657302,0.474229,-0.431214
01324189,1523964229918,-9.59578,-1.65348,1.01827,-0.283583,0.453197,0.259413,0.802895,-0.193749,-0.392347
01324188,1523964229918,-9.36854,-1.05241,-2.38791,-0.177126,-0.175003,0.416641,0.848885,-0.324002,0.0186393
01324185,1523964229918,-9.02608,0.154604,-0.660045,0.128933,0.180933,-0.035689,0.811206,0.371348,-0.362084
01324181,1523964229918,-8.96907,1.02166,2.7177,0.0461968,0.176579,-0.00524355,0.839552,0.415686,-0.0991975
01324180,1523964229918,-8.70099,-2.40362,0.342854,0.533848,0.335626,-0.0705546,0.660297,0.470997,-0.432943
01324189,1523964229934,-9.52598,-2.25241,1.22755,-0.312572,0.439735,0.282438,0.803671,-0.196043,-0.386756
01324188,1523964229934,-9.42189,-1.06718,-1.96861,-0.183905,-0.136882,0.452401,0.846223,-0.331618,0.0142923
01324185,1523964229934,-8.8819,-0.0533274,-0.63011,-0.0345053,0.168438,-0.0337557,0.81202,0.371785,-0.361307
01324181,1523964229934,-9.11655,1.04887,2.91667,0.00402924,0.138583,0.0445891,0.840088,0.415129,-0.0981288
01324180,1523964229934,-8.56937,-2.3008,0.354371,0.336724,0.283056,-0.0642615,0.662065,0.469232,-0.43395
01324189,1523964229951,-9.33449,-2.65379,1.22858,-0.300097,0.379148,0.287003,0.804781,-0.200959,-0.385871
01324188,1523964229951,-9.41793,-1.29975,-1.81251,-0.12096,-0.118355,0.483132,0.8426,-0.337835,0.0115256
01324185,1523964229951,-8.87765,-0.241176,-0.65505,-0.132521,0.148814,-0.0641352,0.812569,0.372547,-0.358312
01324181,1523964229951,-9.14272,1.02915,2.9193,-0.0318635,0.0987515,0.0926345,0.841707,0.413152,-0.0959791
01324180,1523964229951,-8.5203,-2.34343,0.330447,0.128981,0.230263,-0.0483838,0.662192,0.469221,-0.432467
01324189,1523964229968,-9.31599,-3.06972,1.3198,-0.225195,0.31795,0.279375,0.805562,-0.202969,-0.380947
01324188,1523964229968,-9.408,-1.22299,-1.76034,-0.0161983,-0.0783784,0.521457,0.840065,-0.34438,0.00912871
01324185,1523964229968,-8.98433,-0.385039,-0.726647,-0.179551,0.141421,-0.0546543,0.812578,0.373751,-0.354274
01324181,1523964229968,-9.30285,0.983555,2.95537,-0.0836905,0.08792,0.130676,0.843065,0.411994,-0.0957035
01324180,1523964229968,-8.68044,-2.47031,0.27985,-0.0418628,0.144595,-0.00258594,0.664474,0.468155,-0.43063
01324189,1523964229984,-9.44854,-3.09689,1.01992,-0.080908,0.266375,0.276423,0.80647,-0.202254,-0.376804
01324188,1523964229984,-9.63928,-1.02217,-2.08525,0.046594,-0.0410731,0.560316,0.838075,-0.35147,0.00884481
01324185,1523964229984,-9.2742,-0.429132,-0.890908,-0.228811,0.145391,-0.05541,0.812175,0.376898,-0.351821
01324181,1523964229984,-9.29562,0.915782,2.86736,-0.0537282,0.0702853,0.179562,0.842814,0.407931,-0.0920295
01324180,1523964229984,-8.94851,-2.64611,0.169925,-0.206826,0.0801486,0.0363769,0.663236,0.469315,-0.427077
01324189,1523964230001,-9.63122,-2.69376,0.624449,0.0583966,0.233016,0.301853,0.805671,-0.207404,-0.375498
01324188,1523964230001,-9.59462,-0.726032,-2.39392,0.0990161,-0.0312819,0.607691,0.834056,-0.359904,0.00998318
01324185,1523964230001,-9.5304,-0.475882,-1.09783,-0.302356,0.19372,-0.0487762,0.812863,0.377267,-0.347254
01324181,1523964230001,-9.0885,0.845698,2.56333,-0.0591555,0.0955328,0.209918,0.843904,0.406217,-0.0912082
01324180,1523964230001,-9.14434,-2.79196,0.0463696,-0.3315,-0.00750675,0.103556,0.664554,0.470735,-0.425988
01324189,1523964230018,-9.7274,-2.02429,0.464411,0.131756,0.210724,0.337686,0.807309,-0.213759,-0.37209
01324188,1523964230018,-9.63719,-0.474033,-2.54989,0.06248,-0.0364969,0.639233,0.830447,-0.368571,0.00975554
01324185,1523964230018,-9.58873,-0.57912,-1.17434,-0.43936,0.214448,-0.0453406,0.813008,0.380745,-0.342194
01324181,1523964230018,-9.16021,0.912673,2.69441,-0.0513602,0.128082,0.246387,0.845531,0.403807,-0.0891823
01324180,1523964230018,-9.10448,-2.85355,-0.0212515,-0.429284,-0.0757842,0.16925,0.664818,0.470136,-0.423572
01324189,1523964230034,-9.75652,-1.25417,0.128348,0.117853,0.190133,0.353661,0.805837,-0.220043,-0.370785
01324188,1523964230034,-9.63224,-0.440326,-2.54543,0.0835893,-0.0521278,0.672836,0.826586,-0.380038,0.00720198
01324185,1523964230034,-9.53119,-0.747952,-1.10471,-0.57991,0.240879,-0.00284201,0.815055,0.383413,-0.335303
01324181,1523964230034,-9.31069,0.906175,2.53177,-0.0506783,0.137703,0.287877,0.847162,0.401386,-0.0876877
01324180,1523964230034,-8.95911,-2.85376,-0.0681705,-0.520209,-0.133532,0.235052,0.664534,0.469975,-0.42006
01324189,1523964230051,-9.78071,-0.546962,0.106054,0.0679955,0.199356,0.406779,0.805291,-0.226051,-0.366947
01324188,1523964230051,-9.55878,-0.184609,-2.60367,0.135937,-0.0890186,0.665713,0.822706,-0.388891,0.00790853
01324185,1523964230051,-9.43505,-0.926636,-1.01478,-0.63993,0.218888,0.0313649,0.814802,0.387665,-0.32659
01324181,1523964230051,-9.29955,0.964337,2.76981,-0.022517,0.115537,0.32896,0.849354,0.395434,-0.0837341
01324180,1523964230051,-8.83071,-2.87417,-0.050111,-0.597489,-0.15595,0.28888,0.664488,0.47286,-0.41757
01324189,1523964230068,-9.80311,0.146642,0.200535,-0.00627185,0.176032,0.44744,0.804494,-0.232063,-0.365246
01324188,1523964230068,-9.46034,0.297582,-2.64972,0.134227,-0.117802,0.667155,0.819089,-0.396238,0.00749431
01324185,1523964230068,-9.28572,-1.03346,-0.971548,-0.656961,0.178868,0.0639262,0.81712,0.390476,-0.319571
01324181,1523964230068,-8.92803,0.988412,2.43846,-0.00657084,0.0963692,0.348467,0.851284,0.39211,-0.0840834
01324180,1523964230068,-8.60013,-2.9393,-0.0264658,-0.632456,-0.195655,0.337545,0.666907,0.474149,-0.422037
01324189,1523964230084,-9.759,0.565308,0.419929,-0.110542,0.168593,0.512839,0.80301,-0.237479,-0.363266
01324188,1523964230084,-9.49696,0.887354,-2.49114,0.0418537,-0.130493,0.673438,0.81455,-0.407694,0.00494996
01324185,1523964230084,-9.0543,-1.10469,-0.92977,-0.654364,0.135216,0.103274,0.818626,0.390593,-0.313437
01324181,1523964230084,-8.755,1.04135,2.50617,0.0146262,0.0888471,0.371557,0.85351,0.385662,-0.0831751
01324180,1523964230084,-8.35733,-3.0189,0.00930358,-0.644761,-0.210253,0.361906,0.667937,0.476873,-0.420106
01324189,1523964230101,-9.92741,0.504663,0.806907,-0.24114,0.15283,0.548007,0.802382,-0.244946,-0.363987
01324188,1523964230101,-9.79674,0.899279,-2.31323,-0.0925952,-0.11925,0.637192,0.809989,-0.415588,0.00101319
01324185,1523964230101,-8.89995,-1.14653,-0.875288,-0.63867,0.0812393,0.18096,0.819314,0.392949,-0.308106
01324181,1523964230101,-9.42274,1.06493,2.58597,0.00739014,0.0830266,0.385486,0.854235,0.380396,-0.0814788
01324180,1523964230101,-8.24035,-3.05782,-0.0622737,-0.61871,-0.196093,0.360376,0.668725,0.477133,-0.417411
01324189,1523964230118,-9.94956,0.354966,0.884775,-0.336136,0.088274,0.576247,0.800636,-0.251508,-0.362414
01324188,1523964230118,-9.69117,0.690172,-2.11722,-0.148382,-0.140292,0.620669,0.805978,-0.425171,0.00181032
01324185,1523964230118,-9.09326,-1.23686,-0.924316,-0.580185,0.0490371,0.190501,0.818916,0.393015,-0.304709
01324181,1523964230118,-9.71414,0.949847,2.62736,0.064122,-0.0173531,0.40176,0.857116,0.375509,-0.0807427
01324180,1523964230118,-8.54827,-3.15463,-0.152819,-0.608492,-0.1938,0.381602,0.670292,0.476907,-0.408525
01324189,1523964230134,-9.79187,0.327931,1.05758,-0.367423,0.0298735,0.563785,0.797702,-0.257197,-0.365101
01324188,1523964230134,-9.45674,0.683232,-1.93609,-0.127485,-0.115477,0.611382,0.80197,-0.434842,-0.00170606
01324185,1523964230134,-9.52785,-1.28727,-1.07989,-0.543815,0.0150405,0.17717,0.821094,0.393657,-0.300542
01324181,1523964230134,-9.44605,0.984615,2.55596,0.0320228,-0.100505,0.405378,0.86018,0.369119,-0.0831652
01324180,1523964230134,-9.06425,-3.26146,-0.211614,-0.592974,-0.202209,0.41338,0.672979,0.475838,-0.40737
01324189,1523964230151,-9.68227,0.247393,1.23099,-0.347566,-0.0739544,0.53382,0.795566,-0.261894,-0.366451
01324188,1523964230151,-9.48291,0.816993,-1.73976,-0.144988,-0.0887244,0.598269,0.797399,-0.44117,-0.00487161
01324185,1523964230151,-9.86557,-1.27557,-1.11893,-0.510985,-0.0118753,0.163773,0.822056,0.39348,-0.295057
01324181,1523964230151,-9.69714,0.86258,2.7837,-0.0320162,-0.0793777,0.401537,0.86266,0.364231,-0.0826906
01324180,1523964230151,-9.337,-3.45191,-0.311997,-0.574061,-0.218896,0.464387,0.673617,0.475052,-0.399021
01324189,1523964230168,-9.62103,0.058386,1.19554,-0.331276,-0.157049,0.502036,0.792484,-0.264419,-0.369914
01324188,1523964230168,-9.49782,0.697265,-1.85167,-0.157234,-0.0725268,0.603677,0.79433,-0.449227,-0.0058756
01324185,1523964230168,-10.1791,-1.30248,-1.08582,-0.472786,-0.00448322,0.151847,0.822597,0.39518,-0.294553
01324181,1523964230168,-9.89123,0.690385,2.8727,-0.00610116,-0.101011,0.37548,0.863414,0.358481,-0.0835083
01324180,1523964230168,-9.70706,-3.63479,-0.321448,-0.556762,-0.240797,0.511855,0.675774,0.473558,-0.398002
01324189,1523964230184,-9.5654,-0.0532641,1.14088,-0.34927,-0.215651,0.448768,0.787655,-0.268629,-0.374574
01324188,1523964230184,-9.5364,0.703945,-2.0993,-0.145134,-0.0490827,0.604899,0.789218,-0.455988,-0.00892685
01324185,1523964230184,-10.3674,-1.42399,-0.960048,-0.371818,0.0270349,0.146474,0.823697,0.394591,-0.288541
01324181,1523964230184,-9.55603,0.665377,2.70145,0.00208361,-0.154735,0.343014,0.865382,0.353125,-0.0851439
01324180,1523964230184,-9.9525,-3.7542,-0.259245,-0.511208,-0.283803,0.566374,0.677144,0.470334,-0.396196
01324189,1523964230201,-9.53844,-0.127249,0.962614,-0.445015,-0.197433,0.443075,0.783376,-0.271996,-0.380304
01324188,1523964230201,-9.70102,0.633036,-2.21771,-0.178234,-0.0584958,0.617824,0.784668,-0.465625,-0.0129728
01324185,1523964230201,-10.2657,-1.47496,-0.716386,-0.250715,0.0858772,0.159548,0.824244,0.395486,-0.285939
01324181,1523964230201,-9.05211,0.676249,2.62718,-0.0262113,-0.158867,0.317944,0.864417,0.346635,-0.0881864
01324180,1523964230201,-9.76389,-3.81179,-0.0812897,-0.43995,-0.270278,0.60027,0.67973,0.469159,-0.40139
01324189,1523964230218,-9.60693,-0.181397,0.892932,-0.598035,-0.144041,0.447806,0.779914,-0.275672,-0.385912
01324188,1523964230218,-9.70568,0.681246,-2.21329,-0.232292,-0.0724182,0.61553,0.779426,-0.47328,-0.0155399
01324185,1523964230218,-9.91743,-1.40452,-0.304983,-0.209369,0.126601,0.220394,0.825197,0.394102,-0.284623
01324181,1523964230218,-8.77821,0.800667,2.78111,-0.0223968,-0.0977158,0.278733,0.867173,0.342977,-0.0901313
01324180,1523964230218,-9.28731,-3.68712,0.0738931,-0.371889,-0.256188,0.605119,0.68313,0.46504,-0.401522
01324189,1523964230234,-9.6463,-0.172176,0.854603,-0.73519,-0.0907943,0.468577,0.778067,-0.278234,-0.390326
01324188,1523964230234,-9.61384,0.662557,-2.34861,-0.254955,-0.0909385,0.618728,0.775817,-0.481752,-0.0168322
01324185,1523964230234,-9.53075,-1.37048,0.0469187,-0.191698,0.162975,0.262576,0.827103,0.391331,-0.28212
01324181,1523964230234,-8.71018,0.786867,2.83977,-0.0080085,-0.0521119,0.25752,0.868286,0.341074,-0.0914316
01324180,1523964230234,-8.86238,-3.49536,0.219273,-0.330038,-0.209676,0.562583,0.6873,0.462189,-0.397724
01324189,1523964230251,-9.65042,-0.0820696,0.60904,-0.818507,-0.0226023,0.493043,0.774581,-0.279316,-0.39511
01324188,1523964230251,-9.73758,0.546595,-2.25033,-0.278397,-0.111401,0.627177,0.770167,-0.488983,-0.0220602
01324185,1523964230251,-9.27928,-1.30202,0.26838,-0.227759,0.16814,0.303346,0.82956,0.388065,-0.276088
01324181,1523964230251,-8.69125,0.724106,2.72518,-0.00793668,-0.071794,0.246145,0.868599,0.337358,-0.0910916
01324180,1523964230251,-8.59028,-3.46009,0.384052,-0.30235,-0.158116,0.527901,0.688951,0.458683,-0.398088
01324189,1523964230268,-9.70315,-0.0625375,0.65613,-0.85463,0.0563928,0.531877,0.773375,-0.278146,-0.397763
01324188,1523964230268,-9.83633,0.661712,-2.10861,-0.209468,-0.134883,0.614979,0.766554,-0.496627,-0.0254547
01324185,1523964230268,-9.25236,-1.16255,0.265793,-0.235304,0.145017,0.272878,0.833096,0.383915,-0.27201
01324181,1523964230268,-8.66235,0.646893,2.62783,-0.0343641,-0.0885648,0.202989,0.868655,0.33473,-0.0934284
01324180,1523964230268,-8.57118,-3.48032,0.492886,-0.25736,-0.0816016,0.477722,0.69219,0.455711,-0.395494
01324189,1523964230285,-9.83491,0.0508812,0.974815,-0.851063,0.0901055,0.540739,0.77004,-0.280387,-0.403361
01324188,1523964230285,-9.70963,0.951805,-1.93655,-0.169282,-0.141909,0.617839,0.760229,-0.504542,-0.0282937
01324185,1523964230285,-9.47193,-1.041,0.0410123,-0.251129,0.0866532,0.234196,0.834458,0.380993,-0.270027
01324181,1523964230285,-8.92078,0.609811,2.70175,-0.0484946,-0.111975,0.178767,0.868973,0.330866,-0.093351
01324180,1523964230285,-8.75867,-3.60175,0.582229,-0.229411,-0.0276347,0.413232,0.695172,0.452609,-0.394789
01324189,1523964230301,-10.057,0.121085,1.39212,-0.729594,0.0871994,0.520765,0.767092,-0.282914,-0.406558
01324188,1523964230301,-9.7812,1.2285,-1.81336,-0.141336,-0.14958,0.61704,0.755407,-0.514004,-0.0328638
01324185,1523964230301,-9.65092,-0.992042,-0.291519,-0.275357,0.017902,0.204087,0.835145,0.380495,-0.266628
01324181,1523964230301,-9.219,0.645078,2.73056,-0.0431914,-0.120725,0.180469,0.870768,0.326986,-0.0930231
01324180,1523964230301,-8.98439,-3.71758,0.555221,-0.189327,0.0325518,0.348873,0.696536,0.450554,-0.394581
01324189,1523964230318,-10.2091,0.0588484,1.56952,-0.479995,0.0414257,0.460417,0.766577,-0.28521,-0.408175
01324188,1523964230318,-10.0758,1.30937,-1.84549,-0.1083,-0.154274,0.594157,0.750028,-0.521531,-0.0350172
01324185,1523964230318,-10.0178,-0.898503,-0.548528,-0.36833,-0.0185465,0.170486,0.835011,0.380792,-0.265846
01324181,1523964230318,-9.58148,0.747596,2.66107,-0.0476656,-0.0993187,0.187642,0.869585,0.326801,-0.0956636
01324180,1523964230318,-9.41178,-3.78561,0.579677,-0.15875,0.0243478,0.284031,0.700067,0.445401,-0.391764
01324189,1523964230335,-10.4229,0.0721548,1.52897,-0.187274,-0.00915432,0.380684,0.765122,-0.289494,-0.409798
01324188,1523964230335,-10.2923,1.61891,-1.86105,-0.111966,-0.167593,0.551462,0.744647,-0.528565,-0.0383514
01324185,1523964230335,-10.209,-1.00341,-0.726094,-0.472289,-0.044027,0.165706,0.837187,0.380006,-0.262711
01324181,1523964230335,-9.97178,0.767299,2.59057,-0.0716311,-0.039148,0.188335,0.870858,0.323307,-0.0975965
01324180,1523964230335,-9.66356,-3.75925,0.545944,-0.142084,0.0569445,0.236954,0.701392,0.446241,-0.390686
01324189,1523964230351,-10.755,0.419378,1.49586,0.0307522,-0.0640975,0.309611,0.761906,-0.293593,-0.412469
01324188,1523964230351,-10.1828,1.15058,-1.8384,-0.215088,-0.182172,0.492216,0.740888,-0.534457,-0.0417692
01324185,1523964230351,-10.4579,-1.12714,-0.806366,-0.536883,-0.0497011,0.155666,0.838275,0.380176,-0.261149
01324181,1523964230351,-10.133,0.794493,2.60593,-0.0735619,-0.0368879,0.213393,0.872885,0.321872,-0.0965251
01324180,1523964230351,-9.95239,-3.66542,0.483218,-0.195149,0.0574446,0.205061,0.703557,0.443579,-0.38834
01324189,1523964230368,-10.9767,0.941548,1.46638,0.115447,-0.115037,0.278042,0.760421,-0.294708,-0.412996
01324188,1523964230368,-9.73185,0.170927,-1.62607,-0.339696,-0.19545,0.289526,0.737655,-0.537674,-0.0465071
01324185,1523964230368,-10.4924,-1.38695,-0.797365,-0.599453,-0.0201009,0.150455,0.838557,0.380123,-0.256577
01324181,1523964230368,-10.0695,0.819598,2.49235,-0.0914675,-0.0382708,0.23669,0.873194,0.317888,-0.0953825
01324180,1523964230368,-9.96532,-3.61524,0.517204,-0.285005,0.0576502,0.178135,0.705012,0.444412,-0.386454
01324189,1523964230385,-10.9421,1.25814,1.6516,0.0544889,-0.136843,0.268986,0.757186,-0.299514,-0.413265
01324188,1523964230385,-9.97956,1.20219,-1.73938,-0.705179,-0.200659,0.0930785,0.736857,-0.539341,-0.0541402
01324185,1523964230385,-10.3579,-1.64772,-0.693682,-0.612209,0.012003,0.178303,0.8383,0.380791,-0.251096
01324181,1523964230385,-9.96455,0.849988,2.44897,-0.111048,0.00786422,0.247465,0.87407,0.312442,-0.0952779
01324180,1523964230385,-9.78863,-3.64024,0.567128,-0.383553,0.0588149,0.144067,0.705663,0.444672,-0.383352
01324189,1523964230401,-10.5122,1.296,1.91781,-0.0919732,-0.175152,0.227618,0.755187,-0.303642,-0.415148
01324188,1523964230401,-10.1044,1.45778,-1.67334,-1.35088,-0.183328,0.0312978,0.735379,-0.540156,-0.0672311
01324185,1523964230401,-10.1555,-1.85109,-0.547391,-0.540936,0.0203185,0.19769,0.838576,0.382255,-0.248237
01324181,1523964230401,-9.86305,0.855987,2.51471,-0.125225,0.0111811,0.237171,0.875709,0.310421,-0.09512
01324180,1523964230401,-9.53673,-3.68624,0.632173,-0.448299,0.064851,0.13484,0.706829,0.446513,-0.37955
01324189,1523964230418,-9.84562,1.22265,2.08769,-0.330184,-0.21867,0.15037,0.752503,-0.303016,-0.419393
01324188,1523964230418,-9.50584,1.17777,-1.59846,-1.79187,-0.193042,-0.106252,0.735641,-0.536744,-0.0841181
01324185,1523964230418,-9.88549,-1.9586,-0.431676,-0.413042,0.0414031,0.225421,0.841561,0.381723,-0.246543
01324181,1523964230418,-9.62736,0.836948,2.5045,-0.112729,-0.0377286,0.223721,0.875324,0.308439,-0.0944105
01324180,1523964230418,-9.29883,-3.77103,0.696869,-0.460492,0.0666535,0.127668,0.70895,0.446446,-0.37472
01324189,1523964230435,-9.31549,1.04128,2.15228,-0.653592,-0.240566,0.0745984,0.751473,-0.301154,-0.42659
01324188,1523964230435,-9.05232,0.905662,-1.54177,-2.00258,-0.158425,-0.215211,0.738213,-0.533515,-0.104142
01324185,1523964230435,-9.7116,-1.94515,-0.332499,-0.292522,0.0290154,0.246589,0.843331,0.379377,-0.243914
01324181,1523964230435,-9.36137,0.72605,2.52524,-0.125147,-0.0742288,0.21391,0.876697,0.305858,-0.0938396
01324180,1523964230435,-9.05177,-3.80215,0.718445,-0.419974,0.0618584,0.110245,0.710373,0.449741,-0.372244
01324189,1523964230451,-8.97696,0.699812,2.29726,-0.965521,-0.282369,0.00427323,0.747307,-0.295909,-0.435329
01324188,1523964230451,-8.88453,0.544609,-1.02479,-2.11435,-0.112756,-0.263237,0.739393,-0.524302,-0.127005
01324185,1523964230451,-9.49418,-1.86939,-0.267368,-0.215094,0.0177416,0.248227,0.844834,0.374225,-0.240734
01324181,1523964230451,-9.15141,0.524679,2.60047,-0.103729,-0.12056,0.195312,0.877047,0.302059,-0.0972177
01324180,1523964230451,-8.80433,-3.85731,0.730225,-0.339546,0.0799572,0.0949862,0.710893,0.449712,-0.36901
01324189,1523964230468,-8.68338,0.119371,2.57867,-1.21351,-0.319671,-0.0978166,0.74529,-0.287121,-0.443263
01324188,1523964230468,-8.62407,0.389701,-0.729411,-2.13375,-0.00913736,-0.285204,0.741391,-0.516188,-0.14537
01324185,1523964230468,-9.32517,-1.85353,-0.19955,-0.107387,-0.0256605,0.238143,0.845113,0.370311,-0.23913
01324181,1523964230468,-8.97126,0.28184,2.51934,-0.0696759,-0.149646,0.1527,0.877483,0.300034,-0.097977
01324180,1523964230468,-8.69399,-3.7984,0.760628,-0.23789,0.0886452,0.072822,0.71234,0.450828,-0.366038
01324189,1523964230485,-8.58706,-0.50492,2.93597,-1.26119,-0.364138,-0.174306,0.743411,-0.273318,-0.454503
01324188,1523964230485,-8.16243,0.343465,-0.913085,-2.20765,0.135128,-0.356625,0.745421,-0.50778,-0.161453
01324185,1523964230485,-9.25723,-1.72392,-0.18438,-0.0259076,-0.0317761,0.232121,0.847014,0.367646,-0.238457
01324181,1523964230485,-8.79732,0.220809,2.53128,-0.0757413,-0.190976,0.119572,0.877121,0.297862,-0.099389
01324180,1523964230485,-8.67019,-3.76915,0.761021,-0.136597,0.120082,0.0534644,0.713123,0.453143,-0.367489
01324189,1523964230501,-8.73262,-0.838299,3.44366,-1.10551,-0.426178,-0.250924,0.742492,-0.263559,-0.463913
01324188,1523964230501,-7.81783,-0.0538612,-1.13841,-2.30423,0.344049,-0.436366,0.748996,-0.497053,-0.177786
01324185,1523964230501,-9.2956,-1.63461,-0.198215,3.87942e-05,-0.0268338,0.222713,0.848372,0.363983,-0.238427
01324181,1523964230501,-8.63852,0.176626,2.48968,-0.0817752,-0.198684,0.087599,0.876612,0.297107,-0.101493
01324180,1523964230501,-8.70955,-3.71142,0.736785,-0.0702446,0.125431,0.0618569,0.71377,0.45369,-0.363975
01324189,1523964230518,-8.93495,-1.18576,4.0398,-0.904114,-0.526604,-0.298875,0.738583,-0.251429,-0.475276
01324188,1523964230518,-7.87755,-0.595075,-1.98978,-2.09593,0.607133,-0.502836,0.753795,-0.482308,-0.189575
01324185,1523964230518,-9.38241,-1.61483,-0.218965,-0.0317829,-0.0109188,0.198852,0.848774,0.362529,-0.240765
01324181,1523964230518,-8.70326,-0.0424719,2.46931,-0.0351038,-0.128967,0.0286245,0.875977,0.296057,-0.104121
01324180,1523964230518,-8.79463,-3.66363,0.68788,-0.022305,0.130674,0.0727774,0.715535,0.451628,-0.363773
01324189,1523964230535,-9.02667,-1.79467,4.29774,-0.727179,-0.625132,-0.35493,0.731842,-0.242106,-0.487566
01324188,1523964230535,-8.70025,-1.54549,-2.88443,-1.80573,1.02433,-0.515823,0.762409,-0.470859,-0.19462
01324185,1523964230535,-9.53228,-1.70061,-0.260194,-0.0703762,0.0244792,0.179993,0.849455,0.360572,-0.239965
01324181,1523964230535,-9.02758,-0.116807,2.64254,-0.0170422,-0.113894,-0.022063,0.875207,0.29404,-0.105267
01324180,1523964230535,-8.98112,-3.64649,0.686153,-0.000975417,0.152221,0.0959671,0.715638,0.451588,-0.357292
01324189,1523964230551,-9.04093,-2.41348,3.87783,-0.586659,-0.656202,-0.505433,0.728054,-0.229685,-0.497591
01324188,1523964230551,-10.1646,-3.30671,-1.95456,-1.09046,1.3875,-0.402689,0.771018,-0.459915,-0.188929
01324185,1523964230551,-9.74007,-1.82933,-0.25968,-0.0691696,0.0417101,0.145912,0.850541,0.358881,-0.239952
01324181,1523964230551,-9.30747,-0.0642805,2.59869,-0.0274458,-0.125388,-0.0711954,0.876305,0.294252,-0.107939
01324180,1523964230551,-9.15016,-3.68764,0.737448,0.00118614,0.168418,0.11898,0.717121,0.450395,-0.356257
01324189,1523964230568,-9.19889,-2.97985,3.42614,-0.308391,-0.623101,-0.675113,0.726029,-0.220749,-0.50472
01324188,1523964230568,-9.96839,-3.84307,-1.55414,0.341893,1.62738,-0.268084,0.777629,-0.455984,-0.17275
01324185,1523964230568,-9.97912,-1.90972,-0.277736,-0.068844,0.0653188,0.132207,0.852042,0.356553,-0.236408
01324181,1523964230568,-9.40416,0.0753935,2.47223,-0.0236273,-0.0836107,-0.107902,0.873478,0.295266,-0.109127
01324180,1523964230568,-9.37674,-3.76813,0.792798,-0.00329869,0.146555,0.15927,0.71978,0.450174,-0.351438
01324189,1523964230585,-9.31673,-3.5674,2.72551,0.138342,-0.546046,-0.844322,0.723046,-0.211355,-0.511701
01324188,1523964230585,-9.61413,-2.11215,-1.3512,1.61549,1.73995,-0.1661,0.78479,-0.454879,-0.14316
01324185,1523964230585,-10.1046,-1.91379,-0.315996,-0.00169945,0.0920325,0.138794,0.852724,0.353469,-0.235597
01324181,1523964230585,-9.41448,0.26457,2.39609,-0.0287826,-0.0771035,-0.138017,0.872636,0.297995,-0.109175
01324180,1523964230585,-9.45321,-3.86143,0.856794,0.0295745,0.158497,0.180655,0.71968,0.447276,-0.351224
01324189,1523964230601,-9.18129,-3.80081,1.93915,0.648861,-0.442056,-0.977884,0.720313,-0.203534,-0.515354
01324188,1523964230601,-10.7074,0.382163,-1.98379,2.14225,1.72861,-0.115064,0.787905,-0.45853,-0.103857
01324185,1523964230601,-10.0684,-1.89958,-0.322545,0.0636206,0.0936294,0.184628,0.852183,0.352767,-0.235457
01324181,1523964230601,-9.35909,0.41083,2.34775,-0.0321574,-0.0510978,-0.165394,0.872612,0.300411,-0.109889
01324180,1523964230601,-9.38304,-3.87547,0.893655,0.0770359,0.14641,0.179093,0.722788,0.444604,-0.349973
01324189,1523964230618,-9.33182,-3.5636,1.68397,1.06623,-0.301491,-1.05491,0.721243,-0.199532,-0.515466
01324188,1523964230618,-11.4494,3.1147,-2.38544,1.73582,1.69321,-0.0830232,0.791288,-0.461996,-0.0623922
01324185,1523964230618,-9.86565,-1.88152,-0.263473,0.127251,0.111128,0.232025,0.855439,0.349679,-0.234785
01324181,1523964230618,-9.32037,0.450041,2.42694,-0.0232139,-0.0353236,-0.173919,0.870927,0.306706,-0.110933
01324180,1523964230618,-9.21723,-3.81381,0.953617,0.155554,0.153351,0.195441,0.725227,0.442828,-0.351125
01324189,1523964230635,-9.96177,-3.01204,1.91386,1.31925,-0.228032,-1.08962,0.721352,-0.197226,-0.514112
01324188,1523964230635,-11.1003,4.02773,-2.80316,0.894929,1.67886,-0.0835918,0.794931,-0.462504,-0.0312442
01324185,1523964230635,-9.64103,-1.83949,-0.166761,0.201028,0.119228,0.23014,0.854901,0.346163,-0.234488
01324181,1523964230635,-9.28687,0.426215,2.37932,0.0231066,-0.0620633,-0.188095,0.869275,0.310978,-0.112864
01324180,1523964230635,-9.0593,-3.68896,0.965512,0.199629,0.147785,0.174576,0.726093,0.437299,-0.350438
01324189,1523964230651,-10.2721,-2.09912,2.62659,1.33657,-0.234949,-1.08949,0.722713,-0.198266,-0.513467
01324188,1523964230651,-10.7125,2.96624,-2.57756,0.207767,1.65483,-0.0928915,0.796939,-0.460802,-0.00935878
01324185,1523964230651,-9.49833,-1.73921,-0.10839,0.280878,0.0975059,0.247166,0.85911,0.34112,-0.232886
01324181,1523964230651,-9.265,0.305071,2.4977,0.0035418,-0.0780988,-0.193333,0.867503,0.312304,-0.112209
01324180,1523964230651,-8.85298,-3.56602,0.982703,0.236804,0.135176,0.153607,0.729076,0.43714,-0.356968
01324189,1523964230668,-10.3506,-1.08102,3.34094,1.28353,-0.312843,-1.09662,0.723772,-0.19455,-0.512646
01324188,1523964230668,-10.6023,1.38381,-2.18623,0.166259,1.61158,-0.0679231,0.798138,-0.459969,0.0127515
01324185,1523964230668,-9.47862,-1.59006,-0.113194,0.307773,0.0547076,0.220189,0.858572,0.336185,-0.233098
01324181,1523964230668,-9.15655,0.22393,2.42025,2.17705e-06,-0.133995,-0.201582,0.86803,0.314961,-0.114661
01324180,1523964230668,-8.76794,-3.59897,0.997853,0.24716,0.154726,0.141475,0.729913,0.433489,-0.354892
01324189,1523964230685,-10.068,-0.200079,3.67466,1.2564,-0.365254,-1.10733,0.721431,-0.192898,-0.510868
01324188,1523964230685,-10.3018,0.260755,-1.72835,0.6183,1.5368,-0.081509,0.798367,-0.456001,0.0366851
01324185,1523964230685,-9.53634,-1.45978,-0.218823,0.302729,-0.00349953,0.206971,0.860331,0.331201,-0.235799
01324181,1523964230685,-9.09631,0.197971,2.40181,-0.0087582,-0.106938,-0.219432,0.866153,0.315804,-0.116519
01324180,1523964230685,-8.8606,-3.7256,0.99867,0.290956,0.153162,0.139972,0.732212,0.431561,-0.354425
01324189,1523964230701,-10.16,0.850734,3.63231,1.2834,-0.34477,-1.08062,0.720475,-0.190433,-0.512041
01324188,1523964230701,-10.0861,0.409408,-1.72176,1.31072,1.41036,-0.157787,0.797528,-0.455053,0.0632697
01324185,1523964230701,-9.62803,-1.37267,-0.366228,0.259321,-0.0211525,0.160377,0.86033,0.329775,-0.2367
01324181,1523964230701,-9.0916,0.219846,2.42074,-0.00160543,-0.105286,-0.226339,0.861817,0.319405,-0.118143
01324180,1523964230701,-9.02856,-3.83892,1.02783,0.383594,0.164038,0.138885,0.731873,0.424585,-0.350507
01324189,1523964230718,-10.1087,1.78548,3.237,1.3435,-0.290166,-1.03968,0.720466,-0.189568,-0.511633
01324188,1523964230718,-10.0856,1.22011,-1.80131,1.72055,1.2387,-0.245396,0.797209,-0.450678,0.0911388
01324185,1523964230718,-9.69093,-1.34833,-0.504514,0.19666,-0.0368417,0.115486,0.860596,0.326898,-0.239808
01324181,1523964230718,-9.11619,0.258379,2.4126,0.0197985,-0.0841553,-0.233118,0.861498,0.32355,-0.118492
01324180,1523964230718,-9.10092,-3.87165,1.07528,0.469479,0.15553,0.141135,0.734094,0.419344,-0.353346
01324189,1523964230735,-10.2136,2.27683,3.23002,1.26536,-0.316075,-1.02922,0.720181,-0.190128,-0.510029
01324188,1523964230735,-10.0923,2.06712,-1.54903,1.82707,1.04452,-0.315864,0.797273,-0.442761,0.120974
01324185,1523964230735,-9.65976,-1.38708,-0.544271,0.13985,-0.0630327,0.0833937,0.861677,0.325031,-0.241623
01324181,1523964230735,-9.10688,0.292443,2.4265,0.0909603,-0.0290988,-0.225979,0.85902,0.327877,-0.118423
01324180,1523964230735,-9.05353,-3.80618,1.10027,0.567784,0.150997,0.12239,0.735584,0.417278,-0.351654
01324189,1523964230751,-10.0139,2.36315,3.00814,1.02007,-0.418083,-1.05477,0.719346,-0.185794,-0.510787
01324188,1523964230751,-10.0006,2.72053,-1.24764,1.79942,0.811065,-0.374384,0.800857,-0.433078,0.146031
01324185,1523964230751,-9.49345,-1.47953,-0.463091,0.137964,-0.0912261,0.0801392,0.861267,0.324438,-0.243184
01324181,1523964230751,-9.10379,0.336251,2.30252,0.143361,0.00851915,-0.203418,0.856862,0.329445,-0.120027
01324180,1523964230751,-8.85339,-3.76543,1.12178,0.597889,0.133728,0.113633,0.737264,0.411746,-0.35287
01324189,1523964230768,-9.70334,2.21866,2.64774,0.712873,-0.492665,-1.03085,0.718253,-0.180887,-0.513278
01324188,1523964230768,-9.99275,2.91596,-0.922176,1.67265,0.530712,-0.388958,0.801589,-0.422553,0.166599
01324185,1523964230768,-9.27635,-1.53858,-0.367445,0.167423,-0.13916,0.070161,0.861261,0.320843,-0.246937
01324181,1523964230768,-9.14073,0.403749,2.29857,0.119295,0.0192843,-0.193765,0.856858,0.329731,-0.120033
01324180,1523964230768,-8.68021,-3.69346,1.1287,0.657738,0.123761,0.0963374,0.73869,0.405355,-0.35491
01324189,1523964230785,-9.67206,1.31092,2.7376,0.369884,-0.504541,-0.967999,0.715113,-0.17363,-0.516796
01324188,1523964230785,-9.94823,3.21343,-0.727882,1.532,0.221811,-0.390661,0.799336,-0.411105,0.181072
01324185,1523964230785,-9.17506,-1.53441,-0.379103,0.218272,-0.162569,0.0668306,0.859366,0.317023,-0.247808
01324181,1523964230785,-9.28291,0.452993,2.3257,0.0728079,-0.0128485,-0.160251,0.854384,0.334467,-0.120903
01324180,1523964230785,-8.61479,-3.69989,1.12447,0.683045,0.0965742,0.0576084,0.739595,0.400019,-0.362324
01324189,1523964230801,-9.54015,0.174682,2.98605,0.174897,-0.516214,-0.894008,0.711177,-0.165501,-0.52284
01324188,1523964230801,-9.84098,3.44121,-0.947377,1.28141,-0.09744,-0.383477,0.801026,-0.400318,0.189532
01324185,1523964230801,-9.22827,-1.52693,-0.464251,0.27974,-0.186277,0.0448149,0.858949,0.316797,-0.252246
01324181,1523964230801,-9.38933,0.536614,2.36688,-0.00378204,-0.0587867,-0.153492,0.854081,0.336771,-0.120417
01324180,1523964230801,-8.81899,-3.62004,1.10841,0.676867,0.0621407,0.0266236,0.739657,0.396565,-0.366716
01324189,1523964230818,-9.41104,-0.689461,3.32768,0.231452,-0.502906,-0.847653,0.709404,-0.157709,-0.527306
01324188,1523964230818,-9.82583,3.60639,-1.13189,0.920921,-0.420283,-0.378866,0.805453,-0.392619,0.191438
01324185,1523964230818,-9.44558,-1.51848,-0.600616,0.33423,-0.192708,-0.0163881,0.857309,0.318821,-0.256963
01324181,1523964230818,-9.55088,0.500613,2.51868,-0.0768482,-0.105522,-0.143274,0.852479,0.337041,-0.122133
01324180,1523964230818,-9.15816,-3.57551,1.08601,0.607601,0.0129456,0.0215324,0.739497,0.390081,-0.372922
01324189,1523964230835,-9.47503,-1.06558,3.5955,0.373648,-0.511113,-0.76185,0.706707,-0.151914,-0.533383
01324188,1523964230835,-9.98317,3.53153,-1.38027,0.527292,-0.736481,-0.369116,0.807456,-0.387273,0.188517
01324185,1523964230835,-9.81719,-1.47297,-0.75502,0.387543,-0.16398,-0.0845851,0.856759,0.318759,-0.260227
01324181,1523964230835,-9.85567,0.419213,2.71391,-0.10887,-0.119804,-0.151826,0.852195,0.338746,-0.122829
01324180,1523964230835,-9.58265,-3.64492,1.01382,0.494543,-0.0598265,0.0485185,0.739569,0.385463,-0.376527
01324189,1523964230851,-9.71565,-1.03169,3.72092,0.503758,-0.548505,-0.665344,0.701556,-0.147487,-0.538238
01324188,1523964230851,-10.171,3.04648,-1.56934,0.205172,-1.0096,-0.348661,0.811895,-0.380004,0.177879
01324185,1523964230851,-10.3261,-1.4241,-0.801676,0.408937,-0.0982484,-0.179318,0.855254,0.319069,-0.266103
01324181,1523964230851,-10.1545,0.279622,2.95134,-0.0963767,-0.105787,-0.163717,0.851101,0.34116,-0.12433
01324180,1523964230851,-10.1608,-3.81302,0.973411,0.360453,-0.126435,0.07015,0.737197,0.383789,-0.380578
01324189,1523964230868,-9.9387,-0.862565,3.78067,0.517492,-0.552746,-0.554192,0.696659,-0.143488,-0.54096
01324188,1523964230868,-10.4396,2.29557,-1.62541,0.0174751,-1.2933,-0.318558,0.81594,-0.373556,0.156966
01324185,1523964230868,-10.9555,-1.4418,-0.747857,0.437988,-0.0412953,-0.260369,0.853892,0.31944,-0.268846
01324181,1523964230868,-10.4845,0.142284,2.95186,-0.0910032,-0.0490902,-0.161419,0.849309,0.345589,-0.125732
01324180,1523964230868,-10.7961,-4.02217,0.869385,0.26659,-0.194703,0.0955437,0.737139,0.378295,-0.382848
01324189,1523964230885,-10.0165,-0.634493,3.86271,0.434834,-0.540554,-0.494953,0.693182,-0.14357,-0.547208
01324188,1523964230885,-10.6884,1.6699,-1.67074,0.0242379,-1.56254,-0.289623,0.818368,-0.368937,0.135286
01324185,1523964230885,-11.5151,-1.49122,-0.67244,0.396741,0.00774386,-0.320045,0.850904,0.321655,-0.270947
01324181,1523964230885,-10.7993,-0.00463465,3.02028,-0.0855567,-0.0228116,-0.17835,0.846751,0.345765,-0.125841
01324180,1523964230885,-11.2348,-4.13826,0.859631,0.227812,-0.251266,0.113434,0.734375,0.375759,-0.38691
01324189,1523964230901,-9.88753,-0.41128,3.83209,0.327962,-0.485859,-0.419034,0.688863,-0.143188,-0.551169
01324188,1523964230901,-10.7964,1.21357,-1.87272,0.163467,-1.80025,-0.259418,0.822013,-0.363883,0.11631
01324185,1523964230901,-11.8043,-1.52056,-0.504471,0.362391,0.0623998,-0.342405,0.848057,0.322348,-0.271597
01324181,1523964230901,-10.7737,-0.101405,3.0561,-0.0881816,0.0391246,-0.176075,0.846796,0.350967,-0.123427
01324180,1523964230901,-11.3335,-4.02436,0.936633,0.205001,-0.321875,0.133066,0.733754,0.372301,-0.388591
01324189,1523964230918,-9.67665,-0.136885,3.79548,0.149666,-0.376065,-0.344363,0.685901,-0.140832,-0.555932
01324188,1523964230918,-11.0002,0.975381,-2.18664,0.331269,-2.02567,-0.262533,0.824448,-0.359839,0.0913632
01324185,1523964230918,-11.8086,-1.48421,-0.276584,0.313661,0.105236,-0.33072,0.847916,0.325429,-0.272541
01324181,1523964230918,-10.495,-0.151418,2.97674,-0.0570163,0.141958,-0.161557,0.845393,0.353756,-0.121079
01324180,1523964230918,-11.1668,-3.8692,1.05996,0.152861,-0.321468,0.10109,0.732468,0.370036,-0.394021
01324189,1523964230935,-9.44356,0.0127276,3.89941,-0.0128603,-0.249148,-0.262563,0.68346,-0.140198,-0.557237
01324188,1523964230935,-11.0635,0.816221,-2.49756,0.434447,-2.21632,-0.26923,0.82661,-0.35536,0.0634862
01324185,1523964230935,-11.5426,-1.42545,-0.0313799,0.240385,0.12851,-0.276421,0.846013,0.329493,-0.273749
01324181,1523964230935,-10.3144,-0.144253,2.76041,-0.0453926,0.244738,-0.148685,0.845336,0.356526,-0.118745
01324180,1523964230935,-10.7622,-3.76389,1.13941,0.0709705,-0.297721,0.0356171,0.730893,0.36937,-0.399143
01324189,1523964230951,-9.13623,-0.219531,3.77739,-0.104346,-0.149807,-0.204476,0.680477,-0.13611,-0.560916
01324188,1523964230951,-11.1848,0.701484,-2.57739,0.476698,-2.39256,-0.254959,0.82932,-0.350923,0.0300816
01324185,1523964230951,-11.1417,-1.36277,0.149774,0.124718,0.0956113,-0.245557,0.842486,0.332863,-0.274423
01324181,1523964230951,-10.1086,-0.17083,2.63666,-0.00715334,0.340642,-0.127339,0.843805,0.356385,-0.113147
01324180,1523964230951,-10.2557,-3.68423,1.2463,-0.00757282,-0.256278,-0.0385315,0.726387,0.367454,-0.404788
01324189,1523964230968,-8.93615,-0.788143,3.46146,-0.119318,-0.0443536,-0.146121,0.67829,-0.134327,-0.56101
01324188,1523964230968,-11.1481,0.811061,-2.75195,0.536421,-2.53129,-0.210047,0.829577,-0.3451,-0.00091765
01324185,1523964230968,-10.6639,-1.29831,0.167479,-0.0398493,0.0340312,-0.226378,0.840861,0.335421,-0.273267
01324181,1523964230968,-9.92652,-0.221941,2.50356,0.0391351,0.41514,-0.116539,0.843735,0.358767,-0.108946
01324180,1523964230968,-9.75802,-3.67213,1.34065,-0.0511843,-0.186925,-0.143048,0.724772,0.368946,-0.407031
01324189,1523964230985,-8.66632,-1.27186,2.81364,-0.0473327,0.0463339,-0.0803582,0.678936,-0.130455,-0.559783
01324188,1523964230985,-10.4794,1.17082,-3.52572,0.536742,-2.64918,-0.138665,0.826607,-0.343737,-0.0318862
01324185,1523964230985,-10.1383,-1.26801,0.0233475,-0.215424,-0.0365292,-0.237755,0.840048,0.337695,-0.272241
01324181,1523964230985,-9.65966,-0.145882,2.3565,0.10315,0.454367,-0.100967,0.843143,0.359175,-0.103768
01324180,1523964230985,-9.26945,-3.68385,1.39369,-0.0614936,-0.142546,-0.219401,0.722602,0.373807,-0.41352
01324189,1523964231001,-8.16167,-1.48807,2.7763,0.0437965,0.090224,-0.0251455,0.680278,-0.129334,-0.558585
01324188,1523964231001,-9.04394,0.15326,-5.67194,0.234577,-2.59628,-0.0796895,0.82011,-0.341987,-0.0666895
01324185,1523964231001,-9.63694,-1.27128,-0.136385,-0.353541,-0.100492,-0.257713,0.839775,0.34165,-0.271755
01324181,1523964231001,-9.38346,-0.0454542,2.21386,0.119121,0.468734,-0.087186,0.842005,0.360858,-0.09954
01324180,1523964231001,-8.83865,-3.69062,1.37127,-0.0421872,-0.0757518,-0.313857,0.719101,0.375762,-0.414915
01324189,1523964231018,-7.54813,-1.92114,3.13842,0.242669,0.155454,0.0214914,0.681104,-0.132515,-0.55755
01324188,1523964231018,-8.82725,1.29229,-5.22912,0.0194502,-2.39875,-0.142725,0.816046,-0.339267,-0.0982325
01324185,1523964231018,-9.21303,-1.38961,-0.269781,-0.434812,-0.16314,-0.265817,0.836246,0.346712,-0.272315
01324181,1523964231018,-9.24429,-0.0777173,2.14533,0.151104,0.473358,-0.0769369,0.843814,0.361699,-0.0926691
01324180,1523964231018,-8.55288,-3.6765,1.26538,-0.0589675,-0.0599468,-0.405344,0.716647,0.379873,-0.416282
01324189,1523964231035,-7.09511,-2.31149,3.47385,0.374054,0.259353,0.0358759,0.683255,-0.13686,-0.552124
01324188,1523964231035,-8.80591,0.416873,-6.26099,-0.253248,-2.19188,-0.123687,0.813902,-0.339307,-0.133741
01324185,1523964231035,-8.90007,-1.53851,-0.356864,-0.430024,-0.181754,-0.277676,0.83353,0.356031,-0.27135
01324181,1523964231035,-8.94352,-0.125085,2.11677,0.175892,0.438293,-0.0592899,0.843237,0.36124,-0.0878715
01324180,1523964231035,-8.39323,-3.63979,1.16563,-0.0672854,-0.0446645,-0.468614,0.711731,0.385144,-0.410432
01324189,1523964231051,-7.04376,-2.19297,3.7265,0.456339,0.382811,0.0341368,0.685138,-0.141487,-0.546965
01324188,1523964231051,-7.87175,-0.0174787,-6.70714,-0.317297,-1.83221,-0.227106,0.808598,-0.333751,-0.163206
01324185,1523964231051,-8.63057,-1.73043,-0.405249,-0.392742,-0.202268,-0.270837,0.830548,0.358004,-0.271359
01324181,1523964231051,-8.67625,-0.153473,2.12868,0.143902,0.401768,-0.069049,0.842907,0.362217,-0.0827079
01324180,1523964231051,-8.20039,-3.55446,1.07131,-0.0819259,-0.0713337,-0.539247,0.708852,0.390412,-0.410149
01324189,1523964231068,-7.23834,-1.78311,4.18558,0.42647,0.507518,0.032066,0.688237,-0.144278,-0.542073
01324188,1523964231068,-7.478,-0.121307,-6.89458,-0.382994,-1.34714,-0.264647,0.800982,-0.328421,-0.183909
01324185,1523964231068,-8.45736,-1.89764,-0.396386,-0.289366,-0.201589,-0.281196,0.827697,0.363771,-0.271928
01324181,1523964231068,-8.73786,-0.183359,2.18199,0.138499,0.382446,-0.0622842,0.84325,0.363321,-0.0778197
01324180,1523964231068,-8.03087,-3.50223,0.884738,-0.121976,-0.0655331,-0.571134,0.704072,0.396271,-0.406044
01324189,1523964231085,-7.61902,-1.0277,4.32213,0.234785,0.485411,0.0066538,0.69253,-0.147228,-0.533852
01324188,1523964231085,-7.21459,-0.793248,-6.45013,-0.249346,-0.868439,-0.237183,0.798393,-0.324533,-0.200592
01324185,1523964231085,-8.44803,-1.99402,-0.420058,-0.177956,-0.195006,-0.308576,0.824442,0.368571,-0.271441
01324181,1523964231085,-8.72226,-0.241439,2.22909,0.154577,0.337895,-0.0816803,0.841724,0.363448,-0.0730243
01324180,1523964231085,-8.11135,-3.57879,0.728853,-0.132547,-0.0565597,-0.580809,0.699031,0.403321,-0.406369
01324189,1523964231101,-7.70498,-0.310601,4.05252,0.0483045,0.477808,-0.0117223,0.69467,-0.149129,-0.528808
01324188,1523964231101,-7.08354,-0.613899,-5.95703,0.0969323,-0.414379,-0.258145,0.796474,-0.320473,-0.208793
01324185,1523964231101,-8.60757,-2.10139,-0.44124,-0.0800317,-0.163926,-0.363275,0.821185,0.370945,-0.272628
01324181,1523964231101,-8.39568,-0.324798,2.08546,0.152071,0.306383,-0.107877,0.841412,0.364661,-0.070124
01324180,1523964231101,-8.31075,-3.65764,0.658801,-0.104673,-0.0665425,-0.556941,0.693711,0.411244,-0.406538
01324189,1523964231118,-8.01435,0.0820961,3.93642,-0.0507529,0.498765,0.0021747,0.697751,-0.150477,-0.522968
01324188,1523964231118,-7.23654,-0.135504,-6.01793,0.281741,0.0591545,-0.258801,0.79849,-0.317684,-0.206895
01324185,1523964231118,-8.86782,-2.07081,-0.357623,0.020358,-0.109821,-0.401096,0.817102,0.374489,-0.278919
01324181,1523964231118,-8.44592,-0.403171,2.26052,0.145128,0.319058,-0.140473,0.841315,0.368771,-0.0654268
01324180,1523964231118,-8.45201,-3.76298,0.647176,-0.0504619,-0.0871343,-0.525087,0.687593,0.420955,-0.412331
01324189,1523964231135,-8.71208,-0.0584413,3.69834,-0.17409,0.453571,0.00197794,0.702461,-0.149426,-0.518064
01324188,1523964231135,-7.61281,0.122485,-5.81759,0.150875,0.46434,-0.296027,0.800634,-0.314013,-0.202116
01324185,1523964231135,-9.05573,-2.04549,-0.281901,0.109029,-0.055457,-0.425314,0.813572,0.378407,-0.280382
01324181,1523964231135,-8.47764,-0.36473,2.262,0.212102,0.327165,-0.185433,0.840996,0.370278,-0.062134
01324180,1523964231135,-8.59181,-3.79586,0.633546,0.0262323,-0.0910597,-0.489441,0.683804,0.424214,-0.412751
01324189,1523964231151,-9.1162,-0.437505,2.55467,-0.331491,0.441427,0.0655074,0.702668,-0.147248,-0.512698
01324188,1523964231151,-7.71706,0.107429,-4.98156,0.0326986,0.726783,-0.331154,0.803461,-0.31151,-0.194457
01324185,1523964231151,-9.16645,-1.96294,-0.282863,0.170646,-0.0172898,-0.423902,0.810989,0.385997,-0.281361
01324181,1523964231151,-8.38847,-0.499411,2.10817,0.274662,0.384914,-0.221341,0.840803,0.372913,-0.0595303
01324180,1523964231151,-8.64066,-3.77262,0.664616,0.0979124,-0.119808,-0.441698,0.679842,0.429341,-0.409753
01324189,1523964231168,-8.75135,-0.709913,0.698638,-0.506312,0.565603,0.160549,0.705992,-0.142421,-0.507615
01324188,1523964231168,-9.27821,1.2643,-0.95127,-0.32086,0.639268,-0.290611,0.809655,-0.304775,-0.188192
01324185,1523964231168,-9.16129,-1.90991,-0.186575,0.177745,0.0143574,-0.422415,0.808008,0.388263,-0.28085
01324181,1523964231168,-8.40668,-0.625733,2.04769,0.333579,0.425157,-0.248742,0.838322,0.374471,-0.0552863
01324180,1523964231168,-8.63981,-3.67918,0.73281,0.134476,-0.111107,-0.432592,0.67526,0.432481,-0.412189
01324189,1523964231185,-8.72183,-1.03957,-0.25187,-0.70321,0.823112,0.237578,0.710258,-0.14048,-0.499622
01324188,1523964231185,-10.0405,-2.20236,0.758696,-0.369398,0.413181,-0.256283,0.812337,-0.300577,-0.182444
01324185,1523964231185,-9.02096,-1.87211,-0.0182732,0.191954,0.0547691,-0.41932,0.804615,0.39333,-0.281149
01324181,1523964231185,-8.56447,-0.574355,2.20508,0.372836,0.488613,-0.26552,0.837431,0.377729,-0.0508286
01324180,1523964231185,-8.37957,-3.61616,0.769533,0.217745,-0.0762807,-0.407248,0.670128,0.436202,-0.413255
01324189,1523964231201,-11.0634,-2.70729,0.908916,-0.774657,0.990345,0.265944,0.719135,-0.137506,-0.490603
01324188,1523964231201,-12.4114,-4.00729,0.822439,0.335825,0.440862,-0.338189,0.811215,-0.295728,-0.173648
01324185,1523964231201,-8.91472,-1.8631,0.0304656,0.220683,0.0458286,-0.405711,0.801213,0.401155,-0.284609
01324181,1523964231201,-9.37825,-0.414417,2.52766,0.395994,0.461824,-0.290633,0.834399,0.380433,-0.0468683
01324180,1523964231201,-8.19034,-3.4913,0.815569,0.273473,-0.0550735,-0.406759,0.666919,0.437739,-0.41831
01324189,1523964231218,-12.8851,-5.48458,3.02797,-0.331271,0.698022,0.14756,0.723939,-0.137585,-0.48076
01324188,1523964231218,-12.2937,-2.32725,-0.899983,0.974306,0.418494,-0.213714,0.813914,-0.294447,-0.164718
01324185,1523964231218,-9.09324,-1.85719,0.0040783,0.291041,0.0327995,-0.405666,0.797415,0.404245,-0.285149
01324181,1523964231218,-9.68308,-0.160753,2.40252,0.426167,0.378756,-0.292267,0.832415,0.38541,-0.0429665
01324180,1523964231218,-8.4632,-3.34225,0.799223,0.343208,-0.0283186,-0.414824,0.662377,0.438428,-0.423092
01324189,1523964231235,-11.0225,-6.06422,2.26339,0.351157,0.330996,-0.0808262,0.727726,-0.138246,-0.477865
01324188,1523964231235,-9.88756,-0.135482,-1.13597,0.737243,0.456408,-0.1332,0.818536,-0.296898,-0.157662
01324185,1523964231235,-9.33425,-1.75943,-0.044842,0.453344,-0.0373683,-0.393438,0.794963,0.407409,-0.289221
01324181,1523964231235,-9.22693,0.262141,2.14618,0.381444,0.271308,-0.260472,0.831283,0.388884,-0.0418316
01324180,1523964231235,-8.71459,-3.36474,0.820813,0.414507,0.00886231,-0.419336,0.658754,0.440546,-0.427183
01324189,1523964231251,-9.14808,-3.17886,1.82816,0.984807,0.239115,-0.215754,0.728097,-0.141392,-0.472142
01324188,1523964231251,-9.53869,0.132606,-0.342141,0.369292,0.465251,-0.155058,0.819884,-0.296472,-0.148634
01324185,1523964231251,-9.44457,-1.52762,-0.061914,0.623523,-0.111793,-0.360811,0.792242,0.408738,-0.293405
01324181,1523964231251,-9.21695,0.373706,2.33247,0.31709,0.254387,-0.215607,0.83123,0.392062,-0.0404362
01324180,1523964231251,-8.8281,-3.39554,0.867873,0.496175,0.0168586,-0.453912,0.656084,0.441048,-0.430511
01324189,1523964231268,-8.79504,-0.766246,2.1742,1.19442,0.133272,-0.244266,0.73175,-0.146353,-0.466873
01324188,1523964231268,-9.40233,-0.930302,-0.126596,0.210468,0.466965,-0.196786,0.82202,-0.291848,-0.14245
01324185,1523964231268,-9.38062,-1.17157,0.0578568,0.788964,-0.16509,-0.335161,0.788701,0.410013,-0.300459
01324181,1523964231268,-9.47428,0.399552,2.60564,0.288348,0.262234,-0.175734,0.829868,0.391562,-0.0380206
01324180,1523964231268,-8.88579,-3.26159,0.921216,0.630825,0.00792219,-0.508463,0.651548,0.441302,-0.435301
01324189,1523964231285,-8.75774,-0.14689,2.34549,0.919998,0.0481066,-0.234378,0.728495,-0.152869,-0.463944
01324188,1523964231285,-9.69777,-1.08242,-0.286559,0.325339,0.515716,-0.223824,0.821728,-0.289741,-0.131412
01324185,1523964231285,-9.37419,-0.776522,0.30586,1.00956,-0.18973,-0.295285,0.782992,0.410006,-0.308278
01324181,1523964231285,-9.93134,0.456986,2.89624,0.240041,0.137012,-0.159315,0.828481,0.394453,-0.0375351
01324180,1523964231285,-8.97866,-3.04649,1.023,0.731313,0.031185,-0.601659,0.645638,0.443157,-0.437068
01324189,1523964231301,-9.46052,-1.06513,2.42207,0.562496,0.0157755,-0.216711,0.729856,-0.15563,-0.462242
01324188,1523964231301,-10.1522,-1.05368,-0.3651,0.326169,0.562727,-0.205669,0.823482,-0.289303,-0.122793
01324185,1523964231301,-9.54586,-0.341705,0.701807,1.23468,-0.255143,-0.272125,0.779581,0.406135,-0.319202
01324181,1523964231301,-10.1854,0.618717,3.18614,0.18806,-0.0676877,-0.135019,0.826335,0.396132,-0.0406029
01324180,1523964231301,-9.19705,-2.82232,1.04143,0.77754,0.0417264,-0.680312,0.641104,0.443561,-0.442666
01324189,1523964231318,-10.2358,-2.20728,2.41159,0.419141,-0.162058,-0.200705,0.730395,-0.156789,-0.461054
01324188,1523964231318,-10.4134,-1.12066,-0.651244,0.353221,0.569373,-0.180663,0.826042,-0.287199,-0.115829
01324185,1523964231318,-9.98256,0.25839,0.995787,1.30887,-0.340571,-0.280081,0.776705,0.403627,-0.332493
01324181,1523964231318,-10.0198,0.785489,3.38203,0.064012,-0.256452,-0.100118,0.825759,0.399143,-0.0406597
01324180,1523964231318,-9.66835,-2.6236,0.900162,0.75482,0.0489444,-0.776955,0.635257,0.443727,-0.453113
01324189,1523964231335,-9.81388,-2.34427,1.71362,0.419079,-0.296065,-0.218313,0.728778,-0.156611,-0.462773
01324188,1523964231335,-10.4084,-1.13972,-1.38271,0.304292,0.552569,-0.161699,0.828873,-0.285497,-0.106606
01324185,1523964231335,-10.3377,0.804894,1.16551,1.21994,-0.374299,-0.298409,0.772607,0.403082,-0.346322
01324181,1523964231335,-9.53797,0.835058,3.32122,-0.0172576,-0.21645,-0.0272983,0.826001,0.398505,-0.0451889
01324180,1523964231335,-10.3551,-2.27919,0.897765,0.637865,0.00764233,-0.832252,0.628406,0.446773,-0.457273
01324189,1523964231351,-9.48144,-1.82135,1.48105,0.369779,-0.296574,-0.249647,0.725,-0.157532,-0.465546
01324188,1523964231351,-10.1335,-1.33638,-1.68148,0.2172,0.548194,-0.118039,0.830352,-0.284278,-0.0990109
01324185,1523964231351,-10.6838,1.26924,1.0785,0.873696,-0.354957,-0.369521,0.768519,0.399216,-0.356983
01324181,1523964231351,-9.4134,0.710546,3.11189,-0.0813268,-0.0345348,0.0141127,0.825316,0.399653,-0.0454713
01324180,1523964231351,-10.6751,-2.20979,0.827351,0.503301,0.0112591,-0.859363,0.621805,0.451557,-0.461943
01324189,1523964231368,-9.45573,-1.89626,0.881704,0.109013,-0.254232,-0.237286,0.725302,-0.156121,-0.469552
01324188,1523964231368,-9.87406,-1.83228,-1.93411,0.151226,0.470588,-0.0697222,0.829658,-0.283003,-0.0886935
01324185,1523964231368,-10.8337,1.44794,0.636626,0.414719,-0.270229,-0.446917,0.763214,0.398766,-0.365844
01324181,1523964231368,-9.53381,0.63644,2.98937,-0.124018,0.118903,0.0414742,0.824925,0.399075,-0.0459863
01324180,1523964231368,-10.996,-1.90942,0.830701,0.320027,-0.0316176,-0.850127,0.61503,0.457323,-0.460647
01324189,1523964231385,-9.83836,-2.3598,0.684353,-0.135211,-0.184209,-0.170636,0.722447,-0.153179,-0.471636
01324188,1523964231385,-9.73783,-1.62973,-2.35575,0.09911,0.378095,-0.0339023,0.831419,-0.282906,-0.0852101
01324185,1523964231385,-10.917,1.21221,0.317484,-0.0591809,-0.181284,-0.466499,0.757914,0.404743,-0.370194
01324181,1523964231385,-9.99443,0.567913,2.99015,-0.186404,0.17513,0.0698658,0.824521,0.397692,-0.044094
01324180,1523964231385,-10.982,-1.69946,0.851326,0.082115,-0.0340255,-0.860391,0.608096,0.465711,-0.460918
01324189,1523964231401,-9.81629,-2.1129,0.643228,-0.16256,-0.185611,-0.133418,0.720279,-0.150689,-0.474133
01324188,1523964231401,-9.87611,-1.09784,-2.48945,-0.0192747,0.286138,-0.00920599,0.829914,-0.281492,-0.0806612
01324185,1523964231401,-11.0682,0.66895,0.247049,-0.431129,-0.175807,-0.44907,0.754255,0.412255,-0.367903
01324181,1523964231401,-10.5546,0.405997,3.01623,-0.195255,0.18213,0.0614957,0.826599,0.398249,-0.036956
01324180,1523964231401,-10.8786,-1.46883,0.843935,-0.221867,-0.0826255,-0.852071,0.599951,0.472642,-0.456472
01324189,1523964231418,-9.95574,-1.55857,0.958209,-0.136727,-0.134885,-0.136956,0.719994,-0.14838,-0.474245
01324188,1523964231418,-9.9432,-0.924419,-2.42793,-0.117567,0.204805,0.0122234,0.830729,-0.281885,-0.0788117
01324185,1523964231418,-11.0267,0.00898746,0.249632,-0.662791,-0.243394,-0.381192,0.750186,0.421441,-0.366541
01324181,1523964231418,-10.8841,0.309824,3.11981,-0.205976,0.145904,0.0604493,0.826846,0.397741,-0.0338935
01324180,1523964231418,-10.7906,-1.51553,0.791366,-0.506268,-0.0888174,-0.769546,0.592711,0.483047,-0.453726
01324189,1523964231435,-10.4589,-1.66869,0.785425,-0.29095,-0.120187,-0.10009,0.719195,-0.147221,-0.476769
01324188,1523964231435,-10.0649,-1.15721,-2.52113,-0.0763686,0.0969432,0.0157368,0.831816,-0.282263,-0.0773684
01324185,1523964231435,-10.8906,-0.533547,0.295489,-0.782941,-0.28545,-0.296615,0.745845,0.430483,-0.365307
01324181,1523964231435,-10.9489,0.187878,2.96718,-0.206083,0.0611981,0.0709488,0.828446,0.397196,-0.0316412
01324180,1523964231435,-10.6037,-1.68548,0.632745,-0.732935,-0.116387,-0.658726,0.586242,0.496045,-0.450534
01324189,1523964231451,-10.3039,-1.93193,0.504976,-0.339164,-0.0955422,-0.0647898,0.718542,-0.144063,-0.481552
01324188,1523964231451,-10.0172,-1.35926,-2.61594,-0.0324803,-0.00842739,0.0370211,0.831847,-0.28739,-0.0767473
01324185,1523964231451,-10.7689,-1.0639,0.402493,-0.771114,-0.235209,-0.191511,0.743,0.437577,-0.362753
01324181,1523964231451,-10.873,0.057788,2.94118,-0.238195,-0.0502696,0.0718048,0.827916,0.396352,-0.0313525
01324180,1523964231451,-10.4764,-1.75012,0.493455,-0.861681,-0.149216,-0.529701,0.579781,0.509347,-0.449768
01324189,1523964231468,-10.15,-1.97301,0.741093,-0.262669,-0.0445459,-0.060212,0.717848,-0.140596,-0.482319
01324188,1523964231468,-9.91786,-1.29177,-2.66545,0.0549445,-0.119584,0.0381825,0.831301,-0.286573,-0.078439
01324185,1523964231468,-10.7215,-1.41323,0.484127,-0.694611,-0.160606,-0.0543045,0.742869,0.443715,-0.358631
01324181,1523964231468,-10.643,0.133271,2.96535,-0.266584,-0.0434905,0.0598211,0.828609,0.394353,-0.0307868
01324180,1523964231468,-10.2726,-1.91977,0.325334,-0.929642,-0.166518,-0.377369,0.575861,0.520537,-0.442732
01324189,1523964231485,-10.0566,-2.16504,0.919346,-0.159002,-0.00416451,-0.0430723,0.717157,-0.136414,-0.48375
01324188,1523964231485,-9.81356,-1.19352,-2.63347,0.0473572,-0.237306,0.0439307,0.832231,-0.283305,-0.0801307
01324185,1523964231485,-10.5918,-1.61625,0.521908,-0.562992,-0.0850027,0.0573008,0.741926,0.445886,-0.355644
01324181,1523964231485,-10.5377,0.246031,3.07012,-0.291654,-0.105151,0.0748425,0.829669,0.39507,-0.030016
01324180,1523964231485,-10.1226,-2.05938,0.224523,-0.948744,-0.184892,-0.207132,0.57263,0.52865,-0.432257
01324189,1523964231501,-9.80694,-2.20764,0.913041,-0.0532464,0.0379007,0.00424395,0.719043,-0.13588,-0.482162
01324188,1523964231501,-9.79416,-1.16127,-2.42695,-0.0334232,-0.356257,0.0535768,0.830074,-0.284784,-0.0850415
01324185,1523964231501,-10.4179,-1.55468,0.576914,-0.388678,0.00931129,0.14151,0.740984,0.447921,-0.352395
01324181,1523964231501,-10.2908,0.35585,2.88606,-0.314009,-0.0604099,0.107977,0.829823,0.393495,-0.0299848
01324180,1523964231501,-9.91513,-2.37791,0.215132,-0.908557,-0.194551,-0.0259675,0.569829,0.536494,-0.426656
01324189,1523964231518,-9.67683,-2.14777,1.0597,-0.105452,0.103174,0.00925431,0.719876,-0.136771,-0.483248
01324188,1523964231518,-9.81055,-1.66031,-2.08056,-0.0801548,-0.446842,0.0708569,0.828993,-0.284943,-0.0905562
01324185,1523964231518,-10.2914,-1.19433,0.562943,-0.303755,0.0398991,0.195614,0.743972,0.447693,-0.349529
01324181,1523964231518,-10.1057,0.367727,2.90634,-0.348916,0.0102808,0.156921,0.830203,0.392988,-0.0267909
01324180,1523964231518,-9.76696,-2.64786,0.340772,-0.825577,-0.233277,0.12452,0.569213,0.541407,-0.422227
01324189,1523964231535,-9.5143,-2.22475,1.04246,-0.152696,0.118269,-0.011397,0.720412,-0.137067,-0.482187
01324188,1523964231535,-9.76305,-1.87491,-1.7565,-0.0345198,-0.49393,0.0919022,0.827515,-0.286131,-0.0988221
01324185,1523964231535,-10.1166,-0.750015,0.541181,-0.318614,0.0414274,0.241498,0.746148,0.444351,-0.347414
01324181,1523964231535,-9.92236,0.321367,2.91323,-0.35624,-0.013017,0.190317,0.831853,0.388997,-0.0251312
01324180,1523964231535,-9.5633,-2.67918,0.332921,-0.669403,-0.256055,0.282661,0.571728,0.543383,-0.420603
01324189,1523964231551,-9.47817,-2.22094,1.1977,-0.236618,0.155362,-0.0419595,0.722007,-0.132788,-0.480967
01324188,1523964231551,-9.7531,-1.78665,-1.62502,-0.000239667,-0.550085,0.119838,0.827391,-0.28724,-0.106158
01324185,1523964231551,-9.91774,-0.373266,0.51909,-0.372742,0.0423177,0.273818,0.748868,0.444143,-0.343502
01324181,1523964231551,-9.6951,0.299912,2.7702,-0.377665,-0.0428987,0.204723,0.832925,0.387188,-0.022183
01324180,1523964231551,-9.29599,-2.76274,0.313321,-0.494326,-0.246116,0.429695,0.575051,0.544319,-0.417392
01324189,1523964231568,-9.44221,-2.22476,1.00242,-0.300808,0.169823,-0.027996,0.723346,-0.130805,-0.479896
01324188,1523964231568,-9.69919,-1.58873,-1.68258,0.0113952,-0.615835,0.16345,0.825924,-0.290379,-0.1132
01324185,1523964231568,-9.67137,-0.244791,0.512074,-0.510993,0.0246849,0.311446,0.751994,0.442517,-0.3401
01324181,1523964231568,-9.47266,0.283247,2.63187,-0.381266,-0.0249802,0.220348,0.835395,0.382462,-0.020915
01324180,1523964231568,-9.13937,-2.50411,0.226846,-0.354605,-0.233436,0.523885,0.576363,0.545437,-0.414282
01324189,1523964231585,-9.48518,-2.20028,1.05668,-0.323269,0.17354,-0.0182966,0.726015,-0.126259,-0.477215
01324188,1523964231585,-9.74618,-1.21204,-1.73617,-0.0460445,-0.688234,0.165785,0.823216,-0.290182,-0.122575
01324185,1523964231585,-9.52668,-0.262534,0.525473,-0.65697,0.00341057,0.332123,0.755259,0.441348,-0.334875
01324181,1523964231585,-9.46569,0.297891,2.6268,-0.397224,-0.057098,0.206327,0.834851,0.380816,-0.0180861
01324180,1523964231585,-8.9774,-2.30393,0.195691,-0.290209,-0.199569,0.595754,0.581092,0.54187,-0.413612
01324189,1523964231601,-9.66261,-2.21463,1.17616,-0.312705,0.1994,-0.00672362,0.727625,-0.124569,-0.475883
01324188,1523964231601,-9.81761,-0.894442,-1.60132,-0.141727,-0.754003,0.189166,0.820951,-0.29553,-0.131899
01324185,1523964231601,-9.44985,-0.342526,0.459922,-0.766733,-0.0353973,0.396262,0.758794,0.441444,-0.329793
01324181,1523964231601,-9.37431,0.250498,2.56792,-0.382315,-0.153926,0.230417,0.83786,0.377608,-0.0189802
01324180,1523964231601,-8.94163,-2.07138,0.158648,-0.335064,-0.1748,0.665145,0.584754,0.537739,-0.412398
01324189,1523964231618,-9.66251,-2.1854,1.1957,-0.248101,0.200487,0.0139251,0.730768,-0.123512,-0.477917
01324188,1523964231618,-9.82237,-0.848384,-1.28644,-0.186944,-0.809042,0.175856,0.8188,-0.296997,-0.146365
01324185,1523964231618,-9.3441,-0.413095,0.363919,-0.839786,-0.0578661,0.455146,0.762601,0.439279,-0.325082
01324181,1523964231618,-9.16865,0.253018,2.46052,-0.33345,-0.231691,0.232119,0.838181,0.373041,-0.018357
01324180,1523964231618,-8.89218,-1.97933,0.183805,-0.494934,-0.153111,0.690672,0.591765,0.533987,-0.411766
01324189,1523964231635,-9.53262,-2.14644,1.15002,-0.178447,0.166933,0.0186373,0.732771,-0.120677,-0.475643
01324188,1523964231635,-9.75048,-0.991453,-0.859739,-0.159673,-0.861226,0.177249,0.815977,-0.299735,-0.158345
01324185,1523964231635,-9.27694,-0.483419,0.274419,-0.866972,-0.097966,0.557474,0.766545,0.437123,-0.319849
01324181,1523964231635,-9.23332,0.329993,2.33305,-0.299756,-0.280036,0.245388,0.840642,0.37153,-0.020476
01324180,1523964231635,-8.74905,-2.02393,0.223627,-0.639025,-0.12953,0.710982,0.599036,0.529632,-0.408178
01324189,1523964231651,-9.39894,-2.13613,0.851068,-0.103005,0.119446,0.003845,0.733984,-0.120703,-0.474453
01324188,1523964231651,-9.8484,-1.33337,-0.875126,0.0192311,-0.904454,0.181534,0.812749,-0.302983,-0.168602
01324185,1523964231651,-9.31138,-0.627788,0.141501,-0.900794,-0.140571,0.668354,0.769542,0.434551,-0.314348
01324181,1523964231651,-9.65287,0.417242,2.30937,-0.25714,-0.34444,0.246512,0.841401,0.366464,-0.0227687
01324180,1523964231651,-8.83475,-2.12878,0.227048,-0.758395,-0.112598,0.719131,0.604814,0.529989,-0.412173
01324189,1523964231668,-9.50764,-2.20474,0.506911,-0.0345153,0.080716,-0.0100516,0.73546,-0.11858,-0.473517
01324188,1523964231668,-10.0027,-1.21634,-0.980874,0.195719,-0.969193,0.231567,0.810599,-0.30486,-0.180537
01324185,1523964231668,-9.58252,-0.907898,0.034672,-0.912238,-0.170747,0.726457,0.77579,0.430704,-0.309106
01324181,1523964231668,-10.1847,0.376875,2.44681,-0.255637,-0.494335,0.264309,0.843813,0.360869,-0.0285204
01324180,1523964231668,-9.18011,-2.33013,0.164566,-0.837851,-0.11232,0.780198,0.611076,0.529683,-0.403896
01324189,1523964231685,-9.77805,-2.13513,0.262886,0.0325487,0.0489916,5.28557e-05,0.7375,-0.119206,-0.47301
01324188,1523964231685,-10.0303,-0.843259,-1.21989,0.209629,-1.01541,0.218752,0.80629,-0.308413,-0.193222
01324185,1523964231685,-10.1722,-1.24864,-0.0870118,-0.90564,-0.217301,0.7541,0.779326,0.425133,-0.305668
01324181,1523964231685,-10.5978,0.182528,2.72078,-0.282529,-0.69242,0.261084,0.844328,0.357553,-0.0358936
01324180,1523964231685,-9.77509,-2.64941,0.0192427,-0.877739,-0.0879206,0.871603,0.618049,0.527209,-0.398781
01324189,1523964231701,-9.95498,-1.88442,0.198,0.127138,-0.0262121,-0.0163405,0.737781,-0.118788,-0.474214
01324188,1523964231701,-10.2362,-0.242486,-0.819427,0.140036,-1.04034,0.228567,0.79982,-0.31347,-0.207186
01324185,1523964231701,-10.863,-1.51888,-0.161422,-0.884414,-0.224648,0.754282,0.785035,0.417046,-0.301168
01324181,1523964231701,-10.3938,0.0878171,2.81809,-0.310981,-0.790092,0.243051,0.845923,0.356436,-0.0466439
01324180,1523964231701,-10.4038,-3.17729,-0.0695515,-0.936411,-0.111349,0.98273,0.627426,0.522329,-0.386185
01324189,1523964231718,-9.99022,-1.16428,0.589691,0.173586,-0.0508475,-0.0472312,0.738336,-0.120529,-0.474234
01324188,1523964231718,-10.2009,0.161153,-0.630837,0.0198191,-1.07412,0.237099,0.796456,-0.316331,-0.219436
01324185,1523964231718,-11.1912,-1.65641,-0.0828692,-0.807085,-0.221558,0.791672,0.791008,0.413164,-0.297754
01324181,1523964231718,-9.77853,0.119531,2.60407,-0.360512,-0.746671,0.210672,0.847096,0.354812,-0.0547232
01324180,1523964231718,-10.7087,-3.72684,-0.0320432,-0.921591,-0.118481,1.07765,0.635607,0.51866,-0.37868
01324189,1523964231735,-10.065,-0.0503912,1.77155,0.185324,-0.104276,-0.0230869,0.741347,-0.121907,-0.475082
01324188,1523964231735,-10.6337,0.801944,-1.01351,-0.147882,-1.09175,0.203818,0.792821,-0.319086,-0.23383
01324185,1523964231735,-10.9403,-1.77333,0.150225,-0.642404,-0.169654,0.855737,0.7963,0.407271,-0.296409
01324181,1523964231735,-9.18472,0.267512,2.30558,-0.3539,-0.623675,0.173623,0.846926,0.352089,-0.0615704
01324180,1523964231735,-10.5493,-4.12731,0.121993,-0.86059,-0.154912,1.15238,0.645151,0.512933,-0.37056
01324189,1523964231751,-10.0812,0.982836,3.44401,0.128249,-0.181915,0.0381837,0.740842,-0.123491,-0.478166
01324188,1523964231751,-10.9022,1.42128,-1.17106,-0.539095,-1.02149,0.140788,0.789041,-0.320147,-0.250134
01324185,1523964231751,-10.3751,-1.71395,0.479667,-0.476451,-0.0751413,0.950072,0.803901,0.39801,-0.294255
01324181,1523964231751,-8.82072,0.480345,2.44631,-0.38665,-0.516164,0.158169,0.847696,0.349079,-0.0678901
01324180,1523964231751,-10.0148,-4.20579,0.378133,-0.737594,-0.197949,1.17205,0.655651,0.50633,-0.364093
01324189,1523964231768,-9.91166,1.27383,4.91231,-0.109653,-0.273218,0.144155,0.740745,-0.123795,-0.482047
01324188,1523964231768,-10.4241,1.29046,-0.639341,-1.03843,-0.920454,0.044737,0.784418,-0.316477,-0.267613
01324185,1523964231768,-9.90222,-1.88514,0.793595,-0.364489,-0.0227043,1.01499,0.812589,0.386793,-0.291302
01324181,1523964231768,-9.11963,0.415886,2.77649,-0.418499,-0.539931,0.114194,0.848963,0.348242,-0.0726667
01324180,1523964231768,-9.40152,-3.94781,0.404872,-0.662422,-0.180831,1.16027,0.664861,0.496723,-0.360639
01324189,1523964231785,-9.4743,0.970552,5.5427,-0.490968,-0.296815,0.201488,0.735738,-0.120809,-0.486781
01324188,1523964231785,-9.27557,0.0209992,-0.381686,-1.43,-0.779622,-0.113722,0.779501,-0.309172,-0.284861
01324185,1523964231785,-10.0771,-2.19719,0.636871,-0.324872,-0.0552264,0.973532,0.818295,0.374711,-0.289376
01324181,1523964231785,-9.88833,-0.0763341,3.18671,-0.382661,-0.640088,0.0427907,0.847566,0.345988,-0.0784485
01324180,1523964231785,-9.49414,-3.8386,0.245055,-0.675914,-0.111084,1.18006,0.675522,0.491032,-0.36172
01324189,1523964231801,-9.19009,-0.407001,5.83209,-0.976422,-0.153578,0.282186,0.733057,-0.118752,-0.492353
01324188,1523964231801,-10.2348,0.358978,2.15445,-1.52777,-0.556322,-0.190014,0.778104,-0.300846,-0.30034
01324185,1523964231801,-10.7548,-2.81687,0.303452,-0.312689,-0.136174,0.825372,0.822368,0.362857,-0.290321
01324181,1523964231801,-10.8745,-0.743087,3.24148,-0.409877,-0.804297,-0.0444102,0.846036,0.34776,-0.0898905
01324180,1523964231801,-10.0566,-4.34119,-0.108807,-0.694725,-0.00410684,1.31257,0.686209,0.480666,-0.356952
01324189,1523964231818,-9.4093,-2.16577,5.98213,-1.42995,-0.0244973,0.279603,0.736986,-0.111389,-0.495015
01324188,1523964231818,-9.86299,-1.0075,3.60308,-1.38609,-0.446613,-0.155902,0.779685,-0.291256,-0.319007
01324185,1523964231818,-11.2743,-3.66398,-0.160574,-0.104104,-0.234787,0.68218,0.828061,0.355927,-0.29158
01324181,1523964231818,-10.4317,-1.01418,2.94522,-0.250502,-0.899349,-0.073407,0.846324,0.352158,-0.0978206
01324180,1523964231818,-10.4366,-5.23896,-0.0981128,-0.543964,0.00538267,1.52093,0.696934,0.467847,-0.354125
01324189,1523964231835,-9.67141,-3.37486,6.42134,-1.54348,-0.0768102,0.204762,0.738067,-0.103383,-0.499111
01324188,1523964231835,-9.20151,-1.46065,1.14251,-0.803413,-0.250193,-0.100049,0.778026,-0.285293,-0.327496
01324185,1523964231835,-10.5154,-3.7797,-0.424804,0.254386,-0.208633,0.633828,0.831042,0.34515,-0.295143
01324181,1523964231835,-9.18588,-0.878144,2.94576,-0.235044,-0.867712,-0.121778,0.843449,0.353668,-0.108977
01324180,1523964231835,-10.0992,-6.0567,0.451732,-0.228369,-0.081062,1.67941,0.712126,0.452206,-0.353311
01324189,1523964231851,-9.84326,-4.50141,7.44356,-1.30056,-0.341696,0.0959641,0.735884,-0.0921379,-0.505551
01324188,1523964231851,-8.59526,2.76816,-3.29981,-0.514956,0.316308,0.0161378,0.777735,-0.282188,-0.328375
01324185,1523964231851,-9.34648,-3.23805,-0.45615,0.716022,-0.00514835,0.795883,0.835647,0.33407,-0.299755
01324181,1523964231851,-8.66899,-1.24083,2.98499,-0.139294,-0.65126,-0.18235,0.84189,0.356619,-0.11885
01324180,1523964231851,-9.42889,-6.26687,0.986414,0.0976535,-0.197724,1.64264,0.724948,0.433717,-0.35414
01324189,1523964231868,-10.025,-5.00397,7.71773,-0.953039,-0.674185,0.0213873,0.729103,-0.0802121,-0.515278
01324188,1523964231868,-8.90271,4.59488,-4.39213,-1.7603,0.887086,-0.016293,0.785007,-0.274752,-0.318849
01324185,1523964231868,-8.76874,-2.93567,-0.236505,1.15057,0.226471,0.939212,0.843508,0.316354,-0.305098
01324181,1523964231868,-8.5718,-1.35651,3.44909,-0.0143202,-0.491316,-0.246872,0.838807,0.361633,-0.126891
01324180,1523964231868,-8.70099,-5.95623,1.18374,0.349182,-0.231745,1.49973,0.735727,0.407596,-0.357253
01324189,1523964231885,-9.60925,-4.70429,6.78722,-0.664094,-0.930306,0.0280673,0.721674,-0.0748826,-0.524381
01324188,1523964231885,-9.44431,3.91997,-4.13631,-2.51301,1.29446,-0.0586293,0.794402,-0.259326,-0.312753
01324185,1523964231885,-8.82919,-2.47016,0.25142,1.39062,0.335306,0.960364,0.849343,0.297269,-0.30833
01324181,1523964231885,-8.45872,-1.19018,3.42731,0.0944359,-0.511481,-0.292262,0.836297,0.364341,-0.13542
01324180,1523964231885,-8.46117,-5.52132,1.41566,0.595783,-0.195578,1.39874,0.742563,0.387652,-0.363696
01324189,1523964231901,-9.1115,-3.30817,5.97492,-0.613777,-1.01718,0.166871,0.715931,-0.0717748,-0.537534
01324188,1523964231901,-9.48302,3.32843,-2.95623,-2.42345,1.67735,0.170095,0.79881,-0.248817,-0.308651
01324185,1523964231901,-9.15893,-1.75011,0.801634,1.35024,0.293956,0.846769,0.855452,0.278778,-0.310001
01324181,1523964231901,-8.10598,-0.87514,3.02265,0.181751,-0.435465,-0.295461,0.833099,0.36709,-0.142483
01324180,1523964231901,-8.12143,-4.06733,2.18585,0.518517,-0.159468,1.23614,0.752322,0.371156,-0.373354
01324189,1523964231918,-8.28025,-2.00298,5.73911,-0.633378,-1.10684,0.267188,0.706257,-0.0707226,-0.55106
01324188,1523964231918,-9.55132,1.8581,-2.29258,-1.86764,2.0403,0.534576,0.808014,-0.247607,-0.291329
01324185,1523964231918,-9.32467,-0.927693,1.19819,1.08518,0.155082,0.625151,0.859522,0.264489,-0.313012
01324181,1523964231918,-7.79696,-0.640963,2.96942,0.192262,-0.305482,-0.246206,0.831081,0.371978,-0.149071
01324180,1523964231918,-9.08132,-5.25423,2.87568,-0.0568643,-0.0946229,0.946277,0.760144,0.35712,-0.376722
01324189,1523964231935,-7.39062,-1.58705,5.46622,-0.406146,-1.10845,0.366391,0.69659,-0.0711077,-0.56433
01324188,1523964231935,-9.66576,0.987469,-1.85542,-0.675069,2.32153,0.897181,0.818335,-0.252552,-0.26431
01324185,1523964231935,-9.38558,-0.375845,1.31644,0.717967,0.0136584,0.398543,0.863045,0.25427,-0.316845
01324181,1523964231935,-7.7289,-0.395039,2.86855,0.220557,-0.193159,-0.198827,0.830024,0.374169,-0.154152
01324180,1523964231935,-9.22288,-6.3551,3.18486,-0.171213,-0.131032,0.721756,0.764782,0.35037,-0.376925
01324189,1523964231951,-6.5346,-2.19492,4.42955,0.00150319,-0.970485,0.456173,0.685596,-0.0772113,-0.57763
01324188,1523964231951,-9.83894,1.24303,-1.76013,0.599155,2.50848,1.17342,0.824389,-0.270522,-0.225132
01324185,1523964231951,-9.49063,0.0533106,1.24374,0.322173,-0.101163,0.160753,0.861686,0.248136,-0.320831
01324181,1523964231951,-7.98723,-0.169979,2.79254,0.204431,-0.0970122,-0.165152,0.828672,0.377815,-0.158331
01324180,1523964231951,-8.6674,-6.72701,2.90064,0.0702201,-0.208112,0.500983,0.765159,0.340496,-0.375238
01324189,1523964231968,-5.88849,-3.04794,2.8405,0.383901,-0.703726,0.506575,0.676993,-0.0842092,-0.584409
01324188,1523964231968,-10.1081,2.34074,-2.05677,1.55041,2.63424,1.39188,0.828976,-0.292987,-0.182717
01324185,1523964231968,-9.33645,0.234997,0.876167,-0.0224185,-0.187397,0.00601767,0.863848,0.246111,-0.323562
01324181,1523964231968,-8.23871,-0.0225658,2.82917,0.204318,0.00620845,-0.133182,0.829622,0.377504,-0.158866
01324180,1523964231968,-8.175,-6.28629,2.40033,0.446632,-0.282373,0.25844,0.765524,0.33502,-0.381836
01324189,1523964231985,-5.96117,-3.09515,1.81432,0.529296,-0.404957,0.52605,0.669614,-0.0931028,-0.58988
01324188,1523964231985,-10.1434,3.93032,-2.47522,1.97126,2.67114,1.55442,0.829234,-0.318083,-0.135432
01324185,1523964231985,-9.00535,-0.111727,0.482194,-0.219471,-0.211317,-0.117842,0.862489,0.248348,-0.324493
01324181,1523964231985,-8.45996,-0.0397103,2.79427,0.195292,0.0864696,-0.0979234,0.828277,0.378077,-0.15966
01324180,1523964231985,-8.13915,-5.88442,1.87118,0.814774,-0.281595,0.0340463,0.766978,0.329544,-0.391557
01324189,1523964232002,-6.45505,-2.01806,1.63448,0.757488,-0.193223,0.494515,0.667529,-0.106287,-0.591298
01324188,1523964232002,-10.0427,5.03077,-2.66649,1.76236,2.63912,1.65705,0.826784,-0.343892,-0.0874849
01324185,1523964232002,-8.88388,-0.62536,0.438602,-0.337422,-0.211046,-0.204477,0.86099,0.250836,-0.326994
01324181,1523964232002,-8.64362,-0.236087,2.93692,0.164772,0.0855345,-0.052943,0.829066,0.380329,-0.160778
01324180,1523964232002,-8.69631,-4.35732,1.80162,0.987225,-0.230788,-0.273464,0.76373,0.324139,-0.399451
01324189,1523964232018,-7.17119,-0.595884,2.3156,1.05473,-0.00954935,0.539721,0.665441,-0.121048,-0.591392
01324188,1523964232018,-9.88477,5.2747,-2.46056,1.12261,2.56684,1.71031,0.81987,-0.371078,-0.0457594
01324185,1523964232018,-9.08736,-0.968346,0.489662,-0.384847,-0.202247,-0.246101,0.859218,0.25742,-0.329011
01324181,1523964232018,-8.76161,-0.417006,2.92756,0.168189,0.103771,-0.0243014,0.828499,0.380682,-0.158124
01324180,1523964232018,-8.63594,-3.43165,1.76379,0.630218,-0.192549,-0.493267,0.760798,0.326271,-0.40774
01324189,1523964232035,-7.7484,0.755518,2.85815,1.3635,0.022115,0.638527,0.666353,-0.1422,-0.588226
01324188,1523964232035,-9.885,4.55442,-2.20855,0.484825,2.39735,1.76075,0.809421,-0.396651,-0.00604219
01324185,1523964232035,-9.35067,-1.15204,0.551351,-0.410062,-0.171103,-0.321902,0.856903,0.265984,-0.330654
01324181,1523964232035,-8.79822,-0.553312,2.94201,0.194737,0.107811,0.000670108,0.829338,0.378931,-0.159158
01324180,1523964232035,-8.80216,-3.61562,1.62581,0.214876,-0.162679,-0.657454,0.753523,0.331356,-0.412393
01324189,1523964232052,-7.82767,1.74904,2.00006,1.5636,0.116862,0.820256,0.664927,-0.164139,-0.582096
01324188,1523964232052,-9.91155,3.90679,-1.98588,0.0596932,2.17238,1.75273,0.799375,-0.420679,0.0254219
01324185,1523964232052,-9.64026,-1.31862,0.718322,-0.45804,-0.183771,-0.39484,0.85568,0.271775,-0.329922
01324181,1523964232052,-8.84031,-0.752633,2.80067,0.242912,0.198863,-0.00383314,0.830152,0.377794,-0.158346
01324180,1523964232052,-9.12688,-3.89339,1.50752,-0.0208328,-0.11542,-0.781689,0.749379,0.342164,-0.413467
01324189,1523964232068,-8.23777,2.30343,1.85666,1.44563,0.318585,0.94216,0.662942,-0.184191,-0.575544
01324188,1523964232068,-10.0051,2.82702,-0.954964,-0.364274,1.85509,1.71538,0.78795,-0.440604,0.0506992
01324185,1523964232068,-9.89623,-1.42297,0.713368,-0.552383,-0.212155,-0.501653,0.853232,0.279365,-0.330901
01324181,1523964232068,-9.04604,-0.852086,2.77227,0.260812,0.288149,-0.00822451,0.831746,0.378095,-0.156643
01324180,1523964232068,-9.34785,-3.95712,1.35275,-0.134077,-0.10565,-0.849118,0.746735,0.350474,-0.413531
01324189,1523964232085,-8.7051,2.85963,2.27882,1.10478,0.476043,1.02077,0.664517,-0.206356,-0.569986
01324188,1523964232085,-9.56241,1.5555,-1.06962,-0.405008,1.52748,1.62399,0.77533,-0.46368,0.069065
01324185,1523964232085,-10.0179,-1.57178,0.402253,-0.634716,-0.212081,-0.57552,0.847944,0.289975,-0.328765
01324181,1523964232085,-9.29046,-0.964094,2.70282,0.294818,0.351457,-0.0318441,0.832547,0.37685,-0.154235
01324180,1523964232085,-9.57495,-3.91691,1.17674,-0.183209,-0.0671755,-0.893055,0.739093,0.36221,-0.413994
01324189,1523964232102,-8.82525,2.93768,2.71408,0.655391,0.606919,1.09279,0.666829,-0.224628,-0.558519
01324188,1523964232102,-9.2461,0.786271,-0.8798,-0.402024,1.15456,1.52175,0.762428,-0.484477,0.0824621
01324185,1523964232102,-10.0333,-1.79816,0.235397,-0.631752,-0.182297,-0.590164,0.844004,0.300815,-0.329248
01324181,1523964232102,-9.3876,-0.916686,2.66024,0.310177,0.372014,-0.0696211,0.833182,0.37762,-0.151336
01324180,1523964232102,-9.58696,-3.84723,0.964325,-0.208614,-0.0572321,-0.908951,0.732785,0.374504,-0.414736
01324189,1523964232118,-8.82364,2.48148,2.62535,0.22839,0.770248,1.15414,0.669997,-0.247818,-0.548171
01324188,1523964232118,-9.3053,0.440591,-1.06873,-0.36964,0.790141,1.39407,0.744786,-0.505455,0.0859476
01324185,1523964232118,-9.95184,-2.04899,0.319412,-0.496356,-0.149769,-0.553115,0.839928,0.312934,-0.32922
01324181,1523964232118,-9.54781,-0.821505,2.62116,0.30762,0.366346,-0.0903198,0.833539,0.378417,-0.147372
01324180,1523964232118,-9.41501,-3.8074,0.811544,-0.201341,-0.00782519,-0.921774,0.727255,0.387927,-0.412765
01324189,1523964232135,-9.44339,1.82522,2.69643,-0.136158,0.908907,1.19721,0.672719,-0.261083,-0.540014
01324188,1523964232135,-9.59247,-0.0978035,-1.16268,-0.413353,0.490551,1.23823,0.733361,-0.522798,0.0903899
01324185,1523964232135,-9.8267,-2.24226,0.456771,-0.287093,-0.105416,-0.495824,0.836401,0.321694,-0.327986
01324181,1523964232135,-9.60734,-0.746921,2.52517,0.311424,0.351402,-0.133553,0.83299,0.377894,-0.145496
01324180,1523964232135,-9.28757,-3.89167,0.703567,-0.138623,0.0297343,-0.946659,0.719855,0.401538,-0.412383
01324189,1523964232152,-9.90874,1.39782,2.82414,-0.380573,0.994339,1.12703,0.676227,-0.269477,-0.531693
01324188,1523964232152,-9.76272,-1.06141,-1.19593,-0.418803,0.258949,1.07989,0.724626,-0.53641,0.0950319
01324185,1523964232152,-9.69153,-2.26709,0.545868,-0.0447677,-0.0631955,-0.445365,0.836391,0.328999,-0.329102
01324181,1523964232152,-9.58585,-0.547724,2.52149,0.303577,0.315376,-0.168346,0.835647,0.378627,-0.143016
01324180,1523964232152,-9.21335,-3.99151,0.638488,0.0330399,0.0847908,-0.950504,0.71494,0.40887,-0.411759
01324189,1523964232168,-10.0199,0.972233,2.99032,-0.572052,1.03415,0.982414,0.680535,-0.27473,-0.523624
01324188,1523964232168,-10.1423,-2.41051,-1.16148,-0.226924,0.061335,0.979896,0.716289,-0.54823,0.095474
01324185,1523964232168,-9.63302,-2.0724,0.582609,0.169778,-0.0225646,-0.405057,0.833267,0.333624,-0.330442
01324181,1523964232168,-9.49484,-0.415546,2.40845,0.24415,0.291718,-0.198569,0.836129,0.381526,-0.140956
01324180,1523964232168,-9.1654,-3.93221,0.561942,0.234735,0.102667,-0.929758,0.70973,0.418673,-0.411486
01324189,1523964232185,-10.1011,0.299282,3.11165,-0.623353,0.977465,0.775365,0.686612,-0.278881,-0.516235
01324188,1523964232185,-10.3591,-3.49556,-0.346146,0.29113,-0.120898,0.834513,0.710248,-0.558244,0.0938467
01324185,1523964232185,-9.64656,-1.7617,0.606683,0.321585,0.00567497,-0.430922,0.831089,0.337516,-0.333216
01324181,1523964232185,-9.36987,-0.253912,2.36751,0.221078,0.255132,-0.213516,0.833671,0.382754,-0.138699
01324180,1523964232185,-9.17149,-3.8406,0.56722,0.394883,0.128543,-0.879308,0.703735,0.427045,-0.411771
01324189,1523964232202,-10.0069,-0.329115,2.64627,-0.693499,0.938159,0.600162,0.692388,-0.280715,-0.507219
01324188,1523964232202,-10.3128,-4.05584,-0.242755,1.00324,-0.334925,0.623764,0.702418,-0.564421,0.0949045
01324185,1523964232202,-9.6554,-1.49197,0.626125,0.416828,0.0555298,-0.463667,0.827558,0.341993,-0.334945
01324181,1523964232202,-9.22895,-0.179467,2.37182,0.110865,0.305251,-0.219669,0.83573,0.386826,-0.13429
01324180,1523964232202,-9.22602,-3.74473,0.572048,0.534203,0.14478,-0.832562,0.697766,0.43383,-0.413573
01324189,1523964232218,-9.93889,-0.78093,2.46405,-0.744502,0.991075,0.439961,0.699676,-0.28059,-0.501014
01324188,1523964232218,-9.99563,-3.84664,0.715504,1.49902,-0.575438,0.343986,0.698511,-0.569476,0.101636
01324185,1523964232218,-9.63061,-1.30426,0.695924,0.459483,0.11825,-0.493041,0.825114,0.345642,-0.335756
01324181,1523964232218,-9.10356,-0.192561,2.39702,0.0556899,0.250261,-0.223447,0.834601,0.389599,-0.132477
01324180,1523964232218,-9.25214,-3.62009,0.628065,0.628175,0.161122,-0.800167,0.693592,0.43697,-0.417231
01324189,1523964232235,-9.97499,-0.864725,2.61044,-0.608575,1.00423,0.340896,0.705182,-0.279837,-0.493847
01324188,1523964232235,-9.47125,-3.98221,-0.180195,1.95666,-0.830692,0.0257979,0.700394,-0.568125,0.112464
01324185,1523964232235,-9.57695,-1.17927,0.823364,0.495568,0.179367,-0.512197,0.82294,0.348571,-0.337345
01324181,1523964232235,-8.95191,-0.22714,2.37451,-0.0598288,0.324245,-0.229366,0.832754,0.394848,-0.129114
01324180,1523964232235,-9.25255,-3.43748,0.70882,0.702964,0.178407,-0.774912,0.687631,0.441117,-0.414224
01324189,1523964232252,-10.0383,-1.00506,4.19806,-0.367036,0.944924,0.299207,0.711359,-0.280245,-0.485092
01324188,1523964232252,-7.83178,-4.29399,-5.46537,2.63073,-0.688673,-0.406676,0.701414,-0.559555,0.128062
01324185,1523964232252,-9.55713,-1.11663,1.00142,0.535562,0.211451,-0.522659,0.82158,0.35208,-0.338027
01324181,1523964232252,-9.09762,-0.347898,2.56426,-0.150497,0.288408,-0.25002,0.833465,0.398111,-0.123346
01324180,1523964232252,-9.21467,-3.21554,0.765996,0.690456,0.199426,-0.776556,0.684506,0.44568,-0.416518
01324189,1523964232268,-10.2773,-1.38264,5.59791,-0.0971751,0.762714,0.211677,0.72026,-0.279864,-0.476897
01324188,1523964232268,-10.5271,0.575735,-4.61253,1.92894,-0.547817,-0.682207,0.71055,-0.546909,0.140717
01324185,1523964232268,-9.605,-1.10895,1.18294,0.552416,0.248963,-0.539917,0.819954,0.355479,-0.33714
01324181,1523964232268,-9.32948,-0.615113,2.59929,-0.251771,0.25244,-0.276637,0.831763,0.400834,-0.117675
01324180,1523964232268,-9.25146,-3.04105,0.889855,0.669224,0.222219,-0.781754,0.679395,0.44825,-0.419092
01324189,1523964232285,-10.2488,-0.646832,4.87632,0.237943,0.688243,0.138285,0.723725,-0.28207,-0.467992
01324188,1523964232285,-10.9832,1.49317,-4.54269,0.710616,-0.628288,-0.892424,0.722394,-0.531965,0.140696
01324185,1523964232285,-9.87469,-1.07099,1.36394,0.612082,0.23881,-0.522851,0.817239,0.359128,-0.33795
01324181,1523964232285,-9.53016,-0.663635,2.66414,-0.274737,0.218186,-0.312143,0.828995,0.404102,-0.113863
01324180,1523964232285,-9.39245,-3.0418,1.03349,0.649542,0.262643,-0.792114,0.676708,0.452261,-0.427212
01324189,1523964232302,-10.124,1.59625,4.08835,0.437422,0.671302,0.147684,0.729474,-0.286278,-0.458522
01324188,1523964232302,-9.37895,4.00365,-3.37229,-0.142101,-0.686588,-1.31826,0.736283,-0.51765,0.131591
01324185,1523964232302,-10.1972,-0.938835,1.50256,0.622322,0.22734,-0.509113,0.814931,0.363063,-0.338502
01324181,1523964232302,-9.46059,-0.822958,2.69178,-0.363679,0.147995,-0.322808,0.828627,0.408775,-0.109707
01324180,1523964232302,-9.63017,-3.06108,1.22441,0.640485,0.310513,-0.822558,0.670908,0.456144,-0.429075
01324189,1523964232318,-10.4813,2.25623,3.78862,0.302334,0.526915,0.175987,0.732279,-0.29206,-0.449505
01324188,1523964232318,-10.0553,4.1629,-3.37808,-1.34748,-0.61862,-1.29223,0.744501,-0.506978,0.118427
01324185,1523964232318,-10.4283,-0.783284,1.52541,0.568805,0.198321,-0.464597,0.814246,0.366696,-0.340103
01324181,1523964232318,-9.60055,-0.882935,2.80796,-0.368904,0.208794,-0.336011,0.826355,0.414911,-0.105296
01324180,1523964232318,-9.82325,-3.16686,1.42737,0.685241,0.373911,-0.831484,0.668315,0.460252,-0.42963
01324189,1523964232335,-10.1081,1.33043,1.72158,-0.339944,0.434734,0.115279,0.73633,-0.293585,-0.445418
01324188,1523964232335,-11.1938,2.23701,-2.51665,-2.14737,-0.50103,-1.13103,0.756665,-0.497053,0.0949381
01324185,1523964232335,-10.5293,-0.64784,1.50893,0.473515,0.132836,-0.409624,0.81234,0.369039,-0.342862
01324181,1523964232335,-9.53733,-0.819032,2.71537,-0.385842,0.230203,-0.323729,0.825944,0.420932,-0.0983788
01324180,1523964232335,-9.95021,-3.15611,1.64129,0.727788,0.378531,-0.882142,0.663455,0.464414,-0.432446
01324189,1523964232352,-10.1574,0.045531,0.42923,-0.956182,0.528857,0.00287795,0.738731,-0.288749,-0.443401
01324188,1523964232352,-11.0914,-1.52922,-1.87682,-1.66906,-0.385141,-1.06706,0.765831,-0.4855,0.0750875
01324185,1523964232352,-10.4447,-0.518454,1.39722,0.334384,0.0799719,-0.371732,0.810978,0.371821,-0.344713
01324181,1523964232352,-9.60511,-0.785864,2.70947,-0.442014,0.227903,-0.301147,0.825576,0.424357,-0.0924703
01324180,1523964232352,-9.97492,-3.1725,1.79564,0.737686,0.434014,-0.895755,0.660204,0.467372,-0.43261
01324189,1523964232368,-10.6228,-1.55554,1.0434,-1.28191,0.694544,-0.117457,0.746523,-0.278008,-0.439794
01324188,1523964232368,-10.7,-2.92456,-1.84075,-0.470355,-0.299061,-0.964006,0.77539,-0.471706,0.0569874
01324185,1523964232368,-10.2926,-0.36545,1.24355,0.151042,-0.00420982,-0.338709,0.809079,0.375774,-0.344353
01324181,1523964232368,-9.48823,-0.522464,2.71,-0.427895,0.273462,-0.276725,0.822778,0.428527,-0.0866848
01324180,1523964232368,-9.76548,-3.30113,1.86465,0.804629,0.430504,-0.929722,0.654809,0.470809,-0.433812
01324189,1523964232385,-10.7331,-2.83095,1.89881,-1.16212,0.60187,-0.178136,0.751055,-0.265463,-0.43774
01324188,1523964232385,-10.1469,-2.48642,-2.72984,0.539725,-0.282343,-0.873639,0.78439,-0.457353,0.0550803
01324185,1523964232385,-9.99412,-0.442136,1.03746,-0.0228683,-0.101068,-0.332857,0.807983,0.381359,-0.347016
01324181,1523964232385,-9.59872,-0.504389,2.74276,-0.452977,0.288178,-0.245462,0.821587,0.432693,-0.0801191
01324180,1523964232385,-9.61406,-3.06326,1.91094,0.79707,0.438234,-0.967494,0.651415,0.475083,-0.435297
01324189,1523964232402,-10.0569,-3.30327,1.55402,-0.905303,0.63348,-0.207671,0.756142,-0.256667,-0.434652
01324188,1523964232402,-10.222,-0.56154,-3.49757,0.717756,-0.328862,-0.805731,0.788536,-0.448488,0.0601588
01324185,1523964232402,-9.93707,-0.565517,0.783942,-0.188629,-0.203471,-0.342233,0.805134,0.384874,-0.347432
01324181,1523964232402,-9.72315,-0.447744,2.87611,-0.50128,0.246355,-0.210306,0.821188,0.436882,-0.0719686
01324180,1523964232402,-9.41086,-3.01605,1.78026,0.72793,0.434477,-0.966233,0.647065,0.479057,-0.432453
01324189,1523964232418,-9.47887,-2.55422,0.984807,-0.645353,0.704761,-0.229272,0.762171,-0.248749,-0.429844
01324188,1523964232418,-10.0168,1.37755,-3.68041,0.246713,-0.35685,-0.808402,0.795664,-0.438725,0.0605454
01324185,1523964232418,-9.88984,-0.787497,0.590094,-0.260908,-0.283836,-0.346746,0.799973,0.390735,-0.350476
01324181,1523964232418,-9.52275,-0.350732,2.84656,-0.49603,0.236869,-0.195814,0.820805,0.441173,-0.0656797
01324180,1523964232418,-9.56611,-2.96417,1.72344,0.625775,0.416624,-0.966957,0.642452,0.484513,-0.434167
01324189,1523964232435,-9.20748,-1.43991,0.810541,-0.364426,0.715528,-0.251519,0.769691,-0.243736,-0.422668
01324188,1523964232435,-9.37055,2.28981,-3.44825,-0.512149,-0.366867,-0.839303,0.801304,-0.428458,0.0507531
01324185,1523964232435,-9.94849,-0.965422,0.458558,-0.264743,-0.31559,-0.355026,0.796444,0.395793,-0.351297
01324181,1523964232435,-9.52231,-0.358035,2.88292,-0.51398,0.219608,-0.171772,0.81858,0.443174,-0.0606517
01324180,1523964232435,-9.56393,-3.08357,1.60196,0.55666,0.346289,-0.880002,0.637053,0.488534,-0.436033
01324189,1523964232452,-9.28337,-1.04327,0.761515,-0.152319,0.696083,-0.243655,0.778285,-0.239317,-0.413637
01324188,1523964232452,-9.12319,1.19082,-2.95649,-0.867693,-0.348957,-0.802532,0.808837,-0.417459,0.0432709
01324185,1523964232452,-9.97302,-1.04722,0.363396,-0.271826,-0.319056,-0.356689,0.793718,0.400071,-0.356032
01324181,1523964232452,-9.40666,-0.506947,2.71505,-0.473047,0.248967,-0.163042,0.819409,0.446474,-0.0531594
01324180,1523964232452,-9.55318,-3.13073,1.50755,0.479764,0.243666,-0.758141,0.634083,0.492238,-0.440642
01324189,1523964232468,-9.74571,-1.27472,0.848268,-0.00977332,0.649826,-0.255436,0.784697,-0.235698,-0.403517
01324188,1523964232468,-9.87594,0.33407,-2.09573,-0.552144,-0.305529,-0.683171,0.81448,-0.407463,0.0330579
01324185,1523964232468,-9.93937,-1.05951,0.318407,-0.340195,-0.302483,-0.351624,0.790461,0.406124,-0.35634
01324181,1523964232468,-9.55644,-0.698097,2.88922,-0.443668,0.295004,-0.164398,0.81677,0.447809,-0.0461212
01324180,1523964232468,-9.41777,-3.04468,1.27974,0.342441,0.102907,-0.666816,0.630018,0.49608,-0.440776
01324189,1523964232485,-10.289,-1.6149,1.323,0.216112,0.541459,-0.291677,0.788545,-0.231449,-0.396037
01324188,1523964232485,-9.97544,-1.77079,-1.70766,0.235837,-0.245234,-0.602732,0.818772,-0.399156,0.0282744
01324185,1523964232485,-9.92032,-1.05253,0.181644,-0.380207,-0.293167,-0.341438,0.786792,0.412432,-0.358087
01324181,1523964232485,-9.75617,-0.865439,2.89598,-0.410772,0.286266,-0.162785,0.81829,0.450641,-0.0399545
01324180,1523964232485,-9.25774,-3.00212,1.08336,0.0913496,0.00327292,-0.549563,0.62514,0.501839,-0.443965
01324189,1523964232502,-10.3494,-2.039,1.64906,0.488318,0.453135,-0.366985,0.793089,-0.230237,-0.388323
01324188,1523964232502,-9.80069,-1.61175,-2.13402,0.894955,-0.2176,-0.618249,0.822243,-0.390381,0.029318
01324185,1523964232502,-9.85343,-1.15905,0.00275208,-0.472057,-0.276094,-0.310841,0.78245,0.419185,-0.35866
01324181,1523964232502,-9.62616,-0.994788,2.74715,-0.355542,0.257771,-0.175294,0.817667,0.452789,-0.0337511
01324180,1523964232502,-9.12196,-3.0122,1.04596,-0.135548,-0.057379,-0.451234,0.621486,0.505686,-0.445996
01324189,1523964232518,-9.75381,-2.06847,1.27976,0.551968,0.392652,-0.418308,0.796947,-0.229434,-0.379801
01324188,1523964232518,-9.83023,-0.43942,-2.5391,0.891435,-0.182481,-0.574557,0.826667,-0.382486,0.0332557
01324185,1523964232518,-9.68024,-1.31423,-0.0103454,-0.527982,-0.245319,-0.283798,0.779865,0.427055,-0.359772
01324181,1523964232518,-9.45757,-1.07038,2.68205,-0.316279,0.275186,-0.190817,0.815686,0.455536,-0.0271476
01324180,1523964232518,-8.9087,-3.04608,1.06235,-0.340252,-0.158823,-0.326699,0.617122,0.511407,-0.444466
01324189,1523964232535,-9.26515,-1.56014,0.957169,0.391583,0.407078,-0.434969,0.800556,-0.227919,-0.374079
01324188,1523964232535,-9.60858,0.684535,-2.70745,0.423915,-0.157025,-0.552694,0.828928,-0.375535,0.0363539
01324185,1523964232535,-9.48298,-1.54653,0.0612425,-0.53887,-0.228845,-0.232903,0.779185,0.433419,-0.358525
01324181,1523964232535,-9.41632,-0.994586,2.56978,-0.269944,0.282113,-0.201269,0.81427,0.457382,-0.0221248
01324180,1523964232535,-8.71311,-3.21315,1.0996,-0.483673,-0.256419,-0.208811,0.615417,0.518379,-0.4416
01324189,1523964232552,-9.24745,-1.10303,0.539332,0.123934,0.326938,-0.430401,0.805918,-0.223002,-0.368752
01324188,1523964232552,-9.36147,0.162178,-2.6156,-0.108061,-0.120258,-0.53552,0.831854,-0.36603,0.0344889
01324185,1523964232552,-9.32413,-1.73763,0.16802,-0.526766,-0.190749,-0.199175,0.774577,0.437239,-0.357762
01324181,1523964232552,-9.4863,-0.93965,2.61416,-0.223834,0.282607,-0.17899,0.813901,0.46081,-0.0160836
01324180,1523964232552,-8.46318,-3.4417,1.0742,-0.530756,-0.37961,-0.0641463,0.613222,0.522327,-0.440813
01324189,1523964232568,-9.37976,-0.939322,0.171744,-0.0634773,0.285742,-0.406058,0.809505,-0.216744,-0.363661
01324188,1523964232568,-9.24667,-0.849647,-2.45329,-0.259767,-0.0770544,-0.522761,0.836422,-0.358688,0.031526
01324185,1523964232568,-9.17014,-1.87101,0.170078,-0.509556,-0.16241,-0.16879,0.773904,0.442801,-0.354286
01324181,1523964232568,-9.60646,-0.841502,2.49318,-0.175852,0.227892,-0.177015,0.813443,0.46205,-0.0119878
01324180,1523964232568,-8.26615,-3.65026,0.925131,-0.536377,-0.449564,0.0583126,0.611403,0.52712,-0.436909
01324189,1523964232585,-9.71437,-1.33945,0.307283,-0.195884,0.258772,-0.379727,0.811893,-0.211328,-0.360703
01324188,1523964232585,-9.38878,-1.37061,-2.35601,-0.118245,-0.0517168,-0.468419,0.840987,-0.350966,0.0297981
01324185,1523964232585,-9.13189,-1.93392,0.0841657,-0.471355,-0.110035,-0.181081,0.771336,0.445118,-0.351034
01324181,1523964232585,-9.6074,-0.74207,2.52508,-0.135094,0.213348,-0.154011,0.81229,0.465296,-0.00819223
01324180,1523964232585,-8.14781,-3.76317,0.775822,-0.5174,-0.539964,0.200166,0.60845,0.527755,-0.437393
01324189,1523964232602,-9.59697,-1.78083,0.192495,-0.289378,0.189798,-0.371045,0.814559,-0.205636,-0.358549
01324188,1523964232602,-9.39566,-1.26472,-2.32323,0.124354,-0.0110333,-0.420296,0.842316,-0.346417,0.0285854
01324185,1523964232602,-9.15164,-2.02058,-0.0208576,-0.428011,-0.104228,-0.176057,0.770517,0.451885,-0.350835
01324181,1523964232602,-9.69983,-0.709139,2.45382,-0.121136,0.165499,-0.11308,0.811822,0.467392,-0.004247
01324180,1523964232602,-8.10772,-3.79437,0.573026,-0.539132,-0.591702,0.331521,0.608161,0.529941,-0.438425
01324189,1523964232618,-9.69684,-2.02556,0.548792,-0.274611,0.194021,-0.38075,0.816419,-0.198207,-0.358511
01324188,1523964232618,-9.33371,-0.829531,-2.17845,0.21866,0.0230277,-0.385653,0.843907,-0.340679,0.0298665
01324185,1523964232618,-9.17135,-2.07355,-0.157771,-0.362185,-0.0969553,-0.179572,0.76862,0.455571,-0.349689
01324181,1523964232618,-9.69039,-0.704165,2.44171,-0.0910321,0.123418,-0.0954441,0.810313,0.467757,-0.00158282
01324180,1523964232618,-8.20293,-3.87158,0.462914,-0.574633,-0.65031,0.452211,0.606605,0.527534,-0.443313
01324189,1523964232635,-9.98828,-1.91539,0.543718,-0.154024,0.0745408,-0.412941,0.818812,-0.1905,-0.357407
01324188,1523964232635,-9.45462,-0.87415,-2.63435,0.248171,0.0598228,-0.372667,0.845763,-0.334118,0.0321377
01324185,1523964232635,-9.16193,-2.11219,-0.223288,-0.22072,-0.0919739,-0.162752,0.767938,0.459367,-0.350115
01324181,1523964232635,-9.64756,-0.669693,2.44132,-0.0645983,0.0586213,-0.0624905,0.811082,0.470054,-0.000709161
01324180,1523964232635,-8.29261,-3.99691,0.342924,-0.570168,-0.676909,0.557539,0.607821,0.528112,-0.446696
01324189,1523964232652,-9.91945,-1.65729,0.0564831,0.00685187,0.00719762,-0.405192,0.821213,-0.184517,-0.356184
01324188,1523964232652,-9.42436,-0.553564,-2.98404,0.191486,0.0472753,-0.351952,0.847366,-0.330495,0.0350361
01324185,1523964232652,-9.1378,-2.08588,-0.253709,-0.0751758,-0.0756492,-0.152817,0.766307,0.463161,-0.350669
01324181,1523964232652,-9.56241,-0.540125,2.46837,-0.042627,0.0275369,-0.0232185,0.811602,0.470922,6.41187e-05
01324180,1523964232652,-8.35365,-4.11283,0.278853,-0.498566,-0.732739,0.6455,0.608656,0.527546,-0.451447
01324189,1523964232668,-9.93005,-1.32231,0.140197,0.0352118,-0.0171972,-0.36596,0.823907,-0.179126,-0.356707
01324188,1523964232668,-9.35049,-0.177733,-2.9784,0.0841847,0.0471758,-0.355343,0.850036,-0.323733,0.0358292
01324185,1523964232668,-9.06249,-1.93942,-0.190501,0.077535,-0.0730456,-0.0985935,0.765084,0.463418,-0.351973
01324181,1523964232668,-9.54385,-0.43564,2.53652,-0.0144275,-0.0159702,0.0124984,0.812016,0.470616,-0.000597821
01324180,1523964232668,-8.32888,-4.10624,0.138953,-0.396956,-0.780721,0.698552,0.609378,0.524214,-0.453956
01324189,1523964232685,-9.8389,-0.921239,0.254174,0.0808977,-0.0651073,-0.333755,0.823331,-0.175941,-0.355337
01324188,1523964232685,-9.23917,-0.144428,-2.97235,-0.0431554,0.0417902,-0.358912,0.852174,-0.318554,0.0363955
01324185,1523964232685,-9.01109,-1.7278,-0.112382,0.186144,-0.0577139,-0.0469498,0.765352,0.463957,-0.353286
01324181,1523964232685,-9.50466,-0.415853,2.64023,0.0280024,-0.0488153,0.0499917,0.81325,0.469711,-0.00191987
01324180,1523964232685,-8.32513,-3.97435,-0.00288036,-0.278547,-0.776871,0.749471,0.610535,0.519003,-0.458669
01324189,1523964232702,-9.77995,-0.986183,0.282339,0.090302,-0.0556501,-0.283998,0.823043,-0.171767,-0.356237
01324188,1523964232702,-9.40112,-0.800737,-2.81833,-0.0691776,0.0357091,-0.343232,0.852951,-0.312714,0.0358088
01324185,1523964232702,-9.07294,-1.45771,-0.0639846,0.246582,-0.0271065,-0.0106349,0.764531,0.462765,-0.356668
01324181,1523964232702,-9.50495,-0.396443,2.63503,0.0660213,-0.0710895,0.0858753,0.813261,0.469965,-0.00338609
01324180,1523964232702,-8.42331,-3.82454,-0.126276,-0.205273,-0.77787,0.771965,0.611465,0.51061,-0.463984
01324189,1523964232718,-9.83355,-1.22486,0.15601,0.0632088,-0.0449442,-0.234344,0.824945,-0.169522,-0.357311
01324188,1523964232718,-9.52427,-1.43681,-2.82123,0.0704106,0.0426008,-0.33512,0.854015,-0.309252,0.0361465
01324185,1523964232718,-9.21704,-1.20165,-0.123534,0.239768,0.0073775,-0.00401745,0.764797,0.462443,-0.358756
01324181,1523964232718,-9.4098,-0.40735,2.5151,0.0943443,-0.0652315,0.115117,0.814888,0.470747,-0.00580984
01324180,1523964232718,-8.63712,-3.71978,-0.226879,-0.179546,-0.762491,0.799562,0.61383,0.505967,-0.470325
01324189,1523964232735,-9.87495,-1.53856,0.338443,0.0373314,-0.0670784,-0.232598,0.824261,-0.166778,-0.358619
01324188,1523964232735,-9.51944,-1.4237,-2.62886,0.199668,0.0652559,-0.296818,0.856025,-0.305567,0.0375631
01324185,1523964232735,-9.35396,-0.969705,-0.173438,0.184805,0.0465751,-0.0126864,0.764797,0.459885,-0.359907
01324181,1523964232735,-9.33327,-0.403989,2.4793,0.115447,-0.0457843,0.161741,0.815462,0.468297,-0.00629593
01324180,1523964232735,-8.81685,-3.6415,-0.295876,-0.168778,-0.736538,0.820972,0.614232,0.499652,-0.482208
01324189,1523964232752,-9.66636,-1.90089,0.366075,0.0931199,-0.116043,-0.235909,0.824792,-0.163345,-0.3594
01324188,1523964232752,-9.30674,-1.42101,-2.4332,0.215472,0.085052,-0.276993,0.857619,-0.300523,0.0412233
01324185,1523964232752,-9.39446,-0.767245,-0.215034,0.0908778,0.068882,0.0127932,0.766829,0.459887,-0.359783
01324181,1523964232752,-9.27213,-0.35468,2.40147,0.117135,-0.0268428,0.182564,0.816837,0.466822,-0.00747473
01324180,1523964232752,-8.91465,-3.56545,-0.291579,-0.202948,-0.722324,0.80595,0.614877,0.492715,-0.487759
01324189,1523964232768,-9.5324,-2.27787,0.419139,0.235393,-0.150387,-0.267372,0.826424,-0.160233,-0.361266
01324188,1523964232768,-9.11186,-1.02925,-2.703,0.194452,0.101953,-0.26985,0.859347,-0.295072,0.0423501
01324185,1523964232768,-9.35553,-0.620655,-0.254604,-0.0110345,0.101623,0.0160865,0.76751,0.458775,-0.358991
01324181,1523964232768,-9.1447,-0.231798,2.3154,0.140318,0.0138113,0.181071,0.819331,0.462735,-0.00967312
01324180,1523964232768,-8.84916,-3.40308,-0.277964,-0.234945,-0.674773,0.789403,0.617098,0.488062,-0.491937
01324189,1523964232785,-9.48617,-2.19269,0.136295,0.360495,-0.151734,-0.265187,0.823849,-0.159597,-0.362703
01324188,1523964232785,-9.05552,-0.846636,-2.98907,0.122167,0.0977965,-0.227902,0.860551,-0.292516,0.0433024
01324185,1523964232785,-9.22511,-0.566082,-0.24619,-0.141931,0.115471,0.039925,0.768598,0.457672,-0.357678
01324181,1523964232785,-9.1752,-0.0914547,2.32701,0.141966,0.0248521,0.203562,0.821815,0.457839,-0.00959691
01324180,1523964232785,-8.71171,-3.20893,-0.222385,-0.31543,-0.630037,0.728563,0.619856,0.48193,-0.492911
01324189,1523964232802,-9.45387,-1.62098,0.107958,0.45305,-0.190725,-0.291472,0.825084,-0.159635,-0.363787
01324188,1523964232802,-9.18452,-1.08529,-2.92814,0.149288,0.0768027,-0.223534,0.86189,-0.289905,0.0461408
01324185,1523964232802,-9.10952,-0.691916,-0.152791,-0.243546,0.11693,0.08848,0.770772,0.459424,-0.354436
01324181,1523964232802,-9.30641,-0.0979374,2.42289,0.161403,0.000433661,0.218838,0.822933,0.456896,-0.0127762
01324180,1523964232802,-8.55457,-3.03366,-0.186052,-0.434668,-0.558877,0.654468,0.620171,0.479335,-0.496209
01324189,1523964232818,-9.59062,-1.18453,0.223026,0.479977,-0.199584,-0.287789,0.824133,-0.159754,-0.363777
01324188,1523964232818,-9.09607,-1.35634,-2.83011,0.180859,0.0752443,-0.193224,0.861865,-0.286211,0.0481218
01324185,1523964232818,-9.11939,-0.841035,-0.0489273,-0.321604,0.105566,0.112456,0.770507,0.45919,-0.351951
01324181,1523964232818,-9.38478,-0.244352,2.3286,0.18263,-0.0735751,0.231955,0.823519,0.453168,-0.0128373
01324180,1523964232818,-8.48889,-2.91316,-0.0929081,-0.543677,-0.475636,0.591078,0.621001,0.476852,-0.495596
01324189,1523964232835,-9.70545,-0.921644,0.437146,0.540791,-0.219154,-0.29108,0.823059,-0.158586,-0.36603
01324188,1523964232835,-9.14101,-1.08116,-2.85151,0.210414,0.084819,-0.207977,0.862118,-0.283582,0.0509748
01324185,1523964232835,-9.28854,-1.01806,0.0499099,-0.370724,0.0861519,0.154347,0.772953,0.460379,-0.348705
01324181,1523964232835,-9.46563,-0.366555,2.25797,0.189772,-0.121481,0.222931,0.826808,0.450764,-0.0160087
01324180,1523964232835,-8.5767,-2.88603,-0.016277,-0.631854,-0.378216,0.524414,0.621788,0.477111,-0.492766
01324189,1523964232852,-9.95455,-1.07167,0.900585,0.475417,-0.289092,-0.264459,0.82227,-0.158579,-0.368829
01324188,1523964232852,-9.64628,-0.390859,-2.68537,0.116129,0.135316,-0.209938,0.863856,-0.279716,0.0517332
01324185,1523964232852,-9.53489,-1.18499,0.127684,-0.429913,0.0704609,0.207298,0.775675,0.459338,-0.344132
01324181,1523964232852,-9.52621,-0.474069,2.3176,0.200453,-0.187125,0.21029,0.829068,0.446184,-0.0212489
01324180,1523964232852,-8.72624,-2.94153,0.0447965,-0.700132,-0.275743,0.471971,0.624987,0.478061,-0.491443
01324189,1523964232868,-9.97447,-1.09017,1.02254,0.472081,-0.402985,-0.274914,0.822017,-0.157148,-0.371757
01324188,1523964232868,-9.37294,-0.366201,-2.90913,-0.0531205,0.155049,-0.198445,0.863708,-0.278122,0.055065
01324185,1523964232868,-9.81539,-1.4625,0.16681,-0.468032,0.0607112,0.258497,0.779078,0.458333,-0.337732
01324181,1523964232868,-9.52171,-0.449754,2.31717,0.215622,-0.17662,0.203433,0.831056,0.441613,-0.0262207
01324180,1523964232868,-8.99597,-3.05149,0.0995636,-0.756295,-0.177078,0.437175,0.626575,0.47992,-0.491834
01324189,1523964232885,-9.77299,-1.06256,0.729916,0.473927,-0.491136,-0.276563,0.819338,-0.155952,-0.376799
01324188,1523964232885,-8.95195,-0.955487,-2.99371,-0.082928,0.175326,-0.224894,0.863537,-0.272676,0.0570227
01324185,1523964232885,-10.0666,-1.69196,0.291539,-0.421444,0.0519699,0.316392,0.781121,0.457843,-0.333816
01324181,1523964232885,-9.55457,-0.294902,2.35263,0.202264,-0.18727,0.20165,0.833016,0.438776,-0.0304317
01324180,1523964232885,-9.23611,-3.22945,0.226752,-0.771281,-0.0836442,0.406975,0.628002,0.48219,-0.487758
01324189,1523964232902,-9.6025,-1.00673,0.65202,0.44802,-0.52198,-0.267742,0.81573,-0.156607,-0.383183
01324188,1523964232902,-8.8798,-1.0528,-2.90675,-0.0691539,0.208385,-0.258056,0.86434,-0.271181,0.0589905
01324185,1523964232902,-10.0473,-1.74255,0.393138,-0.330661,0.0314686,0.381054,0.784654,0.454803,-0.330663
01324181,1523964232902,-9.45285,-0.169963,2.34605,0.188032,-0.19618,0.199854,0.833587,0.438275,-0.0333488
01324180,1523964232902,-9.16336,-3.45899,0.327709,-0.723229,0.0100584,0.373575,0.631398,0.485108,-0.476808
01324189,1523964232918,-9.64355,-1.14785,0.598755,0.28446,-0.525476,-0.281602,0.8132,-0.155135,-0.389829
01324188,1523964232918,-9.23999,-1.72184,-2.89787,-0.131741,0.189094,-0.223327,0.864992,-0.267226,0.0613831
01324185,1523964232918,-9.83478,-1.69325,0.461176,-0.175708,0.0176347,0.465968,0.788187,0.450626,-0.328022
01324181,1523964232918,-9.31834,-0.12232,2.39913,0.195087,-0.21198,0.206551,0.835551,0.4364,-0.0393063
01324180,1523964232918,-8.97165,-3.54734,0.449939,-0.619958,0.0995829,0.339625,0.634714,0.486036,-0.471976
01324189,1523964232935,-9.78906,-1.76127,0.317144,0.0832754,-0.589829,-0.267021,0.811883,-0.153115,-0.395549
01324188,1523964232935,-9.10743,-1.86886,-3.32594,-0.105576,0.150383,-0.214692,0.86647,-0.2653,0.0632347
01324185,1523964232935,-9.44843,-1.59446,0.538249,-0.00991806,-0.0010135,0.517695,0.79212,0.444698,-0.328501
01324181,1523964232935,-9.19329,-0.0190633,2.54285,0.164725,-0.238333,0.218444,0.837499,0.432338,-0.0407027
01324180,1523964232935,-8.65212,-3.59027,0.527745,-0.457146,0.183994,0.309514,0.64069,0.488362,-0.466615
01324189,1523964232952,-9.84937,-2.47708,0.523247,0.0212421,-0.627958,-0.251142,0.808441,-0.151638,-0.406331
01324188,1523964232952,-9.15282,-1.68356,-2.9013,-0.229152,0.14143,-0.182023,0.867818,-0.26411,0.0653111
01324185,1523964232952,-9.13896,-1.38925,0.62237,0.128194,-0.0108822,0.540495,0.796596,0.437217,-0.329097
01324181,1523964232952,-9.10388,0.132414,2.54052,0.102389,-0.257724,0.227054,0.838705,0.427583,-0.0480531
01324180,1523964232952,-8.42932,-3.63926,0.614241,-0.270218,0.230704,0.284587,0.643077,0.488876,-0.462587
01324189,1523964232968,-9.60258,-2.26975,0.259571,0.118009,-0.722346,-0.298672,0.802928,-0.148372,-0.415069
01324188,1523964232968,-9.11157,-2.35992,-3.44178,-0.159314,0.0984996,-0.1572,0.867807,-0.262159,0.0640873
01324185,1523964232968,-9.06615,-1.20194,0.578505,0.209677,-0.024228,0.514957,0.800665,0.429169,-0.329947
01324181,1523964232968,-9.15788,0.442074,2.8337,0.0265969,-0.299973,0.2407,0.840122,0.424068,-0.0509162
01324180,1523964232968,-8.39984,-3.68762,0.65535,-0.0508941,0.294837,0.316296,0.649925,0.486709,-0.46003
01324189,1523964232985,-9.47172,-1.3941,0.313226,0.152333,-0.677859,-0.30756,0.800368,-0.141866,-0.421675
01324188,1523964232985,-8.89207,-1.83845,-3.65279,-0.0685938,0.084036,-0.143443,0.867773,-0.256792,0.064558
01324185,1523964232985,-9.0693,-1.27922,0.307683,0.264173,-0.0202494,0.433232,0.805817,0.421814,-0.331331
01324181,1523964232985,-9.45549,0.535458,3.00388,-0.0492468,-0.340173,0.268241,0.84343,0.421203,-0.055539
01324180,1523964232985,-8.6759,-3.66672,0.655186,0.134297,0.294846,0.350942,0.655067,0.482559,-0.460053
01324189,1523964233002,-9.6368,-1.14238,0.063176,-0.0215055,-0.594885,-0.286949,0.795255,-0.139036,-0.429352
01324188,1523964233002,-8.99341,-1.79379,-3.77995,-0.141575,0.0121557,-0.102265,0.867762,-0.255049,0.0646671
01324185,1523964233002,-9.17894,-1.30551,-0.223578,0.300749,0.0415819,0.303554,0.807169,0.417256,-0.333904
01324181,1523964233002,-9.73284,0.565983,3.19955,-0.0905231,-0.383485,0.316333,0.844723,0.417666,-0.0594628
01324180,1523964233002,-9.23847,-3.56711,0.655075,0.270689,0.259988,0.412372,0.659428,0.476245,-0.459569
01324189,1523964233018,-9.96211,-1.52566,0.179142,-0.296663,-0.457227,-0.248967,0.791778,-0.135391,-0.437842
01324188,1523964233018,-9.38262,-2.48953,-4.07864,-0.0157785,-0.0721598,-0.078466,0.868866,-0.257896,0.0628601
01324185,1523964233018,-9.54581,-1.07013,-0.707696,0.386132,0.136299,0.165159,0.80947,0.413261,-0.336486
01324181,1523964233018,-10.009,0.572184,3.48746,-0.105024,-0.43241,0.345332,0.847914,0.415182,-0.06635
01324180,1523964233018,-9.75814,-3.43861,0.711128,0.310827,0.247281,0.443455,0.665393,0.470338,-0.459099
01324189,1523964233035,-10.4523,-2.19153,0.496518,-0.37514,-0.323257,-0.201397,0.790834,-0.129062,-0.442596
01324188,1523964233035,-9.76218,-1.81965,-4.16358,0.0664787,-0.163964,-0.0453569,0.870216,-0.256681,0.0613041
01324185,1523964233035,-10.172,-0.681106,-0.825617,0.45439,0.239065,0.118632,0.812459,0.407368,-0.335133
01324181,1523964233035,-10.0951,0.568708,3.52562,-0.146094,-0.4036,0.375041,0.849353,0.410643,-0.0702544
01324180,1523964233035,-10.245,-3.20261,0.681086,0.269664,0.199284,0.42896,0.672459,0.4618,-0.458294
01324189,1523964233052,-10.5092,-2.42694,0.477345,-0.275845,-0.2362,-0.176337,0.789896,-0.123596,-0.44749
01324188,1523964233052,-9.74802,-1.9051,-4.01852,0.148848,-0.232347,0.00225031,0.869651,-0.252769,0.0588639
01324185,1523964233052,-10.8945,-0.368305,-0.695999,0.422595,0.302669,0.116712,0.814218,0.404228,-0.337199
01324181,1523964233052,-10.1038,0.469162,3.49366,-0.179935,-0.359138,0.391063,0.850842,0.404049,-0.0765069
01324180,1523964233052,-10.7409,-3.02,0.66758,0.180967,0.170393,0.414287,0.676277,0.455928,-0.457387
01324189,1523964233068,-10.2991,-2.40076,0.610542,-0.13148,-0.163478,-0.160035,0.790035,-0.1193,-0.4504
01324188,1523964233068,-9.59308,-1.8431,-4.00104,0.256481,-0.317819,0.0445509,0.869668,-0.255289,0.0566872
01324185,1523964233068,-11.4194,-0.18426,-0.476461,0.315042,0.346237,0.151532,0.817482,0.403193,-0.332367
01324181,1523964233068,-10.1466,0.429842,3.48931,-0.209231,-0.277754,0.394463,0.854697,0.398242,-0.0780196
01324180,1523964233068,-11.1389,-2.90826,0.615971,0.0730568,0.131634,0.407296,0.681017,0.451785,-0.457404
01324189,1523964233085,-10.0837,-2.39133,0.76796,-0.0374114,-0.114395,-0.140305,0.788943,-0.116259,-0.451969
01324188,1523964233085,-9.5534,-1.54584,-3.77302,0.242763,-0.38965,0.0542822,0.869938,-0.254485,0.0518888
01324185,1523964233085,-11.6649,-0.189732,-0.235388,0.159384,0.40952,0.170912,0.821288,0.399312,-0.328945
01324181,1523964233085,-10.2367,0.477344,3.43469,-0.234057,-0.194655,0.394417,0.856935,0.393294,-0.0804629
01324180,1523964233085,-11.3342,-2.78043,0.638934,-0.0161001,0.127921,0.402385,0.684539,0.447649,-0.454973
01324189,1523964233102,-9.89513,-2.32019,0.777452,-0.00353412,-0.0681714,-0.133207,0.788956,-0.116266,-0.453306
01324188,1523964233102,-9.51064,-1.74918,-3.68006,0.240476,-0.456029,0.0924909,0.870894,-0.254836,0.0466057
01324185,1523964233102,-11.7516,-0.290121,-0.0244033,-0.00893391,0.466696,0.181807,0.82374,0.396866,-0.324227
01324181,1523964233102,-10.365,0.519529,3.39442,-0.247284,-0.131166,0.384693,0.858879,0.38841,-0.0802485
01324180,1523964233102,-11.3317,-2.66126,0.787042,-0.104918,0.125643,0.366671,0.688212,0.442943,-0.454716
01324189,1523964233118,-9.73939,-2.30455,0.833555,0.0422168,0.0228058,-0.141248,0.787875,-0.116672,-0.453832
01324188,1523964233118,-9.44263,-1.65807,-3.64291,0.24069,-0.523017,0.109464,0.871465,-0.258583,0.0393654
01324185,1523964233118,-11.7514,-0.371777,0.199653,-0.158073,0.453201,0.189712,0.828096,0.394182,-0.317162
01324181,1523964233118,-10.4467,0.554916,3.44152,-0.254317,-0.0888941,0.374756,0.861382,0.382359,-0.0806796
01324180,1523964233118,-11.1525,-2.55984,0.985113,-0.201453,0.174138,0.331219,0.691259,0.444022,-0.450146
01324189,1523964233135,-9.70202,-2.49699,0.988312,0.0737775,0.07949,-0.11904,0.790039,-0.115718,-0.453047
01324188,1523964233135,-9.46644,-1.52106,-3.22041,0.162557,-0.580493,0.141031,0.871613,-0.259653,0.0310865
01324185,1523964233135,-11.6212,-0.425463,0.301387,-0.266077,0.394586,0.213992,0.83191,0.393777,-0.30881
01324181,1523964233135,-10.3046,0.505675,3.40957,-0.251552,-0.0838687,0.36097,0.864403,0.376902,-0.0798005
01324180,1523964233135,-10.8941,-2.60749,1.21456,-0.300141,0.253343,0.292397,0.696625,0.441872,-0.445946
01324189,1523964233152,-9.59947,-2.5812,1.00847,0.141402,0.142634,-0.122503,0.792057,-0.114039,-0.451719
01324188,1523964233152,-9.49201,-1.90718,-3.15895,0.170613,-0.630123,0.159135,0.871904,-0.261956,0.0242092
01324185,1523964233152,-11.3464,-0.513812,0.343912,-0.322924,0.312639,0.241734,0.836805,0.391073,-0.302791
01324181,1523964233152,-10.1235,0.410806,3.36907,-0.243411,-0.0984625,0.338373,0.866878,0.373135,-0.0804117
01324180,1523964233152,-10.6032,-2.71692,1.38598,-0.34471,0.294575,0.234288,0.701402,0.442169,-0.437096
01324189,1523964233168,-9.53121,-2.59039,1.03419,0.205731,0.207567,-0.11176,0.795578,-0.11527,-0.449228
01324188,1523964233168,-9.44886,-2.00208,-3.05735,0.265949,-0.680271,0.191106,0.872052,-0.262887,0.0160736
01324185,1523964233168,-11.0452,-0.655298,0.381001,-0.398727,0.253861,0.27785,0.839261,0.389501,-0.296514
01324181,1523964233168,-9.94903,0.344891,3.427,-0.234201,-0.136742,0.277643,0.869105,0.36738,-0.0805805
01324180,1523964233168,-10.3126,-2.75744,1.4321,-0.336648,0.34533,0.150221,0.705127,0.441775,-0.430675
01324189,1523964233185,-9.48202,-2.50467,1.12371,0.26311,0.25532,-0.102781,0.798147,-0.11533,-0.447519
01324188,1523964233185,-9.39016,-1.78968,-2.77094,0.315057,-0.719796,0.217557,0.871269,-0.266801,0.00668634
01324185,1523964233185,-10.742,-0.900354,0.389951,-0.38016,0.203236,0.339324,0.843747,0.388626,-0.290642
01324181,1523964233185,-9.72325,0.250425,3.53893,-0.239299,-0.176588,0.229003,0.871028,0.365877,-0.0826941
01324180,1523964233185,-10.0803,-2.75947,1.42469,-0.294926,0.400748,0.103347,0.708157,0.443714,-0.424603
01324189,1523964233202,-9.29273,-2.22163,1.27244,0.287232,0.293013,-0.109027,0.798777,-0.116181,-0.441782
01324188,1523964233202,-9.4088,-1.56542,-2.41666,0.30833,-0.738652,0.24561,0.869812,-0.27126,-0.0032649
01324185,1523964233202,-10.4604,-1.1164,0.375267,-0.34456,0.146638,0.348094,0.846608,0.384064,-0.286036
01324181,1523964233202,-9.37419,0.152718,3.46575,-0.215,-0.22356,0.177588,0.869983,0.364153,-0.0837096
01324180,1523964233202,-9.94017,-2.73334,1.39236,-0.231841,0.413733,0.0791961,0.713496,0.443886,-0.420626
01324189,1523964233218,-9.16253,-1.89208,1.20797,0.287317,0.296442,-0.0957369,0.801484,-0.118252,-0.439021
01324188,1523964233218,-9.53157,-1.42023,-2.42664,0.292733,-0.75695,0.26298,0.86863,-0.27631,-0.013122
01324185,1523964233218,-10.181,-1.15679,0.23755,-0.228395,0.110563,0.370248,0.849326,0.38115,-0.283665
01324181,1523964233218,-9.07162,0.136929,3.41486,-0.188866,-0.228161,0.121366,0.870813,0.364923,-0.0871872
01324180,1523964233218,-9.72781,-2.6847,1.3657,-0.167094,0.426541,0.063835,0.716414,0.443797,-0.414322
01324189,1523964233235,-9.20503,-1.63527,1.2287,0.209415,0.305934,-0.0675801,0.806061,-0.119352,-0.433331
01324188,1523964233235,-9.47959,-1.06942,-2.27862,0.20557,-0.771037,0.262224,0.869335,-0.279593,-0.0210079
01324185,1523964233235,-9.9642,-1.10057,0.00931909,-0.186803,0.0715383,0.377208,0.85218,0.376824,-0.281412
01324181,1523964233235,-8.81211,0.101226,3.35925,-0.169111,-0.219854,0.0937318,0.87126,0.36204,-0.0879285
01324180,1523964233235,-9.62393,-2.67132,1.35712,-0.147317,0.38259,0.0733027,0.71916,0.446751,-0.407415
01324189,1523964233252,-9.46051,-1.49463,1.37893,0.108792,0.28377,-0.0571651,0.808751,-0.119263,-0.430152
01324188,1523964233252,-9.5657,-0.800089,-2.12878,0.0817279,-0.767595,0.257851,0.869229,-0.282761,-0.0341255
01324185,1523964233252,-9.66535,-1.04243,-0.198181,-0.163902,0.0573134,0.378908,0.855167,0.372049,-0.280593
01324181,1523964233252,-8.58136,0.0409421,3.27977,-0.133256,-0.194059,0.0541412,0.872611,0.362981,-0.0898215
01324180,1523964233252,-9.38133,-2.72653,1.36885,-0.0948689,0.371823,0.0937112,0.724226,0.446774,-0.402086
01324189,1523964233268,-9.69693,-1.35896,1.50452,0.0220235,0.249362,-0.0520156,0.811162,-0.118017,-0.426959
01324188,1523964233268,-9.56038,-0.642779,-1.86793,-0.0299043,-0.777315,0.239272,0.867768,-0.286619,-0.044443
01324185,1523964233268,-9.36613,-0.960065,-0.245807,-0.157578,0.0501045,0.363572,0.859247,0.367624,-0.276122
01324181,1523964233268,-8.32274,0.0392344,3.1752,-0.0567146,-0.158606,0.0558622,0.872791,0.361904,-0.093121
01324180,1523964233268,-9.07374,-2.75682,1.37894,-0.050918,0.325489,0.137545,0.728235,0.445806,-0.397572
01324189,1523964233285,-9.77295,-1.40223,1.58833,0.0496748,0.197372,-0.0127179,0.81195,-0.117164,-0.424554
01324188,1523964233285,-9.47329,-0.610754,-1.66434,-0.141616,-0.759079,0.217476,0.866304,-0.289442,-0.0581951
01324185,1523964233285,-9.04278,-0.904302,-0.25537,-0.190464,0.0255357,0.336479,0.861691,0.362844,-0.275562
01324181,1523964233285,-8.21411,0.103695,3.05633,-0.0218607,-0.118258,0.0371021,0.873632,0.359871,-0.0940169
01324180,1523964233285,-8.65823,-2.71827,1.39046,0.0142334,0.2868,0.153427,0.727974,0.444349,-0.395436
01324189,1523964233302,-9.70361,-1.64071,1.4212,0.0892486,0.0847318,5.03845e-05,0.814112,-0.117643,-0.42271
01324188,1523964233302,-9.40619,-0.748566,-1.29781,-0.167834,-0.731776,0.192825,0.864974,-0.29235,-0.0702044
01324185,1523964233302,-8.70038,-0.925713,-0.274661,-0.215697,-0.0113018,0.32306,0.86305,0.358049,-0.275781
01324181,1523964233302,-8.08085,0.100539,2.90993,0.0324562,-0.0899391,0.0362773,0.872706,0.360403,-0.0964088
01324180,1523964233302,-8.32038,-2.66136,1.40615,0.055008,0.239268,0.169115,0.732295,0.440927,-0.393677
01324189,1523964233318,-9.35967,-1.78866,1.52275,0.216417,-0.0392298,-0.00468567,0.814939,-0.120825,-0.421943
01324188,1523964233318,-9.25935,-0.89194,-0.866878,-0.128687,-0.664481,0.170841,0.864863,-0.295114,-0.0795281
01324185,1523964233318,-8.39433,-1.02392,-0.267342,-0.189612,-0.0593506,0.296059,0.866032,0.356782,-0.275649
01324181,1523964233318,-8.37453,0.237668,3.04549,0.0324013,-0.112882,0.0352756,0.872428,0.362233,-0.0979049
01324180,1523964233318,-8.03803,-2.61472,1.41883,0.118509,0.198973,0.177973,0.737036,0.437815,-0.396376
01324189,1523964233335,-9.27253,-2.00181,2.09536,0.339978,-0.164779,-0.027143,0.814449,-0.124136,-0.425441
01324188,1523964233335,-9.22278,-0.778682,-0.528864,-0.0459202,-0.612872,0.152499,0.86326,-0.297985,-0.0891091
01324185,1523964233335,-8.22116,-1.18633,-0.285217,-0.0952749,-0.102874,0.260479,0.867116,0.354518,-0.276153
01324181,1523964233335,-8.62998,0.414043,3.20952,0.0588896,-0.217838,0.0446691,0.874483,0.361288,-0.100563
01324180,1523964233335,-7.98772,-2.5605,1.36887,0.168909,0.147945,0.197278,0.738413,0.433717,-0.394047
01324189,1523964233352,-9.43141,-2.48289,2.62237,0.37817,-0.281642,-0.0658448,0.815287,-0.125316,-0.426931
01324188,1523964233352,-9.61905,-0.697196,-0.247349,-0.0373286,-0.523701,0.14639,0.862859,-0.298073,-0.0963776
01324185,1523964233352,-8.30845,-1.32786,-0.311567,0.100066,-0.143711,0.241838,0.867387,0.350544,-0.277683
01324181,1523964233352,-8.91731,0.459022,3.38553,0.0355818,-0.345947,0.0488731,0.873602,0.36116,-0.106925
01324180,1523964233352,-8.15399,-2.56104,1.23432,0.191276,0.104962,0.205947,0.74233,0.431332,-0.394557
01324189,1523964233368,-9.64176,-2.95127,2.94573,0.395492,-0.448374,-0.109847,0.812897,-0.12729,-0.431868
01324188,1523964233368,-9.9104,-1.03024,-0.0495297,-0.082613,-0.450757,0.180477,0.858957,-0.302321,-0.103728
01324185,1523964233368,-8.63651,-1.36431,-0.272884,0.376968,-0.130609,0.238119,0.87009,0.345386,-0.282084
01324181,1523964233368,-9.40451,0.375444,3.60619,0.0674577,-0.448363,0.0497421,0.873423,0.359015,-0.113519
01324180,1523964233368,-8.57082,-2.61202,1.02453,0.202077,0.0553525,0.239157,0.744391,0.427091,-0.394537
01324189,1523964233385,-9.60394,-3.18236,3.11499,0.418801,-0.629928,-0.156521,0.808072,-0.128347,-0.438775
01324188,1523964233385,-9.86797,-1.32527,0.0538922,-0.0145998,-0.32766,0.223019,0.857083,-0.305831,-0.108904
01324185,1523964233385,-9.2465,-1.31232,-0.227895,0.670415,-0.108927,0.230986,0.871439,0.339379,-0.286734
01324181,1523964233385,-9.62764,0.304708,3.80897,0.0602225,-0.613895,0.038054,0.872165,0.358,-0.121453
01324180,1523964233385,-9.17819,-2.71377,0.839197,0.254299,-0.00076429,0.25503,0.746859,0.422555,-0.394935
01324189,1523964233402,-9.33541,-2.65536,2.82011,0.355766,-0.78308,-0.199154,0.804083,-0.128862,-0.447962
01324188,1523964233402,-9.71577,-1.38587,-0.329391,0.0568469,-0.290556,0.246956,0.85833,-0.309224,-0.11465
01324185,1523964233402,-9.89715,-1.15411,-0.162846,0.928947,-0.0974141,0.230768,0.87211,0.332233,-0.292023
01324181,1523964233402,-9.00664,0.132634,3.67135,0.078061,-0.723071,0.0213991,0.871047,0.35808,-0.131536
01324180,1523964233402,-9.7087,-2.79592,0.712724,0.346543,-0.0365365,0.26777,0.748137,0.416443,-0.394806
01324189,1523964233418,-9.00877,-1.67723,2.55462,0.177255,-0.843508,-0.211268,0.797655,-0.128888,-0.458588
01324188,1523964233418,-9.55214,-0.945547,-0.63067,0.0846096,-0.251721,0.252897,0.856185,-0.312951,-0.118221
01324185,1523964233418,-10.2577,-0.800237,-0.0442899,1.0935,-0.086471,0.255252,0.872908,0.324028,-0.301091
01324181,1523964233418,-8.42425,0.100677,3.70467,0.0809552,-0.667973,-0.00671717,0.871165,0.357255,-0.142941
01324180,1523964233418,-9.89329,-2.71028,0.626802,0.455039,-0.0289164,0.25978,0.749832,0.41093,-0.398993
01324189,1523964233435,-8.82571,-0.929489,2.6437,-0.0327082,-0.875843,-0.179082,0.792308,-0.126788,-0.469745
01324188,1523964233435,-9.6173,-0.258829,-0.87705,0.0146049,-0.208596,0.240473,0.854723,-0.317302,-0.121166
01324185,1523964233435,-10.1983,-0.400754,0.14802,1.15286,-0.0867118,0.288333,0.874658,0.316847,-0.308213
01324181,1523964233435,-8.24068,0.151237,3.86668,0.0980918,-0.601403,-0.041583,0.868509,0.360405,-0.150947
01324180,1523964233435,-9.69698,-2.54095,0.583728,0.518121,-0.0285453,0.253146,0.752595,0.405687,-0.403191
01324189,1523964233452,-9.04878,-1.22186,3.16969,-0.230616,-0.847669,-0.109556,0.784408,-0.124064,-0.484612
01324188,1523964233452,-9.8769,0.161614,-0.869213,-0.177443,-0.164665,0.224544,0.852569,-0.319805,-0.122911
01324185,1523964233452,-9.93401,-0.0170179,0.312309,1.13699,-0.077296,0.330746,0.874645,0.305682,-0.31738
01324181,1523964233452,-7.95959,0.21294,3.68134,0.138373,-0.545356,-0.0706111,0.866196,0.360329,-0.162342
01324180,1523964233452,-9.35569,-2.3827,0.607265,0.528326,0.019495,0.218344,0.754038,0.40005,-0.410349
01324189,1523964233468,-9.16648,-1.78167,3.82976,-0.299422,-0.827797,-0.0760241,0.777812,-0.119625,-0.494666
01324188,1523964233468,-9.99266,0.274841,-0.44578,-0.334736,-0.0768509,0.168648,0.851762,-0.320505,-0.12631
01324185,1523964233468,-9.49163,0.29809,0.36292,0.989942,-0.079149,0.349526,0.878299,0.295148,-0.322908
01324181,1523964233468,-7.83237,0.304334,3.53067,0.110164,-0.451274,-0.0956075,0.864786,0.360328,-0.169764
01324180,1523964233468,-8.99979,-2.25138,0.683966,0.500462,0.0519924,0.163841,0.757735,0.394933,-0.414017
01324189,1523964233485,-9.0632,-2.1298,4.78882,-0.249195,-0.850619,-0.0527154,0.774368,-0.117144,-0.505841
01324188,1523964233485,-10.2059,0.162374,-0.108582,-0.415296,0.01796,0.116002,0.851773,-0.321976,-0.129094
01324185,1523964233485,-9.21637,0.464826,0.266926,0.793597,-0.0783187,0.325862,0.879243,0.288025,-0.327023
01324181,1523964233485,-8.09886,0.42981,3.47585,0.0951412,-0.352258,-0.0980977,0.863484,0.360802,-0.175073
01324180,1523964233485,-8.74696,-2.18633,0.74963,0.423047,0.113911,0.119787,0.758337,0.390443,-0.416547
01324189,1523964233502,-9.0156,-2.11501,5.40639,-0.177974,-0.903967,-0.0737005,0.766837,-0.114696,-0.516435
01324188,1523964233502,-10.3853,0.0372182,-0.0458837,-0.424334,0.11709,0.0833736,0.851099,-0.32247,-0.130731
01324185,1523964233502,-9.14416,0.562887,0.044454,0.51496,-0.0858399,0.270071,0.881404,0.280307,-0.332704
01324181,1523964233502,-8.47564,0.498219,3.37553,0.0933665,-0.302548,-0.0906809,0.863241,0.362829,-0.180557
01324180,1523964233502,-8.72396,-2.27281,0.734879,0.331887,0.163759,0.0650266,0.759461,0.386368,-0.417186
01324189,1523964233518,-8.79838,-2.06322,5.70992,-0.247789,-0.95595,-0.10586,0.759341,-0.112984,-0.530245
01324188,1523964233518,-10.0712,-0.0441694,-0.297879,-0.410795,0.180624,0.031115,0.852463,-0.32368,-0.130285
01324185,1523964233518,-9.2799,0.5033,-0.216021,0.281217,-0.138067,0.194155,0.88221,0.277988,-0.336081
01324181,1523964233518,-8.80579,0.513781,3.3055,0.0577545,-0.295341,-0.0835295,0.861644,0.364477,-0.184692
01324180,1523964233518,-8.92891,-2.47223,0.644776,0.223386,0.203136,0.00658975,0.761882,0.3856,-0.417236
01324189,1523964233535,-8.64036,-1.94442,5.63479,-0.416956,-0.995732,-0.148143,0.747874,-0.107141,-0.543976
01324188,1523964233535,-9.73105,-0.256663,-0.433372,-0.494701,0.238126,0.0223819,0.851365,-0.321875,-0.128005
01324185,1523964233535,-9.54625,0.254401,-0.386462,0.0459365,-0.179714,0.121607,0.881392,0.273971,-0.339828
01324181,1523964233535,-9.23564,0.503822,3.33433,0.0292406,-0.287213,-0.0763634,0.859389,0.364296,-0.187852
01324180,1523964233535,-9.20558,-2.70042,0.45714,0.132241,0.227971,-0.0210601,0.762967,0.382801,-0.412986
01324189,1523964233552,-8.16473,-1.77241,4.76637,-0.587789,-0.971769,-0.162192,0.740348,-0.100681,-0.557614
01324188,1523964233552,-9.65556,-0.786893,-0.506161,-0.468781,0.305566,-0.00322234,0.852446,-0.321179,-0.127706
01324185,1523964233552,-9.89997,-0.172135,-0.570747,-0.107479,-0.210513,0.0693331,0.880304,0.272234,-0.34229
01324181,1523964233552,-9.59474,0.339507,3.26756,0.0451492,-0.301857,-0.0591942,0.858786,0.363729,-0.194474
01324180,1523964233552,-9.5989,-2.88648,0.263763,0.0450191,0.222125,-0.0471051,0.764026,0.383208,-0.411373
01324189,1523964233568,-8.04233,-1.95156,4.1069,-0.733962,-0.903036,-0.155733,0.732524,-0.092911,-0.569366
01324188,1523964233568,-9.75644,-1.28735,-0.606724,-0.337969,0.292327,-0.00955111,0.853522,-0.319991,-0.125492
01324185,1523964233568,-10.3018,-0.636768,-0.616705,-0.205157,-0.198446,0.043948,0.880978,0.273489,-0.342957
01324181,1523964233568,-9.71897,0.318586,3.3203,0.0254987,-0.314046,-0.0488598,0.859339,0.366049,-0.199176
01324180,1523964233568,-9.98303,-3.06854,0.159922,-0.0477937,0.224536,-0.0502712,0.765882,0.385503,-0.41284
01324189,1523964233585,-8.1853,-2.21126,3.82123,-0.728255,-0.809895,-0.167411,0.725226,-0.083568,-0.580176
01324188,1523964233585,-9.84808,-1.21544,-0.495959,-0.257571,0.277423,0.0138283,0.852025,-0.319448,-0.124093
01324185,1523964233585,-10.6648,-1.0631,-0.640453,-0.284951,-0.191561,0.0457816,0.880162,0.272468,-0.344774
01324181,1523964233585,-9.53752,0.325683,3.20058,0.00952721,-0.298191,-0.0487192,0.854554,0.364454,-0.20321
01324180,1523964233585,-10.154,-3.27731,0.0797662,-0.106095,0.190842,-0.0403392,0.767172,0.388507,-0.409827
01324189,1523964233602,-8.43556,-2.79981,3.67756,-0.597669,-0.693871,-0.202675,0.71819,-0.0748006,-0.589655
01324188,1523964233602,-9.73584,-0.939758,-0.672609,-0.295952,0.237619,0.00782942,0.854328,-0.319342,-0.12102
01324185,1523964233602,-10.8443,-1.42314,-0.643623,-0.309994,-0.127468,0.0930707,0.877723,0.273883,-0.344518
01324181,1523964233602,-9.66134,0.348353,3.35391,0.0150511,-0.177346,-0.0674827,0.85537,0.366367,-0.206711
01324180,1523964233602,-10.2191,-3.48841,0.109391,-0.164952,0.17219,0.00395674,0.768201,0.390788,-0.406555
01324189,1523964233618,-8.5982,-3.41206,3.55199,-0.382028,-0.561408,-0.183504,0.711589,-0.0712191,-0.598646
01324188,1523964233618,-9.67406,-1.29018,-1.286,-0.315295,0.223025,0.00225612,0.854863,-0.318309,-0.118405
01324185,1523964233618,-10.9272,-1.75964,-0.58081,-0.249074,-0.0675684,0.155578,0.880562,0.275972,-0.345723
01324181,1523964233618,-9.78748,0.477829,3.40375,0.0426862,-0.134971,-0.074944,0.855255,0.367711,-0.210722
01324180,1523964233618,-10.3377,-3.6909,0.179627,-0.219355,0.148269,0.0491372,0.770454,0.389541,-0.398509
01324189,1523964233635,-8.83508,-3.76025,3.76894,-0.145104,-0.449782,-0.138443,0.707657,-0.0663918,-0.603109
01324188,1523964233635,-9.93131,-1.57097,-1.3392,-0.372131,0.216927,-0.0318597,0.855942,-0.317512,-0.117157
01324185,1523964233635,-10.9707,-1.84119,-0.539284,-0.175281,0.0272043,0.19232,0.880975,0.272468,-0.344776
01324181,1523964233635,-9.91926,0.658204,3.43326,0.0400087,-0.0294404,-0.0602179,0.8543,0.369422,-0.211545
01324180,1523964233635,-10.4027,-3.91681,0.240589,-0.27923,0.132914,0.103117,0.771513,0.389799,-0.396358
01324189,1523964233652,-8.83704,-3.89216,4.24573,0.0502469,-0.339459,-0.08379,0.703605,-0.0635759,-0.607855
01324188,1523964233652,-9.73153,-1.15112,-1.48896,-0.168934,0.222061,-0.0215445,0.855503,-0.312435,-0.116565
01324185,1523964233652,-11.062,-1.70821,-0.548875,-0.126551,0.0636129,0.180995,0.881927,0.269944,-0.344102
01324181,1523964233652,-10.1414,0.735643,3.42552,0.0328055,0.0666202,-0.0317344,0.855125,0.367564,-0.210983
01324180,1523964233652,-10.4486,-4.1084,0.272924,-0.326471,0.0931433,0.153493,0.773777,0.389594,-0.393019
01324189,1523964233668,-8.31055,-3.46285,4.32643,0.149524,-0.224892,-0.0455729,0.699963,-0.064213,-0.610761
01324188,1523964233668,-9.3543,-1.11936,-1.40074,-0.0395834,0.187145,0.0179527,0.8555,-0.312504,-0.111993
01324185,1523964233668,-11.1195,-1.45037,-0.704354,-0.137214,0.0791874,0.140094,0.885185,0.268147,-0.342267
01324181,1523964233668,-10.2376,0.700584,3.37245,0.00963257,0.107572,-0.0157633,0.854862,0.366304,-0.209892
01324180,1523964233668,-10.485,-4.29263,0.305393,-0.354054,0.0542166,0.165316,0.77632,0.38822,-0.389032
01324189,1523964233685,-7.81739,-2.78074,4.22324,0.16349,-0.0490259,0.000240625,0.698483,-0.0653296,-0.611823
01324188,1523964233685,-9.04031,-1.2024,-1.41447,0.147101,0.134407,0.0027699,0.854691,-0.313596,-0.110167
01324185,1523964233685,-11.0754,-1.14257,-0.821019,-0.181355,0.0827556,0.0984322,0.883566,0.266643,-0.339895
01324181,1523964233685,-10.2332,0.65462,3.27676,0.0149248,0.160985,0.00364823,0.855495,0.36708,-0.206727
01324180,1523964233685,-10.4586,-4.47636,0.360229,-0.341274,0.0156128,0.167713,0.776711,0.388347,-0.387144
01324189,1523964233702,-7.47066,-2.07554,4.05417,0.196737,0.137043,0.0603418,0.698196,-0.0667483,-0.609424
01324188,1523964233702,-8.93335,-1.02989,-1.31339,0.35124,0.0853163,-0.0131794,0.856603,-0.315762,-0.108173
01324185,1523964233702,-10.9351,-0.955695,-0.877475,-0.275375,0.095459,0.0414399,0.885063,0.267261,-0.337032
01324181,1523964233702,-10.1282,0.624421,3.15726,0.00429683,0.237145,0.0120755,0.855062,0.368265,-0.205154
01324180,1523964233702,-10.3757,-4.54812,0.406337,-0.307419,-0.0194098,0.163106,0.777331,0.388685,-0.386011
01324189,1523964233718,-7.40669,-1.85856,3.88333,0.255987,0.330663,0.108138,0.702008,-0.0717242,-0.606564
01324188,1523964233718,-8.97552,-0.65364,-1.30684,0.449067,0.0276997,-0.00342583,0.856065,-0.316933,-0.10474
01324185,1523964233718,-10.7371,-0.923175,-0.828052,-0.398056,0.0963654,0.0117589,0.88602,0.269169,-0.333004
01324181,1523964233718,-9.85926,0.552497,3.02995,0.0149124,0.274644,0.0338542,0.857287,0.370597,-0.201773
01324180,1523964233718,-10.136,-4.56448,0.394087,-0.26183,-0.0660494,0.135756,0.77814,0.388088,-0.385494
01324189,1523964233735,-7.5218,-2.07857,3.69956,0.297985,0.458894,0.147154,0.706076,-0.0772722,-0.601707
01324188,1523964233735,-8.99402,-0.417281,-1.30644,0.421299,-0.00638851,0.0154705,0.855402,-0.319606,-0.103418
01324185,1523964233735,-10.4864,-1.02095,-0.726169,-0.537342,0.0990011,-0.0366341,0.887239,0.271153,-0.332374
01324181,1523964233735,-9.48513,0.51579,2.89298,0.0168196,0.33458,0.0273813,0.857122,0.370252,-0.198045
01324180,1523964233735,-9.81575,-4.45465,0.407484,-0.218062,-0.0930509,0.0900838,0.777598,0.388531,-0.385342
01324189,1523964233752,-7.60797,-2.24503,3.53008,0.283985,0.567809,0.157581,0.710127,-0.0820942,-0.595505
01324188,1523964233752,-8.90156,-0.249024,-1.27981,0.36394,-0.0361146,0.0483914,0.85568,-0.320898,-0.100811
01324185,1523964233752,-10.1489,-1.18666,-0.600608,-0.636689,0.0909681,-0.0569559,0.888061,0.274913,-0.327319
01324181,1523964233752,-9.16862,0.505054,2.79861,0.0258443,0.408692,0.0210205,0.859242,0.368352,-0.192052
01324180,1523964233752,-9.43597,-4.28644,0.445951,-0.222377,-0.109344,0.025721,0.777468,0.388098,-0.385214
01324189,1523964233768,-7.55241,-2.10762,3.41274,0.32387,0.660601,0.169966,0.716328,-0.0853827,-0.587578
01324188,1523964233768,-8.80023,-0.298468,-1.15741,0.310036,-0.0786249,0.0599616,0.854327,-0.321406,-0.101902
01324185,1523964233768,-9.82584,-1.31375,-0.469978,-0.72303,0.0847316,-0.0611426,0.887393,0.278676,-0.322127
01324181,1523964233768,-8.87179,0.49655,2.65819,0.0606934,0.473895,0.00933264,0.860533,0.368737,-0.186761
01324180,1523964233768,-9.04629,-4.13255,0.479603,-0.256109,-0.108759,-0.0114619,0.777852,0.388951,-0.383582
01324189,1523964233785,-7.53686,-1.93437,3.55896,0.334328,0.764113,0.189351,0.722793,-0.0924015,-0.576473
01324188,1523964233785,-8.72879,-0.589186,-0.996498,0.295337,-0.116921,0.0594583,0.853244,-0.321691,-0.101637
01324185,1523964233785,-9.49323,-1.44096,-0.405265,-0.757611,0.0707317,-0.0883007,0.886862,0.284293,-0.315778
01324181,1523964233785,-8.65548,0.428826,2.56669,0.0580707,0.519898,0.0131403,0.862644,0.365469,-0.17795
01324180,1523964233785,-8.75217,-4.06662,0.507006,-0.300291,-0.0990889,-0.0662303,0.77607,0.392463,-0.383891
01324189,1523964233802,-7.53189,-1.73005,3.65673,0.277224,0.847626,0.222763,0.730355,-0.0977327,-0.56724
01324188,1523964233802,-8.5637,-3.14188,-1.53777,-0.0267253,-0.173683,-0.00432089,0.853526,-0.323426,-0.102018
01324185,1523964233802,-9.23777,-1.50036,-0.430148,-0.764069,0.0687966,-0.115551,0.887003,0.288878,-0.311773
01324181,1523964233802,-8.41763,0.402564,2.52042,0.0742688,0.561894,-0.00987607,0.863352,0.367353,-0.169896
01324180,1523964233802,-8.50034,-4.09039,0.523835,-0.343427,-0.0926735,-0.133335,0.773618,0.395692,-0.383385
01324189,1523964233818,-7.91829,-1.97993,4.1293,0.22356,0.932955,0.240277,0.736415,-0.103165,-0.557455
01324188,1523964233818,-9.1567,-1.24086,-0.674394,0.719443,-0.0516917,-0.0830041,0.853263,-0.324766,-0.101291
01324185,1523964233818,-8.97731,-1.49237,-0.455939,-0.728191,0.0541604,-0.139367,0.886461,0.294983,-0.309348
01324181,1523964233818,-8.36269,0.40809,2.49168,0.0654996,0.602282,-0.0241652,0.864498,0.367623,-0.163406
01324180,1523964233818,-8.28633,-4.18224,0.544755,-0.344753,-0.0882891,-0.179099,0.772634,0.400065,-0.384633
01324189,1523964233835,-8.6011,-2.40176,4.46477,0.132573,0.959935,0.190309,0.74557,-0.106941,-0.545018
01324188,1523964233835,-9.54817,0.108299,-1.35261,0.70553,-0.0115774,-0.000442495,0.852995,-0.325823,-0.0973162
01324185,1523964233835,-8.82066,-1.50302,-0.50621,-0.678689,0.0390762,-0.193788,0.885113,0.300145,-0.304691
01324181,1523964233835,-8.35815,0.413014,2.46988,0.0656664,0.612397,-0.0507995,0.866017,0.368098,-0.15387
01324180,1523964233835,-8.19302,-4.26503,0.487206,-0.321412,-0.0924395,-0.230012,0.770949,0.406471,-0.38448
01324189,1523964233852,-8.97389,-2.11413,4.27149,0.043649,0.926371,0.174147,0.753893,-0.108394,-0.532553
01324188,1523964233852,-8.8372,0.188051,-1.06046,0.225235,0.0631099,-0.124942,0.855158,-0.32476,-0.095931
01324185,1523964233852,-8.7172,-1.55669,-0.56104,-0.617083,0.0185313,-0.253278,0.883495,0.306443,-0.299521
01324181,1523964233852,-8.43022,0.421852,2.48616,0.0427162,0.597607,-0.084452,0.867021,0.368527,-0.146718
01324180,1523964233852,-8.19157,-4.34381,0.404615,-0.285297,-0.082787,-0.26666,0.768742,0.411433,-0.383538
01324189,1523964233868,-8.73193,-1.01473,4.06599,0.0493482,0.915941,0.229207,0.761957,-0.111423,-0.520365
01324188,1523964233868,-9.22431,0.120502,-0.849864,-0.0419295,0.105625,-0.183004,0.85569,-0.323039,-0.0955608
01324185,1523964233868,-8.70766,-1.58084,-0.583037,-0.49408,0.0235655,-0.336792,0.881058,0.312132,-0.296824
01324181,1523964233868,-8.60208,0.395484,2.57733,0.0436417,0.569089,-0.0984454,0.867592,0.369862,-0.137722
01324180,1523964233868,-8.20515,-4.39657,0.355856,-0.204815,-0.104256,-0.317302,0.763059,0.414702,-0.380148
01324189,1523964233885,-8.8082,-0.316818,4.12235,-0.0245491,0.915105,0.300043,0.767597,-0.114402,-0.510824
01324188,1523964233885,-9.91394,-0.0198086,-0.417249,-0.157276,0.142681,-0.243674,0.856887,-0.319308,-0.0948042
01324185,1523964233885,-8.69327,-1.63387,-0.544287,-0.391723,0.0447458,-0.410182,0.878891,0.319518,-0.293752
01324181,1523964233885,-8.66859,0.411593,2.68286,0.0533425,0.54272,-0.0917936,0.867779,0.3706,-0.130036
01324180,1523964233885,-8.21899,-4.43002,0.3072,-0.109698,-0.109932,-0.365977,0.760062,0.418519,-0.379488
01324189,1523964233902,-9.74352,-1.0621,4.44139,-0.262833,0.840197,0.3209,0.773763,-0.116381,-0.500077
01324188,1523964233902,-11.4021,0.298236,-0.290606,-0.129331,0.220191,-0.202156,0.856583,-0.314246,-0.0939454
01324185,1523964233902,-8.77521,-1.62851,-0.51657,-0.244369,0.0710059,-0.459821,0.876045,0.32831,-0.290823
01324181,1523964233902,-8.87739,0.333764,2.86655,0.0443958,0.497591,-0.0955399,0.867284,0.371926,-0.122091
01324180,1523964233902,-8.3257,-4.39711,0.272503,-0.00928152,-0.126309,-0.404107,0.75518,0.42471,-0.382398
01324189,1523964233918,-10.7679,-2.39715,4.37579,-0.406213,0.752113,0.286147,0.778317,-0.118759,-0.491187
01324188,1523964233918,-11.2703,-0.0491041,-0.341427,0.123723,0.336477,-0.121234,0.859826,-0.312772,-0.0893177
01324185,1523964233918,-8.95377,-1.66591,-0.501263,-0.0536953,0.0878748,-0.524734,0.872787,0.337201,-0.290114
01324181,1523964233918,-9.09283,0.146752,2.96535,0.026506,0.465079,-0.085344,0.867486,0.373327,-0.11681
01324180,1523964233918,-8.55824,-4.3459,0.193174,0.0696053,-0.118511,-0.426346,0.75152,0.42943,-0.38522
01324189,1523964233935,-10.7203,-2.75726,4.15759,-0.368039,0.654886,0.202046,0.78314,-0.1177,-0.484012
01324188,1523964233935,-10.0725,-0.436418,-0.756373,0.517728,0.422631,-0.112085,0.858728,-0.311655,-0.0816969
01324185,1523964233935,-9.20924,-1.61133,-0.478756,0.12187,0.13676,-0.572811,0.871158,0.344838,-0.288614
01324181,1523964233935,-8.75895,0.0513544,2.81476,0.0656636,0.44029,-0.0857582,0.8674,0.375607,-0.110748
01324180,1523964233935,-8.86428,-4.24793,0.176223,0.152373,-0.128028,-0.459204,0.747039,0.435614,-0.388002
01324189,1523964233952,-9.53542,-2.37934,3.51505,-0.146263,0.481305,0.201095,0.786609,-0.119191,-0.476039
01324188,1523964233952,-9.28339,-0.213432,-1.34213,0.710976,0.456788,-0.14567,0.859786,-0.308497,-0.071822
01324185,1523964233952,-9.30038,-1.53358,-0.325219,0.270913,0.173948,-0.583401,0.867088,0.351038,-0.28866
01324181,1523964233952,-8.48804,-0.103118,2.79047,0.062068,0.475898,-0.0699731,0.86841,0.375327,-0.103315
01324180,1523964233952,-8.87655,-4.05994,0.191637,0.181007,-0.146548,-0.491632,0.742181,0.439189,-0.389749
01324189,1523964233968,-8.16942,-1.94926,2.02042,-0.0208059,0.431108,0.183551,0.789831,-0.121548,-0.470076
01324188,1523964233968,-8.79544,-0.330576,-1.39782,0.669135,0.491851,-0.123368,0.861669,-0.307145,-0.0609937
01324185,1523964233968,-9.25175,-1.5385,-0.113731,0.407222,0.214688,-0.604235,0.863563,0.357257,-0.287663
01324181,1523964233968,-8.53838,-0.404648,2.91185,0.122652,0.527097,-0.0800152,0.867286,0.375174,-0.0979884
01324180,1523964233968,-8.73392,-3.87488,0.19888,0.195325,-0.124303,-0.549395,0.736517,0.443068,-0.391614
01324189,1523964233985,-8.0306,-2.11098,0.494225,-0.171694,0.489305,0.115368,0.790711,-0.119098,-0.464182
01324188,1523964233985,-9.15723,-2.10312,-1.15751,0.545518,0.510662,-0.0894918,0.860843,-0.306292,-0.0509701
01324185,1523964233985,-9.11894,-1.64024,0.11456,0.55551,0.231655,-0.61304,0.860309,0.362488,-0.286788
01324181,1523964233985,-8.70965,-0.666344,3.00754,0.140665,0.50336,-0.123299,0.867636,0.37418,-0.0909328
01324180,1523964233985,-8.57136,-3.74052,0.230207,0.214529,-0.0901538,-0.588599,0.731865,0.44921,-0.386966
01324189,1523964234002,-9.32769,-2.80901,-0.0622867,-0.146924,0.423624,0.0714009,0.79256,-0.118831,-0.458584
01324188,1523964234002,-9.91149,-2.80417,-1.53995,0.538307,0.487028,-0.132368,0.860833,-0.305837,-0.0420584
01324185,1523964234002,-9.09192,-1.63537,0.360841,0.707134,0.241498,-0.625184,0.857723,0.367936,-0.289314
01324181,1523964234002,-8.98695,-0.740032,3.06996,0.148105,0.422512,-0.194621,0.867135,0.377741,-0.0854242
01324180,1523964234002,-8.47573,-3.67228,0.275019,0.273469,-0.00284157,-0.64916,0.725129,0.45311,-0.38895
01324189,1523964234018,-10.2893,-3.51886,0.461694,0.00598772,0.298073,0.0883406,0.795379,-0.119173,-0.454339
01324188,1523964234018,-10.0104,-0.79162,-2.41899,0.257297,0.474548,-0.105286,0.863676,-0.305878,-0.0329442
01324185,1523964234018,-9.24094,-1.5284,0.47288,0.850612,0.215661,-0.601334,0.853921,0.372553,-0.291044
01324181,1523964234018,-9.20637,-0.54848,2.99727,0.153578,0.354697,-0.229673,0.866107,0.381005,-0.0807007
01324180,1523964234018,-8.59745,-3.6382,0.34169,0.330776,0.0666822,-0.696627,0.719426,0.460178,-0.390615
01324189,1523964234035,-10.429,-3.85918,0.701531,0.0906844,0.195412,0.0897388,0.797971,-0.125409,-0.451208
01324188,1523964234035,-10.2176,-0.583963,-2.35187,-0.277869,0.472697,-0.028467,0.861898,-0.304175,-0.0282393
01324185,1523964234035,-9.52026,-1.29802,0.375709,0.93643,0.195374,-0.608045,0.849303,0.377003,-0.294207
01324181,1523964234035,-9.59156,-0.184196,2.90813,0.0876741,0.303443,-0.226407,0.86454,0.385392,-0.077323
01324180,1523964234035,-8.85403,-3.63666,0.368195,0.426785,0.128653,-0.752673,0.712431,0.46674,-0.400779
01324189,1523964234052,-10.0852,-2.94095,1.42874,0.297319,0.133694,0.070045,0.798615,-0.126698,-0.446679
01324188,1523964234052,-10.187,-1.44389,-1.79561,-0.272273,0.462075,0.00776478,0.862705,-0.303936,-0.0212357
01324185,1523964234052,-9.93484,-0.989946,0.0651568,0.969602,0.145696,-0.611078,0.845635,0.381185,-0.296586
01324181,1523964234052,-10.0095,0.271715,3.03437,0.108677,0.2353,-0.188227,0.862731,0.387775,-0.0741666
01324180,1523964234052,-9.36242,-3.60883,0.368218,0.540098,0.195748,-0.79708,0.708078,0.472326,-0.401008
01324189,1523964234068,-9.87947,-1.69395,2.13447,0.449928,0.0380269,0.0413711,0.797262,-0.128817,-0.446145
01324188,1523964234068,-9.64021,-1.29904,-1.41613,-0.0437087,0.495378,0.0106505,0.862699,-0.303639,-0.0151603
01324185,1523964234068,-10.4726,-0.693218,-0.322501,0.927645,0.0964451,-0.642918,0.842232,0.384319,-0.302222
01324181,1523964234068,-10.1469,0.61003,2.6865,0.104891,0.213078,-0.146185,0.862847,0.388094,-0.0725808
01324180,1523964234068,-9.98191,-3.5745,0.314021,0.620682,0.212465,-0.825318,0.701856,0.475748,-0.397337
01324189,1523964234085,-9.61486,-0.628036,1.97236,0.46919,-0.0969001,0.0513938,0.7951,-0.133069,-0.445084
01324188,1523964234085,-9.09367,-0.606339,-1.80692,0.146201,0.513842,-0.00371286,0.862551,-0.302494,-0.00849183
01324185,1523964234085,-10.8804,-0.503212,-0.683084,0.848411,0.0430741,-0.683222,0.838152,0.388889,-0.306433
01324181,1523964234085,-10.1241,0.760662,2.75379,0.10822,0.235935,-0.106372,0.861186,0.389611,-0.0696735
01324180,1523964234085,-10.4615,-3.50218,0.246898,0.663017,0.21153,-0.854822,0.695538,0.47863,-0.400158
01324189,1523964234101,-9.36378,-0.21056,1.93062,0.233506,-0.153145,0.100408,0.79407,-0.138232,-0.447922
01324188,1523964234101,-9.44923,-0.00929849,-2.18018,0.0482137,0.551473,-0.0270477,0.860928,-0.30395,-0.00169834
01324185,1523964234101,-10.924,-0.445345,-0.888051,0.741465,0.00633882,-0.674355,0.832987,0.395281,-0.31118
01324181,1523964234101,-10.2851,0.617989,2.8207,0.114285,0.219618,-0.0823409,0.860056,0.391276,-0.0662436
01324180,1523964234101,-10.5694,-3.36493,0.159592,0.67568,0.208839,-0.890747,0.689729,0.484117,-0.403743
01324189,1523964234118,-9.58883,-0.45853,1.33465,-0.0276588,-0.169402,0.133362,0.790153,-0.139291,-0.450293
01324188,1523964234118,-9.78635,-0.329442,-2.42733,-0.119415,0.525261,-0.06392,0.861348,-0.306938,0.00591599
01324185,1523964234118,-10.8181,-0.604802,-0.769626,0.679534,0.00194703,-0.643663,0.826461,0.400501,-0.318262
01324181,1523964234118,-10.7595,0.350105,3.13191,0.097342,0.207258,-0.0856865,0.859738,0.394168,-0.0649726
01324180,1523964234118,-10.5091,-3.13126,0.0430385,0.626769,0.209838,-0.903313,0.681882,0.4924,-0.408323
01324189,1523964234135,-10.0333,-1.08485,0.809249,-0.169148,-0.164428,0.143625,0.789781,-0.14188,-0.452449
01324188,1523964234135,-9.94849,-1.10533,-3.10972,-0.215525,0.477506,-0.086332,0.8631,-0.30578,0.0116193
01324185,1523964234135,-10.7966,-0.821417,-0.540243,0.681829,0.00923892,-0.613097,0.822111,0.406063,-0.32222
01324181,1523964234135,-10.8993,0.0911815,3.25914,0.0956785,0.121742,-0.120832,0.859176,0.395063,-0.0636573
01324180,1523964234135,-10.5625,-2.89906,-0.0601323,0.53035,0.213794,-0.896793,0.675135,0.497462,-0.410689
01324189,1523964234151,-9.90988,-1.92696,0.265026,-0.247769,-0.0653395,0.124499,0.788428,-0.141131,-0.453631
01324188,1523964234151,-9.68034,-1.8568,-3.36971,-0.281609,0.416553,-0.057294,0.861984,-0.301461,0.0162103
01324185,1523964234151,-11.1223,-0.994979,-0.354668,0.685086,-0.0132445,-0.560154,0.818443,0.407969,-0.325753
01324181,1523964234151,-10.6296,0.123616,3.09845,0.0602821,0.0165023,-0.163077,0.858861,0.397533,-0.062112
01324180,1523964234151,-10.5124,-2.82042,-0.13655,0.449774,0.200844,-0.876285,0.669212,0.502682,-0.417789
01324189,1523964234168,-9.94813,-2.6368,-0.0111315,-0.254611,0.0883794,0.14819,0.786787,-0.13922,-0.453999
01324188,1523964234168,-9.53726,-2.41164,-3.40671,-0.225356,0.304594,-0.0103067,0.861166,-0.301201,0.0202746
01324185,1523964234168,-11.0024,-1.2918,-0.279104,0.716821,0.0154251,-0.480452,0.814363,0.410828,-0.330993
01324181,1523964234168,-10.212,0.0508433,3.19187,0.049738,0.00359479,-0.187383,0.858019,0.400678,-0.0627
01324180,1523964234168,-10.6666,-2.85583,-0.155169,0.353674,0.217303,-0.751914,0.662866,0.507736,-0.420025
01324189,1523964234185,-9.85604,-3.11998,0.115334,-0.219408,0.19682,0.18541,0.787313,-0.139225,-0.452132
01324188,1523964234185,-9.57511,-2.16218,-3.1993,-0.142892,0.221598,0.0512819,0.861166,-0.301606,0.022672
01324185,1523964234185,-11.171,-1.29302,-0.131147,0.65768,0.0450865,-0.385289,0.810558,0.411877,-0.33517
01324181,1523964234185,-10.0711,-0.0324381,3.233,0.0959477,-0.0263736,-0.184368,0.855839,0.403687,-0.0638024
01324180,1523964234185,-10.458,-2.88933,-0.179902,0.349649,0.2361,-0.729005,0.656495,0.513642,-0.419408
01324189,1523964234201,-9.43809,-3.09183,0.386572,-0.0353884,0.248344,0.173416,0.78921,-0.142856,-0.449107
01324188,1523964234201,-9.42016,-2.08684,-3.0183,-0.120626,0.175974,0.125294,0.86036,-0.30295,0.0236748
01324185,1523964234201,-10.8863,-1.32362,-0.0556704,0.709118,0.112457,-0.295692,0.807292,0.413891,-0.340404
01324181,1523964234201,-9.86893,-0.00341613,3.30136,0.126399,0.0394602,-0.211529,0.852883,0.404134,-0.0648433
01324180,1523964234201,-10.3193,-2.80414,-0.0910724,0.337769,0.271142,-0.644447,0.652416,0.516436,-0.414026
01324189,1523964234218,-9.65248,-3.11108,1.12971,0.0538331,0.306317,0.210974,0.79084,-0.147485,-0.445952
01324188,1523964234218,-9.44298,-1.69696,-2.90133,-0.0304819,0.117574,0.165964,0.859007,-0.303729,0.0252581
01324185,1523964234218,-10.6446,-1.18779,0.0441947,0.72671,0.162452,-0.214445,0.806199,0.412123,-0.344433
01324181,1523964234218,-9.75387,-0.0214174,3.24448,0.147832,0.0179477,-0.227325,0.852048,0.407265,-0.0660952
01324180,1523964234218,-9.97441,-2.94361,0.0130366,0.338799,0.300271,-0.614457,0.649448,0.51867,-0.415288
01324189,1523964234235,-9.57932,-2.63395,1.37315,0.112295,0.276399,0.227201,0.790699,-0.150632,-0.443434
01324188,1523964234235,-9.62942,-1.06973,-2.50126,-0.0703611,0.109833,0.197414,0.858504,-0.310218,0.0271468
01324185,1523964234235,-10.4131,-1.21812,0.0540078,0.703671,0.153777,-0.137874,0.806331,0.410956,-0.346512
01324181,1523964234235,-9.58906,-0.0145335,3.14398,0.140856,0.0272767,-0.246228,0.850901,0.412719,-0.0659314
01324180,1523964234235,-9.72271,-3.00748,0.169822,0.375729,0.334143,-0.508562,0.646151,0.523042,-0.409481
01324189,1523964234251,-9.71458,-1.96106,1.35975,0.12996,0.27793,0.198844,0.792291,-0.152088,-0.438382
01324188,1523964234251,-9.54246,-1.09155,-2.53062,-0.0851618,0.112778,0.206209,0.857837,-0.311962,0.0273153
01324185,1523964234251,-10.0989,-1.01301,0.0530084,0.675206,0.114815,-0.102798,0.805244,0.408809,-0.348317
01324181,1523964234251,-9.36179,0.153039,3.25331,0.123048,0.0378587,-0.245293,0.849823,0.413848,-0.0672717
01324180,1523964234251,-9.38408,-3.02338,0.223794,0.450256,0.359033,-0.471072,0.643864,0.523954,-0.409699
01324189,1523964234268,-9.70269,-1.56153,1.01732,0.0984784,0.21777,0.188177,0.79309,-0.154824,-0.434936
01324188,1523964234268,-9.38268,-1.0517,-2.79935,-0.0772492,0.0975227,0.230904,0.85608,-0.313353,0.0296729
01324185,1523964234268,-9.65463,-0.803944,0.00757385,0.685088,0.0410811,-0.075224,0.805506,0.404905,-0.353506
01324181,1523964234268,-9.26634,0.491503,3.12186,0.0871867,0.0511307,-0.193415,0.847636,0.416178,-0.0667663
01324180,1523964234268,-8.98802,-2.98033,0.244816,0.544,0.370431,-0.412454,0.640794,0.5227,-0.409139
01324189,1523964234285,-9.64459,-1.0671,0.394503,0.0169233,0.227189,0.218068,0.79446,-0.158449,-0.433643
01324188,1523964234285,-9.43327,-1.02987,-3.13849,-0.0772935,0.0824764,0.236045,0.854482,-0.317923,0.0283305
01324185,1523964234285,-9.34997,-0.449625,-0.125578,0.648122,-0.000740151,-0.0724375,0.805501,0.398335,-0.358145
01324181,1523964234285,-9.2863,0.76075,2.89439,0.046086,0.0889765,-0.151614,0.846525,0.417938,-0.0654634
01324180,1523964234285,-8.83924,-2.88176,0.220224,0.605897,0.350383,-0.36298,0.640799,0.525059,-0.415844
01324189,1523964234301,-9.74737,-0.832504,0.0899225,-0.153004,0.261797,0.261869,0.793902,-0.161295,-0.430449
01324188,1523964234301,-9.39658,-0.927228,-3.35629,-0.143451,0.0256798,0.254445,0.85301,-0.321314,0.029752
01324185,1523964234301,-9.23901,-0.229101,-0.44317,0.52982,-0.0119492,-0.0807668,0.803324,0.395711,-0.362815
01324181,1523964234301,-9.25226,0.92633,2.64752,0.00486575,0.143192,-0.0846761,0.844733,0.419726,-0.0633571
01324180,1523964234301,-8.842,-2.84279,0.184159,0.65189,0.33001,-0.299524,0.639902,0.522185,-0.417238
01324189,1523964234318,-9.93109,-1.05786,0.184654,-0.307074,0.310131,0.308389,0.794304,-0.163883,-0.4282
01324188,1523964234318,-9.45937,-0.901043,-3.27422,-0.219922,-0.0387026,0.285065,0.850466,-0.326449,0.028386
01324185,1523964234318,-9.28958,-0.00754288,-0.729594,0.32497,-0.0145088,-0.097525,0.801959,0.396061,-0.366602
01324181,1523964234318,-9.35049,1.03198,2.56759,-0.0541764,0.176149,-0.0204093,0.844818,0.422476,-0.0618218
01324180,1523964234318,-8.89088,-2.99322,0.20219,0.62961,0.276805,-0.273689,0.63875,0.52036,-0.42374
01324189,1523964234335,-9.9262,-1.51468,0.322235,-0.417907,0.352768,0.33371,0.79699,-0.16623,-0.423168
01324188,1523964234335,-9.54217,-1.05838,-3.14219,-0.221473,-0.0939819,0.295059,0.849943,-0.329402,0.0263236
01324185,1523964234335,-9.3165,0.0597588,-1.03485,0.0956232,-0.00272403,-0.112649,0.802223,0.398134,-0.368714
01324181,1523964234335,-9.60585,1.07748,2.5675,-0.102658,0.152709,0.0520017,0.843594,0.421551,-0.0591336
01324180,1523964234335,-9.07377,-3.07783,0.238609,0.574775,0.181604,-0.2571,0.63743,0.51982,-0.426432
01324189,1523964234351,-9.87825,-1.80871,0.493629,-0.457502,0.39984,0.36014,0.797794,-0.167965,-0.420783
01324188,1523964234351,-9.54229,-1.08329,-3.02645,-0.188054,-0.128204,0.335623,0.849039,-0.336199,0.0225451
01324185,1523964234351,-9.37967,0.00222753,-1.18684,-0.13308,0.0241325,-0.114254,0.800064,0.396922,-0.36582
01324181,1523964234351,-9.52576,1.14158,2.47984,-0.12617,0.106049,0.113701,0.844392,0.420311,-0.0564601
01324180,1523964234351,-9.08165,-2.79629,0.0854001,0.439404,0.0934136,-0.251469,0.636264,0.517831,-0.429695
01324189,1523964234368,-9.73075,-2.02924,0.71481,-0.444986,0.39455,0.376161,0.800758,-0.169462,-0.416817
01324188,1523964234368,-9.5103,-0.897928,-2.65295,-0.156359,-0.156786,0.368265,0.846754,-0.339186,0.0187529
01324185,1523964234368,-9.41432,-0.2817,-1.22612,-0.33461,0.0231641,-0.139526,0.799795,0.402901,-0.362611
01324181,1523964234368,-9.40149,1.21824,2.50574,-0.174625,0.084252,0.18258,0.845632,0.416618,-0.0545367
01324180,1523964234368,-8.87896,-2.34086,-0.0696318,0.209806,0.0416867,-0.158269,0.635311,0.518712,-0.428854
01324189,1523964234385,-9.52955,-2.1861,0.991315,-0.437768,0.401388,0.388578,0.801269,-0.170033,-0.413082
01324188,1523964234385,-9.45928,-0.812557,-2.47363,-0.138756,-0.156371,0.394058,0.845296,-0.344263,0.0157619
01324185,1523964234385,-9.36208,-0.638272,-1.12763,-0.50364,0.0167747,-0.146107,0.79858,0.407331,-0.359384
01324181,1523964234385,-9.27539,1.2269,2.63437,-0.247867,0.0646696,0.229157,0.846854,0.413383,-0.0512947
01324180,1523964234385,-8.70644,-2.16094,-0.228888,-0.0321526,-0.0102749,-0.0564186,0.633452,0.517001,-0.42805
01324189,1523964234401,-9.32059,-2.36963,0.956082,-0.399193,0.362975,0.402956,0.802191,-0.171475,-0.409092
01324188,1523964234401,-9.37476,-0.819604,-2.19747,-0.108954,-0.152045,0.412019,0.84303,-0.350363,0.0131208
01324185,1523964234401,-9.22275,-0.918318,-1.00454,-0.556888,0.00521764,-0.118786,0.797094,0.410342,-0.356665
01324181,1523964234401,-9.3871,1.08955,2.83914,-0.256942,0.0518766,0.253256,0.848061,0.411152,-0.0479407
01324180,1523964234401,-8.61816,-2.20941,-0.341885,-0.18334,-0.0579103,0.0635817,0.632872,0.518869,-0.423683
01324189,1523964234418,-9.32711,-2.81042,0.981907,-0.364633,0.31433,0.433377,0.803702,-0.17697,-0.407147
01324188,1523964234418,-9.50346,-0.960362,-1.99785,-0.127994,-0.114033,0.44946,0.841046,-0.357995,0.00889978
01324185,1523964234418,-9.16991,-1.0005,-1.00111,-0.573075,0.00833265,-0.0873311,0.796015,0.414357,-0.353042
01324181,1523964234418,-9.42516,0.943661,2.68714,-0.253378,0.0608248,0.25938,0.849304,0.407453,-0.0462829
01324180,1523964234418,-8.80472,-2.34862,-0.397641,-0.299224,-0.112081,0.166216,0.632069,0.518884,-0.423806
01324189,1523964234435,-9.47802,-3.1859,0.766662,-0.260776,0.270994,0.453382,0.803842,-0.181277,-0.404909
01324188,1523964234435,-9.4796,-1.06973,-2.23289,-0.0702974,-0.09414,0.503185,0.839052,-0.364364,0.00879569
01324185,1523964234435,-9.31977,-1.03819,-1.10834,-0.564048,0.039515,-0.0424324,0.796024,0.418683,-0.347858
01324181,1523964234435,-9.5653,0.670226,2.75427,-0.196671,0.0190626,0.290797,0.85107,0.404613,-0.04425
01324180,1523964234435,-9.0301,-2.47113,-0.477854,-0.37267,-0.191365,0.261922,0.634206,0.519574,-0.424229
01324189,1523964234451,-9.49404,-3.03494,0.562803,-0.123433,0.22725,0.453923,0.802755,-0.18555,-0.402389
01324188,1523964234451,-9.54108,-0.688156,-2.28882,-0.0649005,-0.0759921,0.555618,0.833422,-0.374764,0.00592784
01324185,1523964234451,-9.59952,-0.954686,-1.21127,-0.566213,0.0869093,0.0287652,0.796304,0.422154,-0.34319
01324181,1523964234451,-9.62523,0.422104,2.69585,-0.14873,0.026583,0.311439,0.852579,0.401193,-0.0427336
01324180,1523964234451,-9.15878,-2.59263,-0.545033,-0.472647,-0.257785,0.366321,0.635006,0.519849,-0.4241
01324189,1523964234468,-9.57946,-2.4621,0.434016,0.0286608,0.19806,0.461602,0.80414,-0.191047,-0.401512
01324188,1523964234468,-9.56973,-0.595555,-2.41458,-0.0525641,-0.0711057,0.595577,0.830341,-0.380938,0.00517658
01324185,1523964234468,-9.86428,-0.76523,-1.20188,-0.632674,0.119247,0.118834,0.797403,0.424399,-0.336291
01324181,1523964234468,-9.68203,0.300183,2.62779,-0.129127,0.0407435,0.310665,0.853595,0.394901,-0.0420817
01324180,1523964234468,-9.27357,-2.70541,-0.508103,-0.562414,-0.283394,0.446453,0.636082,0.518657,-0.421979
01324189,1523964234485,-9.69379,-1.72991,0.554317,0.156614,0.145007,0.478136,0.801152,-0.197996,-0.397789
01324188,1523964234485,-9.51541,-0.273203,-2.3361,-0.029683,-0.0869195,0.632728,0.827534,-0.387331,0.00279306
01324185,1523964234485,-9.95606,-0.894561,-1.08016,-0.75981,0.0982138,0.187168,0.797011,0.425505,-0.33003
01324181,1523964234485,-9.53259,0.151659,2.47462,-0.0972026,0.0207817,0.331054,0.855509,0.391055,-0.0401622
01324180,1523964234485,-9.23923,-2.75865,-0.457306,-0.695947,-0.308295,0.526294,0.637419,0.516865,-0.417039
01324189,1523964234501,-9.70786,-1.0127,0.56597,0.163628,0.127692,0.492401,0.800363,-0.205158,-0.396232
01324188,1523964234501,-9.53888,-0.0799621,-2.37377,0.00346804,-0.0837297,0.640061,0.823789,-0.39566,0.00164621
01324185,1523964234501,-9.84555,-1.15513,-0.922067,-0.939825,0.0794347,0.252101,0.799196,0.428618,-0.321968
01324181,1523964234501,-9.25834,0.191229,2.5529,-0.0259944,0.0233139,0.321295,0.857437,0.386763,-0.0390303
01324180,1523964234501,-9.04424,-2.90223,-0.359517,-0.777274,-0.299427,0.590819,0.640345,0.517374,-0.41383
01324189,1523964234518,-9.63781,-0.269854,0.710288,0.0614432,0.0942722,0.524085,0.799862,-0.214055,-0.395226
01324188,1523964234518,-9.53263,0.326677,-2.25477,0.0261744,-0.068485,0.64922,0.818971,-0.40601,0.000520986
01324185,1523964234518,-9.52243,-1.35194,-0.67183,-1.09365,0.0337618,0.293316,0.801112,0.429049,-0.314141
01324181,1523964234518,-8.92044,0.3385,2.38802,0.0238661,0.0463021,0.321231,0.858819,0.383327,-0.0383091
01324180,1523964234518,-8.6949,-3.03255,-0.202144,-0.852479,-0.270795,0.630874,0.643819,0.517006,-0.411053
01324189,1523964234535,-9.63094,0.105719,1.01533,-0.0352045,0.0763923,0.571768,0.798123,-0.221767,-0.393529
01324188,1523964234535,-9.54619,0.598504,-2.15605,-0.0139655,-0.0409323,0.652776,0.815264,-0.420458,-0.000605182
01324185,1523964234535,-9.15827,-1.47204,-0.521192,-1.17353,0.00808147,0.376834,0.803705,0.43033,-0.306062
01324181,1523964234535,-9.00657,0.414999,2.5309,0.0914137,0.0677763,0.328111,0.861442,0.377587,-0.0375527
01324180,1523964234535,-8.31705,-3.11896,-0.0563351,-0.897776,-0.24356,0.658805,0.64729,0.51634,-0.406931
01324189,1523964234551,-9.78014,0.112911,1.08576,-0.151164,0.0379771,0.599912,0.796407,-0.229203,-0.394371
01324188,1523964234551,-9.70656,0.372455,-2.15757,-0.0156373,-0.039995,0.668689,0.809891,-0.42869,-0.00320613
01324185,1523964234551,-8.93441,-1.67562,-0.451038,-1.14573,-0.0205281,0.448379,0.805495,0.429986,-0.294569
01324181,1523964234551,-9.64843,0.334513,2.6684,0.122424,0.0167709,0.334638,0.863142,0.371536,-0.0385066
01324180,1523964234551,-8.1659,-3.23139,0.0146119,-0.91755,-0.210475,0.664125,0.652604,0.517805,-0.401173
01324189,1523964234568,-9.78605,0.0758288,0.995697,-0.23641,-0.00259459,0.58904,0.792224,-0.233985,-0.39503
01324188,1523964234568,-9.62897,0.430346,-2.20201,0.0192143,-0.0481668,0.659998,0.805718,-0.434126,-0.000667325
01324185,1523964234568,-9.07508,-1.91075,-0.510536,-1.01664,-0.0776208,0.503067,0.81066,0.428124,-0.28869
01324181,1523964234568,-9.63411,0.295915,2.60644,0.165902,-0.122923,0.333288,0.863759,0.366766,-0.0404055
01324180,1523964234568,-8.47532,-3.42065,-0.00878346,-0.919946,-0.170251,0.669689,0.656081,0.515529,-0.394383
01324189,1523964234585,-9.71448,0.163061,0.958313,-0.28628,-0.0608359,0.558759,0.790641,-0.239704,-0.396662
01324188,1523964234585,-9.68127,0.676723,-2.23753,-0.0541125,-0.0375905,0.654287,0.801705,-0.442817,-0.00331396
01324185,1523964234585,-9.43737,-2.01934,-0.605522,-0.855,-0.125071,0.498173,0.813113,0.42639,-0.283587
01324181,1523964234585,-9.62431,0.296015,2.62583,0.10718,-0.195683,0.324223,0.86574,0.361379,-0.0435011
01324180,1523964234585,-8.85588,-3.69458,-0.0961764,-0.851412,-0.151248,0.698406,0.66101,0.515405,-0.388246
01324189,1523964234601,-9.64687,0.138919,0.932894,-0.339818,-0.0776177,0.519506,0.786614,-0.244213,-0.399594
01324188,1523964234601,-9.59361,0.867826,-2.02577,-0.0828782,-0.0100472,0.657937,0.796343,-0.45288,-0.00414524
01324185,1523964234601,-9.83797,-2.03619,-0.694958,-0.698444,-0.15833,0.498302,0.815558,0.424173,-0.281614
01324181,1523964234601,-9.89127,0.326595,2.90367,0.0797582,-0.242433,0.280876,0.866615,0.358157,-0.0463647
01324180,1523964234601,-9.26094,-3.92971,-0.227099,-0.770378,-0.151498,0.728841,0.665707,0.512095,-0.3819
01324189,1523964234618,-9.72834,0.0223575,0.943583,-0.359396,-0.118881,0.478666,0.782755,-0.249603,-0.40521
01324188,1523964234618,-9.55064,0.700396,-2.24358,-0.0733611,-0.00639508,0.654517,0.790423,-0.460402,-0.00615656
01324185,1523964234618,-10.2215,-2.00016,-0.775963,-0.515521,-0.170701,0.498264,0.818283,0.416489,-0.278153
01324181,1523964234618,-9.85901,0.380413,2.82798,0.076277,-0.281685,0.263293,0.867803,0.353443,-0.0518564
01324180,1523964234618,-9.74889,-4.12253,-0.34168,-0.669996,-0.169522,0.775127,0.670185,0.50679,-0.380451
01324189,1523964234635,-9.638,-0.0608644,0.788677,-0.354205,-0.125022,0.4769,0.780498,-0.25502,-0.407634
01324188,1523964234635,-9.56972,0.759488,-2.41002,-0.00620767,-0.0127023,0.661985,0.784792,-0.471105,-0.00567854
01324185,1523964234635,-10.3682,-1.87158,-0.710349,-0.359887,-0.108806,0.497725,0.822352,0.412835,-0.277609
01324181,1523964234635,-9.43669,0.346689,2.70816,0.0638967,-0.331571,0.249006,0.868424,0.35047,-0.0565817
01324180,1523964234635,-9.94516,-4.26937,-0.370988,-0.54749,-0.156354,0.841059,0.676647,0.502594,-0.376579
01324189,1523964234651,-9.6747,-0.0855349,0.752661,-0.343641,-0.0845377,0.492858,0.77767,-0.255821,-0.410149
01324188,1523964234651,-9.83326,0.742036,-2.53536,-4.70439e-05,-0.0332434,0.674155,0.781044,-0.478979,-0.0072007
01324185,1523964234651,-10.2032,-1.687,-0.469397,-0.216141,0.00617492,0.506994,0.82521,0.408248,-0.274308
01324181,1523964234651,-9.08918,0.268276,2.75053,0.0827373,-0.292188,0.228524,0.869442,0.347784,-0.0610516
01324180,1523964234651,-9.78115,-4.25109,-0.318533,-0.411006,-0.17042,0.866407,0.682446,0.498712,-0.374852
01324189,1523964234668,-9.7484,-0.114259,0.836463,-0.351698,-0.0403343,0.542518,0.776105,-0.260688,-0.414182
01324188,1523964234668,-9.93231,0.761585,-2.52032,0.00865579,-0.0584162,0.657991,0.776487,-0.487774,-0.00742439
01324185,1523964234668,-9.79686,-1.53993,-0.119497,-0.115103,0.0972093,0.545326,0.827927,0.404051,-0.272709
01324181,1523964234668,-8.92186,0.265279,2.90139,0.13095,-0.231592,0.202999,0.869784,0.344695,-0.0647092
01324180,1523964234668,-9.29882,-4.17154,-0.228797,-0.246852,-0.156273,0.886796,0.688691,0.490907,-0.372669
01324189,1523964234685,-9.90816,-0.136765,0.833954,-0.419577,0.00961001,0.544005,0.773971,-0.265242,-0.415799
01324188,1523964234685,-9.80436,0.72164,-2.391,0.00874145,-0.082786,0.657743,0.770573,-0.496364,-0.00842577
01324185,1523964234685,-9.40533,-1.43619,0.13928,-0.0478467,0.153261,0.575419,0.832417,0.393976,-0.26897
01324181,1523964234685,-8.89498,0.212242,2.87843,0.127509,-0.175193,0.193155,0.869332,0.341174,-0.0690135
01324180,1523964234685,-8.74468,-4.06548,-0.0536245,-0.0758588,-0.0830579,0.846093,0.694412,0.482831,-0.372105
01324189,1523964234701,-10.0012,0.0786857,0.860211,-0.463713,0.0342046,0.503847,0.768284,-0.26783,-0.417092
01324188,1523964234701,-9.84477,0.923586,-2.28422,-0.0173623,-0.109611,0.654601,0.763313,-0.506623,-0.0105915
01324185,1523964234701,-9.20689,-1.25918,0.221166,-0.0250472,0.160112,0.575302,0.835406,0.386381,-0.268253
01324181,1523964234701,-8.92368,0.240972,2.93082,0.150585,-0.289436,0.181753,0.868868,0.337957,-0.0725272
01324180,1523964234701,-8.52633,-3.86346,0.263807,0.0727373,-0.0120317,0.778958,0.699734,0.475354,-0.373683
01324189,1523964234718,-10.044,0.360998,1.04165,-0.462485,0.0704387,0.476248,0.766975,-0.272983,-0.419258
01324188,1523964234718,-10.0375,1.11651,-2.1858,-0.0837265,-0.105996,0.633795,0.760519,-0.514904,-0.0130932
01324185,1523964234718,-9.1775,-1.09565,0.213373,-0.048284,0.124845,0.54833,0.839483,0.379102,-0.265715
01324181,1523964234718,-8.86823,0.333912,2.81831,0.123063,-0.258568,0.180358,0.868939,0.336961,-0.0787488
01324180,1523964234718,-8.62516,-3.82456,0.586914,0.193615,0.0450654,0.702789,0.705089,0.465123,-0.375317
01324189,1523964234735,-9.94911,0.490701,1.45918,-0.395366,0.10251,0.4302,0.765112,-0.277113,-0.421008
01324188,1523964234735,-9.92035,1.4384,-2.07412,-0.150078,-0.121268,0.606628,0.754725,-0.521153,-0.0143535
01324185,1523964234735,-9.43813,-1.02677,0.0394187,-0.108133,0.0756808,0.507946,0.842739,0.374168,-0.265809
01324181,1523964234735,-9.17353,0.308289,3.03419,0.102627,-0.239222,0.172054,0.870365,0.332591,-0.0814614
01324180,1523964234735,-8.95437,-3.89867,0.839479,0.239559,0.0837056,0.61725,0.711793,0.457379,-0.384618
01324189,1523964234751,-9.98551,0.570978,1.82503,-0.281802,0.104722,0.345297,0.76595,-0.279726,-0.421573
01324188,1523964234751,-9.61136,1.32951,-1.83488,-0.256713,-0.108681,0.542361,0.749886,-0.527746,-0.0179354
01324185,1523964234751,-9.85316,-0.966564,-0.137542,-0.144895,0.033167,0.452221,0.846818,0.36676,-0.262616
01324181,1523964234751,-9.26327,0.416563,2.83834,0.0937197,-0.23557,0.179016,0.871205,0.332783,-0.0851927
01324180,1523964234751,-9.36665,-3.87366,0.985436,0.187714,0.104522,0.53101,0.71508,0.451379,-0.384786
01324189,1523964234768,-10.327,0.745909,2.06913,-0.1085,0.0287365,0.296333,0.764317,-0.28169,-0.420366
01324188,1523964234768,-9.33323,0.691183,-1.72537,-0.27476,-0.111238,0.390044,0.747074,-0.533003,-0.022805
01324185,1523964234768,-10.0081,-1.05967,-0.326484,-0.158102,0.0342419,0.370622,0.848723,0.361432,-0.261265
01324181,1523964234768,-9.53876,0.534609,2.83915,0.0723028,-0.205221,0.193193,0.872118,0.327808,-0.0897465
01324180,1523964234768,-9.65739,-3.82594,0.94419,0.0450513,0.0931309,0.46329,0.719438,0.445064,-0.383896
01324189,1523964234785,-10.7044,0.798317,2.4644,-0.00829746,-0.101729,0.227691,0.759457,-0.284736,-0.422475
01324188,1523964234785,-9.62477,1.62473,-1.97945,-0.461159,-0.081622,0.283705,0.744385,-0.536349,-0.0280951
01324185,1523964234785,-10.3216,-0.992748,-0.362281,-0.209974,0.0339094,0.290807,0.8509,0.357808,-0.259147
01324181,1523964234785,-9.72212,0.612476,2.87029,0.100672,-0.192478,0.208765,0.871415,0.322167,-0.0930743
01324180,1523964234785,-9.83153,-3.81306,0.901474,-0.0972207,0.0581709,0.390098,0.721889,0.43801,-0.374891
01324189,1523964234801,-10.5839,0.825236,2.43344,0.0259936,-0.254111,0.171205,0.758132,-0.287013,-0.424751
01324188,1523964234801,-9.79396,1.63946,-1.92772,-0.823142,-0.0912981,0.269592,0.741975,-0.540514,-0.0346512
01324185,1523964234801,-10.3245,-1.22861,-0.279661,-0.279082,0.043225,0.277221,0.852804,0.354749,-0.257034
01324181,1523964234801,-9.65681,0.605942,2.90465,0.100636,-0.171984,0.217547,0.871047,0.321673,-0.0962474
01324180,1523964234801,-9.73381,-3.84452,0.788664,-0.246084,0.103498,0.33318,0.723813,0.433769,-0.374329
01324189,1523964234818,-10.1686,0.692333,1.94978,-0.105519,-0.30827,0.0872663,0.755062,-0.288252,-0.430076
01324188,1523964234818,-9.76639,1.24342,-1.85455,-1.05719,-0.0776693,0.197353,0.738331,-0.542518,-0.0433448
01324185,1523964234818,-10.1775,-1.37624,-0.119444,-0.209474,0.0456884,0.238828,0.852676,0.352817,-0.254924
01324181,1523964234818,-9.45776,0.613179,2.86714,0.0757293,-0.181767,0.218352,0.872063,0.317464,-0.0984278
01324180,1523964234818,-9.58823,-3.85172,0.71754,-0.317954,0.0993691,0.264089,0.726773,0.432848,-0.374526
01324189,1523964234835,-9.84139,0.472342,1.53053,-0.304857,-0.29954,0.00833235,0.753331,-0.286792,-0.434859
01324188,1523964234835,-9.80143,0.910565,-1.81997,-1.14298,-0.0628272,0.126132,0.738896,-0.54475,-0.0549318
01324185,1523964234835,-9.96033,-1.41843,-0.0142676,-0.109682,0.0554039,0.247963,0.854576,0.350569,-0.254517
01324181,1523964234835,-9.45285,0.566974,3.07092,0.0384636,-0.205255,0.193279,0.873188,0.314977,-0.100247
01324180,1523964234835,-9.43838,-3.84027,0.714232,-0.316954,0.124817,0.218527,0.729565,0.434095,-0.373192
01324189,1523964234851,-9.55053,0.192984,1.58876,-0.540493,-0.251501,-0.0583437,0.750507,-0.284154,-0.439888
01324188,1523964234851,-9.64233,0.779844,-1.82966,-1.21298,-0.0553051,0.077972,0.738225,-0.544631,-0.066491
01324185,1523964234851,-9.75762,-1.41002,0.0279214,-0.000340836,0.0896729,0.254381,0.856754,0.346536,-0.251742
01324181,1523964234851,-9.27766,0.55695,3.02876,0.0242817,-0.208974,0.186353,0.872598,0.311604,-0.10442
01324180,1523964234851,-9.23345,-3.96821,0.713113,-0.219121,0.135484,0.14002,0.731826,0.433592,-0.368509
01324189,1523964234868,-9.14833,-0.159983,1.77657,-0.677891,-0.225213,-0.129999,0.750531,-0.275851,-0.44758
01324188,1523964234868,-9.24172,0.629577,-1.23459,-1.43474,0.00489603,0.0116799,0.737268,-0.541806,-0.0797616
01324185,1523964234868,-9.68743,-1.34302,0.053344,0.117987,0.0972659,0.24568,0.857573,0.339915,-0.251681
01324181,1523964234868,-9.1467,0.461459,3.02418,-0.00409694,-0.227013,0.170751,0.872134,0.308664,-0.108338
01324180,1523964234868,-9.20565,-3.88111,0.725947,-0.0987775,0.144851,0.0881132,0.732732,0.432949,-0.360568
01324189,1523964234885,-8.96232,-0.262448,2.19948,-0.607813,-0.208704,-0.158254,0.746194,-0.26915,-0.453361
01324188,1523964234885,-8.49051,0.488186,-0.714528,-1.55559,0.125821,-0.0824081,0.736723,-0.539833,-0.0936291
01324185,1523964234885,-9.68953,-1.23706,0.0620493,0.229404,0.095942,0.22005,0.858123,0.335578,-0.250073
01324181,1523964234885,-8.96896,0.274331,3.01683,-0.00396119,-0.252261,0.146376,0.871123,0.306169,-0.111861
01324180,1523964234885,-9.20796,-3.71227,0.73652,0.00145045,0.16138,0.0256066,0.732873,0.432221,-0.360315
01324189,1523964234901,-9.0611,-0.482037,2.97691,-0.423699,-0.194981,-0.181618,0.747413,-0.261868,-0.45733
01324188,1523964234901,-8.14664,-0.0555651,-1.06604,-1.52835,0.261953,-0.159421,0.737656,-0.535991,-0.104437
01324185,1523964234901,-9.78068,-1.05352,0.051932,0.256582,0.0873433,0.17927,0.860153,0.336123,-0.251
01324181,1523964234901,-8.7468,0.245362,3.08643,0.021035,-0.247241,0.130774,0.872384,0.304649,-0.115162
01324180,1523964234901,-9.16613,-3.59129,0.756927,0.0432005,0.198829,0.00153742,0.733955,0.431036,-0.359409
01324189,1523964234918,-9.09429,-0.929786,3.66761,-0.306276,-0.296347,-0.270747,0.746892,-0.256704,-0.4629
01324188,1523964234918,-8.3948,0.168426,-1.24663,-1.41716,0.402709,-0.183709,0.742797,-0.532718,-0.113988
01324185,1523964234918,-9.69853,-0.97702,0.0112333,0.20937,0.0760371,0.146208,0.860696,0.332586,-0.251752
01324181,1523964234918,-8.60183,0.0432314,3.1516,0.049804,-0.199414,0.0862664,0.873758,0.304702,-0.118365
01324180,1523964234918,-9.07034,-3.52269,0.767907,0.0713942,0.219082,-0.0421042,0.734504,0.429867,-0.359305
01324189,1523964234935,-8.99672,-1.10272,3.80691,-0.244538,-0.443849,-0.358236,0.74446,-0.250628,-0.468441
01324188,1523964234935,-8.72333,0.837406,-2.27294,-1.39865,0.546522,-0.204185,0.744658,-0.526132,-0.118444
01324185,1523964234935,-9.59964,-0.992059,0.0362705,0.141192,0.0517357,0.115801,0.862052,0.330895,-0.25174
01324181,1523964234935,-8.62706,-0.211842,3.19497,0.11054,-0.158434,0.0502648,0.872857,0.30365,-0.121255
01324180,1523964234935,-9.03743,-3.45482,0.778268,0.0679047,0.2569,-0.0928423,0.734466,0.431732,-0.356027
01324189,1523964234951,-8.96816,-0.918327,3.51726,-0.223011,-0.496015,-0.433597,0.739762,-0.247095,-0.477186
01324188,1523964234951,-8.75847,0.389484,-3.37803,-1.42771,0.83848,-0.269301,0.748416,-0.518959,-0.123696
01324185,1523964234951,-9.5613,-1.11264,0.0819702,0.108345,0.0482427,0.0877881,0.861507,0.330302,-0.2533
01324181,1523964234951,-8.67367,-0.285223,3.25162,0.135817,-0.124131,-0.00983127,0.871138,0.303467,-0.124155
01324180,1523964234951,-9.00337,-3.45895,0.749576,0.0819371,0.271436,-0.115518,0.736064,0.430368,-0.350811
01324189,1523964234968,-8.96636,-1.02344,3.09346,-0.253802,-0.466516,-0.511055,0.73555,-0.237812,-0.483484
01324188,1523964234968,-9.37035,-1.66393,-2.83481,-1.19953,1.12831,-0.261939,0.753534,-0.51326,-0.122865
01324185,1523964234968,-9.58815,-1.25208,0.125802,0.0996645,0.0675014,0.0689727,0.862868,0.329215,-0.251204
01324181,1523964234968,-8.8568,-0.253418,3.24501,0.111155,-0.0894572,-0.0473342,0.871843,0.301718,-0.125189
01324180,1523964234968,-9.0027,-3.50219,0.73001,0.137508,0.303222,-0.116713,0.73605,0.430939,-0.349314
01324189,1523964234985,-9.01238,-1.71414,2.79069,-0.150872,-0.391784,-0.602346,0.735011,-0.231492,-0.487975
01324188,1523964234985,-9.39186,-3.55975,-2.0353,-0.0777598,1.36701,-0.185224,0.758254,-0.510043,-0.112494
01324185,1523964234985,-9.71886,-1.40056,0.103808,0.132187,0.0865272,0.0671459,0.862872,0.327969,-0.250016
01324181,1523964234985,-9.02716,-0.182545,3.11698,0.131975,-0.0541738,-0.102225,0.869164,0.301867,-0.126625
01324180,1523964234985,-9.15482,-3.49842,0.660874,0.196672,0.337053,-0.130133,0.736499,0.433765,-0.338461
01324189,1523964235001,-8.8939,-2.62307,2.37782,0.201913,-0.318022,-0.727479,0.733638,-0.223421,-0.49164
01324188,1523964235001,-9.31768,-3.10162,-2.07614,1.49635,1.52958,-0.142586,0.760676,-0.509844,-0.0866702
01324185,1523964235001,-9.85914,-1.47201,0.00864124,0.214437,0.093551,0.0568376,0.862062,0.326,-0.249864
01324181,1523964235001,-9.11032,-0.0038591,2.94881,0.109841,-0.044729,-0.115866,0.867804,0.304418,-0.128523
01324180,1523964235001,-9.34121,-3.49596,0.678402,0.252655,0.331791,-0.119224,0.736486,0.434338,-0.337234
01324189,1523964235018,-9.03811,-3.1447,2.0599,0.642154,-0.224399,-0.866523,0.734712,-0.217994,-0.493482
01324188,1523964235018,-9.90083,-0.578887,-2.55654,2.35349,1.58275,-0.11506,0.764453,-0.510841,-0.0482863
01324185,1523964235018,-9.96786,-1.47623,-0.0812888,0.282214,0.132743,0.0777976,0.863013,0.324885,-0.249203
01324181,1523964235018,-9.11969,0.156165,2.93361,0.111698,-0.0272581,-0.127804,0.868055,0.306398,-0.129364
01324180,1523964235018,-9.46653,-3.53122,0.676985,0.289003,0.341953,-0.0942871,0.736758,0.432721,-0.3343
01324189,1523964235035,-9.36847,-3.23416,1.95514,0.976932,-0.16831,-0.906311,0.734417,-0.212526,-0.494505
01324188,1523964235035,-10.4497,2.05921,-3.00215,2.20254,1.54511,-0.0954249,0.767142,-0.512047,-0.00505651
01324185,1523964235035,-9.98944,-1.38467,-0.151671,0.318134,0.169376,0.0749753,0.865048,0.321931,-0.24892
01324181,1523964235035,-9.12613,0.248321,2.8835,0.118865,0.0240305,-0.128254,0.867355,0.308969,-0.129941
01324180,1523964235035,-9.47167,-3.51705,0.701181,0.340238,0.31601,-0.102932,0.736781,0.432895,-0.339293
01324189,1523964235051,-9.73173,-2.87584,2.11726,1.14594,-0.136415,-0.991028,0.736557,-0.210557,-0.491839
01324188,1523964235051,-10.5577,3.61401,-3.23442,1.39203,1.51268,-0.143868,0.76792,-0.510115,0.0278952
01324185,1523964235051,-9.85169,-1.27479,-0.175682,0.363911,0.190321,0.0968699,0.864513,0.319851,-0.2472
01324181,1523964235051,-9.06976,0.292724,2.80332,0.154552,0.0592296,-0.139288,0.86531,0.31156,-0.130505
01324180,1523964235051,-9.37122,-3.43388,0.709869,0.357856,0.301867,-0.0941299,0.73651,0.433191,-0.339418
01324189,1523964235068,-10.1814,-2.15759,2.49329,1.18446,-0.16347,-1.02897,0.738689,-0.207866,-0.4889
01324188,1523964235068,-10.3859,3.67389,-3.26758,0.507459,1.48368,-0.198003,0.769919,-0.507402,0.0530741
01324185,1523964235068,-9.68488,-1.1458,-0.162313,0.379319,0.197161,0.0882651,0.866005,0.31731,-0.247442
01324181,1523964235068,-8.92519,0.241085,2.77142,0.165269,0.0591182,-0.144526,0.865045,0.310998,-0.130225
01324180,1523964235068,-9.18903,-3.31605,0.726796,0.376379,0.285966,-0.0853446,0.738645,0.430642,-0.331533
01324189,1523964235085,-10.3484,-1.44212,2.97946,1.16012,-0.24685,-1.03686,0.738109,-0.204105,-0.487526
01324188,1523964235085,-10.413,2.883,-2.90162,-0.071583,1.4794,-0.210845,0.769613,-0.503848,0.070528
01324185,1523964235085,-9.43391,-1.12086,-0.134492,0.383646,0.182846,0.0670346,0.867905,0.315636,-0.246518
01324181,1523964235085,-8.89467,0.149209,2.82651,0.181446,0.0355349,-0.17753,0.863966,0.311019,-0.129949
01324180,1523964235085,-8.91434,-3.23561,0.72992,0.352844,0.28604,-0.0943262,0.739606,0.428887,-0.331853
01324189,1523964235101,-10.1129,-0.904583,3.42018,1.09351,-0.310095,-1.08321,0.738911,-0.200248,-0.488441
01324188,1523964235101,-10.4901,1.64096,-2.47101,-0.223044,1.42983,-0.201783,0.768772,-0.501397,0.086843
01324185,1523964235101,-9.22151,-1.09566,-0.0953168,0.367611,0.174175,0.0628079,0.866824,0.313388,-0.246231
01324181,1523964235101,-8.86532,0.118007,2.83937,0.185054,-9.81163e-05,-0.191645,0.863107,0.314759,-0.129486
01324180,1523964235101,-8.66828,-3.1944,0.759134,0.352935,0.293375,-0.111902,0.738658,0.429481,-0.331287
01324189,1523964235118,-9.84804,-0.23325,3.60763,0.973929,-0.277852,-1.10505,0.737644,-0.196896,-0.486126
01324188,1523964235118,-10.3053,0.61851,-1.85671,0.131249,1.38751,-0.224554,0.768882,-0.499265,0.103395
01324185,1523964235118,-9.12253,-1.077,-0.0803349,0.370224,0.158105,0.0424748,0.866556,0.310284,-0.246461
01324181,1523964235118,-8.85825,0.215249,2.69989,0.144246,-0.0341574,-0.212511,0.86041,0.316615,-0.131356
01324180,1523964235118,-8.56193,-3.19331,0.774679,0.372516,0.276041,-0.118957,0.73895,0.428622,-0.334009
01324189,1523964235135,-10.0219,0.64997,3.86306,0.863091,-0.25421,-1.12143,0.738848,-0.190896,-0.487697
01324188,1523964235135,-10.271,0.757608,-1.76679,0.762627,1.318,-0.277642,0.768022,-0.494414,0.124437
01324185,1523964235135,-9.15637,-1.03354,-0.18124,0.373054,0.129751,0.0273523,0.868998,0.307476,-0.24592
01324181,1523964235135,-8.80363,0.373684,2.58612,0.130015,-0.0465759,-0.212608,0.860647,0.319601,-0.131952
01324180,1523964235135,-8.61469,-3.23768,0.802923,0.386501,0.272436,-0.111859,0.738416,0.42834,-0.333737
01324189,1523964235151,-10.342,1.53431,3.72639,0.876853,-0.331988,-1.12564,0.738673,-0.182126,-0.489097
01324188,1523964235151,-10.4028,1.74768,-1.91192,1.21164,1.21487,-0.343015,0.768508,-0.488341,0.149979
01324185,1523964235151,-9.28444,-1.00881,-0.341004,0.378815,0.0941803,-0.00131288,0.867777,0.30689,-0.247086
01324181,1523964235151,-8.82423,0.470498,2.56964,0.117522,-0.0429225,-0.205648,0.859407,0.3226,-0.132931
01324180,1523964235151,-8.73461,-3.32384,0.827864,0.402768,0.251861,-0.132115,0.740551,0.427409,-0.329871
01324189,1523964235168,-10.4376,1.8237,3.60681,0.831548,-0.483461,-1.15037,0.737441,-0.176068,-0.491977
01324188,1523964235168,-10.4728,2.44764,-1.9803,1.40797,1.05926,-0.382353,0.769103,-0.478249,0.176714
01324185,1523964235168,-9.35714,-1.01333,-0.510117,0.346853,0.0521549,-0.00779498,0.867505,0.30433,-0.248367
01324181,1523964235168,-9.02598,0.482642,2.60193,0.156493,-0.0370148,-0.17809,0.857237,0.324475,-0.133612
01324180,1523964235168,-8.86002,-3.34438,0.804775,0.441287,0.244844,-0.123985,0.739471,0.42786,-0.329306
01324189,1523964235185,-10.3553,1.75593,3.57133,0.696765,-0.635681,-1.11946,0.734827,-0.167096,-0.49455
01324188,1523964235185,-10.2607,2.97924,-1.56081,1.44133,0.846449,-0.45083,0.767935,-0.467559,0.197586
01324185,1523964235185,-9.47818,-1.1234,-0.57902,0.342329,0.00438614,-0.0312674,0.867776,0.303761,-0.248623
01324181,1523964235185,-9.35586,0.39619,2.67875,0.218524,-0.0308606,-0.140216,0.855748,0.326876,-0.135904
01324180,1523964235185,-8.95681,-3.31825,0.736302,0.493276,0.22776,-0.135177,0.738426,0.425412,-0.328799
01324189,1523964235201,-10.26,1.57071,3.38447,0.543086,-0.727272,-1.06296,0.730493,-0.158103,-0.502187
01324188,1523964235201,-10.1644,3.56159,-1.44651,1.43633,0.588987,-0.514763,0.768915,-0.45304,0.216786
01324185,1523964235201,-9.60872,-1.20928,-0.601665,0.366473,-0.0398197,-0.0224757,0.866955,0.30271,-0.252007
01324181,1523964235201,-9.62424,0.184323,2.73905,0.246893,-0.0996658,-0.135639,0.854801,0.328844,-0.13806
01324180,1523964235201,-9.0922,-3.30478,0.681883,0.520197,0.223905,-0.111263,0.738452,0.424708,-0.332325
01324189,1523964235218,-10.1624,1.09276,3.55711,0.268227,-0.770901,-0.974964,0.725074,-0.15023,-0.509418
01324188,1523964235218,-9.98963,3.74899,-1.44236,1.26926,0.313027,-0.549891,0.769922,-0.442456,0.232913
01324185,1523964235218,-9.88855,-1.25325,-0.560117,0.360638,-0.0679268,-0.015423,0.866,0.301093,-0.255515
01324181,1523964235218,-9.82932,0.0775511,2.76877,0.200738,-0.147913,-0.160841,0.853184,0.331096,-0.140746
01324180,1523964235218,-9.29243,-3.32086,0.609752,0.53074,0.210589,-0.0989406,0.738615,0.423565,-0.335591
01324189,1523964235235,-10.0593,0.269965,3.62662,0.0403855,-0.766683,-0.878014,0.721708,-0.143708,-0.517085
01324188,1523964235235,-9.89349,3.59412,-1.41282,1.07978,-0.000743529,-0.544877,0.774057,-0.432328,0.242109
01324185,1523964235235,-10.2845,-1.34953,-0.593132,0.370522,-0.0731233,0.00850159,0.86532,0.298093,-0.257705
01324181,1523964235235,-10.0565,0.120811,2.95002,0.184748,-0.164034,-0.173804,0.852241,0.334026,-0.144649
01324180,1523964235235,-9.68093,-3.38304,0.579032,0.502821,0.182799,-0.0711073,0.738663,0.421564,-0.340493
01324189,1523964235251,-10.209,-0.7611,3.5388,0.00866009,-0.723916,-0.797311,0.716155,-0.133252,-0.526166
01324188,1523964235251,-9.97108,3.49169,-1.89982,0.938916,-0.330484,-0.563621,0.777504,-0.42006,0.246332
01324185,1523964235251,-10.7143,-1.4625,-0.673051,0.377392,-0.0609622,0.00341102,0.864772,0.298614,-0.259929
01324181,1523964235251,-10.2384,0.19615,3.12612,0.138541,-0.167869,-0.189165,0.850921,0.335098,-0.148774
01324180,1523964235251,-10.1479,-3.53265,0.510812,0.455718,0.135302,-0.0250752,0.739092,0.41909,-0.340009
01324189,1523964235268,-10.4816,-1.28306,3.55385,0.129645,-0.714653,-0.732007,0.711423,-0.12454,-0.534603
01324188,1523964235268,-10.0086,3.77554,-2.47969,0.695035,-0.63424,-0.585445,0.782578,-0.406753,0.243332
01324185,1523964235268,-11.0812,-1.52289,-0.758627,0.399736,-0.0472532,-0.0093755,0.863281,0.294917,-0.261717
01324181,1523964235268,-10.4199,0.174512,3.22681,0.176034,-0.0955584,-0.204985,0.848781,0.336487,-0.151968
01324180,1523964235268,-10.6423,-3.80815,0.446468,0.406425,0.102268,0.0421188,0.740098,0.414449,-0.342547
01324189,1523964235285,-10.5666,-1.10364,3.61641,0.257866,-0.730499,-0.639134,0.702756,-0.119172,-0.542218
01324188,1523964235285,-10.0183,3.74114,-2.72958,0.339882,-0.927801,-0.542416,0.786593,-0.396819,0.231924
01324185,1523964235285,-11.4092,-1.46792,-0.798533,0.447166,-0.00236115,-0.051316,0.862325,0.292589,-0.265611
01324181,1523964235285,-10.444,0.203313,3.25991,0.21693,-0.0351472,-0.193384,0.846203,0.338793,-0.152786
01324180,1523964235285,-10.988,-3.98557,0.403448,0.364775,0.0389408,0.0906777,0.739609,0.40981,-0.341012
01324189,1523964235301,-10.4095,-0.668167,3.44956,0.264378,-0.746027,-0.540503,0.696967,-0.11647,-0.550155
01324188,1523964235301,-9.89931,3.23065,-2.54298,0.0302484,-1.24116,-0.501921,0.793059,-0.387778,0.21693
01324185,1523964235301,-11.551,-1.36104,-0.735326,0.476735,0.046384,-0.0788464,0.862587,0.292237,-0.269266
01324181,1523964235301,-10.4925,0.236706,3.25896,0.220492,0.0615098,-0.17962,0.844564,0.341092,-0.153348
01324180,1523964235301,-11.0886,-4.04419,0.356224,0.321074,-0.00968237,0.148092,0.739658,0.406634,-0.343237
01324189,1523964235318,-10.0315,-0.426008,3.23023,0.12285,-0.665141,-0.449697,0.6902,-0.112153,-0.556597
01324188,1523964235318,-9.80088,2.36216,-2.52624,-0.143308,-1.5404,-0.442628,0.799691,-0.383317,0.200168
01324185,1523964235318,-11.5333,-1.14915,-0.602389,0.452628,0.0729661,-0.0858024,0.863263,0.292513,-0.269532
01324181,1523964235318,-10.4308,0.295668,3.25098,0.232948,0.129793,-0.169609,0.84414,0.343368,-0.154188
01324180,1523964235318,-10.9387,-4.05251,0.396312,0.256815,-0.0504101,0.155277,0.740115,0.40537,-0.351236
01324189,1523964235335,-9.62259,-0.435552,3.02931,-0.0583834,-0.557926,-0.340418,0.684666,-0.108015,-0.563723
01324188,1523964235335,-9.74135,1.43568,-2.47258,-0.153972,-1.83666,-0.431755,0.806054,-0.378448,0.17482
01324185,1523964235335,-11.2528,-0.975026,-0.485165,0.419725,0.0926228,-0.0927616,0.861094,0.292502,-0.270178
01324181,1523964235335,-10.2164,0.361377,3.13517,0.231161,0.186603,-0.155383,0.843289,0.345422,-0.152363
01324180,1523964235335,-10.6688,-4.01168,0.488595,0.208382,-0.08199,0.145028,0.74096,0.402759,-0.353462
01324189,1523964235351,-9.1176,-0.595886,2.70488,-0.193409,-0.41677,-0.277265,0.680447,-0.103172,-0.566578
01324188,1523964235351,-9.63689,0.904494,-2.42285,-0.0496889,-2.10351,-0.445444,0.810635,-0.370228,0.147012
01324185,1523964235351,-10.8614,-0.811259,-0.406549,0.335957,0.0775914,-0.0960648,0.860276,0.290472,-0.27316
01324181,1523964235351,-9.97949,0.398195,3.07319,0.238217,0.238247,-0.134337,0.843531,0.346037,-0.150253
01324180,1523964235351,-10.2228,-3.9204,0.570789,0.181136,-0.0915366,0.0884463,0.739927,0.399884,-0.354314
01324189,1523964235368,-8.71187,-0.811201,2.52786,-0.243969,-0.279889,-0.206692,0.677189,-0.0976423,-0.570777
01324188,1523964235368,-9.65203,0.715089,-2.57022,0.0938363,-2.38199,-0.450169,0.817259,-0.362156,0.109209
01324185,1523964235368,-10.4702,-0.645147,-0.395889,0.230647,0.060236,-0.0891235,0.861094,0.290517,-0.270812
01324181,1523964235368,-9.73335,0.437578,2.975,0.241724,0.281004,-0.115083,0.842552,0.34655,-0.147067
01324180,1523964235368,-9.75724,-3.85801,0.667518,0.138313,-0.0981122,0.0115546,0.739414,0.397127,-0.352337
01324189,1523964235385,-8.28778,-1.03186,2.27753,-0.170258,-0.130499,-0.133953,0.676235,-0.0951789,-0.572084
01324188,1523964235385,-9.79292,0.485538,-3.12055,0.204105,-2.60191,-0.428824,0.821718,-0.355399,0.0753893
01324185,1523964235385,-10.0794,-0.618698,-0.408038,0.0973625,0.0269195,-0.119466,0.859194,0.290488,-0.272373
01324181,1523964235385,-9.43303,0.46558,2.74455,0.236343,0.314029,-0.0941749,0.843747,0.346848,-0.145757
01324180,1523964235385,-9.3755,-3.84452,0.729324,0.119411,-0.0750711,-0.0509052,0.737428,0.396752,-0.356366
01324189,1523964235401,-7.9458,-1.28921,2.02835,-0.00040181,-0.0321951,-0.0927639,0.673084,-0.0916443,-0.57202
01324188,1523964235401,-9.87157,0.128648,-3.07338,0.296967,-2.75913,-0.410445,0.824012,-0.349691,0.0430114
01324185,1523964235401,-9.7805,-0.668728,-0.425173,-0.0380244,-0.0161655,-0.158227,0.859464,0.294311,-0.271365
01324181,1523964235401,-9.23803,0.509265,2.58074,0.243549,0.371445,-0.0954801,0.842473,0.348398,-0.141128
01324180,1523964235401,-9.11472,-3.82258,0.77066,0.102788,-0.0662868,-0.144191,0.735003,0.396926,-0.354031
01324189,1523964235418,-7.65565,-1.687,1.81856,0.241945,0.0325981,-0.0352655,0.67201,-0.0940606,-0.572027
01324188,1523964235418,-9.84397,-0.311265,-3.62793,0.595561,-2.84531,-0.3456,0.824683,-0.344191,0.00633391
01324185,1523964235418,-9.59277,-0.785499,-0.461125,-0.145614,-0.0613802,-0.205483,0.857965,0.297652,-0.273483
01324181,1523964235418,-9.20355,0.422356,2.55365,0.225743,0.374161,-0.0902268,0.842964,0.34947,-0.13757
01324180,1523964235418,-8.9601,-3.79629,0.738478,0.0896339,-0.0682906,-0.221681,0.733916,0.399132,-0.356267
01324189,1523964235435,-7.37435,-2.22781,1.6037,0.502853,0.157576,-0.00979794,0.674184,-0.0987043,-0.568879
01324188,1523964235435,-9.59341,-0.601983,-4.25777,0.918667,-2.90229,-0.241295,0.824273,-0.339632,-0.0285046
01324185,1523964235435,-9.43178,-0.969526,-0.504946,-0.222872,-0.110322,-0.243386,0.856067,0.300483,-0.27285
01324181,1523964235435,-9.08157,0.278234,2.55236,0.225744,0.332488,-0.0949111,0.842379,0.350418,-0.133865
01324180,1523964235435,-8.86831,-3.76066,0.667064,0.0622138,-0.078918,-0.26414,0.73176,0.400333,-0.356751
01324189,1523964235451,-7.09405,-2.55609,1.91511,0.802035,0.301217,0.0166566,0.677181,-0.106527,-0.564428
01324188,1523964235451,-9.43494,-1.03711,-5.92041,1.1017,-2.899,-0.165603,0.82269,-0.342497,-0.0660808
01324185,1523964235451,-9.30451,-1.15332,-0.527915,-0.261056,-0.127855,-0.273022,0.851452,0.306092,-0.274326
01324181,1523964235451,-8.88733,0.101024,2.52319,0.245347,0.318242,-0.0994346,0.843445,0.350149,-0.13241
01324180,1523964235451,-8.78033,-3.78246,0.542127,0.00509581,-0.0948948,-0.306837,0.72801,0.402461,-0.36219
01324189,1523964235468,-7.12988,-2.67197,2.9036,1.09009,0.433063,0.0467173,0.679069,-0.116174,-0.556769
01324188,1523964235468,-8.86489,-1.2386,-6.72201,1.13605,-2.67445,-0.139789,0.81808,-0.339175,-0.0978484
01324185,1523964235468,-9.24731,-1.39445,-0.53031,-0.259169,-0.126504,-0.312161,0.849278,0.312004,-0.274637
01324181,1523964235468,-8.9562,-0.0987927,2.59903,0.261487,0.3214,-0.121826,0.842872,0.349959,-0.128416
01324180,1523964235468,-8.67623,-3.91483,0.390155,-0.0454612,-0.0783504,-0.352812,0.724475,0.40702,-0.362722
01324189,1523964235485,-7.63053,-2.46038,3.88528,1.13925,0.546713,0.0272317,0.683,-0.125876,-0.549267
01324188,1523964235485,-9.38248,-0.0200522,-7.62187,1.08219,-2.24127,-0.027531,0.807504,-0.337041,-0.123828
01324185,1523964235485,-9.18057,-1.70301,-0.483893,-0.192748,-0.10085,-0.324314,0.848326,0.314955,-0.275054
01324181,1523964235485,-8.90067,-0.299513,2.61289,0.307956,0.269352,-0.165511,0.841055,0.353054,-0.125407
01324180,1523964235485,-8.62014,-4.0892,0.276153,-0.0383639,-0.0654366,-0.382623,0.72267,0.411092,-0.359643
01324189,1523964235501,-8.17584,-2.06014,4.54192,0.889751,0.609861,-0.0304739,0.688418,-0.134035,-0.541771
01324188,1523964235501,-9.15888,-0.381175,-7.82008,0.555509,-1.79506,0.00744426,0.802788,-0.339343,-0.147467
01324185,1523964235501,-9.1498,-2.00162,-0.346263,-0.057729,-0.0670645,-0.336588,0.84439,0.321145,-0.275623
01324181,1523964235501,-8.68467,-0.432855,2.65547,0.318947,0.247048,-0.222664,0.84102,0.355079,-0.124387
01324180,1523964235501,-8.63109,-3.97532,0.223501,0.0423058,-0.0810256,-0.376037,0.718494,0.413934,-0.362091
01324189,1523964235518,-8.66615,-1.58845,5.01291,0.434766,0.63018,-0.117233,0.693386,-0.13829,-0.532232
01324188,1523964235518,-8.24356,-0.622785,-7.53865,0.0585751,-1.23875,-0.118922,0.798323,-0.339401,-0.163162
01324185,1523964235518,-9.08481,-2.15597,-0.187318,0.125139,-0.0327577,-0.339573,0.840723,0.324759,-0.278258
01324181,1523964235518,-8.47875,-0.515383,2.71632,0.352961,0.23396,-0.261713,0.839887,0.358418,-0.122851
01324180,1523964235518,-8.4556,-4.04981,0.157133,0.136262,-0.0502128,-0.365614,0.713894,0.418521,-0.364092
01324189,1523964235535,-9.11536,-1.45036,6.16889,-0.0253622,0.590188,-0.225213,0.696304,-0.139762,-0.523584
01324188,1523964235535,-7.20858,-0.567061,-7.77826,-0.180453,-0.604183,-0.233798,0.799118,-0.3349,-0.175542
01324185,1523964235535,-9.01699,-2.14664,-0.0544415,0.319506,-0.00712935,-0.319557,0.839228,0.329836,-0.278041
01324181,1523964235535,-8.36422,-0.448523,2.71578,0.347841,0.295318,-0.289645,0.837123,0.362372,-0.120381
01324180,1523964235535,-8.27477,-4.0117,0.178443,0.251621,-0.0366454,-0.366579,0.709638,0.417754,-0.368636
01324189,1523964235551,-9.29491,-1.13962,6.95367,-0.331614,0.39491,-0.28536,0.700027,-0.133939,-0.51823
01324188,1523964235551,-6.66823,0.524137,-6.86824,-0.394898,0.0558644,-0.364281,0.799078,-0.328213,-0.178354
01324185,1523964235551,-8.91534,-2.04132,-0.03076,0.483639,0.0161034,-0.306304,0.83746,0.3312,-0.280399
01324181,1523964235551,-8.29399,-0.379674,2.60865,0.387288,0.340523,-0.333364,0.836791,0.365434,-0.117918
01324180,1523964235551,-8.23873,-4.0143,0.236785,0.400044,-0.0260507,-0.344476,0.708278,0.420252,-0.370456
01324189,1523964235568,-8.9708,0.119558,5.46457,-0.426415,0.131569,-0.225759,0.703384,-0.12741,-0.517682
01324188,1523964235568,-6.45748,1.36333,-6.29992,-0.59177,0.528296,-0.528602,0.801343,-0.320769,-0.185723
01324185,1523964235568,-8.82791,-1.82517,-0.0367259,0.593145,0.021838,-0.33455,0.836099,0.330446,-0.283
01324181,1523964235568,-8.09107,-0.360193,2.48882,0.426438,0.367172,-0.327279,0.834167,0.369375,-0.115981
01324180,1523964235568,-8.17082,-4.04791,0.295268,0.574701,-0.0100044,-0.327458,0.705468,0.420602,-0.372164
01324189,1523964235585,-7.58762,1.91793,1.73848,-0.307534,0.0770139,-0.0976636,0.701182,-0.124758,-0.5167
01324188,1523964235585,-7.49474,3.50499,-4.43654,-1.1046,0.700781,-0.549938,0.806977,-0.311133,-0.182095
01324185,1523964235585,-8.81763,-1.55564,-0.107876,0.61567,0.0229479,-0.380514,0.832297,0.33449,-0.285247
01324181,1523964235585,-8.14066,-0.472334,2.4327,0.497461,0.401449,-0.296154,0.834227,0.373292,-0.113408
01324180,1523964235585,-8.12401,-3.93648,0.310838,0.736928,0.0471148,-0.348872,0.701489,0.418665,-0.375655
01324189,1523964235601,-6.82947,2.52582,-0.841876,-0.502067,0.362621,0.00846425,0.702492,-0.12104,-0.513743
01324188,1523964235601,-9.4386,3.7875,-0.33276,-1.59455,0.676794,-0.36717,0.812073,-0.302504,-0.175428
01324185,1523964235601,-8.86508,-1.26885,-0.123352,0.558204,-0.045438,-0.40467,0.829572,0.33707,-0.290358
01324181,1523964235601,-7.82387,-0.512172,2.32923,0.648626,0.451492,-0.275593,0.832023,0.376217,-0.111852
01324180,1523964235601,-8.02543,-3.73821,0.390228,0.866003,0.0970512,-0.368779,0.697899,0.418322,-0.38047
01324189,1523964235618,-9.12434,0.640715,-0.232408,-1.03042,0.71248,0.148666,0.709766,-0.112879,-0.51122
01324188,1523964235618,-11.4592,-4.0338,1.70809,-1.21663,0.655384,-0.298528,0.810242,-0.291923,-0.173667
01324185,1523964235618,-8.70028,-0.990582,-0.123564,0.470702,-0.150128,-0.391188,0.824678,0.340489,-0.295861
01324181,1523964235618,-8.28609,-0.389126,2.41568,0.687816,0.508995,-0.282012,0.829797,0.379469,-0.108444
01324180,1523964235618,-7.69532,-3.47402,0.428738,0.972598,0.147451,-0.416114,0.6965,0.415352,-0.388612
01324189,1523964235635,-13.1749,-4.49538,3.83271,-0.877759,0.660742,0.209699,0.713629,-0.109211,-0.504949
01324188,1523964235635,-11.5998,-6.25253,0.805193,0.861361,0.666402,-0.343431,0.813462,-0.287766,-0.161065
01324185,1523964235635,-8.56507,-0.926437,-0.146996,0.421708,-0.253498,-0.383699,0.822492,0.343469,-0.302153
01324181,1523964235635,-9.24496,-0.136105,2.51578,0.669988,0.465625,-0.292463,0.829746,0.381807,-0.106234
01324180,1523964235635,-7.73625,-3.29053,0.38101,1.04412,0.213912,-0.481077,0.692788,0.41429,-0.39398
01324189,1523964235651,-11.9956,-8.5654,3.86852,-0.314501,0.0709177,0.046372,0.714936,-0.105491,-0.501725
01324188,1523964235651,-9.14749,-2.73908,-0.899125,1.65315,0.686491,-0.23839,0.820238,-0.288024,-0.148783
01324185,1523964235651,-8.62314,-1.01272,-0.112081,0.513938,-0.294749,-0.366513,0.819362,0.345918,-0.306738
01324181,1523964235651,-9.20356,0.386005,2.50363,0.495384,0.210746,-0.290741,0.829437,0.383985,-0.104948
01324180,1523964235651,-8.17941,-3.22729,0.299691,1.08076,0.269754,-0.545396,0.68949,0.41059,-0.395626
01324189,1523964235668,-8.54426,-7.37237,1.52638,0.710488,-0.139771,-0.21438,0.713307,-0.105737,-0.501976
01324188,1523964235668,-10.151,0.535642,-1.46249,1.03287,0.687464,-0.211891,0.823618,-0.287872,-0.134684
01324185,1523964235668,-8.95659,-1.22252,-0.115059,0.759667,-0.316682,-0.380174,0.815551,0.345782,-0.313909
01324181,1523964235668,-9.53761,0.782132,2.78128,0.224719,0.0461115,-0.28437,0.827551,0.384988,-0.106012
01324180,1523964235668,-8.67907,-3.26071,0.164119,1.118,0.25476,-0.573294,0.688441,0.41049,-0.399934
01324189,1523964235685,-8.25231,-3.96833,2.27001,1.21941,-0.0700707,-0.301737,0.711973,-0.112453,-0.500543
01324188,1523964235685,-10.8724,0.313487,-0.68474,0.195738,0.706766,-0.217517,0.825494,-0.285497,-0.123926
01324185,1523964235685,-9.45786,-1.08937,-0.0949687,1.09264,-0.310536,-0.407687,0.810108,0.347017,-0.323047
01324181,1523964235685,-9.88241,1.16085,3.42386,0.169221,0.00249648,-0.255216,0.82588,0.389861,-0.106628
01324180,1523964235685,-9.37992,-3.25517,0.00262836,1.13281,0.216928,-0.601439,0.685278,0.408258,-0.405198
01324189,1523964235701,-8.48152,-1.73203,1.47068,1.25588,-0.185267,-0.269411,0.709979,-0.118733,-0.501506
01324188,1523964235701,-9.51936,-1.30233,-1.35448,-0.299886,0.680881,-0.255443,0.826015,-0.283511,-0.110618
01324185,1523964235701,-9.83805,-0.687441,-0.218703,1.40132,-0.269182,-0.466046,0.803842,0.34477,-0.337504
01324181,1523964235701,-9.6414,1.50798,3.69889,0.131464,-0.118858,-0.215736,0.822799,0.391541,-0.110216
01324180,1523964235701,-9.93274,-3.10801,-0.146972,1.12177,0.10951,-0.573968,0.679946,0.408976,-0.412533
01324189,1523964235718,-8.95415,-1.15625,0.697859,0.925558,-0.0626646,-0.231583,0.709866,-0.126484,-0.499159
01324188,1523964235718,-9.24245,-2.33586,-1.97297,-0.224812,0.632648,-0.230595,0.828709,-0.281403,-0.103791
01324185,1523964235718,-10.1699,-0.160718,-0.454977,1.59361,-0.16068,-0.530673,0.799476,0.343118,-0.350276
01324181,1523964235718,-9.46746,1.43241,3.69179,0.123958,-0.0927774,-0.142258,0.820868,0.396396,-0.111758
01324180,1523964235718,-10.3406,-2.94468,-0.295068,1.03686,0.0290588,-0.55032,0.674913,0.406787,-0.419255
01324189,1523964235735,-10.3251,-1.56984,1.52568,0.556629,-0.0496529,-0.157045,0.709479,-0.131502,-0.498258
01324188,1523964235735,-10.4047,-2.15511,-1.69119,0.17188,0.553081,-0.113,0.830172,-0.277323,-0.09817
01324185,1523964235735,-10.4579,0.418794,-0.591761,1.61184,-0.0258276,-0.593587,0.796063,0.344051,-0.360463
01324181,1523964235735,-9.60216,0.98186,3.84446,0.143206,0.0377795,-0.0669724,0.820341,0.395823,-0.112139
01324180,1523964235735,-10.6976,-2.63168,-0.386257,0.905054,-0.0581238,-0.549849,0.670821,0.404435,-0.425993
01324189,1523964235751,-10.5527,-2.17107,1.60314,0.459098,-0.0796017,-0.126168,0.708395,-0.131762,-0.498515
01324188,1523964235751,-10.9546,-1.80934,-1.88738,0.569941,0.494889,-0.0419747,0.830431,-0.276203,-0.0911044
01324185,1523964235751,-10.8567,0.946214,-0.524309,1.43358,0.068704,-0.644945,0.792522,0.343766,-0.368025
01324181,1523964235751,-9.64748,0.525478,3.52931,0.118142,0.12007,-0.0126783,0.821544,0.3961,-0.111759
01324180,1523964235751,-10.8482,-2.39675,-0.398522,0.765583,-0.115166,-0.526423,0.66496,0.403702,-0.431324
01324189,1523964235768,-9.99511,-1.8966,1.08422,0.457048,-0.0867918,-0.197355,0.706892,-0.133727,-0.496641
01324188,1523964235768,-10.241,-1.69864,-2.23569,0.706135,0.424347,-0.021353,0.831243,-0.276981,-0.0810688
01324185,1523964235768,-11.0192,1.35187,-0.358956,1.01705,0.116626,-0.654971,0.788177,0.344257,-0.371934
01324181,1523964235768,-9.74609,0.206638,3.35367,0.0737678,0.218272,-0.00645313,0.823015,0.395129,-0.109496
01324180,1523964235768,-10.8613,-2.0047,-0.275654,0.581051,-0.157227,-0.561192,0.661231,0.404531,-0.437734
01324189,1523964235785,-9.61916,-1.48006,1.46899,0.312167,-0.0767509,-0.237023,0.706503,-0.134587,-0.498114
01324188,1523964235785,-9.61938,-0.957373,-2.36759,0.612004,0.35971,-0.0235196,0.832064,-0.279362,-0.0709989
01324185,1523964235785,-10.8979,1.44283,-0.120023,0.518181,0.130582,-0.61882,0.784098,0.347836,-0.376397
01324181,1523964235785,-9.91905,0.146423,3.28368,0.00975848,0.291746,0.0013332,0.821781,0.39381,-0.105206
01324180,1523964235785,-10.5718,-1.62347,-0.164392,0.349311,-0.148821,-0.587186,0.654791,0.406842,-0.441644
01324189,1523964235801,-9.59841,-1.39169,1.60275,0.0903567,-0.0881805,-0.191549,0.706641,-0.134305,-0.498515
01324188,1523964235801,-9.72863,-0.398519,-2.23222,0.238856,0.280955,-0.0305123,0.832464,-0.278933,-0.0647858
01324185,1523964235801,-10.6331,1.07306,0.163606,0.115195,0.117557,-0.545206,0.780436,0.35405,-0.37566
01324181,1523964235801,-10.2352,0.22035,3.24643,-0.0364168,0.321617,-0.00853356,0.822132,0.395036,-0.101252
01324180,1523964235801,-10.2993,-1.41865,-0.0542653,0.0729741,-0.0971487,-0.593858,0.64884,0.412763,-0.444679
01324189,1523964235818,-9.71883,-1.65307,1.70375,-0.0168235,-0.109421,-0.159857,0.705284,-0.13255,-0.499957
01324188,1523964235818,-9.87022,-0.774639,-2.16032,-0.0697692,0.221372,-0.0359424,0.832733,-0.278685,-0.0639661
01324185,1523964235818,-10.4851,0.38134,0.385183,-0.149896,0.0786561,-0.457939,0.777318,0.358572,-0.37504
01324181,1523964235818,-10.5077,0.285061,3.24345,-0.057918,0.231632,0.00202016,0.822069,0.396986,-0.0971747
01324180,1523964235818,-10.0826,-1.3587,-0.00348353,-0.165909,-0.0384244,-0.594991,0.643838,0.420298,-0.453772
01324189,1523964235835,-9.78269,-1.87132,1.71393,-0.0495656,-0.10904,-0.14396,0.704192,-0.131373,-0.500336
01324188,1523964235835,-9.8766,-1.22641,-2.37758,-0.144688,0.127853,-0.0472001,0.834359,-0.278485,-0.062628
01324185,1523964235835,-10.5155,-0.253963,0.533749,-0.240873,0.0363048,-0.370802,0.775284,0.366078,-0.373015
01324181,1523964235835,-10.596,0.427158,3.24016,-0.0927395,0.107832,0.00364863,0.822338,0.395731,-0.0955577
01324180,1523964235835,-10.0287,-1.41618,0.013645,-0.3255,0.0163512,-0.558719,0.639459,0.427617,-0.452886
01324189,1523964235851,-10.0383,-2.15405,1.33497,-0.085467,-0.0896025,-0.09787,0.703378,-0.128915,-0.502046
01324188,1523964235851,-10.0416,-1.39796,-2.58652,-0.100866,0.0161142,-0.0357528,0.832719,-0.276778,-0.0611548
01324185,1523964235851,-10.6038,-0.76865,0.542822,-0.221588,-0.00172238,-0.2753,0.773659,0.371055,-0.370706
01324181,1523964235851,-10.5817,0.483073,3.3068,-0.125855,0.00818883,0.0209812,0.823376,0.396498,-0.09253
01324180,1523964235851,-10.2106,-1.56064,0.00382537,-0.425786,0.0691841,-0.500954,0.635046,0.436218,-0.448058
01324189,1523964235868,-10.1196,-2.09572,1.09537,-0.0973771,-0.0549267,-0.0695327,0.703388,-0.12634,-0.504701
01324188,1523964235868,-9.97442,-1.56586,-2.74916,-0.0395684,-0.0873483,-0.0169807,0.83353,-0.276148,-0.0624715
01324185,1523964235868,-10.8743,-0.839262,0.472631,-0.142789,-0.0121656,-0.18341,0.773258,0.374073,-0.367599
01324181,1523964235868,-10.5043,0.483952,3.35074,-0.142058,-0.0240535,0.0483157,0.822845,0.396074,-0.0926484
01324180,1523964235868,-10.3854,-1.86898,-0.0237429,-0.439539,0.118528,-0.428642,0.634577,0.447597,-0.434859
01324189,1523964235885,-10.2014,-2.2025,1.42251,-0.112708,0.0506459,-0.0377752,0.703914,-0.124624,-0.50389
01324188,1523964235885,-9.88683,-1.40731,-2.71037,0.0723223,-0.200411,-0.0112538,0.83312,-0.275484,-0.06404
01324185,1523964235885,-11.0286,-0.746902,0.371527,-0.047843,0.0196257,-0.0833318,0.772037,0.376186,-0.367615
01324181,1523964235885,-10.5416,0.459174,3.44275,-0.164484,-0.046567,0.0749251,0.82286,0.395067,-0.0928932
01324180,1523964235885,-10.6491,-2.04585,-0.0272891,-0.381318,0.13069,-0.324434,0.63085,0.454294,-0.428729
01324189,1523964235901,-10.1731,-2.56508,1.20946,-0.0843852,0.103027,0.00308679,0.703212,-0.124021,-0.502005
01324188,1523964235901,-10.0558,-1.33354,-2.82765,0.0551331,-0.29897,0.0114167,0.833665,-0.275443,-0.0682166
01324185,1523964235901,-11.1101,-0.500912,0.260874,-0.00246083,0.0465683,0.0108596,0.771899,0.376174,-0.368268
01324181,1523964235901,-10.5215,0.430251,3.50139,-0.202888,-0.0567807,0.0990919,0.823261,0.395762,-0.0935759
01324180,1523964235901,-10.7566,-2.13375,-0.0529906,-0.326778,0.146098,-0.207932,0.629884,0.456629,-0.428668
01324189,1523964235918,-9.78966,-2.52898,1.27921,-0.0457008,0.146616,0.0403769,0.707301,-0.124706,-0.502325
01324188,1523964235918,-9.94974,-1.40837,-2.52457,-0.00727396,-0.413119,0.0292215,0.832187,-0.277034,-0.0740851
01324185,1523964235918,-11.0516,-0.260553,0.212225,-0.0514892,0.0864902,0.0778264,0.772446,0.375781,-0.366698
01324181,1523964235918,-10.3006,0.398952,3.43579,-0.215527,-0.0535181,0.135309,0.82421,0.394205,-0.0922253
01324180,1523964235918,-10.7,-2.22527,-0.00943676,-0.222822,0.131773,-0.0878468,0.631316,0.459494,-0.427146
01324189,1523964235935,-9.65982,-2.43037,1.42353,-0.0335176,0.209502,0.0509378,0.70865,-0.125309,-0.50074
01324188,1523964235935,-9.87945,-1.34251,-2.32356,-0.0871736,-0.535606,0.0397265,0.831791,-0.278044,-0.0803346
01324185,1523964235935,-10.9692,-0.0637096,0.131455,-0.186877,0.115757,0.1407,0.775565,0.375098,-0.365527
01324181,1523964235935,-10.2468,0.363157,3.48512,-0.247554,0.00940596,0.145429,0.826238,0.393045,-0.091691
01324180,1523964235935,-10.5606,-2.1709,0.0260589,-0.160893,0.133469,0.0127611,0.632083,0.461345,-0.424015
01324189,1523964235951,-9.71323,-2.42713,1.24909,-0.0907757,0.245497,0.0666785,0.711343,-0.127086,-0.496773
01324188,1523964235951,-9.92541,-1.3384,-2.19569,-0.186215,-0.628315,0.0787342,0.830994,-0.279439,-0.0906409
01324185,1523964235951,-10.822,0.0364272,0.0561827,-0.357431,0.0993609,0.183482,0.77666,0.3722,-0.362367
01324181,1523964235951,-10.1357,0.313536,3.46746,-0.268918,0.0555544,0.15708,0.827737,0.389785,-0.0893811
01324180,1523964235951,-10.3884,-2.04907,0.110582,-0.128336,0.108737,0.113887,0.633939,0.462318,-0.422402
01324189,1523964235968,-9.75023,-2.48248,1.01098,-0.13955,0.28396,0.0682247,0.712667,-0.127389,-0.492778
01324188,1523964235968,-10.0178,-1.48341,-2.09739,-0.28549,-0.689419,0.0791439,0.831005,-0.279938,-0.101709
01324185,1523964235968,-10.6605,0.0305203,-0.0380151,-0.542244,0.088336,0.221141,0.780194,0.37144,-0.357799
01324181,1523964235968,-10.166,0.38116,3.40559,-0.286738,0.0361378,0.160415,0.828954,0.388228,-0.0879004
01324180,1523964235968,-10.2842,-1.92345,0.218631,-0.165923,0.0906971,0.218148,0.635807,0.461686,-0.419201
01324189,1523964235985,-9.79623,-2.20815,0.798131,-0.205956,0.329501,0.0590351,0.715211,-0.122417,-0.491564
01324188,1523964235985,-10.1733,-1.71744,-2.34193,-0.316656,-0.811848,0.091735,0.827891,-0.279912,-0.110417
01324185,1523964235985,-10.5428,-0.0858365,-0.097665,-0.705913,0.0647609,0.25887,0.781153,0.375638,-0.351965
01324181,1523964235985,-10.0765,0.455079,3.31057,-0.325878,0.0281349,0.162162,0.829888,0.386012,-0.0840127
01324180,1523964235985,-10.2023,-1.91832,0.282297,-0.210611,0.0868923,0.311011,0.640355,0.46233,-0.419255
01324189,1523964236001,-9.81725,-1.75691,0.882279,-0.2236,0.400476,0.0588432,0.719261,-0.122651,-0.488135
01324188,1523964236001,-10.355,-1.14595,-2.25184,-0.317983,-0.911784,0.141914,0.825061,-0.281203,-0.125267
01324185,1523964236001,-10.4298,-0.221378,-0.10596,-0.794484,0.0660736,0.304011,0.783059,0.376278,-0.347927
01324181,1523964236001,-9.98681,0.533831,3.24201,-0.318855,0.0133756,0.177493,0.829611,0.384645,-0.0813252
01324180,1523964236001,-10.0993,-2.0334,0.321339,-0.277342,0.0375741,0.396348,0.643589,0.460236,-0.417994
01324189,1523964236018,-9.82477,-1.68901,0.894724,-0.322573,0.434326,0.0726643,0.723029,-0.122156,-0.484162
01324188,1523964236018,-10.4315,-0.876183,-1.82292,-0.483435,-0.985263,0.14349,0.824681,-0.28371,-0.139955
01324185,1523964236018,-10.3505,-0.327765,-0.0573104,-0.855193,0.0621614,0.383179,0.78741,0.37569,-0.341797
01324181,1523964236018,-9.76873,0.599681,3.00789,-0.274395,-0.0183708,0.182182,0.83125,0.382067,-0.0804917
01324180,1523964236018,-9.97744,-2.11435,0.351087,-0.328501,0.0167829,0.460888,0.647632,0.457398,-0.415815
01324189,1523964236035,-9.64037,-2.12789,1.05885,-0.431731,0.433734,0.0864871,0.727613,-0.119531,-0.481385
01324188,1523964236035,-9.90713,-0.877863,-1.16278,-0.694261,-1.03407,0.132731,0.819809,-0.283704,-0.156853
01324185,1523964236035,-10.1746,-0.425144,-0.0322942,-0.921749,0.0264867,0.449779,0.790813,0.378223,-0.334517
01324181,1523964236035,-9.48895,0.617861,2.62535,-0.243303,-0.010959,0.202755,0.835172,0.380302,-0.0802302
01324180,1523964236035,-9.72542,-2.15261,0.367839,-0.391685,-0.0234247,0.529593,0.652484,0.453081,-0.411246
01324189,1523964236051,-9.27609,-2.77961,1.1735,-0.462637,0.396018,0.0935013,0.73162,-0.115441,-0.476182
01324188,1523964236051,-9.86421,-1.68657,-0.698525,-0.672104,-1.11789,0.139953,0.816289,-0.282812,-0.174519
01324185,1523964236051,-9.89036,-0.513639,-0.0848011,-1.02208,-0.00675351,0.548695,0.795843,0.376087,-0.328243
01324181,1523964236051,-9.20658,0.543755,2.39433,-0.224643,-0.0125544,0.214684,0.836143,0.377166,-0.0791125
01324180,1523964236051,-9.36793,-2.11717,0.381191,-0.465312,-0.0491563,0.573712,0.657331,0.449493,-0.407338
01324189,1523964236068,-9.16878,-2.75444,1.23522,-0.367128,0.309528,0.0726399,0.735797,-0.113667,-0.47314
01324188,1523964236068,-9.93241,-1.82624,-0.687099,-0.351631,-1.1963,0.191725,0.814267,-0.282835,-0.191858
01324185,1523964236068,-9.55083,-0.674707,-0.136501,-1.12674,-0.0473841,0.60853,0.798842,0.372685,-0.32195
01324181,1523964236068,-9.12594,0.530261,2.26228,-0.214838,-0.0533497,0.209107,0.836976,0.374319,-0.0779994
01324180,1523964236068,-8.9423,-2.1173,0.409514,-0.52016,-0.0343257,0.608539,0.662925,0.448175,-0.397319
01324189,1523964236085,-9.49551,-2.29993,1.28505,-0.245989,0.255646,0.0341124,0.737682,-0.112703,-0.471683
01324188,1523964236085,-9.94919,-1.08563,-0.385645,-0.215388,-1.23136,0.204632,0.809951,-0.28491,-0.208084
01324185,1523964236085,-9.23825,-0.965645,-0.212402,-1.22476,-0.11461,0.658332,0.803872,0.372387,-0.315301
01324181,1523964236085,-9.64447,0.499844,2.29094,-0.258508,-0.131145,0.208705,0.837804,0.371901,-0.0768952
01324180,1523964236085,-8.7167,-2.17286,0.43558,-0.594163,-0.0463689,0.669462,0.666954,0.445614,-0.393108
01324189,1523964236101,-9.81902,-1.61288,1.32564,-0.141417,0.142364,-0.013248,0.739843,-0.111174,-0.470893
01324188,1523964236101,-10.0473,-0.119057,-0.290166,-0.335904,-1.21962,0.175569,0.805225,-0.286138,-0.226676
01324185,1523964236101,-9.16952,-1.30808,-0.342846,-1.25244,-0.191757,0.667354,0.806868,0.368394,-0.31044
01324181,1523964236101,-9.99807,0.393697,2.37523,-0.288923,-0.332833,0.203708,0.838135,0.369116,-0.0797622
01324180,1523964236101,-8.87205,-2.29978,0.394697,-0.668071,-0.0689483,0.733897,0.673689,0.441861,-0.391392
01324189,1523964236118,-9.7197,-0.908697,1.46699,-0.0713254,0.0466457,-0.0395139,0.741593,-0.108917,-0.47036
01324188,1523964236118,-9.97253,0.540682,0.150889,-0.581888,-1.20163,0.152827,0.797528,-0.289628,-0.245641
01324185,1523964236118,-9.36356,-1.57429,-0.511352,-1.17716,-0.243685,0.657447,0.813933,0.362162,-0.304655
01324181,1523964236118,-9.81713,0.313588,2.08572,-0.301304,-0.563537,0.165507,0.839577,0.367211,-0.08744
01324180,1523964236118,-9.14227,-2.68592,0.312598,-0.73339,-0.098961,0.821153,0.6798,0.436263,-0.394294
01324189,1523964236135,-9.60173,-1.06239,2.18776,-0.00610138,-0.0177777,-9.38647e-05,0.742954,-0.108523,-0.47064
01324188,1523964236135,-9.91887,0.730817,0.868312,-0.791338,-1.11253,0.118733,0.793459,-0.287647,-0.264578
01324185,1523964236135,-9.62232,-1.787,-0.551466,-0.978976,-0.261233,0.682916,0.817872,0.359967,-0.301512
01324181,1523964236135,-9.72948,0.299986,2.18555,-0.374162,-0.652625,0.135643,0.839615,0.367957,-0.0925025
01324180,1523964236135,-9.34968,-3.08643,0.289039,-0.730868,-0.142326,0.88587,0.686658,0.431905,-0.388811
01324189,1523964236151,-9.57224,-1.00276,3.58216,0.0197426,-0.15933,0.0624616,0.743671,-0.110998,-0.472941
01324188,1523964236151,-10.0743,0.607797,2.00173,-0.819269,-1.00317,0.0896151,0.790881,-0.284984,-0.286183
01324185,1523964236151,-9.78678,-1.99777,-0.469468,-0.743614,-0.247179,0.733633,0.820314,0.355596,-0.301609
01324181,1523964236151,-9.35543,0.168354,2.4223,-0.370579,-0.761896,0.110476,0.839561,0.367079,-0.0999205
01324180,1523964236151,-9.46204,-3.3852,0.339472,-0.691672,-0.191197,0.968366,0.693123,0.429478,-0.389764
01324189,1523964236168,-9.55261,-0.933534,4.96944,0.00995574,-0.395392,0.171275,0.743712,-0.110876,-0.477221
01324188,1523964236168,-10.0794,0.599899,2.79601,-0.577783,-0.819465,0.0968112,0.785993,-0.282818,-0.299446
01324185,1523964236168,-9.64181,-2.11397,-0.166331,-0.443818,-0.203519,0.810382,0.825475,0.347743,-0.299591
01324181,1523964236168,-8.74538,0.156214,2.35641,-0.354489,-0.797621,0.096172,0.840342,0.365294,-0.109055
01324180,1523964236168,-9.32945,-3.56073,0.421975,-0.598243,-0.236379,1.05033,0.699503,0.421524,-0.387452
01324189,1523964236185,-9.3944,-1.03009,6.1522,-0.0599586,-0.617177,0.210534,0.739451,-0.113104,-0.485482
01324188,1523964236185,-9.71188,0.62717,2.84103,-0.254565,-0.606283,0.106726,0.781111,-0.282522,-0.303942
01324185,1523964236185,-9.35881,-2.07206,0.187502,-0.18139,-0.166612,0.878678,0.830631,0.337023,-0.300159
01324181,1523964236185,-8.45482,0.164308,2.59236,-0.411276,-0.760137,0.0724741,0.839201,0.365984,-0.117424
01324180,1523964236185,-8.97619,-3.58614,0.478455,-0.495537,-0.264309,1.06037,0.706689,0.414293,-0.387162
01324189,1523964236201,-9.44942,-1.18596,7.30396,-0.172177,-0.797094,0.214964,0.727302,-0.114267,-0.494714
01324188,1523964236201,-9.63276,1.06552,2.17222,-0.0858973,-0.336128,0.151564,0.777853,-0.281249,-0.311224
01324185,1523964236201,-9.04174,-1.87153,0.465455,0.0243846,-0.161116,0.920012,0.833884,0.323695,-0.304483
01324181,1523964236201,-8.42121,-0.0732061,2.78067,-0.389811,-0.742795,0.0518926,0.836726,0.366112,-0.126166
01324180,1523964236201,-8.62543,-3.44317,0.589006,-0.464307,-0.24324,1.06155,0.713735,0.405881,-0.382843
01324189,1523964236218,-9.69942,-1.5648,7.93969,-0.401575,-0.979335,0.17284,0.720336,-0.113565,-0.506398
01324188,1523964236218,-9.64902,0.471928,0.854117,-0.053608,-0.0549783,0.161987,0.777324,-0.283192,-0.313089
01324185,1523964236218,-8.94155,-1.46279,0.537032,0.0897911,-0.172386,0.910627,0.838764,0.310943,-0.308165
01324181,1523964236218,-8.69407,-0.124998,2.83304,-0.377338,-0.766783,0.042239,0.836537,0.367042,-0.13601
01324180,1523964236218,-8.53419,-3.41873,0.662537,-0.465129,-0.225198,1.0344,0.720833,0.395327,-0.383968
01324189,1523964236235,-10.3124,-2.0303,8.23019,-0.570477,-1.20709,0.103527,0.71828,-0.111135,-0.520398
01324188,1523964236235,-9.34191,-1.76117,-2.03998,0.155145,0.320521,0.167696,0.777078,-0.287734,-0.309332
01324185,1523964236235,-9.22539,-1.10961,0.414528,0.0511585,-0.185996,0.834272,0.846226,0.299955,-0.307953
01324181,1523964236235,-9.39468,-0.427037,3.07102,-0.356011,-0.785318,0.0353297,0.836477,0.366733,-0.143573
01324180,1523964236235,-8.9697,-3.61767,0.729698,-0.513743,-0.188485,1.03088,0.727213,0.388107,-0.383261
01324189,1523964236251,-10.4085,-2.84506,7.58711,-0.680546,-1.38909,0.0306644,0.706433,-0.105582,-0.536803
01324188,1523964236251,-8.86813,-1.93706,-4.04916,0.589763,0.770462,0.158897,0.779129,-0.291455,-0.299092
01324185,1523964236251,-9.91024,-0.840796,0.0941124,-0.0705713,-0.211677,0.707151,0.848936,0.289457,-0.31165
01324181,1523964236251,-9.31186,-0.731925,3.28991,-0.192419,-0.880701,0.0296896,0.835101,0.366793,-0.154715
01324180,1523964236251,-9.69276,-4.01779,0.783279,-0.501331,-0.182705,1.00821,0.733875,0.379872,-0.383119
01324189,1523964236268,-9.65245,-3.52068,6.31082,-0.659478,-1.37599,-0.0671737,0.694855,-0.0991741,-0.553471
01324188,1523964236268,-9.09791,-0.0682024,-5.69598,0.592511,1.2013,0.102508,0.783219,-0.296688,-0.282243
01324185,1523964236268,-10.5758,-0.603369,-0.19041,-0.260514,-0.230454,0.588562,0.85097,0.281528,-0.31367
01324181,1523964236268,-9.21311,-0.79157,3.48488,-0.155069,-0.765418,0.0443458,0.833046,0.3666,-0.164783
01324180,1523964236268,-10.1281,-4.40486,0.834907,-0.429237,-0.19802,0.998008,0.740006,0.370475,-0.380967
01324189,1523964236285,-8.72052,-3.77436,4.9842,-0.716113,-1.20495,-0.095419,0.680308,-0.0919842,-0.573175
01324188,1523964236285,-9.42725,2.43971,-6.26005,-0.0398838,1.52412,0.0874457,0.795828,-0.298054,-0.260951
01324185,1523964236285,-10.8609,-0.640287,-0.374361,-0.485508,-0.258624,0.551635,0.853547,0.273603,-0.315431
01324181,1523964236285,-9.31895,-0.710416,3.58408,-0.0828512,-0.608055,0.0351549,0.829935,0.363318,-0.172916
01324180,1523964236285,-10.3043,-4.60963,0.827228,-0.37251,-0.234239,0.978761,0.74522,0.360826,-0.382587
01324189,1523964236301,-7.78837,-3.63937,3.17412,-0.850486,-0.97093,-0.0654165,0.67112,-0.082886,-0.585436
01324188,1523964236301,-9.97959,4.98155,-4.29578,-1.15239,1.67377,0.13793,0.802181,-0.296626,-0.241022
01324185,1523964236301,-10.7895,-0.965802,-0.410464,-0.616945,-0.257273,0.560267,0.853548,0.269073,-0.316563
01324181,1523964236301,-9.44988,-0.740946,3.42443,-0.0622048,-0.53405,0.0185267,0.828909,0.364884,-0.180375
01324180,1523964236301,-10.3124,-4.52694,0.759932,-0.319192,-0.255859,0.931496,0.74936,0.351195,-0.383921
01324189,1523964236318,-6.86885,-2.7081,2.1791,-0.777834,-0.706042,0.0442984,0.663004,-0.0778219,-0.593461
01324188,1523964236318,-9.75275,4.95584,-3.14216,-2.07268,1.77631,0.27527,0.806224,-0.293448,-0.232664
01324185,1523964236318,-10.7131,-1.38503,-0.208035,-0.623982,-0.213235,0.556581,0.856261,0.26597,-0.316673
01324181,1523964236318,-9.33058,-0.579512,3.54527,-0.000662391,-0.481387,-0.00711817,0.827639,0.365564,-0.189273
01324180,1523964236318,-10.2783,-4.34738,0.710497,-0.302496,-0.271965,0.86471,0.755359,0.344597,-0.389003
01324189,1523964236335,-6.48583,-2.0525,2.15297,-0.465364,-0.470871,0.247391,0.65746,-0.0739658,-0.599385
01324188,1523964236335,-9.17756,2.92187,-2.55543,-2.14857,1.84913,0.451814,0.813663,-0.291677,-0.217303
01324185,1523964236335,-10.6747,-1.62579,0.0645482,-0.535084,-0.191437,0.535927,0.859926,0.260349,-0.315848
01324181,1523964236335,-8.95103,-0.24985,3.45203,0.0527565,-0.362679,0.00394781,0.827264,0.36703,-0.194346
01324180,1523964236335,-10.124,-4.31207,0.738782,-0.288149,-0.253279,0.808641,0.759228,0.335554,-0.390996
01324189,1523964236351,-6.58308,-1.92355,3.18921,-0.0496166,-0.343529,0.458253,0.655746,-0.0753821,-0.604192
01324188,1523964236351,-9.34392,1.74838,-1.87927,-1.40052,1.93147,0.772909,0.817882,-0.295707,-0.201322
01324185,1523964236351,-10.4383,-1.69936,0.200765,-0.479382,-0.213237,0.522346,0.862499,0.256369,-0.317647
01324181,1523964236351,-8.68062,-0.0670089,3.31501,0.103576,-0.206897,0.0110783,0.827066,0.365484,-0.199757
01324180,1523964236351,-9.72218,-4.37122,0.843889,-0.243686,-0.250982,0.742018,0.762272,0.327971,-0.392273
01324189,1523964236368,-6.81597,-2.3566,4.31379,0.384303,-0.347579,0.631252,0.651052,-0.0818875,-0.607132
01324188,1523964236368,-9.51492,1.27435,-1.58004,-0.270507,1.97634,1.09796,0.819698,-0.307443,-0.172333
01324185,1523964236368,-10.0228,-1.50446,0.263468,-0.425476,-0.23516,0.490014,0.863174,0.252379,-0.319962
01324181,1523964236368,-8.5706,-0.0705089,3.253,0.142723,-0.079145,0.0318572,0.826517,0.367043,-0.200713
01324180,1523964236368,-9.30998,-4.30488,0.964286,-0.168017,-0.229362,0.679273,0.76505,0.319512,-0.391673
01324189,1523964236385,-6.86449,-2.89394,4.40818,0.756863,-0.309855,0.727511,0.646799,-0.0961637,-0.608802
01324188,1523964236385,-9.17487,1.69927,-1.84164,0.747344,2.0113,1.33899,0.820191,-0.324429,-0.142714
01324185,1523964236385,-9.59982,-1.19892,0.247073,-0.405176,-0.253254,0.454289,0.86453,0.247846,-0.321229
01324181,1523964236385,-8.46093,-0.112758,3.10236,0.189098,0.0270121,0.0326052,0.826276,0.366425,-0.202956
01324180,1523964236385,-9.03296,-4.23457,1.01571,-0.102337,-0.22383,0.588252,0.76863,0.312508,-0.394432
01324189,1523964236401,-6.68068,-2.54852,3.87073,1.00167,-0.170938,0.744017,0.643682,-0.116515,-0.611602
01324188,1523964236401,-9.52349,2.88907,-2.16257,1.33402,2.03341,1.51132,0.816371,-0.346944,-0.105446
01324185,1523964236401,-9.28844,-1.05408,0.157036,-0.378162,-0.238243,0.389458,0.865206,0.245139,-0.322773
01324181,1523964236401,-8.58015,-0.220881,3.0602,0.221239,0.0905713,0.0236149,0.827261,0.363538,-0.20357
01324180,1523964236401,-8.90929,-4.08367,1.03709,-0.0981336,-0.203586,0.496998,0.770846,0.305057,-0.391102
01324189,1523964236418,-6.7908,-1.40624,3.45645,1.29785,0.0572589,0.733924,0.641856,-0.135145,-0.608252
01324188,1523964236418,-9.835,3.64437,-2.43172,1.39029,2.03215,1.63907,0.811758,-0.37259,-0.0694407
01324185,1523964236418,-9.18657,-0.835638,0.128591,-0.390018,-0.219606,0.300878,0.867373,0.243146,-0.323806
01324181,1523964236418,-8.7578,-0.281161,3.00226,0.242753,0.106079,-0.00126392,0.828297,0.365697,-0.202298
01324180,1523964236418,-8.78562,-3.90541,0.981267,-0.143483,-0.20803,0.405266,0.772627,0.302132,-0.391997
01324189,1523964236435,-7.39449,-0.193684,3.61449,1.49506,0.234879,0.715699,0.642229,-0.158288,-0.604428
01324188,1523964236435,-9.83411,3.88613,-2.52537,1.14272,2.01604,1.66905,0.804686,-0.395594,-0.0329699
01324185,1523964236435,-9.24458,-0.832934,0.0582559,-0.437322,-0.22147,0.244825,0.867911,0.242552,-0.32537
01324181,1523964236435,-8.87225,-0.316521,3.05292,0.264109,0.0812389,-0.00840921,0.82821,0.362536,-0.203028
01324180,1523964236435,-8.71821,-3.84815,0.8904,-0.210005,-0.193924,0.302962,0.773487,0.298657,-0.39505
01324189,1523964236451,-7.97194,0.665116,3.75669,1.52697,0.303849,0.783302,0.644469,-0.184042,-0.595028
01324188,1523964236451,-9.86984,4.02702,-2.65632,0.716987,1.96322,1.62838,0.792642,-0.425365,-0.00251295
01324185,1523964236451,-9.26202,-0.979757,-0.00985216,-0.487528,-0.232386,0.161613,0.867636,0.240535,-0.327701
01324181,1523964236451,-8.87717,-0.309299,3.05034,0.269393,0.0672235,-0.00165195,0.82985,0.361623,-0.204486
01324180,1523964236451,-8.76655,-3.85857,0.909205,-0.243812,-0.163714,0.232637,0.77357,0.294639,-0.402154
01324189,1523964236468,-7.94668,1.4774,3.51484,1.39195,0.35709,0.849366,0.645205,-0.206168,-0.587187
01324188,1523964236468,-9.89233,3.81987,-2.67593,0.116866,1.86658,1.56923,0.781896,-0.445763,0.0263604
01324185,1523964236468,-9.33252,-1.18636,0.00742265,-0.456239,-0.210512,0.0908705,0.866008,0.241079,-0.328746
01324181,1523964236468,-8.83128,-0.252829,2.89499,0.302403,0.118445,-0.00650504,0.830549,0.360026,-0.205124
01324180,1523964236468,-8.90611,-3.91576,0.912362,-0.270135,-0.170348,0.165626,0.775196,0.29331,-0.402745
01324189,1523964236485,-8.11831,2.28031,3.7238,1.15578,0.447708,0.891076,0.64552,-0.224836,-0.580117
01324188,1523964236485,-9.87576,3.07441,-2.27702,-0.46387,1.71485,1.49989,0.772624,-0.462397,0.0489901
01324185,1523964236485,-9.4485,-1.33001,0.110919,-0.381351,-0.160768,0.0318158,0.866006,0.241067,-0.329399
01324181,1523964236485,-8.90893,-0.205214,2.88151,0.280253,0.153615,-0.0164588,0.831207,0.360883,-0.204751
01324180,1523964236485,-9.10898,-3.94483,0.924723,-0.266064,-0.18364,0.130432,0.775046,0.295057,-0.403653
01324189,1523964236501,-8.2226,2.80449,3.27388,0.845785,0.51146,0.998316,0.644726,-0.244038,-0.570631
01324188,1523964236501,-9.62752,2.2038,-2.03522,-0.747892,1.467,1.43599,0.759717,-0.482462,0.0622986
01324185,1523964236501,-9.60306,-1.42772,0.157363,-0.243532,-0.124042,-0.0357215,0.86573,0.241736,-0.331233
01324181,1523964236501,-9.13006,-0.173898,2.92296,0.278585,0.208235,-0.0297183,0.832423,0.359883,-0.203946
01324180,1523964236501,-9.23721,-3.94642,0.93313,-0.249544,-0.192911,0.071597,0.774527,0.294793,-0.406486
01324189,1523964236518,-8.38773,2.7558,2.7213,0.435278,0.692741,1.0757,0.648162,-0.261924,-0.563189
01324188,1523964236518,-9.25241,1.64687,-1.89351,-0.887111,1.20859,1.38095,0.747614,-0.500507,0.0726276
01324185,1523964236518,-9.75716,-1.38095,0.226564,-0.172941,-0.0660845,-0.0710065,0.866268,0.243839,-0.331778
01324181,1523964236518,-9.26209,-0.0153161,2.89734,0.256409,0.243479,-0.0362235,0.833491,0.360302,-0.2037
01324180,1523964236518,-9.23922,-3.97536,0.928117,-0.231342,-0.214912,0.0355065,0.77384,0.297432,-0.409394
01324189,1523964236535,-8.70591,2.53161,2.73044,0.0492442,0.821216,1.14264,0.652655,-0.278101,-0.553472
01324188,1523964236535,-9.08583,0.930384,-1.58026,-0.986261,0.931156,1.29407,0.731728,-0.519923,0.0732277
01324185,1523964236535,-9.72314,-1.31372,0.258385,-0.0548451,-0.043776,-0.105307,0.864909,0.248629,-0.33182
01324181,1523964236535,-9.20101,0.0243034,2.80037,0.227097,0.238019,-0.0413702,0.833749,0.359213,-0.201024
01324180,1523964236535,-9.22951,-3.99009,0.961967,-0.180342,-0.198089,-0.00801617,0.772361,0.297746,-0.409096
01324189,1523964236551,-8.92637,2.16948,2.40187,-0.363992,0.954114,1.13394,0.655099,-0.288772,-0.546362
01324188,1523964236551,-9.05053,0.00709858,-1.27856,-0.877904,0.617751,1.17458,0.722322,-0.534616,0.0763299
01324185,1523964236551,-9.5734,-1.30013,0.34161,0.0301766,0.0359816,-0.15272,0.864909,0.249766,-0.331308
01324181,1523964236551,-9.26898,0.0671803,2.78704,0.18273,0.260679,-0.0565348,0.83469,0.358509,-0.199957
01324180,1523964236551,-9.19127,-3.97577,1.02042,-0.0839382,-0.190337,-0.0284567,0.770755,0.298365,-0.41095
01324189,1523964236568,-9.22423,1.87758,2.11116,-0.805326,1.08471,1.10562,0.657483,-0.290523,-0.538646
01324188,1523964236568,-9.0879,-0.950216,-0.898972,-0.601077,0.297441,1.07916,0.713862,-0.548524,0.0778543
01324185,1523964236568,-9.47382,-1.08161,0.376348,0.0902812,0.0983214,-0.20509,0.865727,0.251368,-0.328583
01324181,1523964236568,-9.29844,0.122625,2.79545,0.156967,0.246342,-0.0651952,0.835997,0.360107,-0.198012
01324180,1523964236568,-9.07644,-3.90267,1.08478,0.000620809,-0.181856,-0.0876521,0.770206,0.298947,-0.409715
01324189,1523964236585,-9.47905,1.60988,1.79308,-1.15092,1.20905,1.0261,0.664358,-0.292105,-0.53098
01324188,1523964236585,-8.89906,-2.23302,-0.989884,-0.111597,0.0170784,0.992768,0.705536,-0.561853,0.0763176
01324185,1523964236585,-9.37897,-0.879861,0.481825,0.110624,0.101097,-0.261286,0.865454,0.252344,-0.329114
01324181,1523964236585,-9.17892,0.160446,2.77617,0.122273,0.189543,-0.072507,0.835974,0.360714,-0.19643
01324180,1523964236585,-8.95702,-3.79029,1.0914,0.0923379,-0.169401,-0.167865,0.768873,0.299274,-0.41185
01324189,1523964236601,-9.64087,0.718706,1.93701,-1.3485,1.23865,0.931248,0.670275,-0.291509,-0.524222
01324188,1523964236601,-8.88816,-3.24538,-1.04336,0.397805,-0.191047,0.907269,0.69651,-0.572145,0.0786135
01324185,1523964236601,-9.35431,-0.747514,0.566757,0.126686,0.128786,-0.295507,0.864095,0.256568,-0.329281
01324181,1523964236601,-9.03457,0.118518,2.73443,0.068895,0.185969,-0.0689517,0.835412,0.36022,-0.193227
01324180,1523964236601,-8.91098,-3.62094,1.10728,0.155506,-0.13108,-0.231343,0.764838,0.301092,-0.413105
01324189,1523964236618,-9.82121,-0.130977,1.82331,-1.37389,1.20601,0.838869,0.679481,-0.28929,-0.520833
01324188,1523964236618,-9.81381,-3.74294,0.267929,0.934865,-0.410269,0.678284,0.686927,-0.579771,0.0770454
01324185,1523964236618,-9.42398,-0.713285,0.661589,0.155207,0.144031,-0.327089,0.861793,0.260407,-0.327481
01324181,1523964236618,-9.06681,0.0113827,2.74111,0.0333926,0.189241,-0.0808558,0.836432,0.363111,-0.191173
01324180,1523964236618,-8.96577,-3.49583,1.08568,0.198086,-0.0937919,-0.333629,0.762045,0.302932,-0.421669
01324189,1523964236635,-10.0302,-0.537156,1.43362,-1.12355,1.27239,0.78987,0.686753,-0.288153,-0.513685
01324188,1523964236635,-9.52815,-3.6287,0.332049,1.65075,-0.70346,0.302976,0.684507,-0.584175,0.0848759
01324185,1523964236635,-9.60454,-0.64708,0.741428,0.165835,0.155846,-0.365408,0.86247,0.263954,-0.326211
01324181,1523964236635,-9.07138,-0.0395843,2.69858,-0.00567398,0.178348,-0.0928857,0.835856,0.364179,-0.188533
01324180,1523964236635,-9.1214,-3.43485,1.08208,0.219443,-0.0443975,-0.431562,0.759727,0.306747,-0.422639
01324189,1523964236651,-10.4624,-1.04133,1.63854,-0.747114,1.27379,0.785891,0.693869,-0.289726,-0.502946
01324188,1523964236651,-9.65144,-3.00173,-0.308014,2.23084,-1.0196,0.0290831,0.686664,-0.583308,0.0966127
01324185,1523964236651,-9.79734,-0.648211,0.824911,0.192352,0.15518,-0.402811,0.86179,0.269186,-0.325214
01324181,1523964236651,-8.99809,-0.099407,2.74367,-0.0526319,0.186546,-0.123704,0.836475,0.36679,-0.186469
01324180,1523964236651,-9.27714,-3.37416,1.10506,0.239256,0.0107698,-0.555839,0.759004,0.31096,-0.422139
01324189,1523964236668,-10.8007,-1.36454,3.22744,-0.404354,1.21527,0.769471,0.702777,-0.293939,-0.492917
01324188,1523964236668,-9.29055,-2.41876,-3.90192,2.47947,-0.965431,-0.297766,0.690411,-0.576501,0.108432
01324185,1523964236668,-9.88891,-0.700498,0.945834,0.211053,0.14777,-0.418072,0.862605,0.272181,-0.323287
01324181,1523964236668,-9.11143,-0.159085,2.87933,-0.096226,0.202441,-0.12339,0.835923,0.365858,-0.183655
01324180,1523964236668,-9.34535,-3.33874,1.10459,0.249729,0.090002,-0.658053,0.754771,0.317556,-0.421944
01324189,1523964236685,-10.886,-1.42566,5.34377,-0.024197,1.00519,0.666347,0.708144,-0.30164,-0.480334
01324188,1523964236685,-10.9536,0.37358,-3.74582,1.97574,-0.848849,-0.541001,0.696039,-0.566512,0.116927
01324185,1523964236685,-9.98525,-0.740707,1.07897,0.264928,0.137377,-0.433351,0.861111,0.276549,-0.323324
01324181,1523964236685,-9.29661,-0.207518,3.05778,-0.138844,0.214498,-0.140333,0.836902,0.370369,-0.17951
01324180,1523964236685,-9.47888,-3.3141,1.13726,0.277867,0.167784,-0.772462,0.753078,0.32454,-0.421509
01324189,1523964236701,-10.4947,-0.898978,6.16669,0.36892,0.786004,0.525852,0.709977,-0.309681,-0.46798
01324188,1523964236701,-11.7659,1.67317,-4.35532,0.806041,-0.949347,-0.762666,0.708445,-0.554444,0.115911
01324185,1523964236701,-10.1105,-0.751889,1.16209,0.306555,0.127123,-0.446911,0.857445,0.283865,-0.323904
01324181,1523964236701,-9.31241,-0.200315,2.9223,-0.188604,0.201911,-0.147177,0.837418,0.370415,-0.177126
01324180,1523964236701,-9.60679,-3.33983,1.14554,0.306083,0.234931,-0.880805,0.749047,0.336786,-0.421475
01324189,1523964236718,-9.91167,0.425713,4.85639,0.540308,0.747459,0.393084,0.714128,-0.31836,-0.455792
01324188,1523964236718,-10.5276,3.26548,-3.06062,-0.604049,-0.970338,-0.998107,0.719248,-0.545394,0.105305
01324185,1523964236718,-10.2455,-0.722151,1.16756,0.318564,0.111068,-0.453596,0.854462,0.28612,-0.323916
01324181,1523964236718,-9.63285,-0.172738,3.13224,-0.262399,0.230019,-0.156099,0.836644,0.374682,-0.17216
01324180,1523964236718,-9.80077,-3.32328,1.19207,0.360495,0.296625,-0.974928,0.744558,0.342078,-0.420493
01324189,1523964236735,-10.2368,1.23606,3.33464,0.406071,0.72698,0.278981,0.718852,-0.32592,-0.447213
01324188,1523964236735,-10.7262,1.88627,-2.2548,-1.89176,-0.901227,-1.11678,0.729787,-0.53589,0.0820788
01324185,1523964236735,-10.3614,-0.687812,1.07026,0.365299,0.0928312,-0.470515,0.85432,0.291461,-0.32462
01324181,1523964236735,-9.94649,-0.0842504,3.12612,-0.30777,0.190972,-0.163121,0.837514,0.376776,-0.167432
01324180,1523964236735,-10.0854,-3.43433,1.33369,0.446346,0.342024,-1.03909,0.742434,0.35021,-0.416923
01324189,1523964236751,-10.6485,1.05726,2.08933,-0.109937,0.767541,0.197279,0.726676,-0.329532,-0.437969
01324188,1523964236751,-11.5437,0.468037,-1.75424,-2.29294,-0.822022,-1.11697,0.739511,-0.525401,0.0505798
01324185,1523964236751,-10.4821,-0.653478,0.934351,0.388273,0.0499623,-0.507658,0.852012,0.295964,-0.324917
01324181,1523964236751,-9.77948,0.0196154,3.13244,-0.345286,0.148828,-0.142734,0.837471,0.377988,-0.164403
01324180,1523964236751,-10.2384,-3.21172,1.34309,0.501024,0.345718,-1.08083,0.737773,0.358546,-0.415607
01324189,1523964236768,-10.7971,0.286477,1.52018,-0.836573,0.82494,0.0757148,0.730123,-0.32499,-0.431419
01324188,1523964236768,-11.6508,-1.02787,-0.859027,-2.11454,-0.694559,-1.01964,0.750034,-0.512898,0.0224269
01324185,1523964236768,-10.5446,-0.518315,0.872549,0.412143,0.0266766,-0.523683,0.849836,0.298743,-0.327027
01324181,1523964236768,-9.67328,-0.00582651,3.14569,-0.370235,0.136508,-0.136752,0.836059,0.381768,-0.162475
01324180,1523964236768,-10.2044,-3.17359,1.19862,0.446876,0.391786,-1.15645,0.733889,0.368453,-0.412651
01324189,1523964236785,-10.7055,-1.14275,1.2014,-1.44126,0.851704,-0.0471951,0.738471,-0.317136,-0.427173
01324188,1523964236785,-11.5002,-2.15466,-0.479366,-1.27323,-0.566437,-0.871702,0.758935,-0.501278,-0.00495324
01324185,1523964236785,-10.4192,-0.497455,0.842701,0.422526,-0.0315674,-0.526751,0.848874,0.304881,-0.330218
01324181,1523964236785,-9.69354,-0.10797,3.15476,-0.404095,0.138442,-0.125404,0.83652,0.383325,-0.156403
01324180,1523964236785,-10.0854,-3.32482,1.0201,0.456176,0.448969,-1.20704,0.727838,0.381753,-0.413106
01324189,1523964236801,-10.4035,-2.7324,1.62146,-1.77968,0.848999,-0.167409,0.745992,-0.304381,-0.424884
01324188,1523964236801,-10.7258,-1.96437,-0.862558,-0.142352,-0.488297,-0.688643,0.765666,-0.491913,-0.0145464
01324185,1523964236801,-10.3759,-0.548291,0.83652,0.415465,-0.054404,-0.527456,0.844934,0.310185,-0.332869
01324181,1523964236801,-9.50283,-0.125176,3.2191,-0.421855,0.113452,-0.13509,0.835083,0.386887,-0.151416
01324180,1523964236801,-10.0465,-3.30646,0.92391,0.537647,0.465694,-1.23807,0.723134,0.392832,-0.409844
01324189,1523964236818,-9.54153,-3.38004,1.98418,-1.67943,0.789016,-0.234635,0.753384,-0.290049,-0.42432
01324188,1523964236818,-9.72374,-0.33519,-1.63119,0.551966,-0.431255,-0.58846,0.769288,-0.485381,-0.0153947
01324185,1523964236818,-10.1015,-0.713754,0.802209,0.458101,-0.0826769,-0.498464,0.841939,0.314192,-0.337077
01324181,1523964236818,-9.13845,-0.0674715,3.19376,-0.439627,0.0964967,-0.138727,0.835412,0.390384,-0.148305
01324180,1523964236818,-9.93329,-3.07049,0.877974,0.581642,0.471728,-1.2676,0.717671,0.402948,-0.413072
01324189,1523964236835,-8.95545,-2.74788,2.25432,-1.16446,0.779213,-0.257884,0.760486,-0.278712,-0.420031
01324188,1523964236835,-9.44367,1.56595,-1.94423,0.513419,-0.419189,-0.588605,0.774806,-0.478307,-0.0160982
01324185,1523964236835,-9.89418,-0.681443,0.686243,0.467973,-0.09853,-0.493316,0.84003,0.319203,-0.340255
01324181,1523964236835,-8.73354,-0.164569,3.18131,-0.439557,0.143267,-0.140135,0.836276,0.394021,-0.144937
01324180,1523964236835,-9.60558,-3.31716,0.826648,0.715887,0.473008,-1.22116,0.713245,0.414328,-0.412374
01324189,1523964236851,-9.65471,-1.79139,2.55923,-0.577796,0.735355,-0.251267,0.768007,-0.270831,-0.414705
01324188,1523964236851,-10.1589,3.69126,-2.06863,-0.0361563,-0.379547,-0.56909,0.779374,-0.470775,-0.0199915
01324185,1523964236851,-9.62898,-0.649486,0.577507,0.470295,-0.144166,-0.479478,0.836759,0.32445,-0.345911
01324181,1523964236851,-8.94191,-0.261818,3.38469,-0.411217,0.156061,-0.12281,0.836057,0.39616,-0.138871
01324180,1523964236851,-9.41009,-3.08254,0.771841,0.815889,0.464823,-1.23112,0.707143,0.420819,-0.41337
01324189,1523964236868,-10.641,-1.31092,2.5704,-0.0986173,0.623515,-0.299911,0.775245,-0.265662,-0.406589
01324188,1523964236868,-10.2462,2.29943,-1.58845,-0.466932,-0.336962,-0.573315,0.783395,-0.462407,-0.025979
01324185,1523964236868,-9.44371,-0.727795,0.458769,0.48584,-0.163723,-0.486212,0.83214,0.324631,-0.351254
01324181,1523964236868,-9.33629,-0.239802,3.39382,-0.390695,0.155901,-0.136571,0.834334,0.401847,-0.134987
01324180,1523964236868,-9.13782,-3.13594,0.643696,0.894303,0.450104,-1.18157,0.702887,0.427828,-0.409521
01324189,1523964236885,-11.0199,-0.870583,2.694,0.281579,0.490133,-0.348072,0.778426,-0.262406,-0.399912
01324188,1523964236885,-10.1209,0.870581,-1.09996,-0.35719,-0.283525,-0.626793,0.787421,-0.454348,-0.0346778
01324185,1523964236885,-9.60075,-0.741371,0.341887,0.474982,-0.193843,-0.513186,0.829143,0.328766,-0.356117
01324181,1523964236885,-9.55869,-0.17204,3.35005,-0.387199,0.086955,-0.137133,0.834262,0.405343,-0.132138
01324180,1523964236885,-9.18072,-2.95144,0.496862,0.872789,0.431155,-1.11146,0.695315,0.434056,-0.410635
01324189,1523964236901,-10.7046,-0.582119,2.84814,0.611387,0.341569,-0.400947,0.782839,-0.261193,-0.392731
01324188,1523964236901,-9.94441,0.205896,-0.960538,0.110085,-0.206191,-0.654564,0.792939,-0.446819,-0.0388523
01324185,1523964236901,-9.6833,-0.784396,0.125065,0.448306,-0.172702,-0.540486,0.825467,0.334158,-0.361513
01324181,1523964236901,-9.7667,-0.0168597,3.41819,-0.384669,0.0501144,-0.123636,0.834454,0.408016,-0.127547
01324180,1523964236901,-9.31481,-3.03946,0.453983,0.85269,0.411497,-1.00797,0.692045,0.439048,-0.411567
01324189,1523964236918,-9.97412,-0.492505,2.14605,0.854044,0.258434,-0.450771,0.786424,-0.260382,-0.384072
01324188,1523964236918,-10.0151,0.690884,-1.32056,0.494518,-0.131251,-0.638743,0.79777,-0.438445,-0.0390622
01324185,1523964236918,-9.83818,-0.846194,-0.0520721,0.435996,-0.155375,-0.581369,0.821792,0.339986,-0.366259
01324181,1523964236918,-9.6481,-0.0540971,3.20232,-0.356215,0.0130253,-0.120629,0.83415,0.409487,-0.125849
01324180,1523964236918,-9.46581,-3.09532,0.316858,0.815608,0.333424,-0.877742,0.687179,0.442906,-0.412229
01324189,1523964236935,-9.46854,-0.368738,0.982544,0.856139,0.238167,-0.530802,0.791398,-0.259622,-0.378238
01324188,1523964236935,-9.86975,0.719408,-2.0343,0.551172,-0.105919,-0.590254,0.801924,-0.430849,-0.0348707
01324185,1523964236935,-9.9883,-0.893626,-0.282941,0.400323,-0.112864,-0.593473,0.818114,0.346216,-0.372055
01324181,1523964236935,-9.33059,-0.120646,3.138,-0.342054,0.00619299,-0.105291,0.834622,0.413381,-0.124075
01324180,1523964236935,-9.39051,-3.24741,0.171747,0.771341,0.245061,-0.717812,0.684754,0.445875,-0.416725
01324189,1523964236951,-9.18167,0.0260148,-0.111301,0.65776,0.259012,-0.519143,0.795263,-0.255669,-0.372367
01324188,1523964236951,-9.37204,0.62202,-2.16244,0.415093,-0.103105,-0.587534,0.807569,-0.422817,-0.0312089
01324185,1523964236951,-9.91892,-1.02898,-0.379146,0.35759,-0.055794,-0.566589,0.815392,0.350524,-0.375223
01324181,1523964236951,-9.07002,-0.144311,3.21016,-0.302874,0.0539498,-0.105925,0.832597,0.412453,-0.122043
01324180,1523964236951,-9.21644,-3.19333,0.0432338,0.758672,0.158756,-0.56731,0.682602,0.449138,-0.42284
01324189,1523964236968,-9.21702,0.159895,-0.319777,0.34176,0.315845,-0.479437,0.79994,-0.252595,-0.365441
01324188,1523964236968,-9.27463,0.157493,-1.98571,0.209377,-0.100002,-0.574719,0.810625,-0.412703,-0.0306147
01324185,1523964236968,-9.7141,-1.11209,-0.357944,0.383073,0.00602742,-0.527937,0.81118,0.356956,-0.377883
01324181,1523964236968,-9.11315,-0.149679,3.21723,-0.279638,0.0855561,-0.120366,0.833226,0.414626,-0.120368
01324180,1523964236968,-8.99611,-2.99672,-0.0429586,0.67599,0.0892713,-0.438207,0.678868,0.449227,-0.426699
01324189,1523964236985,-9.44549,-0.0625335,-0.136737,0.071355,0.276496,-0.439352,0.802995,-0.248624,-0.360229
01324188,1523964236985,-9.35302,-0.135836,-2.06426,0.11165,-0.0896844,-0.577046,0.81398,-0.406704,-0.0324351
01324185,1523964236985,-9.52616,-1.20953,-0.31646,0.434741,0.0309539,-0.453353,0.808602,0.356077,-0.379695
01324181,1523964236985,-9.25142,-0.243502,3.21331,-0.251203,0.0963557,-0.113422,0.833141,0.41732,-0.114979
01324180,1523964236985,-8.75573,-2.86299,-0.0954649,0.568989,0.00832554,-0.311117,0.676056,0.448986,-0.426528
01324189,1523964237001,-9.54457,-0.512396,0.0170343,-0.0751685,0.221969,-0.433496,0.805931,-0.243797,-0.357282
01324188,1523964237001,-9.51935,-0.000266637,-2.05457,-0.0242547,-0.0756943,-0.534484,0.818002,-0.399036,-0.0328136
01324185,1523964237001,-9.41053,-1.26803,-0.303824,0.502217,0.0625667,-0.399226,0.807105,0.358012,-0.381668
01324181,1523964237001,-9.36317,-0.409931,3.37518,-0.188024,0.0927731,-0.122224,0.833089,0.419661,-0.112637
01324180,1523964237001,-8.62786,-2.82242,-0.137497,0.466915,-0.0480097,-0.186458,0.674231,0.447317,-0.432746
01324189,1523964237018,-9.67729,-0.764217,0.108499,-0.103896,0.167909,-0.45123,0.808991,-0.235815,-0.355113
01324188,1523964237018,-9.55748,0.151784,-2.05565,-0.0556498,-0.0707622,-0.53023,0.821223,-0.393117,-0.0359832
01324185,1523964237018,-9.38135,-1.20798,-0.269295,0.56094,0.104841,-0.343439,0.80425,0.36077,-0.38482
01324181,1523964237018,-9.35953,-0.443715,3.2068,-0.145999,0.056728,-0.160594,0.832646,0.422258,-0.111889
01324180,1523964237018,-8.63452,-2.87087,-0.128161,0.357796,-0.112585,-0.0460691,0.673479,0.444747,-0.437108
01324189,1523964237035,-9.6963,-0.931626,0.395606,-0.0670751,0.137376,-0.441267,0.813322,-0.231042,-0.35566
01324188,1523964237035,-9.58237,-0.0347809,-1.91178,-0.0921026,-0.0639215,-0.496773,0.824019,-0.384665,-0.0371049
01324185,1523964237035,-9.42943,-1.19078,-0.211608,0.585173,0.152869,-0.272326,0.805324,0.361837,-0.387969
01324181,1523964237035,-9.34184,-0.525979,3.18917,-0.0657865,-0.00574002,-0.196725,0.830836,0.426309,-0.110893
01324180,1523964237035,-8.69613,-2.97069,-0.117226,0.311511,-0.152064,0.0781892,0.674364,0.439978,-0.442077
01324189,1523964237051,-9.73796,-0.963443,0.683376,-0.0428885,0.112115,-0.460672,0.814906,-0.224177,-0.354821
01324188,1523964237051,-9.55986,-0.49363,-1.81875,0.038804,-0.0420059,-0.47792,0.829266,-0.377757,-0.037277
01324185,1523964237051,-9.50661,-1.19751,-0.198529,0.583968,0.171009,-0.219695,0.804508,0.360393,-0.389781
01324181,1523964237051,-9.22659,-0.543994,3.15161,-0.0310101,-0.0396632,-0.215258,0.830294,0.427157,-0.111702
01324180,1523964237051,-8.71492,-3.02686,-0.0766317,0.272463,-0.192894,0.183144,0.673105,0.435247,-0.447015
01324189,1523964237068,-9.7864,-1.20059,0.746829,0.0057325,0.0763085,-0.41423,0.817694,-0.217478,-0.351858
01324188,1523964237068,-9.4625,-0.313,-1.8404,0.125926,-0.040815,-0.496773,0.830859,-0.372101,-0.037347
01324185,1523964237068,-9.58854,-1.2186,-0.126867,0.58775,0.192548,-0.173895,0.805864,0.358841,-0.389902
01324181,1523964237068,-9.09053,-0.469601,3.15106,0.0216751,-0.0438255,-0.251706,0.828642,0.430876,-0.112691
01324180,1523964237068,-8.72254,-3.02278,-0.0138455,0.23216,-0.203862,0.284795,0.673839,0.430901,-0.449543
01324189,1523964237085,-9.81289,-1.44861,0.649277,0.0712025,0.0376598,-0.403271,0.818863,-0.211029,-0.350081
01324188,1523964237085,-9.64115,-0.246747,-1.9118,0.105145,-0.044591,-0.458043,0.83488,-0.36425,-0.0385216
01324185,1523964237085,-9.5352,-1.19476,-0.0226357,0.550558,0.190123,-0.0990112,0.804918,0.357156,-0.389621
01324181,1523964237085,-9.02992,-0.352397,3.10814,0.0874601,-0.0542691,-0.246865,0.827258,0.433898,-0.11274
01324180,1523964237085,-8.68217,-2.98671,0.0447512,0.172755,-0.211006,0.367009,0.675814,0.42393,-0.452953
01324189,1523964237101,-9.75509,-1.26996,0.536864,0.217055,0.00157239,-0.415168,0.820061,-0.207893,-0.349267
01324188,1523964237101,-9.45605,0.144693,-1.78203,0.164409,-0.0232743,-0.46447,0.837956,-0.35735,-0.0377249
01324185,1523964237101,-9.37587,-1.16683,0.0139301,0.528219,0.169743,-0.0461639,0.807216,0.355691,-0.392489
01324181,1523964237101,-8.9791,-0.213481,3.07441,0.123052,-0.0613712,-0.250517,0.825358,0.437851,-0.116256
01324180,1523964237101,-8.56146,-2.99823,0.128039,0.142118,-0.194874,0.429317,0.676585,0.416981,-0.456615
01324189,1523964237118,-9.86313,-1.13241,0.830907,0.363335,-0.0499316,-0.406562,0.822498,-0.202359,-0.351391
01324188,1523964237118,-9.48493,0.187601,-1.69556,0.0762447,-0.0019429,-0.477236,0.839142,-0.351895,-0.0364565
01324185,1523964237118,-9.17774,-1.07172,0.0529973,0.531869,0.156082,-0.00190275,0.806675,0.351586,-0.393492
01324181,1523964237118,-8.99074,-0.0510714,3.07606,0.169094,-0.0633189,-0.216221,0.823438,0.441432,-0.11724
01324180,1523964237118,-8.45254,-3.02664,0.196619,0.117812,-0.180116,0.474072,0.680311,0.410136,-0.462208
01324189,1523964237135,-9.96142,-1.23572,0.688537,0.46948,-0.126992,-0.410487,0.823299,-0.200652,-0.350852
01324188,1523964237135,-9.55545,-0.609622,-1.78404,0.106798,0.0334791,-0.455382,0.842354,-0.344991,-0.0357959
01324185,1523964237135,-9.06181,-0.985802,0.00832895,0.54278,0.124786,0.0475849,0.80762,0.347732,-0.396071
01324181,1523964237135,-9.00754,0.084649,3.00573,0.197334,-0.0900454,-0.181217,0.823307,0.443785,-0.120873
01324180,1523964237135,-8.35803,-3.05496,0.240889,0.146382,-0.173452,0.49537,0.682552,0.402863,-0.464412
01324189,1523964237151,-9.71427,-1.56528,0.55015,0.474921,-0.178908,-0.406863,0.823405,-0.197916,-0.349494
01324188,1523964237151,-9.47837,-0.667263,-1.50976,0.159929,0.105013,-0.457764,0.844888,-0.338302,-0.0333905
01324185,1523964237151,-8.89281,-0.847323,-0.116795,0.542817,0.0829779,0.0903359,0.809649,0.344155,-0.398917
01324181,1523964237151,-8.8653,0.154357,2.88938,0.21666,-0.110498,-0.139268,0.821409,0.446344,-0.122766
01324180,1523964237151,-8.21389,-2.99083,0.271651,0.1951,-0.166675,0.51505,0.685616,0.397656,-0.475364
01324189,1523964237168,-9.61671,-1.80739,0.825582,0.502973,-0.28968,-0.416347,0.823954,-0.195639,-0.351355
01324188,1523964237168,-9.37779,-0.913139,-1.22434,0.176661,0.136445,-0.427195,0.847023,-0.33306,-0.0310705
01324185,1523964237168,-8.66569,-0.641763,-0.211128,0.554422,0.0377792,0.156894,0.810602,0.337242,-0.399376
01324181,1523964237168,-8.83978,0.0915202,2.9632,0.228861,-0.138963,-0.101627,0.821169,0.447114,-0.126897
01324180,1523964237168,-8.04107,-2.8774,0.237708,0.203869,-0.157594,0.501092,0.687192,0.390107,-0.477834
01324189,1523964237185,-9.46172,-2.29985,1.27724,0.543293,-0.387618,-0.424043,0.824245,-0.192502,-0.355212
01324188,1523964237185,-9.30552,-0.976862,-1.11363,0.142682,0.195771,-0.400214,0.848609,-0.326696,-0.0275968
01324185,1523964237185,-8.54968,-0.483682,-0.32448,0.505282,-2.34353e-05,0.201386,0.81209,0.332681,-0.402081
01324181,1523964237185,-8.68979,0.0835152,3.05367,0.227641,-0.18673,-0.0538058,0.82012,0.447899,-0.130886
01324180,1523964237185,-7.97214,-2.75994,0.164104,0.193195,-0.139901,0.492371,0.690755,0.384258,-0.479894
01324189,1523964237201,-9.50045,-2.61075,1.81257,0.628499,-0.551606,-0.461636,0.822516,-0.190182,-0.360791
01324188,1523964237201,-9.3252,-1.05328,-0.862494,0.133035,0.305956,-0.379604,0.850465,-0.32042,-0.0223822
01324185,1523964237201,-8.50607,-0.35402,-0.412603,0.45623,-0.0307782,0.24755,0.814927,0.326661,-0.407389
01324181,1523964237201,-8.46056,0.129977,2.95523,0.210595,-0.195134,-0.0263073,0.820609,0.445476,-0.136684
01324180,1523964237201,-8.0382,-2.6729,0.0769305,0.144195,-0.139981,0.489459,0.693134,0.374634,-0.477151
01324189,1523964237218,-9.33037,-2.64864,1.83182,0.665084,-0.717779,-0.483446,0.817513,-0.187199,-0.365792
01324188,1523964237218,-9.3944,-0.835183,-1.33081,0.0927264,0.387992,-0.354208,0.852477,-0.317265,-0.0189799
01324185,1523964237218,-8.56854,-0.233297,-0.466977,0.364431,-0.0440506,0.240944,0.816148,0.319009,-0.40967
01324181,1523964237218,-8.31319,0.238493,2.92512,0.173046,-0.166204,0.0119374,0.819942,0.446445,-0.138556
01324180,1523964237218,-8.10099,-2.65849,0.0135585,0.0654257,-0.145613,0.495094,0.694822,0.369115,-0.480257
01324189,1523964237235,-9.21181,-2.2824,1.8163,0.590836,-0.831027,-0.520826,0.817169,-0.184355,-0.374191
01324188,1523964237235,-9.40681,-0.944224,-1.59445,0.0229229,0.45867,-0.313193,0.854069,-0.312423,-0.0110253
01324185,1523964237235,-8.64077,-0.179889,-0.478992,0.250386,-0.0552216,0.24796,0.817094,0.314589,-0.412374
01324181,1523964237235,-8.46308,0.355546,2.98953,0.130215,-0.146351,0.0346805,0.820402,0.444922,-0.142513
01324180,1523964237235,-8.21212,-2.63961,-0.0695958,-0.01236,-0.169023,0.513809,0.697989,0.363574,-0.484061
01324189,1523964237251,-8.99945,-1.26632,1.20213,0.530209,-0.88409,-0.547646,0.811548,-0.18282,-0.384814
01324188,1523964237251,-9.36977,-1.43795,-2.04269,0.146744,0.474956,-0.287358,0.854306,-0.307786,-0.00441252
01324185,1523964237251,-8.72261,-0.123998,-0.473637,0.155816,-0.0352482,0.217338,0.818989,0.312307,-0.413796
01324181,1523964237251,-8.76487,0.407628,3.17014,0.120974,-0.168375,0.08372,0.821269,0.442689,-0.145929
01324180,1523964237251,-8.42073,-2.59864,-0.0665738,-0.102149,-0.188459,0.506128,0.700453,0.360065,-0.486328
01324189,1523964237268,-9.19648,-0.600564,0.934073,0.395714,-0.817028,-0.505551,0.808335,-0.176453,-0.394089
01324188,1523964237268,-9.20247,-0.690236,-2.8642,0.268445,0.466796,-0.325544,0.857245,-0.301338,0.0029527
01324185,1523964237268,-8.92509,-0.091423,-0.458025,0.0551112,-0.0467397,0.207361,0.819806,0.307089,-0.414009
01324181,1523964237268,-9.03839,0.447976,3.27629,0.156201,-0.248822,0.126933,0.82269,0.44,-0.15027
01324180,1523964237268,-8.67166,-2.63749,-0.0958224,-0.217689,-0.196059,0.515941,0.700504,0.355715,-0.486146
01324189,1523964237285,-9.64539,-0.723621,0.32231,0.132734,-0.719172,-0.396368,0.805276,-0.171534,-0.404447
01324188,1523964237285,-9.59364,-0.580569,-3.1726,0.0121541,0.406749,-0.301462,0.855583,-0.296853,0.0103874
01324185,1523964237285,-9.31093,-0.0793709,-0.436778,-0.0496829,-0.00550665,0.183485,0.820355,0.303032,-0.412535
01324181,1523964237285,-9.30873,0.332985,3.51102,0.182623,-0.274613,0.161186,0.82195,0.43819,-0.155005
01324180,1523964237285,-9.04848,-2.67808,-0.0997244,-0.315634,-0.208835,0.524977,0.701895,0.351636,-0.486788
01324189,1523964237301,-10.173,-1.65177,0.276955,-0.14169,-0.612511,-0.319191,0.800313,-0.167568,-0.414255
01324188,1523964237301,-9.74593,-1.25946,-3.24467,-0.0601309,0.379019,-0.289871,0.858686,-0.29448,0.0145347
01324185,1523964237301,-9.79335,-0.138903,-0.366986,-0.187122,0.0423529,0.176634,0.820897,0.30246,-0.412923
01324181,1523964237301,-9.38914,0.249525,3.53867,0.212626,-0.289759,0.199776,0.822578,0.435476,-0.160931
01324180,1523964237301,-9.4591,-2.71643,-0.125696,-0.415834,-0.191951,0.541248,0.704873,0.348973,-0.48648
01324189,1523964237318,-10.2324,-2.58634,-0.218481,-0.182281,-0.580183,-0.305156,0.796963,-0.163492,-0.422076
01324188,1523964237318,-9.62265,-1.93993,-3.23464,-0.0728304,0.313554,-0.237534,0.858518,-0.289874,0.0188626
01324185,1523964237318,-10.2566,-0.208218,-0.331884,-0.354161,0.0958568,0.176579,0.82388,0.303473,-0.411506
01324181,1523964237318,-9.42203,0.302386,3.68959,0.159195,-0.25689,0.210578,0.824562,0.430918,-0.165372
01324180,1523964237318,-9.83542,-2.79569,-0.124971,-0.505288,-0.187191,0.551331,0.706242,0.348689,-0.491637
01324189,1523964237335,-9.909,-2.71423,-0.0192085,0.0197957,-0.510724,-0.329543,0.795655,-0.159469,-0.429919
01324188,1523964237335,-9.55859,-2.289,-3.34749,0.0932378,0.265326,-0.173183,0.858635,-0.287426,0.0225136
01324185,1523964237335,-10.6813,-0.277792,-0.317841,-0.499654,0.125482,0.18685,0.825517,0.303132,-0.407197
01324181,1523964237335,-9.44211,0.430666,3.76911,0.0934036,-0.213672,0.208568,0.82692,0.428641,-0.169865
01324180,1523964237335,-10.1943,-2.92839,-0.0736169,-0.572311,-0.172208,0.579192,0.708278,0.34589,-0.490102
01324189,1523964237351,-9.94335,-2.4423,0.0695822,0.199448,-0.473742,-0.33789,0.792145,-0.15681,-0.434405
01324188,1523964237351,-9.53281,-1.86495,-3.66439,0.248756,0.178905,-0.126166,0.860248,-0.285464,0.0266539
01324185,1523964237351,-10.9422,-0.425469,-0.343972,-0.596714,0.133738,0.218432,0.829186,0.304214,-0.402126
01324181,1523964237351,-9.61012,0.654248,3.83861,0.0434842,-0.147816,0.232586,0.827406,0.424141,-0.172565
01324180,1523964237351,-10.4667,-3.029,0.00776079,-0.607195,-0.17574,0.573708,0.711361,0.344661,-0.487472
01324189,1523964237368,-10.0341,-2.09697,-0.0255884,0.227594,-0.366151,-0.350422,0.790256,-0.15046,-0.439951
01324188,1523964237368,-9.55797,-1.49113,-4.01173,0.264857,0.0463573,-0.0682245,0.861597,-0.284413,0.028587
01324185,1523964237368,-11.0585,-0.581257,-0.356805,-0.609835,0.134046,0.238884,0.831499,0.307694,-0.396941
01324181,1523964237368,-9.83505,0.879517,3.98983,-0.011774,-0.100617,0.251304,0.829075,0.421495,-0.174785
01324180,1523964237368,-10.6024,-3.04099,0.0788761,-0.631891,-0.169039,0.584176,0.713759,0.343718,-0.482394
01324189,1523964237385,-10.4221,-1.67827,0.124874,0.224488,-0.229556,-0.297309,0.788902,-0.148134,-0.442057
01324188,1523964237385,-9.69726,-1.24797,-4.23185,0.224865,-0.064759,-0.0723983,0.86051,-0.284263,0.0288792
01324185,1523964237385,-11.0683,-0.660639,-0.345861,-0.535439,0.137161,0.270253,0.833682,0.307532,-0.390677
01324181,1523964237385,-10.1208,1.01668,4.20272,-0.0458239,-0.0795572,0.288715,0.830194,0.418605,-0.1754
01324180,1523964237385,-10.6644,-3.11431,0.0947861,-0.651312,-0.144219,0.56664,0.716944,0.345093,-0.479443
01324189,1523964237401,-10.6862,-1.39119,0.414326,0.209471,-0.110095,-0.233563,0.789726,-0.147729,-0.443133
01324188,1523964237401,-9.82206,-0.983093,-4.11535,0.171983,-0.17537,-0.0536472,0.861176,-0.282234,0.0288631
01324185,1523964237401,-11.1645,-0.570924,-0.311125,-0.428198,0.134548,0.289731,0.836126,0.30658,-0.388847
01324181,1523964237401,-10.2866,1.06319,4.26356,-0.0797377,-0.0686164,0.307056,0.833342,0.41497,-0.176154
01324180,1523964237401,-10.8372,-3.21532,0.0949608,-0.64988,-0.119595,0.563319,0.719266,0.342018,-0.481024
01324189,1523964237418,-10.5298,-1.47947,0.808504,0.144136,-0.0109185,-0.175352,0.788644,-0.146988,-0.444318
01324188,1523964237418,-9.88023,-0.995013,-3.75621,0.150563,-0.292565,-0.0409332,0.860633,-0.281733,0.0245943
01324185,1523964237418,-11.3808,-0.287928,-0.365431,-0.384644,0.160466,0.281905,0.838039,0.305849,-0.382837
01324181,1523964237418,-10.1765,1.04271,4.19704,-0.111859,-0.0647634,0.327851,0.835792,0.412648,-0.176131
01324180,1523964237418,-11.0926,-3.29805,0.101681,-0.602204,-0.127613,0.535469,0.721815,0.341094,-0.479459
01324189,1523964237435,-10.0866,-1.55412,0.935509,0.137642,0.0650746,-0.134729,0.789172,-0.144986,-0.443773
01324188,1523964237435,-9.72155,-1.2105,-3.36322,0.175332,-0.371696,-0.0239068,0.860908,-0.281876,0.0213517
01324185,1523964237435,-11.573,0.00219561,-0.36019,-0.464325,0.176972,0.271719,0.840075,0.305315,-0.381271
01324181,1523964237435,-10.0605,0.973746,4.17012,-0.161725,-0.0380321,0.343736,0.837734,0.408046,-0.176055
01324180,1523964237435,-11.2372,-3.33845,0.109714,-0.552529,-0.100821,0.520168,0.724654,0.33828,-0.477802
01324189,1523964237451,-9.70379,-1.57672,0.934543,0.167439,0.116497,-0.109922,0.791885,-0.146487,-0.442078
01324188,1523964237451,-9.55279,-1.32593,-3.14931,0.276742,-0.43639,-0.0132771,0.864296,-0.280601,0.0146593
01324185,1523964237451,-11.6109,0.238371,-0.375553,-0.611724,0.193947,0.24116,0.844158,0.303187,-0.374602
01324181,1523964237451,-9.7579,0.890101,4.02876,-0.20251,0.0236282,0.337438,0.839021,0.40119,-0.174863
01324180,1523964237451,-11.1656,-3.28507,0.163877,-0.499178,-0.0773376,0.494293,0.726816,0.336057,-0.476123
01324189,1523964237468,-9.57528,-1.88598,0.975681,0.0981333,0.194907,-0.0881097,0.793756,-0.146806,-0.438357
01324188,1523964237468,-9.5289,-1.40108,-3.10309,0.30835,-0.492969,0.00579403,0.864031,-0.28107,0.0092496
01324185,1523964237468,-11.4227,0.266097,-0.369338,-0.796537,0.178112,0.238872,0.846748,0.30274,-0.368467
01324181,1523964237468,-9.62175,0.794638,4.06527,-0.234375,0.0851555,0.320812,0.842433,0.396311,-0.173469
01324180,1523964237468,-10.9562,-3.05659,0.24935,-0.502253,-0.0640173,0.439869,0.728261,0.336879,-0.472346
01324189,1523964237485,-9.5052,-2.21267,0.98845,0.0603737,0.243672,-0.0527984,0.797273,-0.145311,-0.437182
01324188,1523964237485,-9.64076,-1.56633,-2.85765,0.282431,-0.556201,0.017298,0.863492,-0.280758,0.00281542
01324185,1523964237485,-11.1432,0.136805,-0.30961,-0.980943,0.146298,0.224762,0.849611,0.306571,-0.35963
01324181,1523964237485,-9.58022,0.673898,3.97608,-0.225385,0.145226,0.31786,0.845243,0.395198,-0.170288
01324180,1523964237485,-10.6256,-2.84616,0.350406,-0.577238,-0.0260399,0.365791,0.732374,0.337343,-0.465241
01324189,1523964237501,-9.46389,-2.34262,0.773322,0.0828989,0.29692,-0.0483894,0.796691,-0.14542,-0.433163
01324188,1523964237501,-9.61958,-1.72572,-2.8323,0.26876,-0.6257,0.0483107,0.86459,-0.282077,-0.00360669
01324185,1523964237501,-10.8444,-0.0407432,-0.230798,-1.10292,0.105267,0.230199,0.852472,0.308959,-0.352609
01324181,1523964237501,-9.52424,0.519398,3.84416,-0.235883,0.172219,0.297444,0.847655,0.392964,-0.166282
01324180,1523964237501,-10.2986,-2.72735,0.436425,-0.669904,0.0196564,0.296907,0.733947,0.338154,-0.460116
01324189,1523964237518,-9.50058,-2.32485,0.588931,0.0776342,0.353938,-0.0396247,0.80074,-0.14766,-0.428413
01324188,1523964237518,-9.54407,-1.56678,-2.84396,0.178321,-0.669957,0.0914646,0.86379,-0.283446,-0.0113541
01324185,1523964237518,-10.5552,-0.17729,-0.139868,-1.18848,0.0710163,0.244059,0.853567,0.311886,-0.346892
01324181,1523964237518,-9.48983,0.413107,3.78363,-0.210882,0.193271,0.287207,0.849543,0.389457,-0.161979
01324180,1523964237518,-9.96961,-2.74817,0.48786,-0.748368,0.0595155,0.21573,0.736036,0.34099,-0.455769
01324189,1523964237535,-9.5953,-2.17112,0.471458,0.0583739,0.407664,-0.036221,0.805062,-0.147471,-0.425251
01324188,1523964237535,-9.50956,-1.37474,-2.74008,0.0791332,-0.720324,0.118552,0.863266,-0.285111,-0.022219
01324185,1523964237535,-10.2857,-0.414898,-0.114993,-1.24534,0.0454173,0.269744,0.85602,0.314833,-0.340136
01324181,1523964237535,-9.34721,0.050996,3.64175,-0.180394,0.205938,0.255334,0.853068,0.385738,-0.159814
01324180,1523964237535,-9.68903,-2.74485,0.485784,-0.811357,0.108847,0.147042,0.740012,0.34557,-0.457896
01324189,1523964237551,-9.59863,-1.79101,0.742591,0.0385954,0.442464,-0.0132528,0.809354,-0.14784,-0.418616
01324188,1523964237551,-9.61991,-1.11103,-2.46245,-0.00968348,-0.766414,0.11564,0.863699,-0.28813,-0.0325077
01324185,1523964237551,-10.0839,-0.681006,-0.120897,-1.28849,0.0319262,0.286848,0.859558,0.318075,-0.332603
01324181,1523964237551,-9.28702,-0.0914937,3.71732,-0.146396,0.16631,0.214375,0.854691,0.382363,-0.156174
01324180,1523964237551,-9.48935,-2.83896,0.475132,-0.84845,0.165703,0.101422,0.74097,0.352472,-0.45156
01324189,1523964237568,-9.56044,-1.31218,0.913536,-0.0105917,0.449936,0.0185418,0.812702,-0.147327,-0.413434
01324188,1523964237568,-9.61667,-0.857675,-2.14229,-0.068691,-0.817541,0.142984,0.863575,-0.288639,-0.0433054
01324185,1523964237568,-9.96878,-0.88883,-0.172213,-1.31407,0.0235474,0.303917,0.860931,0.318361,-0.325033
01324181,1523964237568,-9.04125,0.0959564,3.5221,-0.12135,0.144642,0.191611,0.857265,0.378537,-0.152934
01324180,1523964237568,-9.35629,-3.01591,0.463375,-0.82529,0.227924,0.0614903,0.744201,0.356827,-0.438017
01324189,1523964237585,-9.34756,-1.0537,1.0083,-0.104198,0.437949,0.0377535,0.815633,-0.145079,-0.408368
01324188,1523964237585,-9.44481,-0.775703,-1.88447,-0.112288,-0.827173,0.124899,0.862645,-0.290347,-0.0561869
01324185,1523964237585,-9.8538,-1.11835,-0.247566,-1.29589,0.00060614,0.31593,0.863114,0.322168,-0.3175
01324181,1523964237585,-9.01191,0.387491,3.45391,-0.142656,0.169293,0.18754,0.859963,0.377236,-0.151873
01324180,1523964237585,-9.19849,-3.26095,0.526408,-0.768535,0.258434,0.0338344,0.747566,0.363385,-0.429697
01324189,1523964237601,-9.35517,-1.20068,1.42185,-0.207852,0.434819,0.0729591,0.819928,-0.146453,-0.401473
01324188,1523964237601,-9.56622,-0.882687,-1.34348,-0.124411,-0.83316,0.107026,0.86253,-0.292044,-0.0696163
01324185,1523964237601,-9.64699,-1.28102,-0.327537,-1.18449,-0.0337777,0.328742,0.865567,0.32398,-0.311125
01324181,1523964237601,-8.93327,0.570446,3.37122,-0.132042,0.180142,0.200486,0.861571,0.373756,-0.146505
01324180,1523964237601,-9.06061,-3.44783,0.546062,-0.636406,0.267844,0.0241091,0.748009,0.369145,-0.424727
01324189,1523964237618,-9.26898,-1.44376,1.58062,-0.28564,0.409762,0.0922798,0.820701,-0.145448,-0.397595
01324188,1523964237618,-9.64922,-1.09123,-1.12916,-0.0877933,-0.823619,0.0932121,0.860121,-0.295742,-0.0830074
01324185,1523964237618,-9.37042,-1.49472,-0.434233,-0.999496,-0.0671655,0.334648,0.867474,0.323918,-0.30695
01324181,1523964237618,-8.89716,0.711636,3.31078,-0.114352,0.164524,0.215782,0.862089,0.373239,-0.143711
01324180,1523964237618,-8.91429,-3.53544,0.54701,-0.509342,0.25239,0.0300248,0.751727,0.370359,-0.420706
01324189,1523964237635,-9.22508,-1.93321,1.55445,-0.261206,0.342154,0.0800468,0.823665,-0.145798,-0.394288
01324188,1523964237635,-9.40599,-1.31729,-0.647691,0.0134106,-0.762651,0.0946101,0.8585,-0.2955,-0.0937394
01324185,1523964237635,-9.13675,-1.52035,-0.54588,-0.736858,-0.061112,0.307055,0.868978,0.323031,-0.301721
01324181,1523964237635,-9.01204,0.724777,3.37983,-0.0948164,0.12206,0.211932,0.863179,0.370694,-0.141677
01324180,1523964237635,-8.82678,-3.56077,0.52839,-0.366624,0.231414,0.0527332,0.754872,0.374482,-0.416484
01324189,1523964237651,-9.20138,-2.48508,1.6112,-0.183307,0.286049,0.03777,0.827169,-0.145443,-0.391116
01324188,1523964237651,-9.2975,-1.38658,-0.448162,0.142524,-0.713623,0.110207,0.859194,-0.296768,-0.104191
01324185,1523964237651,-8.96798,-1.47815,-0.640888,-0.475059,-0.0631721,0.260817,0.870876,0.322045,-0.301718
01324181,1523964237651,-8.82956,0.697868,3.32355,-0.0761364,0.0511472,0.203457,0.865214,0.368544,-0.140591
01324180,1523964237651,-8.70552,-3.55862,0.459497,-0.244639,0.203722,0.0576797,0.757005,0.375606,-0.416898
01324189,1523964237668,-9.15929,-2.72973,1.90207,-0.0879133,0.202175,0.000930425,0.829718,-0.144345,-0.38806
01324188,1523964237668,-9.41343,-1.33935,-0.243127,0.163547,-0.672352,0.137333,0.858386,-0.296995,-0.111463
01324185,1523964237668,-8.8758,-1.28613,-0.656514,-0.231635,-0.0493851,0.197502,0.873457,0.320111,-0.299618
01324181,1523964237668,-8.52071,0.740397,3.25227,-0.0796428,-0.0040081,0.189116,0.866052,0.365548,-0.13974
01324180,1523964237668,-8.59878,-3.55167,0.375988,-0.116515,0.147271,0.0993921,0.759143,0.374825,-0.413839
01324189,1523964237685,-9.19578,-2.68488,2.07798,0.0442333,0.121409,-0.0109054,0.831322,-0.143226,-0.385796
01324188,1523964237685,-9.42695,-1.04872,-0.0747917,0.172232,-0.617071,0.145066,0.85761,-0.301755,-0.121442
01324185,1523964237685,-8.76169,-1.03401,-0.639728,-0.0256627,-0.0323055,0.163117,0.873595,0.318431,-0.29908
01324181,1523964237685,-8.24089,0.855303,3.25668,-0.0839868,-0.041637,0.165448,0.868229,0.363519,-0.139588
01324180,1523964237685,-8.47406,-3.45808,0.33905,0.0165808,0.115474,0.136051,0.76129,0.374349,-0.41334
01324189,1523964237701,-9.383,-2.65776,2.54334,0.143384,0.0341516,-0.0263602,0.829834,-0.144912,-0.385659
01324188,1523964237701,-9.33854,-0.625571,0.401995,0.0675014,-0.535239,0.138161,0.853281,-0.30299,-0.127656
01324185,1523964237701,-8.55133,-0.87638,-0.601828,0.112771,-0.00572766,0.132128,0.873868,0.312203,-0.300588
01324181,1523964237701,-8.15264,1.04564,3.18357,-0.101819,-0.0610406,0.170462,0.870041,0.359185,-0.140446
01324180,1523964237701,-8.22462,-3.28583,0.306179,0.110993,0.0632556,0.134511,0.762101,0.371255,-0.407337
01324189,1523964237718,-9.727,-2.65989,3.3761,0.200169,-0.156165,-0.0488367,0.83041,-0.14781,-0.387159
01324188,1523964237718,-9.38498,-0.730164,0.906281,-0.0669096,-0.415498,0.136775,0.851137,-0.306402,-0.134841
01324185,1523964237718,-8.38445,-0.730531,-0.581356,0.260153,0.0128667,0.104592,0.875625,0.310748,-0.302932
01324181,1523964237718,-8.38488,1.13512,3.14414,-0.126708,-0.075298,0.164431,0.870458,0.358315,-0.140698
01324180,1523964237718,-8.11594,-3.09641,0.320364,0.16339,0.0216518,0.120506,0.762401,0.368642,-0.407529
01324189,1523964237735,-9.88036,-2.62183,3.67546,0.164167,-0.39231,-0.116006,0.829346,-0.147794,-0.389688
01324188,1523964237735,-9.35461,-1.01125,1.09149,-0.0794337,-0.283712,0.109825,0.853734,-0.308825,-0.140005
01324185,1523964237735,-8.33583,-0.608027,-0.565286,0.408054,0.0260699,0.0686119,0.875893,0.310301,-0.304235
01324181,1523964237735,-8.56642,1.09895,3.21612,-0.150965,-0.180992,0.186915,0.871285,0.357285,-0.141482
01324180,1523964237735,-8.11561,-2.93699,0.311576,0.176297,-0.00585914,0.0966978,0.765381,0.367157,-0.410438
01324189,1523964237751,-9.75042,-2.29132,3.42601,0.21574,-0.621741,-0.18296,0.827789,-0.147075,-0.397957
01324188,1523964237751,-9.51509,-1.27981,0.960414,0.082564,-0.16205,0.119335,0.851295,-0.308898,-0.143748
01324185,1523964237751,-8.45369,-0.508557,-0.541853,0.580071,0.0115929,0.0209135,0.876294,0.308268,-0.307352
01324181,1523964237751,-9.02358,1.04733,3.35184,-0.221253,-0.303428,0.165514,0.871355,0.354349,-0.144874
01324180,1523964237751,-8.21363,-2.81914,0.243594,0.182863,-0.0175386,0.0703343,0.766084,0.364392,-0.410504
01324189,1523964237768,-9.90779,-2.21547,3.29713,0.253181,-0.774995,-0.259816,0.823496,-0.143838,-0.406174
01324188,1523964237768,-9.93957,-1.02263,0.607624,0.152125,-0.051843,0.145735,0.850498,-0.311632,-0.144178
01324185,1523964237768,-8.80088,-0.443818,-0.566477,0.707122,0.0047384,-0.00972349,0.877374,0.305124,-0.309677
01324181,1523964237768,-9.85164,0.862544,3.73889,-0.214234,-0.404289,0.152785,0.870888,0.352667,-0.150146
01324180,1523964237768,-8.60825,-2.74748,0.104791,0.172832,-0.0327357,0.0438966,0.765969,0.363241,-0.411605
01324189,1523964237785,-9.65352,-2.29159,2.42172,0.202225,-0.883463,-0.303379,0.815724,-0.142834,-0.419184
01324188,1523964237785,-9.93929,-0.969773,0.287068,0.169219,0.0429603,0.129195,0.848348,-0.314999,-0.143016
01324185,1523964237785,-9.46664,-0.367579,-0.713458,0.840698,0.00472213,-0.052247,0.87642,0.300539,-0.313679
01324181,1523964237785,-9.8296,0.588711,3.67183,-0.130618,-0.570854,0.130414,0.869129,0.346991,-0.15572
01324180,1523964237785,-9.35708,-2.76898,-0.0645669,0.1323,-0.0585396,0.0181274,0.765214,0.360668,-0.415427
01324189,1523964237801,-9.36991,-2.21646,1.96732,0.164726,-0.902199,-0.307085,0.810653,-0.139739,-0.431272
01324188,1523964237801,-9.76073,-1.05788,0.380331,0.183009,0.162465,0.13771,0.847277,-0.31781,-0.138602
01324185,1523964237801,-10.2482,-0.309871,-0.850437,0.899177,0.0213839,-0.0828621,0.875462,0.298475,-0.318489
01324181,1523964237801,-9.27752,0.41354,3.35994,-0.119664,-0.61773,0.0884792,0.87124,0.346474,-0.164895
01324180,1523964237801,-10.0482,-2.77561,-0.206694,0.0904385,-0.0816479,0.0319208,0.764976,0.358945,-0.417348
01324189,1523964237818,-9.28491,-2.3068,2.44533,0.0584881,-0.959704,-0.278912,0.806807,-0.13682,-0.443375
01324188,1523964237818,-9.77086,-1.1878,0.34549,0.210632,0.279654,0.125912,0.847957,-0.318219,-0.136348
01324185,1523964237818,-10.7665,-0.215137,-0.834077,0.883977,0.0674067,-0.0685698,0.876127,0.296676,-0.324092
01324181,1523964237818,-8.61519,0.414186,3.24825,-0.111315,-0.553197,0.0457489,0.868729,0.347792,-0.171536
01324180,1523964237818,-10.3393,-2.69636,-0.262272,0.0400031,-0.106351,0.033272,0.765668,0.358223,-0.419939
01324189,1523964237835,-8.97108,-2.04542,3.15682,0.0392622,-1.09755,-0.253896,0.798896,-0.133804,-0.457304
01324188,1523964237835,-9.92862,-0.685677,0.342165,0.285558,0.329049,0.134008,0.848783,-0.320834,-0.1306
01324185,1523964237835,-10.6718,-0.121664,-0.657115,0.780118,0.111467,0.010331,0.875854,0.294674,-0.325639
01324181,1523964237835,-8.09754,0.520003,2.97423,-0.133273,-0.456501,0.0223778,0.868893,0.349111,-0.176479
01324180,1523964237835,-10.1137,-2.56347,-0.252089,-0.0510262,-0.101322,0.0274388,0.762449,0.358425,-0.419887
01324189,1523964237851,-8.9618,-1.53589,3.85403,-0.0290463,-1.24176,-0.253855,0.791688,-0.13139,-0.473118
01324188,1523964237851,-10.005,-0.424811,0.316329,0.259096,0.392636,0.0982189,0.848789,-0.322634,-0.12331
01324185,1523964237851,-10.1116,-0.146474,-0.280494,0.642975,0.168235,0.0916369,0.878837,0.287602,-0.327018
01324181,1523964237851,-7.96567,0.543401,2.9698,-0.156862,-0.328434,-0.030773,0.867491,0.347287,-0.182269
01324180,1523964237851,-9.49657,-2.42659,-0.182474,-0.138922,-0.066449,0.0173517,0.765247,0.359531,-0.419366
01324189,1523964237868,-8.82214,-1.22587,3.76503,-0.144086,-1.31488,-0.280789,0.777684,-0.126508,-0.491241
01324188,1523964237868,-10.1381,-1.18853,-0.397678,0.180312,0.373367,0.0638521,0.848393,-0.325285,-0.116337
01324185,1523964237868,-9.4502,-0.208047,0.0751898,0.546654,0.233314,0.160917,0.878704,0.284493,-0.32751
01324181,1523964237868,-8.24538,0.622571,2.98098,-0.22317,-0.207424,-0.0837521,0.865876,0.350227,-0.186165
01324180,1523964237868,-8.91784,-2.31435,-0.108535,-0.228834,-0.00507868,-0.00310963,0.765392,0.358954,-0.42019
01324189,1523964237885,-8.60713,-1.08581,3.28505,-0.249017,-1.19482,-0.296518,0.769931,-0.121499,-0.508633
01324188,1523964237885,-9.91435,-0.872714,-1.20608,0.171141,0.389399,0.0215191,0.850422,-0.325041,-0.109887
01324185,1523964237885,-9.09829,-0.364231,0.183049,0.477673,0.292239,0.170745,0.881149,0.279436,-0.326686
01324181,1523964237885,-9.03935,0.511058,3.25817,-0.240946,-0.219954,-0.0991025,0.864917,0.352639,-0.187666
01324180,1523964237885,-8.65694,-2.30705,-0.0527772,-0.346808,0.0543263,-0.0166836,0.764818,0.361124,-0.417708
01324189,1523964237901,-8.82595,-1.3279,3.12226,-0.479261,-0.980093,-0.319859,0.761569,-0.113144,-0.521444
01324188,1523964237901,-10.1601,-0.653538,-1.38906,0.155391,0.302691,-0.0149829,0.848116,-0.32547,-0.106116
01324185,1523964237901,-9.28223,-0.553338,0.134635,0.430232,0.309878,0.129907,0.882924,0.275141,-0.322862
01324181,1523964237901,-9.42687,0.341524,3.22996,-0.158973,-0.349714,-0.143468,0.864239,0.354606,-0.189692
01324180,1523964237901,-8.80461,-2.48765,-0.0310424,-0.435498,0.13641,-0.01756,0.765018,0.367506,-0.419203
01324189,1523964237918,-8.99914,-1.92343,3.27924,-0.646661,-0.803965,-0.342028,0.754847,-0.105552,-0.534414
01324188,1523964237918,-10.1215,-0.661529,-1.30024,0.206084,0.272968,-0.00964753,0.848665,-0.327234,-0.0997729
01324185,1523964237918,-9.7073,-0.572603,-0.128427,0.350926,0.285515,0.0860232,0.886186,0.271389,-0.320093
01324181,1523964237918,-9.56241,0.247704,3.25987,-0.13137,-0.463277,-0.166905,0.862475,0.360217,-0.195767
01324180,1523964237918,-9.05555,-2.90606,-0.00678833,-0.480444,0.202424,0.00367082,0.766028,0.370795,-0.414696
01324189,1523964237935,-9.24841,-2.68381,3.46375,-0.566831,-0.710638,-0.352536,0.749177,-0.0959634,-0.544972
01324188,1523964237935,-9.90854,-0.604813,-1.24707,0.186977,0.266992,0.00257607,0.848925,-0.326014,-0.0948545
01324185,1523964237935,-10.1621,-0.724318,-0.621783,0.213189,0.202147,0.0732081,0.888359,0.268596,-0.318767
01324181,1523964237935,-9.71349,0.177824,3.45827,-0.091291,-0.501594,-0.188002,0.859022,0.361689,-0.202535
01324180,1523964237935,-9.33129,-3.30128,0.0801891,-0.450528,0.246144,0.0129221,0.768379,0.373471,-0.408735
01324189,1523964237951,-9.47165,-3.31934,3.49238,-0.363263,-0.696286,-0.348276,0.743236,-0.088948,-0.553943
01324188,1523964237951,-9.96535,-0.266939,-1.26172,0.0544133,0.240952,-0.00394561,0.851492,-0.324781,-0.091041
01324185,1523964237951,-10.4623,-0.886474,-0.949381,0.1182,0.13278,0.0925385,0.890259,0.268052,-0.317723
01324181,1523964237951,-9.67347,0.168676,3.35727,-0.0663113,-0.518607,-0.200307,0.855823,0.363887,-0.208656
01324180,1523964237951,-9.67773,-3.47525,0.167692,-0.380559,0.305819,0.0217298,0.77137,0.377129,-0.399118
01324189,1523964237968,-9.6162,-3.75317,3.85864,-0.079071,-0.716352,-0.304602,0.737539,-0.0807782,-0.560768
01324188,1523964237968,-10.3519,-0.202828,-1.26169,-0.191695,0.254118,-0.0320953,0.849714,-0.322889,-0.0872664
01324185,1523964237968,-10.6324,-1.2515,-1.07179,0.0681467,0.101921,0.131958,0.892158,0.267221,-0.316938
01324181,1523964237968,-9.56396,0.107052,3.16354,-0.061002,-0.469645,-0.18096,0.853425,0.367337,-0.215874
01324180,1523964237968,-9.9619,-3.59516,0.234347,-0.290069,0.339315,0.0287249,0.774656,0.378463,-0.389552
01324189,1523964237985,-9.70021,-4.00331,4.13679,0.104561,-0.757815,-0.241695,0.730952,-0.0789247,-0.570174
01324188,1523964237985,-10.698,-0.301522,-1.10167,-0.367923,0.2515,-0.0546213,0.851073,-0.323581,-0.0854424
01324185,1523964237985,-10.6763,-1.54477,-0.863087,0.0887337,0.0679858,0.198502,0.892031,0.2626,-0.315456
01324181,1523964237985,-9.64822,0.105859,3.40211,-0.0433425,-0.408108,-0.156324,0.851162,0.369396,-0.221206
01324180,1523964237985,-9.96566,-3.68726,0.265224,-0.19945,0.353253,0.0487149,0.774895,0.377981,-0.382408
01324189,1523964238001,-9.50079,-3.79645,4.4507,0.213276,-0.758945,-0.237811,0.725052,-0.0770927,-0.580256
01324188,1523964238001,-10.1552,-0.61172,-1.16326,-0.413477,0.306239,-0.0763655,0.851605,-0.321847,-0.0853406
01324185,1523964238001,-10.676,-1.67929,-0.526877,0.145276,0.0393754,0.30408,0.894609,0.258939,-0.315299
01324181,1523964238001,-9.37961,0.143012,3.38863,0.0135501,-0.329899,-0.136938,0.849558,0.371755,-0.225488
01324180,1523964238001,-9.86727,-3.80178,0.246221,-0.0996262,0.355523,0.0405203,0.779015,0.379042,-0.378126
01324189,1523964238018,-9.08545,-3.10355,4.83309,0.25113,-0.717977,-0.252058,0.715872,-0.0777482,-0.587378
01324188,1523964238018,-9.56543,-0.656493,-1.27815,-0.329751,0.3111,-0.0694526,0.85133,-0.321729,-0.0815612
01324185,1523964238018,-10.5212,-1.63676,-0.354392,0.206361,0.0370434,0.394139,0.89556,0.252715,-0.316548
01324181,1523964238018,-9.07146,0.190441,3.24962,0.0206556,-0.214532,-0.111911,0.846889,0.373686,-0.230414
01324180,1523964238018,-9.7041,-3.90926,0.319729,0.00324518,0.376662,0.0518055,0.781813,0.378679,-0.374124
01324189,1523964238035,-8.28539,-2.28303,4.90815,0.260763,-0.64399,-0.22212,0.71051,-0.0790811,-0.594817
01324188,1523964238035,-9.21228,-0.609245,-1.32465,-0.212872,0.299162,-0.0705022,0.852539,-0.320095,-0.0795899
01324185,1523964238035,-10.2389,-1.5904,-0.400921,0.22065,0.0277218,0.440045,0.897873,0.242008,-0.316453
01324181,1523964238035,-9.04602,0.348353,3.35302,0.0259884,-0.107274,-0.098955,0.84609,0.37576,-0.234167
01324180,1523964238035,-9.47568,-3.95195,0.732589,0.164685,0.34524,0.0666103,0.781802,0.379254,-0.373302
01324189,1523964238051,-7.24321,-1.24804,4.40077,0.231039,-0.498945,-0.185395,0.70445,-0.0788098,-0.601433
01324188,1523964238051,-8.79161,-0.614758,-1.44821,-0.104693,0.278208,-0.0663871,0.853603,-0.317069,-0.0761838
01324185,1523964238051,-9.97355,-1.45737,-0.559231,0.160766,0.040286,0.399148,0.901128,0.237213,-0.316679
01324181,1523964238051,-9.41733,0.50159,3.43464,0.0223687,-0.0228618,-0.0808975,0.844595,0.376927,-0.234043
01324180,1523964238051,-9.27719,-4.07861,1.06252,0.0917938,0.325184,0.0413167,0.786113,0.375088,-0.368047
01324189,1523964238068,-6.48133,-0.44485,3.83865,0.154683,-0.277356,-0.118706,0.701489,-0.0781746,-0.605138
01324188,1523964238068,-8.51144,-0.670456,-1.21405,-0.0136559,0.224315,-0.0309143,0.854275,-0.316531,-0.07239
01324185,1523964238068,-9.90361,-1.32797,-0.755238,0.0883204,-0.012687,0.312804,0.902492,0.23075,-0.315707
01324181,1523964238068,-9.79345,0.608726,3.45433,0.0223002,-0.0315088,-0.0739953,0.844844,0.378496,-0.234079
01324180,1523964238068,-9.43101,-4.15084,1.56333,-0.104961,0.287355,0.00465775,0.78871,0.37744,-0.356965
01324189,1523964238085,-6.57025,-0.514256,3.68891,0.0163905,-0.0789999,-0.0324559,0.69931,-0.0775431,-0.605376
01324188,1523964238085,-8.41646,-1.14862,-1.1551,0.105208,0.154073,-0.0131432,0.853605,-0.318123,-0.0692509
01324185,1523964238085,-10.1789,-1.30237,-0.964515,0.0250413,-0.0630042,0.153373,0.902084,0.228753,-0.316992
01324181,1523964238085,-9.85225,0.54491,3.50589,0.0248241,-0.0700708,-0.0562144,0.844305,0.379615,-0.235557
01324180,1523964238085,-9.62516,-4.72762,1.79028,-0.493805,0.204033,-0.0248583,0.789878,0.378842,-0.352633
01324189,1523964238101,-7.0402,-1.58341,3.55229,-0.158334,0.0343436,0.0272632,0.699997,-0.0768474,-0.606448
01324188,1523964238101,-8.90539,-1.23988,-0.252805,0.201609,0.0517604,-0.0101506,0.855362,-0.317395,-0.0668047
01324185,1523964238101,-10.551,-1.49754,-1.02422,-0.0643912,-0.11484,-0.00259348,0.901265,0.227571,-0.319852
01324181,1523964238101,-9.8531,0.42844,3.51536,0.00430385,-0.0148964,-0.0358321,0.843211,0.380226,-0.234496
01324180,1523964238101,-9.99826,-5.38552,1.72502,-0.705977,0.0645239,-0.0562676,0.790471,0.382708,-0.346353
01324189,1523964238118,-7.58235,-2.68886,3.76718,-0.18692,0.122065,0.0857624,0.699839,-0.0792697,-0.602721
01324188,1523964238118,-8.86569,-0.973347,-0.462498,0.410081,-0.0243818,-0.0237206,0.852512,-0.317423,-0.0651556
01324185,1523964238118,-10.9083,-1.6301,-0.973595,-0.170831,-0.127633,-0.145189,0.900175,0.229509,-0.321696
01324181,1523964238118,-9.6931,0.449808,3.43387,-0.00454008,0.0239715,-0.0355106,0.842159,0.379908,-0.236603
01324180,1523964238118,-10.3801,-6.00648,1.35052,-0.633472,-0.0974454,-0.003383,0.786669,0.388449,-0.349963
01324189,1523964238135,-7.80981,-3.29488,3.85193,-0.120323,0.193999,0.123219,0.701744,-0.0793201,-0.602743
01324188,1523964238135,-8.84347,-0.190226,-0.748939,0.417946,-0.108163,-0.0334541,0.853332,-0.318245,-0.0665632
01324185,1523964238135,-11.0047,-1.72806,-0.801041,-0.244936,-0.12254,-0.231864,0.899358,0.232598,-0.322246
01324181,1523964238135,-9.37049,0.451358,3.23788,-0.0328783,0.096318,-0.0383241,0.842666,0.380806,-0.234503
01324180,1523964238135,-10.3995,-6.17501,0.824952,-0.163345,-0.247463,0.00905235,0.788388,0.390742,-0.350752
01324189,1523964238151,-7.63196,-3.30947,3.74941,0.0565961,0.297482,0.175113,0.704032,-0.0796544,-0.599963
01324188,1523964238151,-9.402,0.45878,-0.858767,0.106737,-0.186018,-0.0188393,0.853061,-0.318222,-0.0669622
01324185,1523964238151,-10.8213,-1.77484,-0.684667,-0.279605,-0.0995863,-0.260928,0.897319,0.239079,-0.322301
01324181,1523964238151,-9.3152,0.240962,3.21328,-0.0132219,0.223813,-0.030375,0.842121,0.379579,-0.232081
01324180,1523964238151,-10.2334,-5.41536,0.393295,0.360086,-0.36864,0.0802375,0.785667,0.386787,-0.359974
01324189,1523964238168,-7.59535,-3.00901,3.73254,0.181828,0.417915,0.205505,0.707281,-0.0831721,-0.596016
01324188,1523964238168,-9.70261,0.228166,-0.823045,-0.293199,-0.25253,0.0378394,0.853598,-0.31693,-0.0698492
01324185,1523964238168,-10.5119,-1.63221,-0.578059,-0.271954,-0.0527912,-0.246,0.896096,0.242739,-0.322463
01324181,1523964238168,-9.33815,0.148506,3.20525,-0.00594017,0.299582,-0.0461009,0.843565,0.380475,-0.229459
01324180,1523964238168,-9.89563,-4.48008,-0.0188018,0.758727,-0.422846,0.110667,0.785635,0.381473,-0.367912
01324189,1523964238185,-7.69161,-2.69566,3.57895,0.161885,0.53469,0.23544,0.711054,-0.087841,-0.589409
01324188,1523964238185,-9.46397,-0.640956,-0.790549,-0.383428,-0.344651,0.0964564,0.852655,-0.317167,-0.076851
01324185,1523964238185,-10.2217,-1.37878,-0.554267,-0.265473,-0.0498667,-0.216329,0.893653,0.248098,-0.322245
01324181,1523964238185,-9.21896,0.191199,3.15689,-0.00239354,0.351067,-0.0344965,0.845014,0.379136,-0.224399
01324180,1523964238185,-9.50085,-3.57143,-0.130799,0.83613,-0.403668,0.133405,0.781606,0.374788,-0.377169
01324189,1523964238201,-7.77867,-2.31181,3.75643,0.0706471,0.653103,0.259804,0.717525,-0.0911353,-0.581217
01324188,1523964238201,-8.85258,-2.84737,-2.1302,-0.36792,-0.357212,0.114307,0.849013,-0.319638,-0.0849009
01324185,1523964238201,-9.95095,-1.10364,-0.617217,-0.29168,-0.0755141,-0.169426,0.891483,0.252903,-0.3215
01324181,1523964238201,-9.0195,0.27374,3.00927,0.0136992,0.421811,-0.0331344,0.845178,0.382151,-0.217293
01324180,1523964238201,-9.11373,-3.25423,-0.0189361,0.713319,-0.37237,0.12141,0.780429,0.364715,-0.385861
01324189,1523964238218,-8.09318,-2.46189,4.55432,0.0178374,0.721176,0.270235,0.720336,-0.0957736,-0.573529
01324188,1523964238218,-8.86683,-2.75283,-1.84697,0.184485,-0.203161,0.0392283,0.849289,-0.320097,-0.0876249
01324185,1523964238218,-9.62739,-0.915528,-0.710646,-0.334175,-0.109915,-0.133514,0.889581,0.255274,-0.322823
01324181,1523964238218,-9.16321,0.325315,3.13053,-0.000594262,0.46983,-0.0197122,0.847807,0.382254,-0.210948
01324180,1523964238218,-8.9262,-3.26953,0.267999,0.582789,-0.389659,0.0799762,0.778118,0.359881,-0.394702
01324189,1523964238235,-8.63714,-2.87251,5.61794,0.0613758,0.700257,0.249222,0.72968,-0.0990078,-0.566975
01324188,1523964238235,-9.84228,-2.4951,-3.03055,0.591821,0.0485004,0.0402139,0.848492,-0.322704,-0.0876433
01324185,1523964238235,-9.35728,-0.842686,-0.834571,-0.341919,-0.111698,-0.148863,0.889573,0.261598,-0.323668
01324181,1523964238235,-9.2922,0.401271,3.31662,-0.00252399,0.422335,-0.00802531,0.849088,0.383773,-0.206079
01324180,1523964238235,-8.91062,-3.41615,0.455861,0.461251,-0.37922,0.0581413,0.777113,0.358216,-0.404173
01324189,1523964238251,-9.29124,-3.01215,6.3869,0.108038,0.613654,0.20259,0.733279,-0.102076,-0.557411
01324188,1523964238251,-10.4029,-1.57672,-0.95523,0.497012,0.232971,-0.14264,0.848347,-0.32178,-0.0824692
01324185,1523964238251,-9.32369,-0.840578,-0.933085,-0.377868,-0.104864,-0.206705,0.889034,0.264601,-0.321344
01324181,1523964238251,-9.37858,0.439013,3.38296,-0.0203443,0.41706,-0.00627232,0.849702,0.383619,-0.199708
01324180,1523964238251,-9.03934,-3.41389,0.556124,0.319128,-0.400388,0.0377824,0.773989,0.353679,-0.41178
01324189,1523964238268,-9.21973,-2.52911,5.84905,0.188218,0.609235,0.173521,0.739211,-0.105359,-0.549748
01324188,1523964238268,-10.594,1.16497,0.162106,0.2275,0.186833,-0.215925,0.850088,-0.318841,-0.0774619
01324185,1523964238268,-9.54582,-0.940288,-0.900713,-0.395906,-0.0880295,-0.298591,0.885778,0.271097,-0.320612
01324181,1523964238268,-9.39682,0.467793,3.52478,-0.0311776,0.401529,0.0143166,0.85101,0.382854,-0.194659
01324180,1523964238268,-9.30951,-3.2816,0.530044,0.12629,-0.430542,0.0223787,0.770278,0.352326,-0.416884
01324189,1523964238285,-8.94692,-1.51659,5.0587,0.148443,0.697507,0.17137,0.743226,-0.109158,-0.540462
01324188,1523964238285,-9.4519,1.37764,-0.8619,-0.187026,0.162925,-0.218842,0.849793,-0.315503,-0.0740192
01324185,1523964238285,-9.87354,-0.899634,-0.802179,-0.374713,-0.0998427,-0.39712,0.883474,0.277331,-0.318835
01324181,1523964238285,-9.21706,0.41159,3.65017,-0.0242142,0.389552,0.0365638,0.85207,0.3776,-0.185795
01324180,1523964238285,-9.50831,-3.21534,0.43421,-0.12989,-0.435385,0.00144452,0.76546,0.353301,-0.420304
01324189,1523964238301,-8.94108,-1.2906,4.22184,-0.132383,0.752122,0.189857,0.749274,-0.110857,-0.531717
01324188,1523964238301,-10.3372,1.21838,-1.07014,-0.591902,0.275768,-0.196602,0.852483,-0.311772,-0.0738196
01324185,1523964238301,-10.0421,-0.859993,-0.727432,-0.358626,-0.0855981,-0.451622,0.879264,0.284915,-0.3202
01324181,1523964238301,-8.95165,0.308006,3.62004,-0.00283314,0.440922,0.042058,0.853939,0.37622,-0.182333
01324180,1523964238301,-9.6129,-3.30196,0.290119,-0.376929,-0.446612,-0.0494262,0.761299,0.355426,-0.423982
01324189,1523964238318,-8.74377,-1.71133,3.61178,-0.419844,0.796443,0.213646,0.753688,-0.112942,-0.522556
01324188,1523964238318,-10.2679,-1.03896,-1.38472,-0.623108,0.388638,-0.0990206,0.85152,-0.309798,-0.072069
01324185,1523964238318,-10.0246,-0.725171,-0.617954,-0.336844,-0.0728397,-0.475547,0.876957,0.291131,-0.319338
01324181,1523964238318,-8.64758,0.214555,3.62378,0.0254811,0.494642,0.078569,0.853555,0.37982,-0.174967
01324180,1523964238318,-9.58245,-3.35807,0.149931,-0.592385,-0.445888,-0.122894,0.757789,0.359868,-0.429243
01324189,1523964238335,-8.70905,-2.65191,2.92019,-0.455717,0.831304,0.25699,0.759973,-0.111905,-0.511921
01324188,1523964238335,-9.06508,-3.35674,-0.884538,0.0852593,0.39582,-0.111551,0.853816,-0.308763,-0.0670531
01324185,1523964238335,-9.8239,-0.605935,-0.508883,-0.354734,-0.0321923,-0.481788,0.873969,0.299449,-0.319147
01324181,1523964238335,-8.35847,0.116127,3.56472,0.0754716,0.570423,0.0634906,0.856492,0.377608,-0.16964
01324180,1523964238335,-9.34946,-3.36845,0.0192216,-0.6989,-0.425869,-0.177989,0.75422,0.367768,-0.431057
01324189,1523964238351,-8.59584,-3.2658,2.43995,-0.407865,0.830803,0.317545,0.765179,-0.110558,-0.50234
01324188,1523964238351,-8.81934,-2.93212,-1.05155,0.960808,0.413851,-0.11596,0.853658,-0.30645,-0.0573504
01324185,1523964238351,-9.48579,-0.574165,-0.327149,-0.391535,0.0263513,-0.478797,0.872343,0.30782,-0.316087
01324181,1523964238351,-8.14612,-0.048655,3.434,0.107731,0.651363,0.0416444,0.858281,0.377799,-0.159835
01324180,1523964238351,-8.99545,-3.40211,-0.0572631,-0.707598,-0.378031,-0.249007,0.749042,0.375108,-0.43124
01324189,1523964238368,-8.38035,-3.009,1.70952,-0.220695,0.752699,0.281837,0.773412,-0.111601,-0.494819
01324188,1523964238368,-9.09491,-1.60207,-1.47058,1.23643,0.405725,-0.0779552,0.854731,-0.305653,-0.0468158
01324185,1523964238368,-9.1285,-0.576233,-0.158021,-0.433777,0.0763033,-0.45959,0.869092,0.317468,-0.312642
01324181,1523964238368,-7.90499,-0.271254,3.22005,0.181783,0.707611,0.0211732,0.859274,0.377975,-0.151217
01324180,1523964238368,-8.56473,-3.40162,-0.0820574,-0.657159,-0.300138,-0.322966,0.745169,0.384586,-0.429372
01324189,1523964238385,-8.67878,-2.538,1.37925,0.0391644,0.677436,0.22248,0.778365,-0.113411,-0.485394
01324188,1523964238385,-9.4245,-0.494704,-1.73556,0.910974,0.425701,-0.0738472,0.854451,-0.305598,-0.035503
01324185,1523964238385,-8.71355,-0.655712,0.00458353,-0.465632,0.101456,-0.444499,0.865301,0.325154,-0.308653
01324181,1523964238385,-7.61749,-0.38895,2.96574,0.24261,0.765233,-0.0190928,0.859475,0.376184,-0.141487
01324180,1523964238385,-8.06773,-3.32899,-0.00671736,-0.548781,-0.237096,-0.390506,0.739439,0.393387,-0.429787
01324189,1523964238401,-9.32113,-2.62893,2.47919,0.210601,0.596443,0.146051,0.780351,-0.11745,-0.477157
01324188,1523964238401,-9.53379,0.0632325,-1.46783,0.280295,0.448119,-0.0991932,0.855122,-0.305426,-0.0270213
01324185,1523964238401,-8.23616,-0.812646,0.1459,-0.481412,0.12299,-0.424312,0.863546,0.332157,-0.303489
01324181,1523964238401,-7.57377,-0.47814,2.89528,0.261599,0.773174,-0.068215,0.861679,0.374954,-0.130993
01324180,1523964238401,-7.48868,-3.24589,0.0839822,-0.454632,-0.142143,-0.479028,0.734647,0.398494,-0.421377
01324189,1523964238418,-9.82162,-2.77002,2.98295,0.330001,0.481364,0.0801369,0.783852,-0.122111,-0.470547
01324188,1523964238418,-9.95564,-0.241501,-1.11041,-0.250104,0.483548,-0.134352,0.855922,-0.304025,-0.0199449
01324185,1523964238418,-7.79765,-1.02238,0.211781,-0.437403,0.110073,-0.444782,0.861105,0.341503,-0.301089
01324181,1523964238418,-8.06712,-0.37486,2.96742,0.272421,0.705298,-0.110098,0.861834,0.377435,-0.122149
01324180,1523964238418,-7.09811,-3.17451,0.160693,-0.358978,-0.0368217,-0.558637,0.731037,0.408403,-0.41964
01324189,1523964238435,-9.9898,-2.53327,2.67936,0.413045,0.364786,0.0433428,0.78435,-0.124682,-0.464153
01324188,1523964238435,-10.1453,-0.553017,-1.28901,-0.20827,0.512431,-0.118719,0.856184,-0.303095,-0.0150447
01324185,1523964238435,-7.53782,-1.25513,0.212756,-0.308688,0.0525474,-0.438655,0.860025,0.34834,-0.297232
01324181,1523964238435,-8.76344,-0.203605,3.01764,0.286607,0.571545,-0.13011,0.861222,0.378722,-0.11606
01324180,1523964238435,-6.97699,-3.19259,0.178694,-0.259619,0.0581731,-0.645289,0.724504,0.416189,-0.417768
01324189,1523964238451,-9.92322,-2.15305,2.92754,0.516028,0.261905,0.0598579,0.78732,-0.129336,-0.458875
01324188,1523964238451,-10.2088,-0.759593,-1.36846,0.0533637,0.564068,-0.096009,0.857383,-0.300558,-0.00749847
01324185,1523964238451,-7.63017,-1.44243,0.128861,-0.0925467,0.0213311,-0.444622,0.855009,0.355415,-0.295716
01324181,1523964238451,-9.30609,0.0423909,2.89595,0.249921,0.330132,-0.131982,0.86315,0.381122,-0.109756
01324180,1523964238451,-7.27038,-3.29666,0.10517,-0.143211,0.159667,-0.700066,0.721702,0.426824,-0.418459
01324189,1523964238468,-9.85325,-1.79706,2.56222,0.569035,0.0792237,0.102999,0.787874,-0.134804,-0.456517
01324188,1523964238468,-10.0936,-0.976745,-1.4083,0.382963,0.615035,-0.0914006,0.85614,-0.298081,0.00222809
01324185,1523964238468,-8.21214,-1.49685,-0.14896,0.14808,-0.0172277,-0.453014,0.852018,0.362566,-0.297604
01324181,1523964238468,-9.5279,0.173327,2.74471,0.216603,0.1328,-0.090453,0.861946,0.380567,-0.109732
01324180,1523964238468,-7.85894,-3.38944,0.00707329,-0.00708671,0.218038,-0.740886,0.716753,0.436317,-0.415901
01324189,1523964238485,-9.64103,-1.45165,2.314,0.568489,-0.125336,0.163744,0.785436,-0.139333,-0.45492
01324188,1523964238485,-9.51174,-0.525676,-1.39527,0.468208,0.656788,-0.123918,0.855583,-0.297162,0.0138675
01324185,1523964238485,-9.01573,-1.42953,-0.459793,0.350651,-0.0367911,-0.446131,0.849442,0.366103,-0.296845
01324181,1523964238485,-9.56829,0.189773,2.81659,0.249951,0.0172002,-0.0329425,0.8609,0.378986,-0.11075
01324180,1523964238485,-8.59338,-3.41603,-0.121086,0.12756,0.25715,-0.781801,0.712094,0.441715,-0.408027
01324189,1523964238501,-9.0371,-1.55011,1.48924,0.447915,-0.23481,0.173191,0.782231,-0.146734,-0.456547
01324188,1523964238501,-9.15526,-0.946872,-2.0416,0.272582,0.692972,-0.130092,0.856911,-0.293901,0.024553
01324185,1523964238501,-9.82656,-1.36698,-0.765415,0.473694,-0.0447076,-0.407766,0.844821,0.370244,-0.301442
01324181,1523964238501,-9.651,0.205637,2.98722,0.2461,-0.00676902,0.00825506,0.860642,0.378686,-0.111538
01324180,1523964238501,-9.26043,-3.4177,-0.24845,0.236982,0.306488,-0.769185,0.707563,0.450191,-0.40617
01324189,1523964238518,-8.94459,-1.72012,0.776698,0.31042,-0.21624,0.171781,0.778734,-0.151681,-0.45775
01324188,1523964238518,-9.19054,-1.41344,-2.89143,0.00737724,0.676817,-0.101085,0.854182,-0.292618,0.0354349
01324185,1523964238518,-10.4106,-1.3972,-0.924503,0.577114,-0.0630652,-0.376165,0.842641,0.370431,-0.3064
01324181,1523964238518,-9.96712,0.228252,3.39289,0.253165,-0.0191721,0.00131161,0.861994,0.379764,-0.1137
01324180,1523964238518,-9.69459,-3.45983,-0.400348,0.312593,0.316705,-0.73602,0.701993,0.456667,-0.406229
01324189,1523964238535,-9.41565,-1.93695,0.267276,0.17845,-0.157911,0.134001,0.777699,-0.155551,-0.460845
01324188,1523964238535,-9.31323,-1.94381,-3.18648,-0.262058,0.63383,-0.0901214,0.856348,-0.292679,0.0421335
01324185,1523964238535,-10.5561,-1.58419,-1.02311,0.688466,-0.0354584,-0.325401,0.839646,0.374438,-0.310609
01324181,1523964238535,-10.5989,0.26175,3.7263,0.27088,-0.0154663,0.00144597,0.860153,0.378025,-0.115902
01324180,1523964238535,-10.2197,-3.25319,-0.435759,0.309687,0.314416,-0.705994,0.698233,0.457754,-0.407232
01324189,1523964238551,-9.99837,-2.01424,0.305099,0.146277,-0.0280211,0.0911189,0.776071,-0.157662,-0.460041
01324188,1523964238551,-9.63352,-2.28166,-3.32291,-0.299184,0.544051,-0.036524,0.854706,-0.291256,0.0496457
01324185,1523964238551,-10.9706,-1.52376,-0.952608,0.8172,0.066766,-0.278483,0.836655,0.374502,-0.314649
01324181,1523964238551,-10.8195,0.266365,3.79242,0.267557,-0.0215636,-0.0433603,0.860452,0.376982,-0.11761
01324180,1523964238551,-10.583,-3.53111,-0.583427,0.367844,0.317581,-0.587786,0.695218,0.462578,-0.405201
01324189,1523964238568,-10.4122,-2.26603,0.551719,0.0101279,0.106414,0.064733,0.774573,-0.157765,-0.459891
01324188,1523964238568,-9.81734,-2.33171,-3.65794,-0.251827,0.480576,0.016184,0.853608,-0.289899,0.0552626
01324185,1523964238568,-11.4239,-1.46797,-0.953187,0.958742,0.156252,-0.260403,0.836104,0.373439,-0.318687
01324181,1523964238568,-10.7705,0.152958,3.74419,0.274699,-0.0517531,-0.0496777,0.859799,0.377085,-0.119863
01324180,1523964238568,-11.084,-3.50785,-0.600275,0.401338,0.291309,-0.492692,0.692325,0.467827,-0.401812
01324189,1523964238585,-10.3601,-2.30533,0.455911,-0.0388051,0.198386,0.0617213,0.775649,-0.159508,-0.457509
01324188,1523964238585,-9.73009,-2.26957,-3.62549,-0.144934,0.368125,0.0758736,0.852803,-0.291831,0.0594589
01324185,1523964238585,-11.8145,-1.45105,-0.912376,1.00641,0.261464,-0.257642,0.834475,0.370718,-0.321007
01324181,1523964238585,-10.4947,0.076094,3.8223,0.310546,-0.0472882,-0.0954937,0.858975,0.379217,-0.120961
01324180,1523964238585,-11.353,-3.45505,-0.641281,0.382568,0.256325,-0.410343,0.690963,0.469883,-0.402291
01324189,1523964238601,-10.1684,-2.1231,0.723629,-0.0486672,0.255513,0.109523,0.776995,-0.160539,-0.455393
01324188,1523964238601,-9.66033,-1.68891,-3.60002,-0.034752,0.281629,0.10576,0.851726,-0.293625,0.0639363
01324185,1523964238601,-11.9299,-1.31066,-0.882193,1.03219,0.33634,-0.230913,0.832571,0.370518,-0.324134
01324181,1523964238601,-10.5069,0.172904,3.93145,0.339265,0.0121712,-0.134725,0.856994,0.378603,-0.124115
01324180,1523964238601,-11.3091,-3.49604,-0.597574,0.36735,0.262901,-0.304916,0.689618,0.4699,-0.401191
01324189,1523964238618,-9.91764,-1.92813,0.732477,-0.079124,0.281757,0.175066,0.77887,-0.161864,-0.451413
01324188,1523964238618,-9.5619,-1.21359,-3.69895,-0.083401,0.20228,0.124029,0.851748,-0.297344,0.0655878
01324185,1523964238618,-11.8617,-1.21459,-0.67986,0.991168,0.376155,-0.163105,0.834462,0.366643,-0.327761
01324181,1523964238618,-10.4104,0.322047,3.91955,0.350165,0.0593229,-0.167146,0.854702,0.381424,-0.127337
01324180,1523964238618,-11.0969,-3.50002,-0.440846,0.388863,0.289262,-0.220246,0.687758,0.469513,-0.403602
01324189,1523964238635,-9.8962,-2.04361,0.824372,-0.0816191,0.340589,0.249577,0.780212,-0.164327,-0.44797
01324188,1523964238635,-9.45553,-1.19626,-3.47132,-0.204339,0.1245,0.141831,0.850673,-0.298924,0.0655025
01324185,1523964238635,-11.5786,-1.02837,-0.485228,0.961442,0.365469,-0.117146,0.834463,0.362392,-0.329026
01324181,1523964238635,-10.181,0.400001,3.88089,0.350406,0.056761,-0.207746,0.854179,0.381951,-0.129733
01324180,1523964238635,-10.8421,-3.46066,-0.225459,0.464875,0.316217,-0.156326,0.68683,0.468512,-0.403068
01324189,1523964238651,-10.0783,-2.31075,0.843525,-0.123034,0.37217,0.27074,0.780039,-0.166311,-0.443036
01324188,1523964238651,-9.5776,-1.51518,-3.31345,-0.239832,0.0607732,0.162119,0.849598,-0.300894,0.0675462
01324185,1523964238651,-11.1437,-0.910532,-0.306094,0.958118,0.369523,-0.0713433,0.836227,0.359579,-0.328743
01324181,1523964238651,-9.82726,0.559455,3.8801,0.346874,0.0681485,-0.21033,0.853453,0.386527,-0.130219
01324180,1523964238651,-10.4777,-3.46835,-0.00442709,0.581331,0.334658,-0.0984001,0.688869,0.466159,-0.403415
01324189,1523964238668,-9.87201,-2.37419,0.677179,-0.0450904,0.397163,0.256699,0.782195,-0.169225,-0.439071
01324188,1523964238668,-9.51114,-1.8491,-3.17858,-0.210734,0.0185918,0.204355,0.849345,-0.303536,0.0649615
01324185,1523964238668,-10.7065,-0.754262,-0.214805,0.964844,0.339913,-0.0363926,0.836635,0.354906,-0.330006
01324181,1523964238668,-9.50431,0.728406,3.68814,0.3282,0.129334,-0.196053,0.852609,0.389261,-0.130002
01324180,1523964238668,-9.99476,-3.43956,0.0922869,0.724911,0.371285,-0.0665669,0.689702,0.463532,-0.40294
01324189,1523964238685,-9.71868,-2.25776,0.611855,0.0144425,0.430993,0.234592,0.784329,-0.17141,-0.433228
01324188,1523964238685,-9.35913,-1.93177,-3.15976,-0.108438,-0.0299365,0.238178,0.847464,-0.306238,0.0642777
01324185,1523964238685,-10.2861,-0.506436,-0.167416,0.976478,0.292572,-0.00898573,0.838127,0.349522,-0.331527
01324181,1523964238685,-9.35921,0.93403,3.54748,0.309424,0.205911,-0.164363,0.850698,0.391432,-0.130027
01324180,1523964238685,-9.62942,-3.27136,0.116112,0.869311,0.39785,-0.0989156,0.690323,0.457744,-0.406306
01324189,1523964238701,-9.49815,-2.04766,0.711255,0.00625514,0.460359,0.215809,0.787308,-0.178362,-0.427433
01324188,1523964238701,-9.23468,-1.60026,-3.04822,-0.0576282,-0.0559988,0.272762,0.846143,-0.311817,0.0625995
01324185,1523964238701,-9.90661,-0.167001,-0.269647,0.957978,0.21887,-0.00603176,0.838123,0.344386,-0.334874
01324181,1523964238701,-9.24818,1.11021,3.32263,0.275444,0.204731,-0.128116,0.849616,0.391182,-0.129081
01324180,1523964238701,-9.38756,-3.09993,0.153251,0.951637,0.43332,-0.149149,0.69177,0.449614,-0.408381
01324189,1523964238718,-9.38983,-1.69746,0.81755,-0.00603888,0.486367,0.215695,0.788632,-0.180673,-0.42225
01324188,1523964238718,-9.23398,-1.39823,-2.97546,-0.0852434,-0.0984441,0.318122,0.844269,-0.315669,0.0615746
01324185,1523964238718,-9.53229,0.102595,-0.424321,0.869682,0.177272,-0.0312686,0.837712,0.340233,-0.33836
01324181,1523964238718,-9.05967,1.18546,3.02294,0.241328,0.205807,-0.0642762,0.850411,0.392031,-0.128974
01324180,1523964238718,-9.17273,-2.88501,0.156529,0.982004,0.430972,-0.201717,0.69344,0.445544,-0.411323
01324189,1523964238735,-9.48515,-1.58516,0.975035,-0.0856432,0.509719,0.243835,0.791175,-0.183156,-0.416414
01324188,1523964238735,-9.23817,-1.21517,-2.9458,-0.1113,-0.124388,0.330928,0.842944,-0.320344,0.0592799
01324185,1523964238735,-9.30036,0.33456,-0.572511,0.711525,0.153847,-0.0658676,0.83947,0.336238,-0.34094
01324181,1523964238735,-9.08514,1.32585,3.05873,0.168093,0.195989,-0.0167321,0.850364,0.39436,-0.127163
01324180,1523964238735,-8.99582,-2.72348,0.144642,0.961404,0.442473,-0.254515,0.693919,0.441364,-0.41668
01324189,1523964238751,-9.75177,-1.68099,1.25631,-0.213398,0.500867,0.297675,0.795473,-0.185105,-0.409391
01324188,1523964238751,-9.40634,-0.902694,-2.71629,-0.168726,-0.145846,0.340881,0.843517,-0.324862,0.0560292
01324185,1523964238751,-9.1697,0.559964,-0.687182,0.538127,0.130482,-0.107231,0.838928,0.334961,-0.341448
01324181,1523964238751,-8.97691,1.46304,2.994,0.116097,0.174166,0.0512915,0.849691,0.392009,-0.12392
01324180,1523964238751,-8.81742,-2.65059,0.0694453,0.883278,0.420058,-0.286838,0.693431,0.438197,-0.418897
01324189,1523964238768,-9.6202,-1.72863,1.28829,-0.254617,0.463329,0.325124,0.79519,-0.189536,-0.405544
01324188,1523964238768,-9.50314,-0.915601,-2.54215,-0.163341,-0.147878,0.36389,0.841377,-0.329347,0.0530837
01324185,1523964238768,-9.06912,0.395492,-0.82082,0.345054,0.0970151,-0.118729,0.838795,0.333414,-0.341302
01324181,1523964238768,-8.87133,1.40614,2.89917,0.0606986,0.146562,0.0943039,0.850515,0.390711,-0.123901
01324180,1523964238768,-8.76623,-2.48794,0.0394193,0.789303,0.405478,-0.319155,0.694941,0.435274,-0.419247
01324189,1523964238785,-9.57086,-1.68902,1.36796,-0.245738,0.473613,0.339341,0.797172,-0.189702,-0.399416
01324188,1523964238785,-9.45468,-0.89334,-2.64862,-0.121533,-0.137286,0.36253,0.83775,-0.334616,0.0487619
01324185,1523964238785,-8.95141,0.293548,-0.917012,0.192404,0.0788099,-0.150784,0.836624,0.334245,-0.342086
01324181,1523964238785,-8.73323,1.33497,2.92074,0.0275332,0.134913,0.137379,0.850917,0.389043,-0.12148
01324180,1523964238785,-8.71061,-2.46241,-0.0299861,0.695415,0.380296,-0.347184,0.694157,0.432665,-0.416858
01324189,1523964238801,-9.54821,-1.90728,1.33059,-0.278605,0.468776,0.346346,0.798907,-0.192598,-0.394109
01324188,1523964238801,-9.36779,-0.914647,-2.40363,-0.0935043,-0.134425,0.375154,0.836026,-0.34056,0.04572
01324185,1523964238801,-8.86755,0.148491,-0.996753,0.0545096,0.0606063,-0.16754,0.83527,0.336235,-0.341187
01324181,1523964238801,-8.64038,1.47671,3.01521,-0.00568425,0.0816835,0.178356,0.852534,0.387625,-0.119874
01324180,1523964238801,-8.65794,-2.23223,-0.0523761,0.547337,0.359516,-0.386025,0.693374,0.431529,-0.418489
01324189,1523964238818,-9.47312,-2.09551,1.08074,-0.279319,0.442848,0.353483,0.80065,-0.196646,-0.388945
01324188,1523964238818,-9.41231,-1.18984,-2.3334,-0.0532422,-0.128876,0.403812,0.835387,-0.346661,0.0456157
01324185,1523964238818,-8.80029,0.0854305,-1.04266,-0.0551197,0.0456846,-0.180944,0.834992,0.339302,-0.342914
01324181,1523964238818,-8.65513,1.53473,3.05748,-0.0184044,0.0851599,0.223244,0.852433,0.383942,-0.118335
01324180,1523964238818,-8.55123,-2.2378,-0.0924514,0.379112,0.314335,-0.392705,0.693068,0.433987,-0.41668
01324189,1523964238835,-9.42126,-2.31379,0.719198,-0.266234,0.411578,0.353573,0.803365,-0.200155,-0.386196
01324188,1523964238835,-9.2722,-1.23265,-2.49294,0.0271151,-0.134007,0.437962,0.834349,-0.353987,0.0438246
01324185,1523964238835,-8.83931,0.0181441,-1.16647,-0.13919,0.0360092,-0.173125,0.833638,0.343141,-0.341117
01324181,1523964238835,-8.7324,1.53384,3.01836,-0.0452773,0.092849,0.257892,0.855281,0.381072,-0.116977
01324180,1523964238835,-8.55105,-2.23739,-0.131117,0.209084,0.249241,-0.367862,0.691677,0.437038,-0.413628
01324189,1523964238851,-9.48444,-2.47951,0.632132,-0.170539,0.427862,0.360984,0.804142,-0.202736,-0.380474
01324188,1523964238851,-9.41093,-0.821576,-2.58944,0.044714,-0.124356,0.487717,0.83058,-0.358445,0.0409012
01324185,1523964238851,-8.98468,-0.11351,-1.31418,-0.236601,0.0178012,-0.149052,0.833097,0.346411,-0.339579
01324181,1523964238851,-8.94187,1.37609,3.02487,-0.0471451,0.0860762,0.272563,0.85722,0.375645,-0.115423
01324180,1523964238851,-8.65402,-2.28598,-0.216979,0.0486042,0.193983,-0.349912,0.69029,0.440387,-0.41219
01324189,1523964238868,-9.68531,-2.37948,0.521002,-0.0657266,0.402688,0.396956,0.805499,-0.207071,-0.377448
01324188,1523964238868,-9.5182,-0.396813,-2.59005,0.00731414,-0.147036,0.504884,0.826019,-0.366489,0.0401862
01324185,1523964238868,-9.21221,-0.254338,-1.52136,-0.32797,0.0239647,-0.148086,0.832563,0.345762,-0.336697
01324181,1523964238868,-9.26984,1.26526,3.27122,-0.0545086,0.0655117,0.304398,0.858067,0.371931,-0.11469
01324180,1523964238868,-8.8912,-2.40796,-0.360142,-0.120692,0.131427,-0.31799,0.687806,0.446666,-0.412568
01324189,1523964238885,-9.75081,-2.04319,0.493582,0.077033,0.366714,0.413502,0.805487,-0.213517,-0.372283
01324188,1523964238885,-9.56862,-0.300078,-2.60498,-0.0370546,-0.145999,0.532902,0.823493,-0.374345,0.0378423
01324185,1523964238885,-9.51701,-0.409159,-1.75906,-0.473745,0.0289088,-0.144484,0.832836,0.351029,-0.333875
01324181,1523964238885,-9.31669,1.20665,3.06919,-0.0190623,0.0306137,0.328132,0.860826,0.365906,-0.113797
01324180,1523964238885,-9.20383,-2.49708,-0.499027,-0.28165,0.0717093,-0.250805,0.686136,0.450295,-0.40869
01324189,1523964238901,-9.80886,-1.44795,0.425286,0.157204,0.33484,0.435155,0.805466,-0.21838,-0.367105
01324188,1523964238901,-9.5447,-0.37257,-2.59488,-0.0386215,-0.163335,0.564568,0.820948,-0.379266,0.0350092
01324185,1523964238901,-9.82162,-0.592739,-1.85089,-0.607082,0.0478304,-0.138433,0.828374,0.356207,-0.328423
01324181,1523964238901,-9.32583,1.18226,3.0865,0.0164746,0.0414361,0.336737,0.86247,0.362624,-0.112417
01324180,1523964238901,-9.3949,-2.63312,-0.63215,-0.44623,0.00452855,-0.162634,0.684211,0.454681,-0.409249
01324189,1523964238918,-9.78551,-1.03743,0.545178,0.15324,0.300402,0.461852,0.805221,-0.228423,-0.363705
01324188,1523964238918,-9.61677,-0.228965,-2.40309,0.00762757,-0.166298,0.557754,0.818568,-0.388672,0.0314898
01324185,1523964238918,-9.98128,-0.762688,-1.84716,-0.739095,0.0406283,-0.101633,0.828646,0.361182,-0.32612
01324181,1523964238918,-9.36652,1.10422,3.0008,0.039563,0.0806655,0.352536,0.864119,0.359885,-0.112377
01324180,1523964238918,-9.41723,-2.72866,-0.753735,-0.588178,-0.0826451,-0.0358058,0.682006,0.458763,-0.406704
01324189,1523964238935,-9.78989,-0.760014,0.699248,0.0834443,0.285671,0.504291,0.806582,-0.235341,-0.359495
01324188,1523964238935,-9.66461,-0.0754347,-2.26453,0.0435085,-0.163836,0.579253,0.815226,-0.396432,0.030508
01324185,1523964238935,-9.91418,-0.955663,-1.78496,-0.845079,0.0720711,-0.0532534,0.827981,0.365249,-0.319756
01324181,1523964238935,-9.20872,1.09646,2.90294,0.091217,0.0947503,0.347282,0.867139,0.353873,-0.11069
01324180,1523964238935,-9.27045,-2.83759,-0.79157,-0.693743,-0.121861,0.0642936,0.682338,0.462788,-0.402172
01324189,1523964238951,-9.72827,-0.512503,0.71351,0.0160775,0.217338,0.527277,0.804276,-0.241306,-0.356574
01324188,1523964238951,-9.61111,0.00240102,-2.3908,0.0749019,-0.164161,0.586552,0.811078,-0.40526,0.02772
01324185,1523964238951,-9.67092,-1.18336,-1.6329,-0.902864,0.0856056,0.0113079,0.8303,0.371051,-0.311067
01324181,1523964238951,-9.17668,1.16968,2.8293,0.102047,0.115564,0.325,0.867993,0.349728,-0.110081
01324180,1523964238951,-9.00814,-2.91661,-0.789443,-0.765736,-0.173003,0.152195,0.683583,0.467944,-0.39547
01324189,1523964238968,-9.71619,-0.358195,0.611465,-0.0460074,0.185213,0.560884,0.802522,-0.247575,-0.354196
01324188,1523964238968,-9.64909,0.2002,-2.38267,0.0435483,-0.162253,0.598736,0.807068,-0.414392,0.0251802
01324185,1523964238968,-9.46144,-1.41806,-1.46961,-0.919484,0.114753,0.09189,0.830586,0.374707,-0.304049
01324181,1523964238968,-9.6652,1.15406,3.00035,0.11272,0.152794,0.323692,0.871315,0.34239,-0.109963
01324180,1523964238968,-8.82418,-2.92908,-0.775631,-0.823972,-0.208366,0.242966,0.681789,0.470265,-0.390536
01324189,1523964238985,-9.76638,-0.191605,0.563938,-0.118681,0.137663,0.580282,0.801334,-0.254301,-0.353835
01324188,1523964238985,-9.72099,0.374042,-2.37887,-0.0402417,-0.162617,0.585753,0.803721,-0.421244,0.0234478
01324185,1523964238985,-9.45222,-1.64193,-1.36094,-0.845903,0.132154,0.143577,0.831959,0.376696,-0.295843
01324181,1523964238985,-9.60521,1.05784,2.86251,0.180293,0.0608099,0.319226,0.870798,0.338045,-0.106281
01324180,1523964238985,-8.93426,-3.01225,-0.794081,-0.872044,-0.215474,0.327014,0.682913,0.474409,-0.383853
01324189,1523964239001,-9.69974,0.0487348,0.587843,-0.191845,0.114226,0.569404,0.799744,-0.262022,-0.353477
01324188,1523964239001,-9.70571,0.599849,-2.26553,-0.155274,-0.152681,0.606309,0.799023,-0.428856,0.0198004
01324185,1523964239001,-9.63599,-1.81653,-1.34157,-0.712768,0.132861,0.169833,0.832247,0.378247,-0.288413
01324181,1523964239001,-9.34978,1.06101,2.68054,0.168824,-0.00153053,0.299693,0.872196,0.334988,-0.107825
01324180,1523964239001,-9.05272,-3.19706,-0.798669,-0.886976,-0.2263,0.427047,0.682602,0.47642,-0.380027
01324189,1523964239018,-9.63228,0.238466,0.645693,-0.255532,0.0699646,0.547936,0.797885,-0.268591,-0.354176
01324188,1523964239018,-9.52223,0.549257,-2.02103,-0.235459,-0.16886,0.594988,0.795561,-0.438863,0.0170646
01324185,1523964239018,-9.7806,-1.85405,-1.23066,-0.562129,0.13339,0.195209,0.832932,0.378873,-0.285155
01324181,1523964239018,-9.36281,1.02681,2.78254,0.144945,0.00150853,0.273946,0.873742,0.330792,-0.109082
01324180,1523964239018,-9.10251,-3.44607,-0.819858,-0.858956,-0.230527,0.511542,0.68581,0.475177,-0.375508
01324189,1523964239035,-9.61037,0.215639,0.810823,-0.312082,0.0187593,0.532736,0.7955,-0.278024,-0.355026
01324188,1523964239035,-9.4405,0.432017,-1.84733,-0.231961,-0.137785,0.598907,0.791008,-0.447904,0.0127877
01324185,1523964239035,-9.88635,-1.80513,-1.11017,-0.4286,0.132847,0.272478,0.835519,0.37869,-0.279937
01324181,1523964239035,-9.51062,0.98618,2.85724,0.179747,-0.0130122,0.249619,0.875287,0.326178,-0.109799
01324180,1523964239035,-9.21166,-3.61915,-0.780788,-0.767961,-0.229248,0.594748,0.688748,0.475553,-0.374463
01324189,1523964239051,-9.53094,0.0808807,0.884759,-0.394033,-0.0322281,0.503226,0.79255,-0.280549,-0.357955
01324188,1523964239051,-9.43109,0.359677,-1.85156,-0.1308,-0.113616,0.606948,0.787536,-0.456124,0.00922155
01324185,1523964239051,-9.89552,-1.73511,-0.964917,-0.32362,0.135622,0.30041,0.837703,0.374126,-0.275458
01324181,1523964239051,-9.35328,0.968764,2.69678,0.187872,-0.0984635,0.221231,0.876169,0.320996,-0.110762
01324180,1523964239051,-9.30069,-3.67388,-0.72637,-0.64447,-0.208743,0.643153,0.693049,0.473581,-0.372405
01324189,1523964239068,-9.40355,-0.0490845,0.92634,-0.45846,-0.0540453,0.488813,0.789731,-0.282357,-0.360746
01324188,1523964239068,-9.39664,0.523888,-1.90626,-0.0400612,-0.10553,0.622704,0.783236,-0.462322,0.00633058
01324185,1523964239068,-9.82736,-1.62223,-0.80643,-0.19808,0.161389,0.356218,0.840016,0.372786,-0.271796
01324181,1523964239068,-9.08982,1.03981,2.69227,0.170208,-0.119321,0.196898,0.876236,0.318206,-0.114025
01324180,1523964239068,-9.2457,-3.66226,-0.621845,-0.520852,-0.193451,0.687989,0.695847,0.472628,-0.366794
01324189,1523964239085,-9.47816,-0.154787,1.08056,-0.495076,-0.067456,0.474518,0.788693,-0.286083,-0.363706
01324188,1523964239085,-9.5648,0.818895,-1.93891,0.00694193,-0.0807017,0.617068,0.778663,-0.468616,0.00559048
01324185,1523964239085,-9.71558,-1.45903,-0.613932,-0.0970352,0.182145,0.415476,0.842606,0.367371,-0.267572
01324181,1523964239085,-8.97841,1.14284,2.91802,0.184507,-0.109886,0.179659,0.876282,0.315878,-0.115836
01324180,1523964239085,-9.08921,-3.63968,-0.528352,-0.397201,-0.158283,0.703054,0.699931,0.466164,-0.364417
01324189,1523964239101,-9.68488,-0.266634,1.14183,-0.451674,-0.0695845,0.467602,0.783173,-0.289838,-0.367417
01324188,1523964239101,-9.56149,1.06529,-2.00615,-0.00356339,-0.0703828,0.618874,0.773433,-0.47805,0.00372015
01324185,1523964239101,-9.55579,-1.30585,-0.530147,-0.0297424,0.211979,0.46705,0.847628,0.360917,-0.266089
01324181,1523964239101,-8.85678,1.25605,2.71377,0.181071,-0.0747449,0.169585,0.876073,0.313523,-0.118972
01324180,1523964239101,-8.95163,-3.66358,-0.396631,-0.277031,-0.114112,0.704966,0.704425,0.460584,-0.36554
01324189,1523964239118,-9.74761,-0.359159,1.11822,-0.368448,-0.0739126,0.451021,0.779693,-0.293647,-0.371019
01324188,1523964239118,-9.49108,1.13832,-2.14454,-0.0473295,-0.0742227,0.590221,0.768066,-0.487407,0.00333693
01324185,1523964239118,-9.41518,-1.07075,-0.507041,0.0146268,0.206404,0.478056,0.849674,0.354924,-0.262642
01324181,1523964239118,-8.80792,1.1984,2.72002,0.169524,-0.0836774,0.166091,0.876409,0.309755,-0.121022
01324180,1523964239118,-8.83795,-3.70703,-0.270083,-0.156911,-0.0574232,0.694657,0.70868,0.452691,-0.367111
01324189,1523964239135,-9.89984,-0.26368,1.01851,-0.35311,-0.066305,0.434204,0.776636,-0.29733,-0.376229
01324188,1523964239135,-9.88777,1.07494,-2.18178,-0.0979792,-0.0770242,0.577397,0.763911,-0.495122,0.00169518
01324185,1523964239135,-9.29878,-0.823523,-0.54611,0.0258102,0.213137,0.454158,0.853345,0.349768,-0.2596
01324181,1523964239135,-8.88974,1.14412,2.63842,0.150867,-0.0748531,0.166253,0.879426,0.306807,-0.123116
01324180,1523964239135,-8.78305,-3.6981,-0.138988,-0.0162298,-0.00883733,0.655436,0.713069,0.44465,-0.368417
01324189,1523964239151,-9.98862,0.102203,1.0694,-0.360431,-0.0420571,0.418156,0.77599,-0.300198,-0.377983
01324188,1523964239151,-9.87342,1.03822,-2.10936,-0.148507,-0.0928714,0.57865,0.75988,-0.501034,-0.00118128
01324185,1523964239151,-9.30315,-0.621305,-0.606235,-0.000821026,0.175976,0.410199,0.856746,0.342499,-0.256537
01324181,1523964239151,-9.16692,1.08254,2.7296,0.106345,-0.0951653,0.168021,0.87839,0.304785,-0.124657
01324180,1523964239151,-8.8042,-3.59795,-0.0443873,0.0860751,0.0380969,0.605451,0.718537,0.434832,-0.366669
01324189,1523964239168,-9.94186,0.473474,1.11583,-0.398965,-0.0408206,0.403796,0.774269,-0.303618,-0.380799
01324188,1523964239168,-9.63144,1.10891,-2.00119,-0.218179,-0.0905555,0.595932,0.755459,-0.509781,-0.0024804
01324185,1523964239168,-9.46705,-0.512036,-0.711955,-0.0606602,0.137192,0.350166,0.858925,0.338187,-0.253629
01324181,1523964239168,-9.33015,1.10483,2.78126,0.0707225,-0.162491,0.162419,0.879254,0.302284,-0.12727
01324180,1523964239168,-8.95619,-3.47501,0.0321433,0.0965493,0.0920555,0.539145,0.722233,0.427509,-0.364979
01324189,1523964239185,-9.82739,0.570228,1.03401,-0.393487,-0.0496056,0.362938,0.769956,-0.304529,-0.384502
01324188,1523964239185,-9.43765,1.22121,-1.95558,-0.267098,-0.0930754,0.574353,0.750622,-0.51657,-0.00809345
01324185,1523964239185,-9.67709,-0.4964,-0.839,-0.141772,0.0901537,0.325941,0.859204,0.334136,-0.251762
01324181,1523964239185,-9.31258,1.19727,2.72888,0.0529118,-0.191707,0.162206,0.878485,0.300819,-0.129356
01324180,1523964239185,-9.14633,-3.34876,-0.0197735,0.0671094,0.116926,0.475909,0.726303,0.423087,-0.364587
01324189,1523964239201,-9.90966,0.616117,1.0597,-0.37582,-0.0739967,0.318636,0.766474,-0.309196,-0.387307
01324188,1523964239201,-9.6554,1.18047,-1.87651,-0.295112,-0.0848025,0.549439,0.744973,-0.523661,-0.0131768
01324185,1523964239201,-9.87036,-0.572288,-0.888178,-0.224274,0.058166,0.309272,0.861652,0.329663,-0.249898
01324181,1523964239201,-9.37914,1.21581,2.83195,0.0386609,-0.189934,0.162283,0.876144,0.297334,-0.133243
01324180,1523964239201,-9.44704,-3.3317,0.0885594,0.010127,0.111852,0.412286,0.729863,0.41694,-0.365168
01324189,1523964239218,-10.2586,0.582925,1.03325,-0.367327,-0.0981978,0.301007,0.763537,-0.311728,-0.391574
01324188,1523964239218,-9.99352,1.27775,-1.81699,-0.269021,-0.0972192,0.524646,0.739321,-0.530354,-0.0174277
01324185,1523964239218,-10.0347,-0.70125,-0.855554,-0.32214,0.0405113,0.302728,0.863557,0.327176,-0.247268
01324181,1523964239218,-9.54667,1.17984,2.86054,0.0385598,-0.205567,0.175985,0.878341,0.295397,-0.13535
01324180,1523964239218,-9.51147,-3.41005,0.121336,-0.037003,0.156941,0.340209,0.732587,0.412533,-0.363541
01324189,1523964239235,-10.4523,0.621065,1.05817,-0.334683,-0.143418,0.267477,0.762476,-0.31071,-0.395031
01324188,1523964239235,-9.84406,1.16126,-1.78822,-0.253459,-0.0869642,0.494799,0.736112,-0.537688,-0.0182499
01324185,1523964239235,-10.1531,-0.830482,-0.805479,-0.339899,0.0599802,0.297549,0.866003,0.325525,-0.24517
01324181,1523964239235,-9.53339,1.15828,2.71131,0.0295895,-0.185756,0.196868,0.878669,0.293038,-0.138359
01324180,1523964239235,-9.69343,-3.37862,0.143901,-0.120707,0.178854,0.281858,0.736881,0.4107,-0.360535
01324189,1523964239251,-10.4807,0.724756,1.31685,-0.265453,-0.202835,0.234955,0.762248,-0.312447,-0.398519
01324188,1523964239251,-9.53504,0.373453,-1.69685,-0.255707,-0.0804786,0.36925,0.733697,-0.541556,-0.0218264
01324185,1523964239251,-10.2305,-0.92388,-0.78422,-0.336047,0.0705628,0.304299,0.866285,0.323339,-0.241622
01324181,1523964239251,-9.53387,1.18498,2.69631,-0.0166046,-0.176248,0.188476,0.879791,0.29014,-0.139373
01324180,1523964239251,-9.80462,-3.40464,0.19826,-0.192792,0.172425,0.239177,0.738237,0.408048,-0.357232
01324189,1523964239268,-10.5944,0.746486,1.67399,-0.177235,-0.241712,0.193593,0.758476,-0.313227,-0.40196
01324188,1523964239268,-9.86556,0.558478,-1.77777,-0.392415,-0.0869956,0.224814,0.729926,-0.545295,-0.0276658
01324185,1523964239268,-10.2215,-1.11417,-0.814193,-0.356793,0.0743503,0.311103,0.869821,0.319335,-0.237285
01324181,1523964239268,-9.62444,1.15476,2.73736,-0.0370312,-0.141795,0.187143,0.879595,0.286368,-0.141948
01324180,1523964239268,-9.74689,-3.39474,0.239964,-0.274051,0.193965,0.198363,0.741168,0.407681,-0.353096
01324189,1523964239285,-10.5235,0.748438,1.88225,-0.113692,-0.304602,0.12639,0.753353,-0.312542,-0.407245
01324188,1523964239285,-10.2191,1.05742,-1.91431,-0.814892,-0.0930069,0.156299,0.72872,-0.546866,-0.0340748
01324185,1523964239285,-10.1975,-1.17687,-0.763624,-0.369753,0.0725546,0.295817,0.871183,0.31584,-0.235819
01324181,1523964239285,-9.80978,1.08453,2.87035,-0.0468334,-0.157747,0.183645,0.877512,0.28346,-0.145451
01324180,1523964239285,-9.69273,-3.48149,0.285937,-0.328177,0.193995,0.185679,0.743558,0.407317,-0.347737
01324189,1523964239301,-10.074,0.786255,1.82687,-0.175559,-0.313671,0.0541479,0.750689,-0.313074,-0.412836
01324188,1523964239301,-9.76751,0.929949,-1.8517,-1.23904,-0.124592,0.0725848,0.727655,-0.548799,-0.0452189
01324185,1523964239301,-10.0965,-1.29788,-0.759423,-0.329708,0.0791214,0.285505,0.871189,0.312054,-0.234868
01324181,1523964239301,-9.61545,1.08201,2.82817,-0.0539631,-0.212693,0.179694,0.878637,0.282224,-0.14889
01324180,1523964239301,-9.62865,-3.57753,0.307786,-0.348951,0.201548,0.153913,0.744879,0.407859,-0.345315
01324189,1523964239318,-9.59765,0.842447,1.62996,-0.376398,-0.312677,-0.00792499,0.7487,-0.313908,-0.417635
01324188,1523964239318,-9.14452,0.724758,-1.79935,-1.50659,-0.0985721,-0.0748906,0.72671,-0.547943,-0.0599588
01324185,1523964239318,-10.0723,-1.32206,-0.706828,-0.259049,0.0714577,0.292275,0.874452,0.310865,-0.230687
01324181,1523964239318,-9.3113,1.14871,2.79986,-0.0867605,-0.220217,0.160687,0.879621,0.279337,-0.149504
01324180,1523964239318,-9.51624,-3.68802,0.380783,-0.297504,0.215711,0.154285,0.748265,0.406077,-0.348236
01324189,1523964239335,-9.16162,0.844327,1.63312,-0.630445,-0.278225,-0.0213626,0.746954,-0.309142,-0.422927
01324188,1523964239335,-8.95595,0.733053,-1.70463,-1.6081,-0.07929,-0.149689,0.728465,-0.544778,-0.075261
01324185,1523964239335,-9.89879,-1.3785,-0.684561,-0.195424,0.0489113,0.299115,0.875274,0.307247,-0.228303
01324181,1523964239335,-9.14209,1.17486,2.93568,-0.0512354,-0.190807,0.171128,0.880755,0.276969,-0.152388
01324180,1523964239335,-9.29781,-3.75342,0.416392,-0.222973,0.223407,0.131888,0.750237,0.407319,-0.343649
01324189,1523964239351,-8.80694,0.441941,2.03086,-0.856994,-0.25612,-0.0719737,0.746046,-0.303406,-0.431029
01324188,1523964239351,-9.0522,0.860968,-1.67135,-1.61361,-0.0470109,-0.200724,0.731572,-0.540707,-0.0917349
01324185,1523964239351,-9.69122,-1.34365,-0.659836,-0.0864695,0.0496335,0.297243,0.877041,0.304168,-0.227234
01324181,1523964239351,-8.98323,1.12582,2.89416,-0.0591893,-0.182986,0.166015,0.879194,0.274091,-0.154171
01324180,1523964239351,-9.15304,-3.72765,0.422781,-0.128265,0.227691,0.109633,0.751819,0.407847,-0.33961
01324189,1523964239368,-8.547,-0.353547,2.40475,-0.954915,-0.282823,-0.137144,0.744721,-0.297224,-0.438588
01324188,1523964239368,-8.66524,0.931732,-1.30199,-1.6505,0.0300423,-0.247871,0.733843,-0.533294,-0.10772
01324185,1523964239368,-9.53194,-1.30613,-0.667041,0.00972418,0.0248316,0.285353,0.878267,0.299679,-0.22615
01324181,1523964239368,-8.844,0.901893,2.83173,-0.0572414,-0.181698,0.141878,0.878185,0.272285,-0.158904
01324180,1523964239368,-9.0745,-3.63511,0.433723,-0.0402399,0.212749,0.0837157,0.753257,0.4066,-0.329394
01324189,1523964239385,-8.43203,-0.995184,2.70331,-0.875997,-0.307926,-0.230129,0.742008,-0.285114,-0.446887
01324188,1523964239385,-8.32291,0.673841,-1.1507,-1.79401,0.166688,-0.309248,0.736121,-0.527145,-0.121631
01324185,1523964239385,-9.48576,-1.19805,-0.645866,0.0826661,0.0221725,0.264866,0.879898,0.295176,-0.225851
01324181,1523964239385,-8.83188,0.70552,2.83557,-0.0641302,-0.185954,0.103959,0.877798,0.271975,-0.160221
01324180,1523964239385,-9.05856,-3.54762,0.39569,0.0157773,0.214786,0.0805857,0.753801,0.404837,-0.326872
01324189,1523964239401,-8.64359,-1.40588,2.96841,-0.666453,-0.356727,-0.303916,0.741502,-0.277664,-0.455381
01324188,1523964239401,-8.37697,0.428283,-1.17693,-1.87124,0.340344,-0.341501,0.738789,-0.518387,-0.135384
01324185,1523964239401,-9.53608,-1.06534,-0.66934,0.0848051,0.0359415,0.234168,0.881255,0.291644,-0.226344
01324181,1523964239401,-8.77059,0.592238,2.81157,-0.0567448,-0.165502,0.0627388,0.878115,0.268806,-0.161088
01324180,1523964239401,-9.0738,-3.48478,0.371717,0.0744973,0.204366,0.087057,0.755645,0.405352,-0.321622
01324189,1523964239418,-9.01493,-1.30528,3.63145,-0.462434,-0.36742,-0.390201,0.740162,-0.269467,-0.462523
01324188,1523964239418,-8.46066,-0.0527616,-1.99978,-1.8396,0.545729,-0.344326,0.743089,-0.510889,-0.144659
01324185,1523964239418,-9.5843,-1.0506,-0.681985,0.0600517,0.0218541,0.211334,0.881796,0.288233,-0.227881
01324181,1523964239418,-8.89836,0.391831,2.75904,-0.0476453,-0.150117,0.0327314,0.877604,0.269446,-0.164815
01324180,1523964239418,-9.09861,-3.43176,0.352432,0.100309,0.180088,0.0791565,0.757271,0.403287,-0.320337
01324189,1523964239435,-9.38612,-1.54014,4.15738,-0.315923,-0.45698,-0.503183,0.73951,-0.260576,-0.471005
01324188,1523964239435,-9.28771,-0.139711,-2.2356,-1.54078,0.886158,-0.25193,0.748739,-0.502586,-0.149864
01324185,1523964239435,-9.64729,-1.16576,-0.658694,0.0149827,0.0239734,0.205433,0.883425,0.285991,-0.227211
01324181,1523964239435,-9.13971,0.209313,2.92038,-0.0313183,-0.200801,-0.0340432,0.87708,0.270115,-0.167214
01324180,1523964239435,-9.20744,-3.28926,0.45366,0.0932412,0.172651,0.0984604,0.758757,0.401657,-0.318771
01324189,1523964239451,-9.48931,-2.16381,3.78261,-0.303425,-0.572967,-0.625508,0.734509,-0.249851,-0.481027
01324188,1523964239451,-10.4318,-1.62472,-1.66692,-0.839098,1.21291,-0.044545,0.753193,-0.499484,-0.146226
01324185,1523964239451,-9.78265,-1.33817,-0.549219,0.00697581,0.0466728,0.181516,0.884516,0.2815,-0.226257
01324181,1523964239451,-9.24791,0.25166,2.97201,-0.0363415,-0.224897,-0.0945475,0.876841,0.269217,-0.169184
01324180,1523964239451,-9.28443,-3.34892,0.532336,0.0510504,0.169392,0.121031,0.759984,0.401367,-0.322441
01324189,1523964239468,-9.50577,-2.72901,3.4018,-0.173544,-0.581494,-0.78675,0.732331,-0.237751,-0.488395
01324188,1523964239468,-9.72858,-3.02295,-1.38055,0.495684,1.42985,0.104291,0.756303,-0.499934,-0.128527
01324185,1523964239468,-9.93724,-1.47677,-0.463532,0.0236559,0.0656303,0.159301,0.884927,0.279269,-0.225061
01324181,1523964239468,-9.03413,0.414562,2.66597,-0.0325151,-0.190188,-0.127089,0.874717,0.269737,-0.172891
01324180,1523964239468,-9.37584,-3.39364,0.550533,-0.0260773,0.167997,0.132851,0.760784,0.400318,-0.319097
01324189,1523964239485,-9.29123,-3.3405,2.5598,0.0652227,-0.575612,-0.861524,0.731523,-0.228845,-0.494735
01324188,1523964239485,-9.10152,-2.09209,-1.38667,1.78638,1.53335,0.129364,0.75793,-0.503017,-0.100745
01324185,1523964239485,-9.9999,-1.51483,-0.382815,0.0704807,0.0610002,0.183956,0.885745,0.278594,-0.22349
01324181,1523964239485,-8.95889,0.50284,2.6068,-0.0395171,-0.135571,-0.136966,0.873863,0.274437,-0.174309
01324180,1523964239485,-9.28442,-3.26683,0.300769,-0.110034,0.160807,0.130522,0.762917,0.398943,-0.31362
01324189,1523964239501,-8.55979,-3.57591,2.11737,0.584343,-0.469234,-1.00672,0.72798,-0.22072,-0.499177
01324188,1523964239501,-9.96765,0.369012,-2.21807,2.45565,1.60097,0.106167,0.76024,-0.508087,-0.0619244
01324185,1523964239501,-9.82591,-1.42438,-0.342666,0.112494,0.0495324,0.220513,0.888325,0.273391,-0.222926
01324181,1523964239501,-8.97835,0.553523,2.64917,-0.00206736,-0.109236,-0.150649,0.872637,0.276987,-0.176208
01324180,1523964239501,-9.17677,-3.45431,0.573895,-0.148636,0.167465,0.135529,0.763161,0.400085,-0.31144
01324189,1523964239518,-8.78865,-3.51895,2.39601,1.1374,-0.253155,-1.0763,0.728778,-0.216717,-0.49969
01324188,1523964239518,-11.3264,3.01009,-2.66462,2.04913,1.63623,0.153939,0.759433,-0.513466,-0.0246992
01324185,1523964239518,-9.58158,-1.18752,-0.31674,0.126204,0.0568263,0.25441,0.887917,0.271248,-0.224472
01324181,1523964239518,-8.84017,0.58919,2.56727,0.0334801,-0.0895555,-0.139426,0.871791,0.279863,-0.175994
01324180,1523964239518,-8.97324,-4.07139,0.715087,-0.166046,0.179962,0.0280528,0.766909,0.399572,-0.30948
01324189,1523964239535,-9.55196,-3.49187,2.55364,1.33619,-0.23527,-1.15192,0.731191,-0.212461,-0.498614
01324188,1523964239535,-10.85,3.72272,-2.76143,1.11262,1.65467,0.21859,0.758623,-0.518648,0.0145572
01324185,1523964239535,-9.34965,-1.03009,-0.352552,0.12351,0.0289139,0.274949,0.888733,0.266874,-0.224824
01324181,1523964239535,-8.76388,0.674967,2.61441,0.0174681,-0.0842921,-0.14022,0.868553,0.282567,-0.178673
01324180,1523964239535,-8.61691,-4.52209,0.815181,-0.0207328,0.192938,-0.0731092,0.766626,0.4,-0.307442
01324189,1523964239551,-10.2499,-2.99659,2.75034,1.43965,-0.282847,-1.21177,0.731558,-0.208579,-0.496715
01324188,1523964239551,-10.1281,2.81128,-2.44594,0.408145,1.59692,0.219466,0.756988,-0.520364,0.0392355
01324185,1523964239551,-9.08958,-1.10885,-0.455077,0.0894282,-0.0193082,0.259932,0.890363,0.262506,-0.224787
01324181,1523964239551,-8.80122,0.759249,2.84439,0.0289479,-0.105407,-0.13699,0.869343,0.284402,-0.17925
01324180,1523964239551,-8.42792,-3.85458,0.9077,0.149345,0.187683,-0.0860146,0.766339,0.40057,-0.304995
01324189,1523964239568,-10.2493,-1.71408,2.85074,1.37987,-0.359869,-1.18874,0.733708,-0.206759,-0.49512
01324188,1523964239568,-10.0727,2.10462,-2.10063,0.24268,1.51005,0.209441,0.754812,-0.521786,0.0578822
01324185,1523964239568,-8.89708,-1.23289,-0.510569,0.101561,-0.0977543,0.175335,0.890499,0.257546,-0.226308
01324181,1523964239568,-8.67149,0.809256,2.90464,0.042266,-0.169212,-0.144519,0.867874,0.285785,-0.182318
01324180,1523964239568,-8.2647,-3.35908,0.800839,0.193001,0.177793,-0.0628644,0.766844,0.402141,-0.302541
01324189,1523964239585,-9.80048,0.213371,3.07248,1.24474,-0.319614,-1.12008,0.73152,-0.203685,-0.495873
01324188,1523964239585,-10.1269,1.81534,-2.08074,0.398149,1.38738,0.202078,0.752089,-0.522359,0.0772619
01324185,1523964239585,-8.85864,-1.24042,-0.580075,0.156398,-0.159772,0.102525,0.889412,0.256382,-0.228252
01324181,1523964239585,-8.55679,0.788858,2.80675,0.0529644,-0.18875,-0.148198,0.865729,0.287741,-0.18579
01324180,1523964239585,-8.27621,-3.50911,0.592054,0.210365,0.16876,-0.0435109,0.766586,0.400394,-0.300411
01324189,1523964239601,-9.90055,1.6311,3.47411,1.18345,-0.323153,-1.0723,0.732037,-0.199957,-0.495314
01324188,1523964239601,-10.11,1.79195,-2.19377,0.570754,1.28482,0.143726,0.748836,-0.525165,0.0978545
01324185,1523964239601,-9.01304,-1.09521,-0.810316,0.160411,-0.174565,0.0346119,0.889671,0.256294,-0.232825
01324181,1523964239601,-8.67207,0.792336,2.82044,0.036982,-0.172009,-0.15142,0.863576,0.288883,-0.187252
01324180,1523964239601,-8.52128,-3.75897,0.43361,0.346838,0.169297,-0.0426505,0.766857,0.400687,-0.30176
01324189,1523964239618,-10.3989,1.75843,3.91033,0.995137,-0.37625,-1.06473,0.73092,-0.196186,-0.494737
01324188,1523964239618,-10.0547,1.74234,-2.02288,0.776408,1.20395,0.0548633,0.743668,-0.525615,0.118618
01324185,1523964239618,-9.31948,-0.941882,-1.10207,0.141068,-0.185334,-0.00435225,0.888308,0.255661,-0.236472
01324181,1523964239618,-8.90309,0.891415,2.92332,0.0156229,-0.149873,-0.151113,0.861946,0.291995,-0.189823
01324180,1523964239618,-8.90074,-3.71801,0.24645,0.46436,0.116343,0.00177451,0.766386,0.396951,-0.305879
01324189,1523964239635,-10.6158,1.27447,4.10475,0.752999,-0.486733,-1.06973,0.72982,-0.190416,-0.497086
01324188,1523964239635,-10.1409,1.97836,-1.93772,1.06737,1.08065,-0.0817021,0.741186,-0.52188,0.142302
01324185,1523964239635,-9.71033,-0.80486,-1.36335,0.11567,-0.171178,-0.0213388,0.888294,0.256977,-0.241318
01324181,1523964239635,-8.94911,1.06802,2.86651,0.00502462,-0.105787,-0.157603,0.86113,0.294247,-0.191986
01324180,1523964239635,-9.34274,-3.52329,0.0595232,0.507017,0.0503814,0.0263457,0.767218,0.3955,-0.30808
01324189,1523964239651,-10.5254,1.17935,4.28327,0.668243,-0.564378,-1.05744,0.730093,-0.184689,-0.500654
01324188,1523964239651,-10.2212,2.50718,-2.00687,1.24485,0.92884,-0.243259,0.741947,-0.516147,0.165666
01324185,1523964239651,-10.053,-0.773964,-1.50428,0.10481,-0.162564,-0.0485206,0.886805,0.255282,-0.241558
01324181,1523964239651,-9.2531,1.17843,2.89384,-0.0180712,0.000500749,-0.149649,0.861507,0.29708,-0.192979
01324180,1523964239651,-9.62829,-3.44239,-0.148253,0.449055,-0.0212783,0.053694,0.767394,0.392019,-0.308153
01324189,1523964239668,-10.6539,1.22164,4.79646,0.570183,-0.633962,-1.0043,0.726442,-0.177436,-0.50751
01324188,1523964239668,-10.2721,3.1373,-2.09641,1.18507,0.771571,-0.411807,0.743513,-0.508615,0.184557
01324185,1523964239668,-10.2897,-0.849589,-1.56131,0.0888209,-0.134498,-0.0732918,0.885718,0.256817,-0.242353
01324181,1523964239668,-9.97708,1.18183,3.09925,-0.00916527,0.057199,-0.152449,0.857846,0.298167,-0.19137
01324180,1523964239668,-9.9422,-3.43494,-0.289037,0.331905,-0.0609366,0.090551,0.766385,0.388291,-0.311859
01324189,1523964239685,-10.5498,1.14073,4.92614,0.500493,-0.691801,-0.906717,0.723179,-0.170183,-0.512229
01324188,1523964239685,-10.5208,3.22448,-2.01826,0.989559,0.55397,-0.546559,0.744518,-0.497759,0.201105
01324185,1523964239685,-10.5214,-0.915548,-1.54586,0.106977,-0.119135,-0.101423,0.884627,0.256622,-0.245221
01324181,1523964239685,-10.4994,1.08585,3.15087,0.0084738,0.00275222,-0.138182,0.859153,0.300874,-0.191041
01324180,1523964239685,-10.2149,-3.46154,-0.359517,0.210808,-0.12416,0.120167,0.766019,0.385989,-0.313655
01324189,1523964239701,-10.6306,0.752222,4.86315,0.437463,-0.684109,-0.821632,0.715863,-0.16169,-0.520638
01324188,1523964239701,-10.5487,2.90252,-1.47123,0.860717,0.286098,-0.649506,0.74662,-0.488109,0.211911
01324185,1523964239701,-10.8495,-0.971232,-1.48272,0.131985,-0.0986152,-0.133826,0.881636,0.25853,-0.248626
01324181,1523964239701,-10.7075,0.976671,3.10816,0.017347,-0.0485525,-0.141176,0.856717,0.302746,-0.191985
01324180,1523964239701,-10.4821,-3.55633,-0.36748,0.0884124,-0.157633,0.150844,0.765516,0.385451,-0.31906
01324189,1523964239718,-10.7092,0.172652,4.5368,0.271835,-0.636539,-0.732525,0.709771,-0.157961,-0.526156
01324188,1523964239718,-10.3672,2.31123,-1.13999,0.887188,0.00440877,-0.732029,0.751425,-0.476697,0.221448
01324185,1523964239718,-11.2329,-0.980833,-1.42738,0.138675,-0.0671162,-0.142455,0.881362,0.259778,-0.249682
01324181,1523964239718,-10.6999,0.979148,3.15647,0.0138901,-0.0258456,-0.156485,0.856409,0.305615,-0.191776
01324180,1523964239718,-10.792,-3.73917,-0.313506,0.00657676,-0.216543,0.188621,0.76545,0.381124,-0.322386
01324189,1523964239735,-10.5873,-0.283716,4.0568,0.137132,-0.591117,-0.664675,0.70787,-0.150888,-0.530893
01324188,1523964239735,-10.3061,1.82199,-0.856862,1.06469,-0.321288,-0.796322,0.758514,-0.461182,0.226502
01324185,1523964239735,-11.5104,-1.03204,-1.39071,0.120516,-0.0262072,-0.116271,0.879864,0.263408,-0.25141
01324181,1523964239735,-10.543,1.08051,3.10723,0.0156516,-0.00805666,-0.149493,0.855208,0.305472,-0.192557
01324180,1523964239735,-10.9373,-3.91009,-0.291695,-0.0348625,-0.260622,0.193315,0.765659,0.3793,-0.333229
01324189,1523964239751,-10.3683,-0.700684,3.60464,0.0902567,-0.535484,-0.652541,0.704903,-0.145375,-0.536967
01324188,1523964239751,-10.3206,1.84954,-0.650034,1.35682,-0.708406,-0.794154,0.765188,-0.44422,0.228825
01324185,1523964239751,-11.544,-1.08227,-1.25773,0.079479,-0.00795818,-0.0899704,0.88054,0.263967,-0.251679
01324181,1523964239751,-10.385,1.10183,3.06195,0.0121252,0.0503759,-0.143846,0.854643,0.30679,-0.191516
01324180,1523964239751,-10.8782,-4.01642,-0.214363,-0.0799418,-0.27803,0.177044,0.764475,0.378172,-0.334989
01324189,1523964239768,-9.99874,-1.24915,3.2935,0.109675,-0.499532,-0.631289,0.699186,-0.138628,-0.54086
01324188,1523964239768,-10.2703,2.36356,-1.08827,1.57132,-1.08781,-0.744637,0.773774,-0.428465,0.225126
01324185,1523964239768,-11.3603,-1.09042,-1.02288,0.0558212,-0.000470456,-0.0679222,0.87932,0.264953,-0.251685
01324181,1523964239768,-10.2795,1.10794,3.04318,0.0120864,0.114355,-0.12608,0.854359,0.3078,-0.191269
01324180,1523964239768,-10.6368,-4.00954,-0.139462,-0.1112,-0.263335,0.135577,0.76411,0.375724,-0.336519
01324189,1523964239785,-9.48471,-1.53004,3.03923,0.192716,-0.464246,-0.59386,0.697308,-0.131998,-0.547741
01324188,1523964239785,-10.2387,3.03981,-1.61448,1.45385,-1.47227,-0.615145,0.782069,-0.408923,0.215342
01324185,1523964239785,-11.1042,-1.0798,-0.830138,0.0319225,-0.0441008,-0.0506651,0.877966,0.263399,-0.251926
01324181,1523964239785,-10.2798,1.07404,2.96897,0.0264641,0.151192,-0.143042,0.853745,0.310201,-0.186531
01324180,1523964239785,-10.337,-4.03619,-0.0255065,-0.111183,-0.243609,0.110146,0.763158,0.375725,-0.333804
01324189,1523964239801,-9.13177,-1.50946,2.99987,0.302309,-0.406672,-0.517262,0.692701,-0.129736,-0.551148
01324188,1523964239801,-9.9859,3.39153,-2.05282,1.10157,-1.83249,-0.529431,0.79068,-0.395896,0.201513
01324185,1523964239801,-10.8629,-1.07642,-0.758008,0.013873,-0.0721906,-0.0607244,0.876335,0.263362,-0.25388
01324181,1523964239801,-10.2114,1.03112,3.03302,0.00860156,0.154924,-0.130897,0.851283,0.312826,-0.185764
01324180,1523964239801,-10.1436,-4.04918,0.0488154,-0.0916903,-0.21434,0.0506459,0.761985,0.373139,-0.334109
01324189,1523964239818,-8.75082,-1.34348,2.9507,0.399299,-0.340296,-0.406081,0.690695,-0.131134,-0.553811
01324188,1523964239818,-9.8888,3.4888,-2.22292,0.604411,-2.15014,-0.465501,0.796487,-0.389578,0.182723
01324185,1523964239818,-10.6698,-1.00782,-0.786391,-0.00969871,-0.107315,-0.0758254,0.875922,0.263881,-0.256235
01324181,1523964239818,-9.98139,1.0024,2.91429,0.0246577,0.156613,-0.133575,0.851243,0.314169,-0.183268
01324180,1523964239818,-9.99561,-4.09609,0.0838389,-0.0336961,-0.201118,0.0123781,0.760117,0.372593,-0.334362
01324189,1523964239835,-8.37304,-0.999323,2.76083,0.459767,-0.244201,-0.286196,0.687432,-0.130763,-0.554305
01324188,1523964239835,-9.90455,3.12391,-2.44571,0.102689,-2.43995,-0.43493,0.803797,-0.383563,0.151244
01324185,1523964239835,-10.5175,-0.881199,-0.823327,-0.040052,-0.145357,-0.12491,0.873209,0.26357,-0.257791
01324181,1523964239835,-9.68091,0.940515,2.83529,0.0281758,0.195791,-0.116077,0.85134,0.315918,-0.181712
01324180,1523964239835,-9.89591,-4.12108,0.0460055,0.0150296,-0.158243,-0.0186911,0.759591,0.372468,-0.336112
01324189,1523964239851,-8.07571,-0.518312,2.76235,0.427757,-0.121235,-0.18709,0.684993,-0.132568,-0.554292
01324188,1523964239851,-9.97589,2.08873,-2.64272,-0.325943,-2.7153,-0.444399,0.810427,-0.376387,0.113923
01324185,1523964239851,-10.3075,-0.79587,-0.867164,-0.0919917,-0.156472,-0.145241,0.872659,0.266059,-0.260295
01324181,1523964239851,-9.4506,0.758883,2.80161,0.0549111,0.227618,-0.115923,0.850088,0.317558,-0.179475
01324180,1523964239851,-9.70239,-4.10135,-0.00758435,0.0786455,-0.160431,-0.0728495,0.757977,0.373813,-0.338087
01324189,1523964239868,-7.81706,-0.127379,2.73017,0.393897,-0.0258847,-0.101256,0.686101,-0.136334,-0.553933
01324188,1523964239868,-10.2835,1.22207,-3.02233,-0.435556,-2.91516,-0.450896,0.817609,-0.369638,0.0668786
01324185,1523964239868,-10.0734,-0.768417,-0.848351,-0.169921,-0.154048,-0.157129,0.870487,0.266877,-0.261732
01324181,1523964239868,-9.22739,0.528688,2.71568,0.0835451,0.275059,-0.132009,0.851942,0.317599,-0.176441
01324180,1523964239868,-9.4649,-3.95377,-0.00203828,0.0896079,-0.143326,-0.137734,0.755103,0.370426,-0.344865
01324189,1523964239885,-7.79621,-0.0705625,2.85656,0.30768,0.0683307,-0.0386441,0.68611,-0.139637,-0.552889
01324188,1523964239885,-10.4533,0.284007,-4.30723,-0.308388,-2.99321,-0.449089,0.820718,-0.363022,0.0241836
01324185,1523964239885,-9.83017,-0.909546,-0.813639,-0.254679,-0.13744,-0.165697,0.869129,0.270258,-0.26176
01324181,1523964239885,-9.0857,0.268433,2.61048,0.156666,0.3048,-0.152676,0.850825,0.31854,-0.173395
01324180,1523964239885,-9.22785,-3.77239,0.00127236,0.0795086,-0.132709,-0.188722,0.752439,0.370494,-0.348335
01324189,1523964239901,-8.01675,-0.405764,2.86883,0.185452,0.164646,-0.00720247,0.68609,-0.139482,-0.550882
01324188,1523964239901,-10.3784,0.185078,-5.38025,-0.0589796,-2.90065,-0.347214,0.81894,-0.356041,-0.015197
01324185,1523964239901,-9.56538,-1.13265,-0.754742,-0.317363,-0.128282,-0.192956,0.868718,0.275614,-0.26168
01324181,1523964239901,-8.81033,0.109197,2.54285,0.186207,0.339742,-0.174928,0.849501,0.323953,-0.168713
01324180,1523964239901,-8.97809,-3.65412,0.0526974,0.0232906,-0.100053,-0.211734,0.749985,0.375338,-0.351308
01324189,1523964239918,-8.13931,-1.37163,3.35032,0.0598249,0.210949,0.00299396,0.687154,-0.140358,-0.547825
01324188,1523964239918,-9.47479,-0.0521211,-6.42479,0.143241,-2.68824,-0.217666,0.815966,-0.35351,-0.0524184
01324185,1523964239918,-9.31253,-1.36043,-0.627348,-0.36407,-0.152724,-0.216613,0.86627,0.279089,-0.264187
01324181,1523964239918,-8.67842,-0.0130244,2.60399,0.212216,0.39051,-0.203893,0.849573,0.32576,-0.164502
01324180,1523964239918,-8.67486,-3.56948,0.147963,-0.0550319,-0.0905774,-0.264079,0.747273,0.378289,-0.352019
01324189,1523964239935,-7.6969,-2.23397,3.75052,0.0371129,0.269802,-0.0176947,0.689585,-0.141847,-0.545056
01324188,1523964239935,-8.44339,0.306822,-7.27358,0.311999,-2.38677,-0.129854,0.812721,-0.35136,-0.0845455
01324185,1523964239935,-9.05471,-1.5497,-0.486005,-0.317569,-0.167494,-0.240436,0.864366,0.28358,-0.265139
01324181,1523964239935,-8.65275,-0.0564846,2.71849,0.20872,0.376074,-0.219522,0.849771,0.328975,-0.161251
01324180,1523964239935,-8.36989,-3.62511,0.269061,-0.151535,-0.0536671,-0.290009,0.746161,0.381495,-0.351534
01324189,1523964239951,-7.42297,-2.69308,4.06658,0.18217,0.38903,-0.0787763,0.690487,-0.142706,-0.539322
01324188,1523964239951,-7.84182,0.813496,-7.98799,0.26573,-1.96426,-0.102437,0.811382,-0.350832,-0.113837
01324185,1523964239951,-8.76322,-1.76808,-0.345803,-0.205934,-0.196769,-0.242984,0.861247,0.286248,-0.265676
01324181,1523964239951,-8.70442,-0.0668933,2.83186,0.23019,0.345508,-0.249145,0.847281,0.330831,-0.156483
01324180,1523964239951,-8.06659,-3.72883,0.370543,-0.14093,-0.0319232,-0.326807,0.741019,0.384761,-0.349232
01324189,1523964239968,-7.07522,-2.50496,4.07638,0.302657,0.536076,-0.135576,0.695176,-0.142075,-0.532149
01324188,1523964239968,-7.17932,0.828792,-8.11122,0.0273252,-1.44701,-0.13369,0.808117,-0.346832,-0.135754
01324185,1523964239968,-8.59236,-1.98092,-0.23689,-0.0130142,-0.207376,-0.23721,0.858934,0.289866,-0.268055
01324181,1523964239968,-8.78922,-0.0922801,2.98154,0.232118,0.259835,-0.292963,0.847373,0.332592,-0.154396
01324180,1523964239968,-7.9166,-3.9205,0.399957,-0.111355,0.000224436,-0.35285,0.739898,0.388691,-0.348732
01324189,1523964239985,-7.09646,-2.07109,3.80269,0.253699,0.64014,-0.127055,0.699872,-0.142452,-0.525117
01324188,1523964239985,-6.636,0.0133194,-7.63156,-0.0678152,-0.900909,-0.144176,0.800663,-0.345811,-0.154709
01324185,1523964239985,-8.62628,-2.06253,-0.193351,0.239924,-0.185248,-0.246127,0.854999,0.292517,-0.269504
01324181,1523964239985,-8.8584,-0.199983,3.14738,0.239267,0.175434,-0.316095,0.845533,0.337685,-0.151561
01324180,1523964239985,-8.06841,-4.13438,0.368298,0.00958945,-0.000776413,-0.367936,0.7366,0.394089,-0.344929
01324189,1523964240001,-7.40494,-1.21641,3.28119,0.151427,0.710329,-0.072404,0.705259,-0.144717,-0.517974
01324188,1523964240001,-6.65653,-0.270689,-6.9983,0.206103,-0.416157,-0.156456,0.799574,-0.344309,-0.161465
01324185,1523964240001,-8.81899,-1.96022,-0.215269,0.48753,-0.156027,-0.255051,0.854441,0.293665,-0.275784
01324181,1523964240001,-8.42201,-0.257745,2.95808,0.294534,0.128183,-0.335748,0.843722,0.342571,-0.151644
01324180,1523964240001,-8.45845,-4.24432,0.286547,0.222926,0.00868755,-0.361185,0.732685,0.396623,-0.345091
01324189,1523964240018,-8.03844,-0.392072,3.38521,0.196632,0.689493,0.0602781,0.710344,-0.145524,-0.508677
01324188,1523964240018,-6.96,0.0487038,-6.99883,0.647397,0.0371245,-0.155598,0.79875,-0.342931,-0.159485
01324185,1523964240018,-9.08858,-1.7467,-0.244746,0.647808,-0.0980392,-0.289562,0.851987,0.295251,-0.281277
01324181,1523964240018,-8.20927,-0.400952,3.15055,0.344398,0.142187,-0.346163,0.841123,0.346039,-0.151689
01324180,1523964240018,-8.6955,-4.2173,0.207042,0.489102,-0.0134656,-0.342014,0.731069,0.398702,-0.348537
01324189,1523964240035,-9.19222,-0.231881,3.73404,0.256824,0.661755,0.191358,0.716141,-0.152675,-0.498769
01324188,1523964240035,-7.68124,-0.139936,-6.53424,0.613407,0.470057,-0.184819,0.801993,-0.342196,-0.148443
01324185,1523964240035,-9.27808,-1.38917,-0.230605,0.716942,-0.0602162,-0.315359,0.848445,0.299076,-0.287573
01324181,1523964240035,-7.91874,-0.46535,3.0329,0.424599,0.211038,-0.355369,0.840247,0.351206,-0.151389
01324180,1523964240035,-8.70753,-4.01135,0.121049,0.677803,-0.00978037,-0.314366,0.72803,0.398809,-0.357402
01324189,1523964240051,-10.8293,-0.627471,3.91846,0.280176,0.532579,0.275513,0.717995,-0.157429,-0.490536
01324188,1523964240051,-10.3741,-1.59864,-0.242909,0.0907506,0.675065,-0.351209,0.803861,-0.338521,-0.137469
01324185,1523964240051,-9.27483,-1.05217,-0.297295,0.713587,-0.0235054,-0.349616,0.845995,0.300119,-0.292016
01324181,1523964240051,-8.46328,-0.321415,3.08461,0.415128,0.366102,-0.390937,0.837497,0.354988,-0.150244
01324180,1523964240051,-8.62352,-3.80839,0.197906,0.786686,-0.0141809,-0.338294,0.723231,0.398484,-0.36166
01324189,1523964240068,-10.8827,-1.07605,2.37501,0.241973,0.527626,0.293157,0.720951,-0.161073,-0.484447
01324188,1523964240068,-12.2325,-1.32235,0.539182,0.62141,0.484497,-0.392453,0.81075,-0.334999,-0.128183
01324185,1523964240068,-9.29852,-0.888317,-0.312525,0.667629,-0.0208552,-0.393803,0.844637,0.301091,-0.292805
01324181,1523964240068,-8.86332,0.0815056,3.00188,0.44623,0.4159,-0.381935,0.837583,0.356903,-0.147629
01324180,1523964240068,-9.05285,-3.95247,0.335517,0.908536,0.00919126,-0.302133,0.72185,0.395093,-0.37224
01324189,1523964240085,-10.6719,-1.45332,2.04477,0.00354895,0.541893,0.151916,0.722252,-0.164948,-0.475933
01324188,1523964240085,-10.7693,0.826492,0.0389943,0.497959,0.444666,-0.474999,0.812745,-0.329413,-0.120725
01324185,1523964240085,-9.39945,-0.779313,-0.280209,0.66851,-0.0399671,-0.453193,0.84029,0.302134,-0.297242
01324181,1523964240085,-8.88412,0.377474,2.72077,0.415947,0.414296,-0.369819,0.835732,0.362575,-0.144541
01324180,1523964240085,-9.03206,-3.75597,0.496312,1.1117,-0.0216285,-0.347615,0.718986,0.391425,-0.380374
01324189,1523964240101,-9.8839,-2.21712,2.77101,-0.241938,0.411242,0.0170499,0.724938,-0.165001,-0.472219
01324188,1523964240101,-9.68203,0.482252,-2.00955,-0.419167,0.549791,-0.41088,0.816648,-0.325248,-0.114726
01324185,1523964240101,-9.32168,-0.594378,-0.251471,0.707406,-0.0829437,-0.487,0.836482,0.305995,-0.301708
01324181,1523964240101,-8.56739,0.500011,2.82671,0.413998,0.397896,-0.345914,0.83417,0.365561,-0.139806
01324180,1523964240101,-8.58095,-3.09579,0.431836,1.17111,-0.0559573,-0.372034,0.715847,0.38834,-0.388491
01324189,1523964240118,-8.56605,-3.11257,1.88733,-0.311685,0.288828,-0.0818278,0.728826,-0.16106,-0.468755
01324188,1523964240118,-9.86925,-1.10008,-1.12736,-0.795401,0.568039,-0.345981,0.816047,-0.31643,-0.109995
01324185,1523964240118,-8.96412,-0.45686,-0.144448,0.750941,-0.118639,-0.495406,0.832261,0.31052,-0.308269
01324181,1523964240118,-8.48163,0.68285,2.98797,0.381724,0.388803,-0.30973,0.832438,0.372794,-0.13715
01324180,1523964240118,-8.56488,-2.7971,0.281372,1.10368,-0.0779099,-0.422655,0.70892,0.385721,-0.390468
01324189,1523964240135,-8.64774,-3.628,1.70722,-0.180673,0.271979,-0.0457998,0.730299,-0.159653,-0.467156
01324188,1523964240135,-9.68172,-3.274,0.724707,-0.244361,0.573136,-0.319076,0.818992,-0.31091,-0.104572
01324185,1523964240135,-8.62621,-0.444421,-0.0401505,0.867675,-0.13367,-0.480206,0.828855,0.313355,-0.314817
01324181,1523964240135,-8.77165,0.718128,3.12068,0.390516,0.360722,-0.302175,0.832368,0.375733,-0.133625
01324180,1523964240135,-8.29109,-2.60429,0.157011,1.00629,-0.0661567,-0.500567,0.706573,0.384519,-0.40072
01324189,1523964240151,-9.2054,-3.58934,1.68652,0.0814467,0.0915062,-0.0977854,0.729861,-0.158623,-0.464736
01324188,1523964240151,-9.54819,-3.84606,0.0453876,0.647982,0.6059,-0.239992,0.823449,-0.308566,-0.097213
01324185,1523964240151,-8.59472,-0.444556,0.0264411,1.03432,-0.135381,-0.490592,0.825043,0.314064,-0.321995
01324181,1523964240151,-8.97354,0.759365,3.17656,0.347653,0.226385,-0.297123,0.831267,0.377192,-0.13298
01324180,1523964240151,-8.2931,-2.41487,0.0468569,0.887553,-0.035318,-0.571386,0.702742,0.381861,-0.405309
01324189,1523964240168,-9.0566,-2.99356,2.18711,0.323625,-0.035412,-0.197161,0.731062,-0.156779,-0.463397
01324188,1523964240168,-9.09658,-2.00999,-0.711204,1.01259,0.609907,-0.168402,0.82519,-0.306417,-0.0847179
01324185,1523964240168,-8.87664,-0.308023,-0.0308321,1.15849,-0.171986,-0.505743,0.823127,0.313628,-0.330084
01324181,1523964240168,-8.93239,0.837376,3.31056,0.233493,0.0284826,-0.27953,0.829315,0.382652,-0.133073
01324180,1523964240168,-8.72402,-2.37105,-0.0102804,0.808988,-0.0225245,-0.60861,0.696329,0.382881,-0.411541
01324189,1523964240185,-9.07401,-2.54518,2.51947,0.422232,-0.127945,-0.241966,0.729031,-0.1563,-0.464708
01324188,1523964240185,-9.86306,-0.0485303,-1.17064,0.773348,0.601008,-0.186237,0.82613,-0.3063,-0.0720706
01324185,1523964240185,-9.30041,-0.0309304,-0.0543624,1.21213,-0.213646,-0.564128,0.81633,0.315297,-0.338699
01324181,1523964240185,-9.04749,0.823666,3.57574,0.133528,-0.0486955,-0.240198,0.827416,0.383822,-0.133078
01324180,1523964240185,-9.08735,-2.50532,-0.0435674,0.769138,-0.0218205,-0.649249,0.690972,0.385186,-0.417492
01324189,1523964240201,-9.50663,-1.86752,2.04567,0.460149,-0.158524,-0.24971,0.727964,-0.158577,-0.465516
01324188,1523964240201,-10.3763,0.384168,-1.75296,0.223569,0.610667,-0.211214,0.825567,-0.304339,-0.0609043
01324185,1523964240201,-9.74807,0.318546,-0.0727611,1.2462,-0.223054,-0.586975,0.810884,0.315936,-0.34953
01324181,1523964240201,-9.31744,0.832451,3.76221,0.104869,-0.0428483,-0.212406,0.824437,0.38724,-0.135642
01324180,1523964240201,-9.58739,-2.52964,-0.125922,0.727574,-0.0372145,-0.672371,0.686134,0.387021,-0.41914
01324189,1523964240218,-10.2642,-1.64324,2.01383,0.421014,-0.231235,-0.197145,0.725254,-0.160949,-0.465236
01324188,1523964240218,-10.0522,-0.269438,-1.89876,-0.146297,0.574531,-0.238849,0.828534,-0.302356,-0.0546262
01324185,1523964240218,-10.2251,0.528553,-0.0981742,1.2486,-0.19519,-0.611718,0.804759,0.317567,-0.360106
01324181,1523964240218,-9.57127,0.846334,3.88107,0.0850851,-0.028027,-0.177674,0.823088,0.388656,-0.137118
01324180,1523964240218,-10.1687,-2.42387,-0.273611,0.687534,-0.0511826,-0.676961,0.681031,0.390921,-0.426144
01324189,1523964240235,-10.0667,-1.56786,1.63618,0.264988,-0.271103,-0.16743,0.72474,-0.16009,-0.468835
01324188,1523964240235,-10.0793,-1.09999,-2.07151,-0.209049,0.551486,-0.234196,0.829858,-0.298053,-0.0475095
01324185,1523964240235,-10.6776,0.820334,-0.052686,1.17717,-0.134011,-0.634899,0.802164,0.318681,-0.368208
01324181,1523964240235,-9.623,0.6881,3.792,0.0724638,0.00449569,-0.139396,0.822787,0.391648,-0.137841
01324180,1523964240235,-10.6833,-2.27479,-0.333404,0.615872,-0.0475537,-0.692182,0.674886,0.392819,-0.434388
01324189,1523964240251,-9.86336,-1.37301,1.04453,0.160578,-0.256329,-0.16075,0.722979,-0.161051,-0.46909
01324188,1523964240251,-9.9847,-1.69488,-2.21847,-0.0918315,0.462448,-0.190085,0.831183,-0.293901,-0.0402677
01324185,1523964240251,-11.0723,1.04921,0.056485,0.986867,-0.094431,-0.641664,0.79808,0.320092,-0.375523
01324181,1523964240251,-9.84308,0.607858,3.79696,0.0321538,0.0727841,-0.0800005,0.822774,0.39154,-0.136245
01324180,1523964240251,-10.9138,-2.03103,-0.356067,0.53539,-0.0495449,-0.692593,0.670327,0.394661,-0.4382
01324189,1523964240268,-10.2197,-1.81584,1.00018,0.0118892,-0.220101,-0.106159,0.720414,-0.158843,-0.47252
01324188,1523964240268,-9.83419,-1.54406,-2.49054,0.0565891,0.400585,-0.164946,0.832791,-0.291245,-0.0354109
01324185,1523964240268,-11.1685,1.11249,0.137593,0.721362,-0.0985181,-0.598802,0.792243,0.322555,-0.379446
01324181,1523964240268,-10.1209,0.541478,3.81577,-0.00621918,0.133468,-0.0499689,0.822755,0.391444,-0.134118
01324180,1523964240268,-10.9125,-1.77296,-0.332886,0.418171,-0.0318728,-0.720401,0.663569,0.400887,-0.441217
01324189,1523964240285,-10.1081,-2.25777,0.81976,-0.0780216,-0.17601,-0.0710231,0.719366,-0.157402,-0.477579
01324188,1523964240285,-9.98909,-1.61825,-2.83521,-0.00592312,0.297451,-0.12404,0.832791,-0.291516,-0.0327361
01324185,1523964240285,-11.0528,1.1021,0.0963534,0.416009,-0.110852,-0.542281,0.789383,0.324144,-0.384808
01324181,1523964240285,-10.2931,0.510289,3.86357,-0.0438865,0.123767,0.000105849,0.821937,0.391479,-0.133048
01324180,1523964240285,-10.8338,-1.52371,-0.301746,0.282968,0.00100847,-0.723619,0.659198,0.407334,-0.439944
01324189,1523964240301,-10.062,-2.39724,0.928265,-0.124264,-0.116842,-0.0784016,0.717608,-0.155354,-0.47995
01324188,1523964240301,-10.132,-1.68116,-2.72764,-0.0334232,0.17914,-0.0901467,0.834129,-0.28888,-0.0304345
01324185,1523964240301,-10.9711,0.966789,0.128217,0.139893,-0.0651173,-0.462343,0.783954,0.329177,-0.386928
01324181,1523964240301,-10.4456,0.632382,3.66222,-0.0742121,0.140039,0.0210505,0.82246,0.390952,-0.130652
01324180,1523964240301,-10.8028,-1.32597,-0.247187,0.117892,0.0389482,-0.722597,0.654435,0.414387,-0.441893
01324189,1523964240318,-10.1805,-2.45951,1.08325,-0.0748362,-0.0845141,-0.0844896,0.716503,-0.154027,-0.479124
01324188,1523964240318,-10.0415,-1.39646,-2.80312,-0.0540783,0.066734,-0.0702754,0.833438,-0.287082,-0.0281599
01324185,1523964240318,-11.0395,0.68069,0.117102,-0.084111,-0.045889,-0.338032,0.782995,0.336047,-0.388689
01324181,1523964240318,-10.5794,0.550762,3.63395,-0.109795,0.18793,0.0302415,0.822563,0.391578,-0.128143
01324180,1523964240318,-10.8138,-1.2297,-0.232264,-0.0756359,0.0831748,-0.690078,0.648866,0.418659,-0.436999
01324189,1523964240335,-9.98847,-2.5715,0.912136,-0.0642479,-0.0518697,-0.0676724,0.716379,-0.153743,-0.480458
01324188,1523964240335,-9.94945,-1.35964,-2.94616,-0.214143,-0.0732702,-0.0286404,0.833984,-0.287482,-0.029134
01324185,1523964240335,-11.0599,0.273943,0.143996,-0.233634,-0.0320571,-0.240992,0.781636,0.340842,-0.38847
01324181,1523964240335,-10.7998,0.492355,3.63366,-0.152685,0.126448,0.0540411,0.823998,0.392772,-0.124995
01324180,1523964240335,-10.8465,-1.32673,-0.223448,-0.286404,0.0936393,-0.638605,0.644984,0.428275,-0.433779
01324189,1523964240351,-9.87241,-2.42037,0.964292,-0.0539188,0.00238461,-0.0642086,0.716379,-0.152022,-0.481514
01324188,1523964240351,-9.90207,-1.62331,-2.84788,-0.283537,-0.20152,-0.00749786,0.834668,-0.287873,-0.0334739
01324185,1523964240351,-11.0634,-0.0631579,0.0942313,-0.321113,-0.00127576,-0.152638,0.780281,0.345806,-0.386815
01324181,1523964240351,-10.7484,0.50036,3.48894,-0.167036,0.0860726,0.0726831,0.825747,0.390941,-0.122585
01324180,1523964240351,-10.8436,-1.52169,-0.275245,-0.433109,0.117446,-0.540951,0.64165,0.436864,-0.430317
01324189,1523964240368,-10.0401,-2.35201,1.12033,-0.0673955,0.0984572,-0.0199769,0.718265,-0.150055,-0.480852
01324188,1523964240368,-9.86413,-1.82192,-2.73807,-0.215169,-0.309387,0.0130369,0.834257,-0.286761,-0.0383792
01324185,1523964240368,-11.0326,-0.265595,0.0949956,-0.386069,0.0301056,-0.0711263,0.779203,0.350537,-0.382546
01324181,1523964240368,-10.6512,0.457795,3.5435,-0.186724,0.0899563,0.0934471,0.82549,0.38939,-0.121753
01324180,1523964240368,-10.7045,-1.78299,-0.294657,-0.509501,0.129432,-0.45441,0.639677,0.444574,-0.429188
01324189,1523964240385,-10.0915,-2.43381,1.22071,-0.0982368,0.154098,0.0171431,0.718785,-0.149197,-0.478844
01324188,1523964240385,-9.8786,-1.79447,-2.51681,-0.134518,-0.410989,0.0478682,0.833446,-0.286469,-0.0442729
01324185,1523964240385,-10.8881,-0.348365,0.0848097,-0.427873,0.0525547,0.0180433,0.779481,0.352861,-0.378911
01324181,1523964240385,-10.5021,0.445006,3.53987,-0.192213,0.0336706,0.111903,0.826958,0.38801,-0.118552
01324180,1523964240385,-10.549,-1.85905,-0.233135,-0.531896,0.12662,-0.320117,0.636851,0.454151,-0.422608
01324189,1523964240401,-9.72867,-2.53954,1.13709,-0.0737491,0.209013,0.0357107,0.720948,-0.14939,-0.477266
01324188,1523964240401,-9.78714,-1.89043,-2.28802,-0.0591525,-0.503442,0.0730482,0.83305,-0.287511,-0.0498513
01324185,1523964240401,-10.7097,-0.392767,0.135859,-0.460969,0.0784243,0.105472,0.780298,0.35403,-0.376705
01324181,1523964240401,-10.2001,0.419569,3.41188,-0.188713,0.0214827,0.125502,0.827083,0.387751,-0.11722
01324180,1523964240401,-10.2867,-1.95301,-0.187587,-0.533975,0.121543,-0.200684,0.636113,0.459963,-0.422886
01324189,1523964240418,-9.63666,-2.51485,1.1455,-0.0823527,0.257437,0.0497889,0.722834,-0.150147,-0.474886
01324188,1523964240418,-9.76773,-1.87357,-2.29555,-0.00303166,-0.605427,0.097096,0.831172,-0.289993,-0.0583278
01324185,1523964240418,-10.4684,-0.408684,0.169371,-0.524647,0.102686,0.177622,0.781792,0.356331,-0.37425
01324181,1523964240418,-9.94967,0.386137,3.41413,-0.211955,0.0271309,0.147977,0.827202,0.387368,-0.115089
01324180,1523964240418,-9.99592,-2.01808,-0.102933,-0.506391,0.119957,-0.0757636,0.636577,0.46369,-0.417282
01324189,1523964240435,-9.52995,-2.52891,1.14872,-0.105086,0.312888,0.0487006,0.725801,-0.149781,-0.472376
01324188,1523964240435,-9.82013,-1.63392,-2.05666,-0.0114569,-0.671929,0.121955,0.831994,-0.290145,-0.0677691
01324185,1523964240435,-10.2417,-0.410108,0.154828,-0.575725,0.102238,0.256723,0.785192,0.355577,-0.369421
01324181,1523964240435,-9.73796,0.434875,3.2455,-0.200428,0.06279,0.165426,0.829346,0.386527,-0.112969
01324180,1523964240435,-9.75372,-2.06923,-0.018676,-0.47623,0.104782,0.0719498,0.639316,0.46796,-0.412375
01324189,1523964240451,-9.4776,-2.32497,1.17275,-0.115755,0.330236,0.0379588,0.729576,-0.150437,-0.468412
01324188,1523964240451,-9.84422,-1.60534,-1.99175,-0.0285567,-0.782837,0.147167,0.828763,-0.292781,-0.0786609
01324185,1523964240451,-10.0345,-0.413872,0.0829081,-0.643649,0.0997627,0.292488,0.788456,0.355958,-0.36421
01324181,1523964240451,-9.62596,0.467787,3.18763,-0.213831,0.071848,0.179305,0.830864,0.382669,-0.111842
01324180,1523964240451,-9.51641,-2.12053,0.0751996,-0.398435,0.0886881,0.186552,0.640752,0.468034,-0.404833
01324189,1523964240468,-9.41579,-2.35453,1.07926,-0.11994,0.38725,0.0591484,0.734148,-0.148523,-0.464036
01324188,1523964240468,-9.77181,-1.62159,-1.77317,-0.0666676,-0.854981,0.161168,0.829861,-0.293317,-0.0924366
01324185,1523964240468,-9.8562,-0.431914,-0.00218151,-0.746153,0.0739719,0.342054,0.791454,0.355946,-0.357427
01324181,1523964240468,-9.5801,0.616351,3.15126,-0.24958,0.0208954,0.200496,0.831702,0.379115,-0.110315
01324180,1523964240468,-9.34729,-2.13889,0.173424,-0.343501,0.0795145,0.30196,0.644207,0.469261,-0.402023
01324189,1523964240485,-9.4344,-2.41034,0.772716,-0.152255,0.409985,0.0554438,0.735597,-0.145239,-0.461084
01324188,1523964240485,-9.84502,-1.76969,-1.2394,-0.0576029,-0.920017,0.175547,0.825673,-0.295034,-0.100836
01324185,1523964240485,-9.72626,-0.473743,-0.0995156,-0.789005,0.0632175,0.367656,0.794312,0.355481,-0.352207
01324181,1523964240485,-9.68404,0.712112,3.21638,-0.264832,-0.00889656,0.214954,0.834253,0.37826,-0.108598
01324180,1523964240485,-9.27626,-2.21315,0.197878,-0.31647,0.0669068,0.410143,0.647982,0.465986,-0.398903
01324189,1523964240501,-9.33906,-2.41101,0.330712,-0.173522,0.461892,0.0419244,0.73964,-0.145613,-0.456853
01324188,1523964240501,-9.93026,-1.9609,-1.43675,0.136137,-0.972466,0.190453,0.82408,-0.299024,-0.114525
01324185,1523964240501,-9.7411,-0.514701,-0.229482,-0.814477,0.0268901,0.408743,0.797037,0.3539,-0.346453
01324181,1523964240501,-9.58634,0.786043,3.22525,-0.267647,-0.0900428,0.227155,0.833997,0.376428,-0.107494
01324180,1523964240501,-9.3452,-2.29828,0.182236,-0.295092,0.0192115,0.519832,0.651758,0.463007,-0.396588
01324189,1523964240518,-9.37565,-2.31076,-0.14557,-0.151386,0.490062,0.0232876,0.744228,-0.145714,-0.452894
01324188,1523964240518,-10.2179,-1.95357,-1.64635,0.295336,-1.10221,0.252915,0.820859,-0.303036,-0.127118
01324185,1523964240518,-9.77517,-0.545895,-0.344168,-0.802404,0.0181195,0.423253,0.800302,0.353148,-0.341492
01324181,1523964240518,-9.66586,0.855609,3.04229,-0.31487,-0.102187,0.243586,0.837253,0.374101,-0.107214
01324180,1523964240518,-9.47943,-2.38166,0.156299,-0.322249,-0.0475393,0.609754,0.656884,0.459722,-0.395648
01324189,1523964240535,-9.63697,-2.4187,-0.173524,-0.118586,0.54242,0.0144666,0.749468,-0.147539,-0.444944
01324188,1523964240535,-10.7141,-1.45012,-1.66149,0.409348,-1.20464,0.357799,0.816427,-0.308342,-0.142738
01324185,1523964240535,-9.92738,-0.561902,-0.453952,-0.79465,0.0322918,0.439346,0.806004,0.351536,-0.337316
01324181,1523964240535,-10.0016,0.83946,3.10082,-0.304265,-0.136538,0.246789,0.838673,0.368775,-0.107915
01324180,1523964240535,-9.66885,-2.48457,0.0886298,-0.371534,-0.107604,0.712777,0.663085,0.456421,-0.395265
01324189,1523964240551,-9.80899,-2.13389,-0.218931,-0.0194863,0.520715,0.0184218,0.754154,-0.146334,-0.437766
01324188,1523964240551,-10.6558,-1.34195,-1.29712,0.435292,-1.3317,0.427384,0.812551,-0.315911,-0.156891
01324185,1523964240551,-10.1857,-0.579646,-0.551897,-0.787002,0.0429004,0.452935,0.808998,0.349512,-0.332603
01324181,1523964240551,-10.0228,0.742439,2.76928,-0.347888,-0.206371,0.25323,0.839658,0.365884,-0.108662
01324180,1523964240551,-10.0372,-2.58447,-0.00493863,-0.457308,-0.167243,0.78924,0.668369,0.450223,-0.392361
01324189,1523964240568,-9.95931,-1.50246,0.0477168,0.0142943,0.484087,-0.048894,0.757647,-0.145973,-0.43339
01324188,1523964240568,-10.5041,-0.800641,-0.855592,0.389274,-1.41709,0.411971,0.80853,-0.321949,-0.172562
01324185,1523964240568,-10.514,-0.654659,-0.563763,-0.805427,0.0676933,0.452871,0.813351,0.347945,-0.326071
01324181,1523964240568,-9.72087,0.615223,2.49834,-0.417121,-0.219231,0.236899,0.841172,0.363427,-0.108892
01324180,1523964240568,-10.3106,-2.74405,-0.0568214,-0.524092,-0.21836,0.879912,0.675094,0.445427,-0.385939
01324189,1523964240585,-9.74443,-0.411347,0.645841,0.0104567,0.444417,-0.070202,0.763046,-0.146237,-0.428773
01324188,1523964240585,-9.59568,0.424415,-0.320278,0.166008,-1.47176,0.362142,0.801246,-0.326374,-0.190379
01324185,1523964240585,-10.5286,-0.794079,-0.416123,-0.835842,0.103461,0.479895,0.816888,0.345789,-0.320837
01324181,1523964240585,-9.241,0.51918,2.28108,-0.48447,-0.22005,0.203381,0.841724,0.361998,-0.108469
01324180,1523964240585,-10.2856,-2.82413,0.0106541,-0.615103,-0.278157,0.958894,0.681182,0.440096,-0.385055
01324189,1523964240601,-9.49958,0.648778,1.29212,-0.0430378,0.350081,-0.0489336,0.767631,-0.144903,-0.425337
01324188,1523964240601,-9.03209,1.22623,0.236005,-0.163844,-1.47756,0.289071,0.795868,-0.331739,-0.210567
01324185,1523964240601,-10.1133,-0.931138,-0.0297134,-0.850568,0.122742,0.544331,0.820427,0.343928,-0.314952
01324181,1523964240601,-8.75356,0.597893,2.07983,-0.548262,-0.177443,0.174514,0.842026,0.360252,-0.109631
01324180,1523964240601,-9.84845,-2.8104,0.111672,-0.692025,-0.308985,0.992384,0.687156,0.433027,-0.383934
01324189,1523964240618,-9.24664,1.05206,2.20933,-0.206605,0.229394,0.0342169,0.768837,-0.144782,-0.423478
01324188,1523964240618,-9.32308,1.04321,1.05336,-0.430931,-1.46109,0.197102,0.786693,-0.337294,-0.231527
01324185,1523964240618,-9.43752,-1.04331,0.379253,-0.824403,0.133161,0.639337,0.824243,0.339564,-0.307346
01324181,1523964240618,-8.56143,0.607447,2.07605,-0.560493,-0.15779,0.140198,0.844436,0.361356,-0.109945
01324180,1523964240618,-9.02058,-2.71015,0.226647,-0.793404,-0.309235,0.98103,0.693821,0.426265,-0.387813
01324189,1523964240635,-8.71454,1.0084,3.14073,-0.409013,0.106558,0.188269,0.771696,-0.144571,-0.423776
01324188,1523964240635,-9.64365,0.687962,1.6872,-0.554892,-1.38813,0.161607,0.780599,-0.336435,-0.253739
01324185,1523964240635,-8.81244,-1.09751,0.658772,-0.74888,0.092743,0.717615,0.829954,0.333477,-0.301428
01324181,1523964240635,-8.55999,0.546753,2.14725,-0.503573,-0.266799,0.122703,0.845248,0.360224,-0.108867
01324180,1523964240635,-8.17847,-2.59792,0.365995,-0.896749,-0.263099,0.928668,0.699635,0.420783,-0.385173
01324189,1523964240651,-8.47181,0.677545,4.37034,-0.586829,-0.000870206,0.3531,0.775765,-0.142808,-0.423541
01324188,1523964240651,-9.34513,0.396991,2.46002,-0.628412,-1.22296,0.124019,0.777751,-0.333584,-0.279232
01324185,1523964240651,-8.35655,-1.11956,0.70742,-0.672953,-0.00434561,0.765678,0.836609,0.326938,-0.296946
01324181,1523964240651,-8.54374,0.430461,2.18581,-0.473399,-0.411985,0.111877,0.844459,0.360749,-0.111526
01324180,1523964240651,-7.65627,-2.63462,0.537655,-0.945808,-0.193307,0.843444,0.705955,0.41908,-0.385705
01324189,1523964240668,-8.86541,-0.672803,5.7045,-0.72205,-0.163072,0.429468,0.774176,-0.143648,-0.427542
01324188,1523964240668,-9.24804,0.564916,3.22784,-0.64969,-0.980328,0.105294,0.775039,-0.331752,-0.295504
01324185,1523964240668,-8.23858,-1.08193,0.53699,-0.631598,-0.131724,0.747713,0.839871,0.321342,-0.294813
01324181,1523964240668,-8.68702,0.268531,2.32323,-0.503846,-0.628676,0.110152,0.844524,0.359073,-0.11614
01324180,1523964240668,-7.55908,-2.89066,0.660457,-0.899201,-0.11345,0.800255,0.711584,0.416334,-0.379361
01324189,1523964240685,-9.64437,-2.87699,6.81608,-0.894053,-0.292235,0.358249,0.773677,-0.141937,-0.433274
01324188,1523964240685,-9.34647,0.0917539,3.36286,-0.686614,-0.723232,0.141493,0.768123,-0.330734,-0.308409
01324185,1523964240685,-8.59867,-1.08725,0.176375,-0.639116,-0.280134,0.697726,0.844759,0.314045,-0.293192
01324181,1523964240685,-9.3927,0.114494,2.47623,-0.592122,-0.80191,0.1143,0.84379,0.359194,-0.124103
01324180,1523964240685,-8.01831,-3.29721,0.702077,-0.76367,-0.0374242,0.792857,0.718034,0.412565,-0.374129
01324189,1523964240701,-10.803,-4.95031,7.52478,-1.06915,-0.597574,0.172804,0.764077,-0.13512,-0.443675
01324188,1523964240701,-9.16254,-0.637267,1.99629,-0.490365,-0.490986,0.129524,0.762008,-0.328245,-0.315714
01324185,1523964240701,-9.49191,-1.06284,-0.278187,-0.660079,-0.38822,0.62125,0.84855,0.308067,-0.296282
01324181,1523964240701,-9.7823,-0.0892287,2.69016,-0.518479,-0.893486,0.125463,0.843363,0.356863,-0.132815
01324180,1523964240701,-9.06602,-3.78644,0.602154,-0.613519,-0.0122272,0.792339,0.724122,0.404145,-0.365745
01324189,1523964240718,-11.8726,-5.60545,7.9775,-1.19247,-0.958933,-0.139449,0.75885,-0.127424,-0.456661
01324188,1523964240718,-8.41981,-1.45785,-1.76354,-0.0599307,0.0498236,0.108506,0.762282,-0.328439,-0.317883
01324185,1523964240718,-10.5593,-1.19869,-0.750336,-0.69467,-0.423893,0.552871,0.848684,0.302659,-0.299104
01324181,1523964240718,-9.5521,-0.0188138,2.98008,-0.500876,-0.893023,0.149482,0.842137,0.354943,-0.142855
01324180,1523964240718,-10.3318,-4.25428,0.519554,-0.50667,-0.0331291,0.81062,0.731037,0.396181,-0.363171
01324189,1523964240735,-12.1061,-4.67333,8.32157,-0.94706,-1.18606,-0.323851,0.756893,-0.116805,-0.471801
01324188,1523964240735,-8.23774,-0.0377374,-3.58999,0.0949935,0.747465,0.0747509,0.76352,-0.332052,-0.309645
01324185,1523964240735,-11.216,-1.31033,-0.92974,-0.706494,-0.394208,0.522226,0.850581,0.299545,-0.299865
01324181,1523964240735,-9.66281,-0.255809,3.41136,-0.497094,-0.686353,0.132362,0.841655,0.356627,-0.151119
01324180,1523964240735,-10.9223,-4.63388,0.605962,-0.45658,-0.117338,0.822694,0.736786,0.394592,-0.356805
01324189,1523964240751,-10.9357,-3.59082,7.32069,-0.547419,-1.23558,-0.368871,0.748279,-0.10788,-0.487012
01324188,1523964240751,-9.16515,1.51651,-4.35253,-0.266244,1.34707,-0.0292894,0.77001,-0.330367,-0.29522
01324185,1523964240751,-11.3225,-1.48298,-0.87973,-0.641563,-0.310358,0.516541,0.851938,0.295866,-0.300618
01324181,1523964240751,-9.35456,-0.128414,3.38916,-0.493139,-0.567045,0.0833002,0.842374,0.356789,-0.156309
01324180,1523964240751,-10.9909,-4.97396,0.731517,-0.428959,-0.240774,0.860618,0.742237,0.386518,-0.355832
01324189,1523964240768,-9.59039,-2.45669,5.70877,-0.408411,-1.13564,-0.312026,0.739138,-0.100097,-0.503296
01324188,1523964240768,-10.1707,2.92756,-4.24197,-0.912911,1.73922,-0.135809,0.780276,-0.325431,-0.277004
01324185,1523964240768,-11.1152,-1.70073,-0.634023,-0.527023,-0.163875,0.478013,0.85533,0.290799,-0.300319
01324181,1523964240768,-9.15067,0.209092,3.03141,-0.544295,-0.407009,0.041659,0.841085,0.355567,-0.160653
01324180,1523964240768,-10.9247,-5.10061,0.912732,-0.373329,-0.353364,0.886509,0.748767,0.378727,-0.357029
01324189,1523964240785,-8.53537,-1.70507,4.29019,-0.574412,-1.07207,-0.206319,0.7278,-0.0905257,-0.518605
01324188,1523964240785,-10.7552,3.1353,-3.63765,-1.59339,1.98461,-0.102471,0.792973,-0.318962,-0.258185
01324185,1523964240785,-10.8496,-1.78878,-0.329064,-0.450571,-0.0470177,0.434599,0.858455,0.286898,-0.29794
01324181,1523964240785,-8.94004,0.327983,3.09568,-0.487123,-0.258792,0.0202858,0.83922,0.356244,-0.163569
01324180,1523964240785,-10.7094,-4.80048,1.07841,-0.417008,-0.463631,0.867024,0.751443,0.371488,-0.366125
01324189,1523964240801,-8.22626,-1.42136,3.84806,-0.820567,-1.05912,-0.0846316,0.718249,-0.0821572,-0.535013
01324188,1523964240801,-11.0714,2.65182,-2.94252,-1.96606,2.15221,0.0667043,0.801874,-0.312658,-0.240675
01324185,1523964240801,-10.5933,-1.71314,-0.117589,-0.497111,-0.0138695,0.356137,0.859543,0.284232,-0.297396
01324181,1523964240801,-8.95675,0.0997625,3.05889,-0.38732,-0.117285,0.0143299,0.839598,0.356991,-0.161862
01324180,1523964240801,-10.0653,-4.53361,1.21184,-0.61484,-0.520652,0.785292,0.754627,0.363909,-0.368485
01324189,1523964240818,-7.69078,-1.77199,3.03591,-0.995593,-1.00905,0.0274114,0.711345,-0.075255,-0.542904
01324188,1523964240818,-10.8638,2.64214,-1.65653,-1.7641,2.21304,0.323656,0.809022,-0.308098,-0.222578
01324185,1523964240818,-10.3515,-1.59894,0.023746,-0.666066,-0.0606002,0.274923,0.861714,0.282696,-0.296605
01324181,1523964240818,-9.13989,-0.149761,2.93209,-0.276824,-0.0236661,-0.00065144,0.840532,0.356718,-0.160671
01324180,1523964240818,-9.57122,-4.96311,1.28681,-0.585931,-0.525199,0.706103,0.756038,0.359707,-0.372911
01324189,1523964240835,-6.945,-1.83992,2.31862,-0.753851,-0.754363,0.207949,0.702709,-0.068469,-0.554521
01324188,1523964240835,-10.0425,2.51089,-1.24541,-1.33928,2.27643,0.538016,0.817295,-0.310547,-0.198339
01324185,1523964240835,-10.0714,-1.52361,0.0619347,-0.87129,-0.184321,0.209543,0.863344,0.283299,-0.294526
01324181,1523964240835,-9.1489,-0.29048,2.80915,-0.220796,-0.0279177,0.0051837,0.839698,0.359291,-0.161247
01324180,1523964240835,-9.08729,-4.67945,1.48161,-0.47658,-0.515323,0.622427,0.759062,0.355482,-0.378171
01324189,1523964240851,-6.83727,-2.33702,2.5154,-0.256651,-0.493455,0.363707,0.698137,-0.0676592,-0.560614
01324188,1523964240851,-9.67567,2.32366,-1.21288,-0.741592,2.31737,0.809894,0.821377,-0.315692,-0.170986
01324185,1523964240851,-9.63997,-1.50719,-0.107139,-1.02918,-0.334511,0.180819,0.862941,0.28261,-0.293734
01324181,1523964240851,-8.91283,-0.423449,2.68763,-0.162848,-0.0734364,-0.0187125,0.840493,0.359029,-0.159656
01324180,1523964240851,-8.67851,-4.53585,1.59756,-0.4407,-0.497442,0.520742,0.759922,0.352005,-0.381089
01324189,1523964240868,-7.17235,-3.02274,2.9959,0.198309,-0.417642,0.446019,0.695516,-0.0743789,-0.56679
01324188,1523964240868,-9.67323,3.00388,-1.25276,-0.0568245,2.34611,1.05649,0.823077,-0.330924,-0.13885
01324185,1523964240868,-9.243,-1.73134,-0.296526,-1.07213,-0.415239,0.163442,0.864159,0.285444,-0.292851
01324181,1523964240868,-8.76445,-0.479803,2.54477,-0.10052,-0.0362506,-0.0186214,0.841568,0.359574,-0.16021
01324180,1523964240868,-8.44108,-4.53715,1.52737,-0.425611,-0.482652,0.397807,0.759458,0.347396,-0.38455
01324189,1523964240885,-7.15654,-3.15193,3.19495,0.547019,-0.42546,0.513838,0.690036,-0.0834599,-0.571346
01324188,1523964240885,-10.0358,3.67231,-1.48703,0.357366,2.31485,1.24299,0.82234,-0.34705,-0.105393
01324185,1523964240885,-9.06087,-2.07927,-0.397798,-1.02573,-0.474066,0.13652,0.861577,0.288645,-0.294963
01324181,1523964240885,-8.77423,-0.484751,2.52065,-0.0525318,0.0242726,-0.00100876,0.839681,0.360024,-0.160465
01324180,1523964240885,-8.44594,-4.46513,1.32954,-0.417536,-0.491204,0.304628,0.758433,0.344826,-0.387963
01324189,1523964240901,-7.34207,-2.60404,3.33536,0.754584,-0.339413,0.58548,0.685538,-0.0991768,-0.574897
01324188,1523964240901,-10.083,4.00069,-1.52814,0.474995,2.26347,1.39898,0.817415,-0.365853,-0.0723205
01324185,1523964240901,-9.09085,-2.41139,-0.446479,-0.912858,-0.482568,0.100744,0.861432,0.293961,-0.296974
01324181,1523964240901,-8.84711,-0.422535,2.5214,0.00439903,0.024329,-0.00290301,0.839689,0.359449,-0.160586
01324180,1523964240901,-8.59018,-4.42253,1.019,-0.423807,-0.494959,0.234274,0.759137,0.34559,-0.3966
01324189,1523964240918,-7.46259,-1,3.40914,0.901138,-0.248434,0.665766,0.68168,-0.114173,-0.574704
01324188,1523964240918,-10.0485,3.50305,-1.41079,0.475748,2.1515,1.51017,0.812371,-0.387268,-0.0394098
01324185,1523964240918,-9.18047,-2.512,-0.490135,-0.763639,-0.475682,0.0529318,0.859526,0.29531,-0.300115
01324181,1523964240918,-9.0615,-0.430083,2.71579,0.0576959,0.0210141,0.00212686,0.840487,0.36071,-0.161285
01324180,1523964240918,-8.71927,-4.43054,0.718011,-0.409521,-0.497707,0.204482,0.757005,0.346525,-0.401276
01324189,1523964240935,-7.43816,0.762246,3.19147,1.18443,-0.0916569,0.723254,0.679202,-0.132227,-0.574685
01324188,1523964240935,-10.166,3.10265,-1.32682,0.574031,2.02279,1.582,0.803936,-0.40867,-0.00860932
01324185,1523964240935,-9.36634,-2.49649,-0.591523,-0.597384,-0.446179,-0.0069311,0.858564,0.297761,-0.304577
01324181,1523964240935,-9.16771,-0.431298,2.66683,0.127227,0.0525741,-0.0184813,0.8418,0.361876,-0.159464
01324180,1523964240935,-8.92638,-4.41599,0.479217,-0.398861,-0.518765,0.212364,0.756236,0.345405,-0.405609
01324189,1523964240951,-7.74393,1.64784,3.20549,1.33074,0.0796139,0.787441,0.679043,-0.156222,-0.57153
01324188,1523964240951,-10.0407,3.01026,-1.28364,0.56751,1.86126,1.6103,0.792285,-0.436491,0.0235798
01324185,1523964240951,-9.48927,-2.43798,-0.637816,-0.405811,-0.390332,-0.0508471,0.857338,0.298848,-0.306674
01324181,1523964240951,-9.12049,-0.401585,2.61585,0.178105,0.121262,-0.0370264,0.840717,0.363017,-0.160273
01324180,1523964240951,-9.01695,-4.45879,0.316169,-0.360321,-0.522024,0.209958,0.754612,0.347033,-0.406362
01324189,1523964240968,-8.16842,1.6762,3.34341,1.27945,0.202943,0.865306,0.677489,-0.176436,-0.567259
01324188,1523964240968,-9.93944,2.91863,-1.33655,0.396655,1.68804,1.55591,0.778688,-0.456153,0.0502468
01324185,1523964240968,-9.52503,-2.32214,-0.588949,-0.230957,-0.337642,-0.0743344,0.854754,0.30047,-0.310339
01324181,1523964240968,-9.27422,-0.408257,2.61741,0.230721,0.158152,-0.0557973,0.842612,0.362133,-0.160274
01324180,1523964240968,-9.06495,-4.45354,0.221472,-0.297315,-0.521731,0.208612,0.752492,0.347099,-0.411191
01324189,1523964240985,-8.71993,1.62963,3.87737,1.0963,0.270762,0.94464,0.677274,-0.196961,-0.560465
01324188,1523964240985,-9.79554,2.59061,-1.39726,0.0782415,1.47566,1.44523,0.76873,-0.471588,0.0724217
01324185,1523964240985,-9.47624,-2.21639,-0.461102,-0.0472672,-0.269174,-0.097101,0.852847,0.303517,-0.313105
01324181,1523964240985,-9.32708,-0.391918,2.64091,0.264554,0.140343,-0.0655291,0.841141,0.360881,-0.159569
01324180,1523964240985,-9.04167,-4.37572,0.193124,-0.209881,-0.519764,0.214468,0.750248,0.3438,-0.410279
01324189,1523964241001,-8.82942,1.63862,3.84741,0.755511,0.296934,1.0643,0.675971,-0.215594,-0.554981
01324188,1523964241001,-9.60227,2.5337,-1.63891,-0.221823,1.22315,1.33778,0.756071,-0.488103,0.0875642
01324185,1523964241001,-9.38331,-1.87493,-0.3036,0.11467,-0.173788,-0.0928161,0.852297,0.303309,-0.316628
01324181,1523964241001,-9.29896,-0.355172,2.61382,0.273557,0.140013,-0.0836728,0.843807,0.362291,-0.158829
01324180,1523964241001,-8.927,-4.26817,0.194835,-0.105137,-0.498328,0.213523,0.747598,0.343884,-0.41645
01324189,1523964241018,-8.68772,1.77072,3.31983,0.398853,0.409467,1.19168,0.676681,-0.231685,-0.548162
01324188,1523964241018,-9.42904,2.29717,-1.69588,-0.653468,0.92884,1.22543,0.744235,-0.505363,0.096593
01324185,1523964241018,-9.31252,-1.69704,-0.124057,0.1827,-0.0759198,-0.105444,0.852152,0.304086,-0.320162
01324181,1523964241018,-9.39476,-0.334523,2.67802,0.278929,0.152298,-0.0904563,0.842722,0.363992,-0.160181
01324180,1523964241018,-8.80853,-4.1107,0.274195,-0.024783,-0.462415,0.184404,0.746063,0.340618,-0.423245
01324189,1523964241035,-8.83241,1.84559,3.06175,0.058801,0.54611,1.32447,0.675136,-0.253481,-0.54377
01324188,1523964241035,-9.17546,1.53534,-1.84496,-1.03208,0.656937,1.08539,0.732402,-0.521891,0.0962461
01324185,1523964241035,-9.30926,-1.5043,0.0291078,0.229095,-0.0184833,-0.129682,0.849033,0.303217,-0.32145
01324181,1523964241035,-9.38593,-0.336773,2.59118,0.28607,0.106146,-0.0995016,0.843108,0.364582,-0.159135
01324180,1523964241035,-8.80954,-3.88221,0.35278,0.0208113,-0.419839,0.123507,0.743189,0.338996,-0.434308
01324189,1523964241051,-9.07708,1.71677,2.83633,-0.351895,0.678219,1.37442,0.675835,-0.265839,-0.538125
01324188,1523964241051,-9.05203,0.218547,-1.86767,-1.25456,0.385861,0.93758,0.72286,-0.535383,0.0893307
01324185,1523964241051,-9.40984,-1.39273,0.240933,0.288425,0.000183885,-0.140053,0.848755,0.303869,-0.324199
01324181,1523964241051,-9.38606,-0.297989,2.62907,0.275415,0.0794436,-0.108322,0.842177,0.365126,-0.160996
01324180,1523964241051,-8.77547,-3.73758,0.411911,0.0414735,-0.337632,0.0486352,0.742553,0.338167,-0.439177
01324189,1523964241068,-9.37608,1.37562,2.44572,-0.829126,0.791883,1.32558,0.675947,-0.271278,-0.532285
01324188,1523964241068,-9.28559,-0.852699,-1.64435,-1.25359,0.148115,0.830538,0.715751,-0.547886,0.0852731
01324185,1523964241068,-9.52972,-1.20891,0.341228,0.303386,0.0227322,-0.158902,0.849835,0.30696,-0.324624
01324181,1523964241068,-9.31099,-0.200004,2.56489,0.261213,0.0704673,-0.113558,0.842276,0.367426,-0.160381
01324180,1523964241068,-8.82315,-3.64255,0.503808,0.0514887,-0.242253,-0.0297222,0.741377,0.337783,-0.444298
01324189,1523964241085,-9.45949,0.842223,2.13902,-1.12623,0.888025,1.22402,0.678382,-0.275205,-0.528332
01324188,1523964241085,-9.60361,-1.85364,-1.08409,-0.967357,-0.0733746,0.726492,0.707412,-0.557988,0.0739785
01324185,1523964241085,-9.59184,-1.03031,0.385725,0.309402,0.0506327,-0.181189,0.849293,0.306676,-0.32475
01324181,1523964241085,-9.29657,-0.192563,2.5745,0.249677,0.0810001,-0.116882,0.841587,0.368723,-0.160401
01324180,1523964241085,-8.97944,-3.55823,0.575251,0.0707324,-0.179218,-0.109984,0.738838,0.337838,-0.44588
01324189,1523964241101,-9.57588,0.275151,1.88142,-1.29994,0.958722,1.11495,0.68135,-0.279142,-0.523315
01324188,1523964241101,-9.63552,-2.6728,-1.15824,-0.403998,-0.280099,0.617468,0.702042,-0.566031,0.0673516
01324185,1523964241101,-9.72642,-0.933061,0.497246,0.289927,0.107136,-0.184053,0.849288,0.308626,-0.325945
01324181,1523964241101,-9.33651,-0.103239,2.5363,0.232912,0.0876429,-0.139182,0.840357,0.371284,-0.16177
01324180,1523964241101,-9.13327,-3.47378,0.637051,0.0679352,-0.0985527,-0.199054,0.73657,0.337891,-0.448007
01324189,1523964241118,-9.6572,-0.354109,2.01259,-1.32219,0.958838,1.00473,0.687579,-0.278431,-0.520706
01324188,1523964241118,-9.73259,-2.76049,-0.978598,0.166272,-0.454854,0.497301,0.698024,-0.573673,0.0610019
01324185,1523964241118,-9.9383,-0.878667,0.612517,0.285134,0.153052,-0.173241,0.848471,0.307741,-0.328023
01324181,1523964241118,-9.17846,-0.08678,2.49594,0.211581,0.093775,-0.139102,0.840912,0.370681,-0.162825
01324180,1523964241118,-9.29327,-3.46654,0.688699,0.0457618,-0.00197026,-0.298703,0.735549,0.343689,-0.445175
01324189,1523964241135,-9.59213,-1.13777,2.14849,-1.10634,0.925358,0.882907,0.691348,-0.278509,-0.51647
01324188,1523964241135,-9.55899,-2.89133,-0.978765,0.654331,-0.603971,0.346806,0.693974,-0.576592,0.0595242
01324185,1523964241135,-9.98636,-0.849433,0.657948,0.233233,0.185045,-0.19379,0.84712,0.307772,-0.326451
01324181,1523964241135,-8.99511,-0.157377,2.47432,0.204576,0.138645,-0.149072,0.841153,0.37213,-0.161796
01324180,1523964241135,-9.32118,-3.40763,0.795092,0.042339,0.0737234,-0.40367,0.732839,0.346935,-0.44669
01324189,1523964241151,-9.61738,-1.83335,2.44174,-0.794846,0.91165,0.766719,0.694019,-0.280848,-0.509832
01324188,1523964241151,-9.25668,-3.56049,-1.30475,0.96387,-0.700678,0.0992387,0.693578,-0.578575,0.0615587
01324185,1523964241151,-9.90894,-0.825757,0.746592,0.18712,0.181881,-0.202241,0.848072,0.309786,-0.324253
01324181,1523964241151,-9.00285,-0.273956,2.51756,0.183325,0.234091,-0.150746,0.840307,0.374453,-0.160773
01324180,1523964241151,-9.13122,-3.36565,0.91802,0.0410003,0.173568,-0.490047,0.731782,0.354749,-0.441387
01324189,1523964241168,-9.99776,-2.25871,3.08662,-0.48444,0.932683,0.701174,0.699683,-0.283552,-0.502963
01324188,1523964241168,-9.58285,-4.94961,-2.48086,1.53594,-0.73128,-0.265347,0.697075,-0.5741,0.0642174
01324185,1523964241168,-9.73299,-0.949534,0.866503,0.148239,0.187492,-0.207374,0.84889,0.311247,-0.321527
01324181,1523964241168,-9.30793,-0.355334,2.68139,0.129248,0.233401,-0.187553,0.840655,0.377073,-0.158441
01324180,1523964241168,-9.05396,-3.39989,1.04668,0.0628093,0.261651,-0.597453,0.730659,0.357942,-0.438876
01324189,1523964241185,-10.6248,-2.70631,4.42158,-0.164927,0.920909,0.587802,0.706972,-0.287872,-0.494254
01324188,1523964241185,-10.6265,-3.4172,-2.81392,2.37186,-0.597328,-0.482273,0.700821,-0.567141,0.0759114
01324185,1523964241185,-9.66827,-1.15691,0.96292,0.158228,0.185476,-0.22184,0.848619,0.313518,-0.320633
01324181,1523964241185,-9.59968,-0.392838,2.78891,0.075075,0.176276,-0.215378,0.839689,0.37742,-0.156313
01324180,1523964241185,-9.10143,-3.50287,1.14474,0.122938,0.340539,-0.675658,0.728401,0.366076,-0.435169
01324189,1523964241201,-10.7142,-2.55893,5.33361,0.230349,0.769976,0.418854,0.70798,-0.295171,-0.481484
01324188,1523964241201,-10.7595,-0.731221,-3.08272,2.13928,-0.599577,-0.579574,0.709296,-0.557496,0.0906752
01324185,1523964241201,-9.82783,-1.30276,0.985809,0.211188,0.195335,-0.238933,0.846455,0.315529,-0.318686
01324181,1523964241201,-9.53861,-0.345948,2.70146,0.0110745,0.133513,-0.226771,0.838829,0.379912,-0.154098
01324180,1523964241201,-9.24535,-3.62122,1.22002,0.221241,0.427953,-0.734202,0.725628,0.373511,-0.434169
01324189,1523964241218,-10.1672,-1.54851,4.74359,0.603442,0.693168,0.268197,0.712149,-0.304145,-0.470904
01324188,1523964241218,-10.6215,2.74211,-2.64121,0.959311,-0.589466,-0.759325,0.715607,-0.54765,0.095788
01324185,1523964241218,-9.99213,-1.38843,0.967033,0.290396,0.183784,-0.258469,0.845637,0.319747,-0.319116
01324181,1523964241218,-9.8345,-0.293891,2.99803,-0.0727178,0.0771064,-0.214854,0.836057,0.386106,-0.1538
01324180,1523964241218,-9.50644,-3.66377,1.30183,0.319123,0.477517,-0.784178,0.72338,0.381217,-0.431551
01324189,1523964241235,-10.1494,-0.689508,3.67438,0.68657,0.66428,0.091699,0.719866,-0.312214,-0.461961
01324188,1523964241235,-11.3364,2.91501,-2.8562,-0.843334,-0.540825,-0.889824,0.724513,-0.539553,0.0906644
01324185,1523964241235,-10.1948,-1.38721,0.929596,0.384153,0.16144,-0.286449,0.845778,0.320356,-0.316771
01324181,1523964241235,-9.87614,-0.243422,2.98231,-0.065627,0.10203,-0.206899,0.837668,0.385535,-0.152743
01324180,1523964241235,-9.68927,-3.75569,1.34546,0.439658,0.516187,-0.811259,0.723711,0.384506,-0.425143
01324189,1523964241251,-10.5147,-0.481325,2.62401,0.385116,0.649871,-0.0638219,0.724668,-0.314585,-0.450533
01324188,1523964241251,-11.3288,1.02809,-2.3121,-1.98101,-0.41547,-0.965208,0.733414,-0.528778,0.0688842
01324185,1523964241251,-10.383,-1.37166,0.854998,0.525766,0.149297,-0.306046,0.846175,0.321563,-0.319919
01324181,1523964241251,-9.82314,-0.0804357,3.21136,-0.0854018,0.0794756,-0.182928,0.837601,0.3893,-0.150696
01324180,1523964241251,-9.94731,-3.66546,1.43045,0.557194,0.52786,-0.847278,0.721207,0.390615,-0.421203
01324189,1523964241268,-10.451,-0.437348,2.02438,-0.111142,0.623692,-0.179179,0.730301,-0.312256,-0.443625
01324188,1523964241268,-10.9531,-0.680611,-1.58478,-1.8692,-0.322501,-0.945622,0.742184,-0.518633,0.0481431
01324185,1523964241268,-10.3975,-1.27058,0.708997,0.625611,0.128015,-0.314523,0.845903,0.322263,-0.320186
01324181,1523964241268,-9.68318,-0.131938,2.9476,-0.110347,0.0654948,-0.169211,0.835413,0.390798,-0.148978
01324180,1523964241268,-10.0257,-3.60638,1.46384,0.669364,0.533919,-0.866714,0.719257,0.395705,-0.418372
01324189,1523964241285,-10.0079,-0.473565,1.49672,-0.576643,0.623041,-0.269675,0.738095,-0.305816,-0.437511
01324188,1523964241285,-10.4574,-1.30043,-1.13058,-0.999874,-0.253261,-0.802534,0.750401,-0.506982,0.0265609
01324185,1523964241285,-10.2863,-1.10283,0.600603,0.67655,0.0967338,-0.314406,0.842642,0.322053,-0.323831
01324181,1523964241285,-9.4931,-0.139403,2.95862,-0.110444,0.0861886,-0.148392,0.835623,0.393707,-0.14665
01324180,1523964241285,-9.95576,-3.41508,1.48491,0.74862,0.527908,-0.902269,0.717322,0.401255,-0.419717
01324189,1523964241301,-9.74914,-0.709655,1.52876,-0.914734,0.648936,-0.270903,0.744544,-0.296626,-0.434703
01324188,1523964241301,-10.02,-0.687237,-1.47167,0.197429,-0.195264,-0.594525,0.755237,-0.499037,0.0230939
01324185,1523964241301,-10.1365,-0.99304,0.571224,0.713511,0.0611926,-0.312553,0.84182,0.325244,-0.326471
01324181,1523964241301,-9.3694,-0.215589,2.97536,-0.142458,0.117161,-0.143733,0.833702,0.395624,-0.145209
01324180,1523964241301,-9.80411,-3.1767,1.48286,0.771864,0.5091,-0.92157,0.71443,0.407828,-0.419678
01324189,1523964241318,-9.74253,-0.803247,1.94466,-0.941732,0.632075,-0.224757,0.748143,-0.289084,-0.431608
01324188,1523964241318,-9.62713,0.928571,-2.42314,0.907426,-0.158842,-0.494549,0.759944,-0.493105,0.0283858
01324185,1523964241318,-9.96738,-0.871342,0.526338,0.745488,0.0292955,-0.303919,0.840727,0.324467,-0.330249
01324181,1523964241318,-9.24968,-0.146278,3.01826,-0.142518,0.143919,-0.13061,0.835119,0.398664,-0.142632
01324180,1523964241318,-9.45192,-3.0777,1.41434,0.766843,0.507749,-0.942765,0.709981,0.41258,-0.425594
01324189,1523964241335,-9.59288,-0.479528,2.05027,-0.732574,0.583321,-0.188458,0.754312,-0.279452,-0.428259
01324188,1523964241335,-9.39536,2.15146,-2.95586,0.865298,-0.151275,-0.508911,0.763561,-0.486416,0.0334695
01324185,1523964241335,-9.64902,-0.846879,0.483341,0.697375,-0.0126045,-0.317276,0.839089,0.325364,-0.334955
01324181,1523964241335,-9.10731,-0.193113,3.01524,-0.162076,0.106609,-0.136935,0.835874,0.401828,-0.141377
01324180,1523964241335,-9.41516,-2.93244,1.4155,0.732726,0.471627,-0.895733,0.708443,0.417382,-0.424125
01324189,1523964241351,-9.57277,0.0215843,1.98544,-0.420269,0.576651,-0.158979,0.759673,-0.274391,-0.423064
01324188,1523964241351,-9.21665,2.76416,-3.08796,0.324188,-0.155795,-0.581685,0.769078,-0.479506,0.0362552
01324185,1523964241351,-9.56687,-0.779997,0.459725,0.618192,-0.0629105,-0.316885,0.838125,0.327374,-0.340327
01324181,1523964241351,-9.11661,-0.348559,3.09544,-0.138113,0.113898,-0.127445,0.8345,0.401634,-0.138039
01324180,1523964241351,-9.1483,-2.96976,1.35989,0.758478,0.456251,-0.911571,0.70518,0.421059,-0.423464
01324189,1523964241368,-9.6228,0.078853,1.90114,-0.164548,0.523944,-0.150909,0.764487,-0.269027,-0.417593
01324188,1523964241368,-9.22061,2.3437,-2.95416,-0.260412,-0.163086,-0.653015,0.774998,-0.471529,0.0347955
01324185,1523964241368,-9.41241,-0.723207,0.423413,0.615099,-0.105427,-0.34641,0.835543,0.328732,-0.343075
01324181,1523964241368,-9.06442,-0.301838,3.08522,-0.123877,0.0606818,-0.13659,0.833078,0.405438,-0.135049
01324180,1523964241368,-9.13151,-2.75648,1.29839,0.754538,0.459036,-0.874604,0.700021,0.424892,-0.41899
01324189,1523964241385,-9.80407,-0.335032,1.74711,-0.00847423,0.43597,-0.195495,0.768785,-0.268395,-0.412287
01324188,1523964241385,-9.48053,1.35308,-2.52199,-0.544623,-0.153994,-0.656642,0.779958,-0.461408,0.0283674
01324185,1523964241385,-9.40542,-0.754626,0.34094,0.537676,-0.134626,-0.346989,0.832144,0.329201,-0.348032
01324181,1523964241385,-9.01788,-0.221182,3.03084,-0.0945847,0.0644698,-0.124605,0.831436,0.406911,-0.134133
01324180,1523964241385,-9.10763,-2.70717,1.22639,0.728585,0.40375,-0.831191,0.697009,0.429868,-0.418036
01324189,1523964241401,-9.88824,-0.91505,1.36729,0.136936,0.358391,-0.254371,0.770893,-0.266552,-0.406278
01324188,1523964241401,-9.82145,0.709154,-1.97201,-0.380342,-0.144973,-0.620057,0.78426,-0.454472,0.0217484
01324185,1523964241401,-9.37905,-0.742847,0.237784,0.466496,-0.135871,-0.365618,0.829554,0.33121,-0.353529
01324181,1523964241401,-9.12594,-0.207926,3.05888,-0.0990833,0.0442237,-0.120431,0.831932,0.408944,-0.132454
01324180,1523964241401,-9.01102,-2.6566,1.11644,0.683212,0.350802,-0.776472,0.695014,0.431539,-0.424995
01324189,1523964241418,-10.2448,-1.36424,1.13307,0.323694,0.358131,-0.326527,0.773673,-0.262858,-0.40053
01324188,1523964241418,-10.3843,0.160479,-1.82788,0.016839,-0.0878329,-0.527395,0.788825,-0.446598,0.0198955
01324185,1523964241418,-9.42764,-0.78599,0.121416,0.447092,-0.114555,-0.367422,0.827507,0.332945,-0.358634
01324181,1523964241418,-9.52654,-0.125484,3.25276,-0.0911759,0.0409316,-0.112635,0.832713,0.41066,-0.131967
01324180,1523964241418,-9.0731,-2.66048,0.956296,0.639322,0.286594,-0.683118,0.691482,0.43566,-0.425131
01324189,1523964241435,-10.4634,-1.55509,1.01422,0.484785,0.351257,-0.368577,0.779853,-0.262408,-0.392706
01324188,1523964241435,-10.0242,-0.571931,-2.1032,0.565447,-0.0618643,-0.502036,0.79313,-0.441228,0.0217925
01324185,1523964241435,-9.58717,-0.799589,-0.0366071,0.44423,-0.0971671,-0.393007,0.823837,0.334974,-0.363083
01324181,1523964241435,-9.62534,-0.0149425,3.1196,-0.0735518,0.00694691,-0.0871184,0.832414,0.412677,-0.131475
01324180,1523964241435,-9.3537,-2.63895,0.890837,0.562355,0.230658,-0.615355,0.689861,0.437732,-0.427496
01324189,1523964241451,-10.3423,-1.31633,1.11519,0.586968,0.305252,-0.399269,0.785637,-0.260233,-0.387138
01324188,1523964241451,-9.84312,0.0359323,-2.23527,0.764174,-0.0265741,-0.502934,0.796613,-0.434694,0.0271374
01324185,1523964241451,-9.78999,-0.80805,-0.137023,0.470181,-0.0711096,-0.403363,0.824091,0.341238,-0.367063
01324181,1523964241451,-9.55189,0.0902256,3.14704,-0.0843415,-0.0193359,-0.0726899,0.829993,0.414374,-0.133875
01324180,1523964241451,-9.50743,-2.67565,0.765875,0.502576,0.158008,-0.497532,0.686213,0.439819,-0.42632
01324189,1523964241468,-9.82278,-0.805561,1.08422,0.560874,0.21648,-0.405517,0.789235,-0.257995,-0.380742
01324188,1523964241468,-9.69137,0.525237,-2.64039,0.613201,-0.0376521,-0.498765,0.800358,-0.426618,0.0305565
01324185,1523964241468,-9.86709,-0.773866,-0.141354,0.47399,-0.057875,-0.396632,0.819881,0.341152,-0.37162
01324181,1523964241468,-9.64878,0.0816669,3.3108,-0.0934363,-0.0134478,-0.0424153,0.83104,0.414703,-0.131237
01324180,1523964241468,-9.49202,-2.70576,0.661935,0.450269,0.0646443,-0.395668,0.684195,0.441315,-0.428151
01324189,1523964241485,-9.51624,-0.188615,1.1127,0.404191,0.175722,-0.41847,0.790398,-0.255128,-0.376185
01324188,1523964241485,-9.49676,0.853272,-2.7604,0.219746,-0.0107555,-0.50114,0.80342,-0.417583,0.032429
01324185,1523964241485,-9.87174,-0.706433,-0.15398,0.533612,-0.0325375,-0.36029,0.817979,0.342388,-0.373324
01324181,1523964241485,-9.57294,0.0947734,3.21443,-0.0845116,-0.0170448,-0.0450826,0.831682,0.416987,-0.131026
01324180,1523964241485,-9.49771,-2.60826,0.565741,0.366617,-0.0375326,-0.296665,0.681622,0.441917,-0.424185
01324189,1523964241501,-9.46135,0.103797,0.681737,0.264988,0.12875,-0.4242,0.79348,-0.253608,-0.372196
01324188,1523964241501,-9.37707,0.513477,-2.8497,-0.0332131,-0.0256692,-0.511854,0.806097,-0.412008,0.0336862
01324185,1523964241501,-9.8617,-0.610132,-0.0923145,0.568976,0.0221778,-0.31561,0.816482,0.343048,-0.375677
01324181,1523964241501,-9.4944,0.00346923,3.26499,-0.0615063,-0.0237328,-0.025398,0.831687,0.416141,-0.130477
01324180,1523964241501,-9.42485,-2.58683,0.445728,0.294706,-0.104616,-0.197378,0.67922,0.44256,-0.427648
01324189,1523964241518,-9.564,0.406542,0.416261,0.0928614,0.166795,-0.411509,0.795738,-0.248335,-0.369773
01324188,1523964241518,-9.32473,0.283578,-2.75657,-0.153444,-0.0466406,-0.499617,0.81122,-0.406822,0.0330042
01324185,1523964241518,-9.80101,-0.542999,0.0111566,0.571488,0.0685286,-0.258095,0.814439,0.344382,-0.379602
01324181,1523964241518,-9.40328,-0.00755254,3.22714,-0.0668184,-0.0238076,-0.0279895,0.831397,0.418138,-0.130914
01324180,1523964241518,-9.33065,-2.55619,0.391228,0.218259,-0.146862,-0.114652,0.678185,0.441448,-0.432516
01324189,1523964241535,-9.63347,0.424789,0.310256,-0.0197184,0.191319,-0.377271,0.799387,-0.244977,-0.369253
01324188,1523964241535,-9.43724,-0.0690337,-2.61291,-0.0155694,-0.0414282,-0.49243,0.813078,-0.400059,0.0309812
01324185,1523964241535,-9.75477,-0.504618,0.168922,0.563229,0.0814517,-0.205452,0.813619,0.34149,-0.38349
01324181,1523964241535,-9.32443,-0.123114,3.27816,-0.0471792,-0.0293393,-0.0410341,0.830468,0.417845,-0.131828
01324180,1523964241535,-9.22615,-2.56379,0.31245,0.175254,-0.184112,-0.0563079,0.676374,0.439796,-0.441705
01324189,1523964241551,-9.61938,0.150098,0.494377,-0.115394,0.208721,-0.387394,0.801356,-0.237395,-0.36654
01324188,1523964241551,-9.36441,0.00856518,-2.71526,0.146594,-0.0474923,-0.501998,0.816003,-0.390649,0.0311291
01324185,1523964241551,-9.73035,-0.466155,0.269388,0.489442,0.0702465,-0.162783,0.813885,0.342587,-0.385069
01324181,1523964241551,-9.29932,-0.239236,3.23708,-0.0275575,-0.054281,-0.0516489,0.831556,0.417663,-0.132898
01324180,1523964241551,-9.14307,-2.60567,0.255027,0.140568,-0.188858,-0.000324296,0.675197,0.438969,-0.445486
01324189,1523964241568,-9.6235,-0.0975228,0.435434,-0.102021,0.212058,-0.366918,0.804418,-0.231993,-0.362921
01324188,1523964241568,-9.25298,0.0686279,-2.74315,0.135377,-0.0626692,-0.479215,0.820308,-0.385133,0.0330352
01324185,1523964241568,-9.73034,-0.490191,0.313309,0.390545,0.0620118,-0.111593,0.814154,0.341583,-0.385975
01324181,1523964241568,-9.25564,-0.267837,3.24273,0.000931152,-0.0738369,-0.0588122,0.832483,0.419351,-0.133607
01324180,1523964241568,-9.09411,-2.6361,0.219085,0.136392,-0.193747,0.0681698,0.673454,0.439588,-0.446798
01324189,1523964241585,-9.679,-0.70901,0.349627,-0.115576,0.196684,-0.354479,0.807218,-0.227307,-0.35984
01324188,1523964241585,-9.26749,0.0750638,-2.62036,0.0821901,-0.086357,-0.494003,0.822166,-0.378415,0.0319515
01324185,1523964241585,-9.76897,-0.501994,0.307805,0.277324,0.0446512,-0.106246,0.81239,0.341418,-0.387274
01324181,1523964241585,-9.28832,-0.31193,3.28684,0.0383942,-0.0900982,-0.0806066,0.831017,0.420311,-0.1364
01324180,1523964241585,-9.01155,-2.6518,0.198053,0.0802677,-0.166116,0.122493,0.674055,0.435098,-0.449192
01324189,1523964241601,-9.78881,-1.07816,0.299292,-0.0831168,0.146316,-0.347144,0.809486,-0.221752,-0.358618
01324188,1523964241601,-9.36575,-0.358584,-2.62047,0.0141788,-0.073832,-0.487252,0.825509,-0.370477,0.0291758
01324185,1523964241601,-9.76471,-0.692238,0.297447,0.191226,0.0282648,-0.0652212,0.813475,0.341571,-0.386626
01324181,1523964241601,-9.26923,-0.297151,3.29151,0.0615677,-0.121266,-0.093886,0.829389,0.421614,-0.136676
01324180,1523964241601,-9.04006,-2.69574,0.212035,0.0513834,-0.148104,0.180455,0.673566,0.432958,-0.453414
01324189,1523964241618,-9.7815,-1.46336,0.3007,-0.0143602,0.0938017,-0.355697,0.811607,-0.215472,-0.35672
01324188,1523964241618,-9.40566,-0.701096,-2.58095,0.0404247,-0.0719168,-0.472886,0.827791,-0.366411,0.0285939
01324185,1523964241618,-9.68792,-0.760227,0.192952,0.157775,0.0219521,-0.0260381,0.814011,0.338973,-0.389868
01324181,1523964241618,-9.1499,-0.237506,3.28147,0.090033,-0.132778,-0.0958377,0.828861,0.423541,-0.140429
01324180,1523964241618,-9.00026,-2.77984,0.219212,0.0396558,-0.112685,0.247415,0.675504,0.428,-0.454082
01324189,1523964241635,-9.71201,-1.591,0.360199,0.129086,0.0543164,-0.362261,0.814587,-0.213249,-0.356737
01324188,1523964241635,-9.32796,-0.598375,-2.48382,0.0806908,-0.078368,-0.447894,0.832226,-0.35976,0.028012
01324185,1523964241635,-9.58952,-0.910146,0.161165,0.156943,0.0278578,0.0342884,0.814014,0.337006,-0.389588
01324181,1523964241635,-9.03493,-0.173103,3.32444,0.118467,-0.13446,-0.0925313,0.828348,0.42377,-0.14335
01324180,1523964241635,-8.89314,-2.82428,0.203096,0.0512306,-0.101333,0.295006,0.677701,0.424498,-0.456615
01324189,1523964241651,-9.67321,-1.43277,0.43301,0.231613,0.0359841,-0.365445,0.815775,-0.210108,-0.354853
01324188,1523964241651,-9.37308,-0.364814,-2.41339,0.0668013,-0.0705202,-0.431987,0.834354,-0.353116,0.0284009
01324185,1523964241651,-9.45223,-0.959179,0.133955,0.205396,0.0262688,0.0962989,0.815231,0.333298,-0.391908
01324181,1523964241651,-8.91306,-0.0698162,3.38603,0.143372,-0.143348,-0.0961776,0.827966,0.424697,-0.146951
01324180,1523964241651,-8.81585,-2.80869,0.184601,0.0716016,-0.0862604,0.333909,0.678574,0.419861,-0.459422
01324189,1523964241668,-9.73102,-1.25779,0.531661,0.297629,-0.0233834,-0.375764,0.818321,-0.206715,-0.352983
01324188,1523964241668,-9.48199,-0.40699,-2.53249,0.0598698,-0.059554,-0.408917,0.836894,-0.347002,0.02754
01324185,1523964241668,-9.29774,-0.890356,0.0926649,0.269229,0.020044,0.148961,0.816721,0.330457,-0.393061
01324181,1523964241668,-8.74318,-0.0192734,3.37166,0.168236,-0.139647,-0.0876545,0.826517,0.424507,-0.149987
01324180,1523964241668,-8.70972,-2.77577,0.156816,0.0832601,-0.07474,0.37361,0.682648,0.415149,-0.459036
01324189,1523964241685,-9.65605,-1.04734,0.448272,0.261145,-0.041156,-0.372318,0.818425,-0.202687,-0.35215
01324188,1523964241685,-9.26989,-0.590885,-2.55172,0.0634275,-0.0654951,-0.396529,0.839703,-0.340596,0.0265595
01324185,1523964241685,-9.14305,-0.744489,0.050573,0.317541,0.012287,0.209303,0.818613,0.327302,-0.395911
01324181,1523964241685,-8.70157,0.0441629,3.53493,0.213471,-0.160548,-0.0742053,0.826534,0.425718,-0.153465
01324180,1523964241685,-8.5701,-2.71842,0.139159,0.107306,-0.0539232,0.388836,0.683515,0.410505,-0.460627
01324189,1523964241701,-9.73101,-1.22617,0.54634,0.173074,-0.0669218,-0.340563,0.818832,-0.200259,-0.353473
01324188,1523964241701,-9.30939,-0.808561,-2.43393,0.112374,-0.054244,-0.376601,0.84049,-0.336006,0.0246831
01324185,1523964241701,-8.99813,-0.591411,-0.071244,0.330138,-0.00160419,0.237408,0.819161,0.322661,-0.395476
01324181,1523964241701,-8.65199,0.129648,3.55293,0.248946,-0.193891,-0.0625633,0.825501,0.426884,-0.159587
01324180,1523964241701,-8.46612,-2.70484,0.111247,0.106634,-0.0245841,0.411875,0.687878,0.404638,-0.461889
01324189,1523964241718,-9.64813,-1.38953,0.678573,0.199732,-0.0904592,-0.308457,0.819512,-0.199847,-0.353745
01324188,1523964241718,-9.36725,-0.756103,-2.31843,0.110628,-0.0419631,-0.37826,0.841809,-0.330074,0.0250375
01324185,1523964241718,-8.92296,-0.399336,-0.149228,0.318363,-0.0064071,0.27145,0.820918,0.318088,-0.398835
01324181,1523964241718,-8.6774,0.272449,3.59833,0.274532,-0.208305,-0.0317511,0.82592,0.427121,-0.161589
01324180,1523964241718,-8.42485,-2.71397,0.106766,0.113467,-0.0194805,0.420734,0.692251,0.398046,-0.463165
01324189,1523964241735,-9.64214,-1.84684,1.05954,0.23391,-0.14687,-0.311781,0.820576,-0.194415,-0.354516
01324188,1523964241735,-9.5177,-0.883548,-1.94068,0.0776254,-0.0109463,-0.356929,0.84572,-0.326572,0.0265535
01324185,1523964241735,-8.90114,-0.30805,-0.226318,0.298326,-0.00614589,0.276567,0.823766,0.310452,-0.400208
01324181,1523964241735,-8.6088,0.384835,3.63042,0.285008,-0.22898,-0.00268887,0.824891,0.428276,-0.168242
01324180,1523964241735,-8.453,-2.77449,0.0916575,0.137414,-0.000639763,0.447383,0.694077,0.392382,-0.466682
01324189,1523964241751,-9.66574,-2.19891,1.28299,0.346324,-0.246405,-0.316537,0.820581,-0.190976,-0.357164
01324188,1523964241751,-9.3356,-1.3378,-1.89947,0.0915577,0.0567116,-0.338349,0.847859,-0.321658,0.0265648
01324185,1523964241751,-9.00003,-0.247327,-0.317337,0.255068,-0.00400026,0.273221,0.824178,0.305952,-0.399774
01324181,1523964241751,-8.66065,0.49582,3.63279,0.259975,-0.204673,0.0217352,0.825235,0.425741,-0.172708
01324180,1523964241751,-8.57868,-2.77575,0.0710888,0.146275,-0.0111783,0.45091,0.696573,0.385676,-0.467528
01324189,1523964241768,-9.4498,-2.54171,1.32516,0.405355,-0.348953,-0.344615,0.820042,-0.187524,-0.359805
01324188,1523964241768,-9.2043,-1.09955,-1.55611,0.126425,0.143004,-0.324765,0.847678,-0.314804,0.0295529
01324185,1523964241768,-9.12315,-0.19612,-0.448469,0.232682,-0.0146394,0.244425,0.826208,0.301109,-0.402477
01324181,1523964241768,-8.61239,0.583826,3.5155,0.259805,-0.212961,0.0526686,0.8253,0.42448,-0.177995
01324180,1523964241768,-8.72818,-2.80132,0.0404865,0.161777,-0.0151713,0.479139,0.700531,0.380106,-0.468913
01324189,1523964241785,-9.15295,-2.63296,1.8803,0.505676,-0.431207,-0.402811,0.81734,-0.185169,-0.363233
01324188,1523964241785,-9.11631,-0.825644,-1.46302,0.114117,0.223306,-0.315115,0.84914,-0.31032,0.032776
01324185,1523964241785,-9.20023,-0.0897978,-0.553022,0.195415,-0.0143401,0.237676,0.828377,0.294596,-0.40412
01324181,1523964241785,-8.52999,0.686734,3.47058,0.220454,-0.187497,0.0943534,0.825125,0.42038,-0.182423
01324180,1523964241785,-8.8586,-2.80244,0.000537369,0.151616,-0.0397225,0.478932,0.703858,0.370478,-0.468344
01324189,1523964241801,-9.04593,-2.4267,2.16882,0.580069,-0.570137,-0.450298,0.815483,-0.18328,-0.369349
01324188,1523964241801,-9.05376,-0.908022,-1.43869,0.0948923,0.304479,-0.289563,0.851003,-0.305016,0.0369875
01324185,1523964241801,-9.21221,-0.0343822,-0.591901,0.156333,0.0106197,0.229057,0.82973,0.291461,-0.405923
01324181,1523964241801,-8.57917,0.727448,3.4067,0.199009,-0.146391,0.118918,0.825999,0.417856,-0.186098
01324180,1523964241801,-8.93686,-2.73566,-0.00952731,0.146748,-0.065106,0.476999,0.706104,0.362915,-0.470689
01324189,1523964241818,-8.95258,-2.06134,1.74963,0.616192,-0.733784,-0.489881,0.813779,-0.182837,-0.37628
01324188,1523964241818,-9.06008,-1.37611,-2.08417,0.197493,0.381214,-0.289765,0.850991,-0.303627,0.0415161
01324185,1523964241818,-9.25782,0.00207206,-0.532091,0.0999693,0.0357949,0.227266,0.830413,0.286815,-0.40575
01324181,1523964241818,-8.69425,0.743027,3.45879,0.187346,-0.142555,0.134531,0.825761,0.418066,-0.189685
01324180,1523964241818,-9.02028,-2.63484,-0.0484576,0.0697283,-0.0626503,0.473057,0.709324,0.360657,-0.466191
01324189,1523964241835,-9.04689,-1.70095,1.41601,0.508229,-0.752547,-0.494641,0.810292,-0.17933,-0.383702
01324188,1523964241835,-9.20427,-1.1564,-2.3979,0.216553,0.425832,-0.276779,0.8534,-0.299222,0.049164
01324185,1523964241835,-9.26246,-0.0266657,-0.395721,0.0487564,0.0679254,0.222015,0.832449,0.284721,-0.404692
01324181,1523964241835,-8.67829,0.650991,3.4993,0.163155,-0.183708,0.158393,0.826108,0.414692,-0.193337
01324180,1523964241835,-9.03834,-2.54558,-0.0626448,-0.013925,-0.0829495,0.465378,0.712209,0.354958,-0.466887
01324189,1523964241851,-9.47198,-1.29166,1.00961,0.330988,-0.767903,-0.479143,0.807627,-0.172407,-0.393781
01324188,1523964241851,-9.59954,-0.857489,-2.87403,0.146786,0.41206,-0.247378,0.853093,-0.294424,0.0556591
01324185,1523964241851,-9.29835,-0.0647758,-0.189978,0.00428584,0.0902204,0.210022,0.833806,0.282605,-0.404807
01324181,1523964241851,-8.72691,0.563012,3.57795,0.127606,-0.182983,0.151641,0.828608,0.411701,-0.197683
01324180,1523964241851,-9.02918,-2.50685,-0.0623427,-0.113651,-0.0697121,0.442869,0.714144,0.350143,-0.467282
01324189,1523964241868,-9.98727,-1.02762,0.667515,0.16769,-0.7333,-0.456565,0.803083,-0.167454,-0.405325
01324188,1523964241868,-9.72641,-1.21551,-3.33426,0.033425,0.399948,-0.220851,0.85361,-0.290922,0.0615245
01324185,1523964241868,-9.43082,-0.092715,-0.0505703,-0.0282307,0.121323,0.209888,0.836795,0.278979,-0.402822
01324181,1523964241868,-8.81024,0.586193,3.69289,0.101777,-0.195372,0.151636,0.830042,0.407314,-0.201192
01324180,1523964241868,-9.1266,-2.46972,-0.029254,-0.20292,-0.0592445,0.429222,0.716601,0.348684,-0.473019
01324189,1523964241885,-10.0737,-0.843275,0.128901,0.0651987,-0.670106,-0.430366,0.799593,-0.162655,-0.413138
01324188,1523964241885,-9.59661,-1.45888,-3.77347,-0.0519696,0.332859,-0.207092,0.855078,-0.287689,0.0665536
01324185,1523964241885,-9.70333,-0.124662,0.0196568,-0.0670457,0.151562,0.206396,0.838161,0.274531,-0.399649
01324181,1523964241885,-8.8729,0.706639,3.83508,0.0651756,-0.22966,0.163525,0.829284,0.406379,-0.205149
01324180,1523964241885,-9.30763,-2.53319,0.065304,-0.278478,-0.0295194,0.418427,0.718775,0.3453,-0.470958
01324189,1523964241901,-10.0993,-0.892765,0.0123354,-0.121253,-0.569717,-0.384975,0.795953,-0.158275,-0.419348
01324188,1523964241901,-9.3837,-1.43826,-4.07855,-0.118914,0.257775,-0.172937,0.853709,-0.286075,0.0699019
01324185,1523964241901,-10.029,-0.175574,0.0511081,-0.0728729,0.14635,0.213312,0.841147,0.274708,-0.397701
01324181,1523964241901,-9.04261,0.811185,4.07349,0.0580212,-0.202164,0.165543,0.830286,0.40359,-0.207757
01324180,1523964241901,-9.58695,-2.66295,0.156121,-0.320573,0.00793931,0.378014,0.721131,0.340942,-0.476346
01324189,1523964241918,-10.3367,-1.28014,0.175646,-0.281079,-0.457386,-0.309261,0.793548,-0.152212,-0.427564
01324188,1523964241918,-9.63456,-1.28278,-4.1141,-0.168404,0.137663,-0.171096,0.854784,-0.28471,0.0714543
01324185,1523964241918,-10.4463,-0.11285,-0.0190245,-0.0768021,0.153296,0.204008,0.842511,0.271376,-0.395061
01324181,1523964241918,-9.40987,0.986139,4.35758,0.0419433,-0.17549,0.169349,0.83222,0.402338,-0.21147
01324180,1523964241918,-10.0399,-2.84324,0.266718,-0.313918,0.0468703,0.360803,0.724881,0.340726,-0.475461
01324189,1523964241935,-10.6535,-1.52169,0.440297,-0.330571,-0.36344,-0.238458,0.791397,-0.14672,-0.433648
01324188,1523964241935,-9.86642,-1.23236,-4.30768,-0.164629,0.0215553,-0.144057,0.855586,-0.282665,0.0710338
01324185,1523964241935,-10.8391,0.0628602,-0.115627,-0.0990309,0.144424,0.179511,0.84387,0.269992,-0.393746
01324181,1523964241935,-9.54202,1.16654,4.34845,0.0150046,-0.154326,0.214449,0.832037,0.398533,-0.215505
01324180,1523964241935,-10.4466,-3.02261,0.341518,-0.282215,0.0545392,0.333851,0.727288,0.339941,-0.472541
01324189,1523964241951,-10.6917,-1.63907,0.934705,-0.302899,-0.277258,-0.183427,0.790359,-0.144425,-0.440305
01324188,1523964241951,-9.73014,-0.968942,-4.11861,-0.132989,-0.0724314,-0.141323,0.856934,-0.281109,0.0684223
01324185,1523964241951,-11.1692,0.245404,-0.210132,-0.120485,0.128684,0.172901,0.846861,0.267661,-0.390337
01324181,1523964241951,-9.76754,1.22927,4.47622,-0.0136279,-0.0926761,0.247879,0.833698,0.39535,-0.21612
01324180,1523964241951,-10.8013,-3.09191,0.337674,-0.23656,0.073926,0.294776,0.729145,0.337826,-0.463698
01324189,1523964241968,-10.4896,-1.62173,1.17997,-0.224608,-0.231378,-0.113986,0.789409,-0.139813,-0.443334
01324188,1523964241968,-9.77276,-0.695832,-3.84159,-0.108387,-0.163697,-0.156336,0.856642,-0.277505,0.0662287
01324185,1523964241968,-11.3836,0.412747,-0.343402,-0.176658,0.127095,0.136449,0.849849,0.267715,-0.387473
01324181,1523964241968,-9.79269,1.31632,4.47439,-0.0582466,-0.033748,0.281281,0.835088,0.392731,-0.217275
01324180,1523964241968,-11.1235,-3.06443,0.349181,-0.218806,0.0753852,0.270362,0.731827,0.336898,-0.461866
01324189,1523964241985,-10.0616,-1.71867,1.2536,-0.177048,-0.197373,-0.0677708,0.787096,-0.135881,-0.445817
01324188,1523964241985,-9.55619,-0.972174,-3.74451,-0.104741,-0.241601,-0.164207,0.85758,-0.27533,0.0629881
01324185,1523964241985,-11.4845,0.603517,-0.413835,-0.289197,0.141894,0.0982269,0.84999,0.268185,-0.384996
01324181,1523964241985,-9.74951,1.38975,4.30904,-0.111738,0.0499995,0.32008,0.837685,0.388575,-0.21602
01324180,1523964241985,-11.2043,-2.99306,0.358451,-0.222418,0.0606274,0.219281,0.734257,0.336142,-0.463807
01324189,1523964242001,-9.80435,-2.06984,1.13448,-0.188982,-0.116155,-0.0431324,0.787378,-0.133887,-0.448078
01324188,1523964242001,-9.47483,-1.19963,-3.67088,-0.141175,-0.298073,-0.150897,0.859738,-0.272607,0.0569401
01324185,1523964242001,-11.3782,0.72076,-0.492383,-0.455691,0.145034,0.0728516,0.852707,0.270226,-0.381367
01324181,1523964242001,-9.84873,1.36682,4.20741,-0.152608,0.143862,0.32967,0.840655,0.385179,-0.212528
01324180,1523964242001,-11.059,-2.82239,0.360807,-0.273237,0.0421864,0.16785,0.735325,0.335824,-0.462209
01324189,1523964242018,-9.6731,-2.56989,0.946323,-0.180145,-0.0524086,-0.0290281,0.787124,-0.132742,-0.450607
01324188,1523964242018,-9.48654,-1.75988,-3.54057,-0.179275,-0.373833,-0.134274,0.861103,-0.273463,0.0529662
01324185,1523964242018,-11.2143,0.690841,-0.499092,-0.627909,0.141464,0.0764307,0.85407,0.273412,-0.376831
01324181,1523964242018,-9.8969,1.25963,4.0546,-0.200685,0.183056,0.349148,0.843102,0.381617,-0.210354
01324180,1523964242018,-10.8992,-2.65649,0.372946,-0.373982,0.0351874,0.104749,0.737735,0.33563,-0.461302
01324189,1523964242035,-9.75141,-2.80893,0.78629,-0.0814117,0.0225009,-0.0430364,0.787114,-0.130729,-0.450859
01324188,1523964242035,-9.48732,-1.99015,-3.71415,-0.135376,-0.433718,-0.0850597,0.861086,-0.269933,0.0460538
01324185,1523964242035,-11.0604,0.514149,-0.469895,-0.793114,0.146604,0.0782502,0.855567,0.275165,-0.373587
01324181,1523964242035,-9.88732,1.23309,4.01653,-0.239809,0.211365,0.352966,0.845273,0.375574,-0.204142
01324180,1523964242035,-10.7368,-2.51238,0.394658,-0.506487,0.0419889,0.0468136,0.738316,0.341541,-0.457682
01324189,1523964242051,-9.8105,-2.8716,0.860055,0.00351478,0.112266,-0.0482367,0.787358,-0.129001,-0.448975
01324188,1523964242051,-9.37065,-1.78585,-3.33427,-0.123688,-0.490999,-0.0537418,0.861361,-0.269767,0.039331
01324185,1523964242051,-10.9163,0.248455,-0.417524,-0.951776,0.135699,0.0682628,0.857888,0.278144,-0.365132
01324181,1523964242051,-9.80613,1.18562,3.89721,-0.257535,0.232476,0.349742,0.850132,0.371585,-0.200391
01324180,1523964242051,-10.553,-2.50049,0.38685,-0.637353,0.0495126,-0.00323168,0.739053,0.345121,-0.452624
01324189,1523964242068,-9.65506,-2.90607,0.706715,0.0885823,0.160527,-0.0462963,0.789241,-0.128036,-0.447384
01324188,1523964242068,-9.4373,-2.16248,-3.22926,-0.112017,-0.547079,-0.0117955,0.863257,-0.268258,0.0313261
01324185,1523964242068,-10.7964,-0.017075,-0.349565,-1.05723,0.112929,0.0685033,0.85844,0.283896,-0.359049
01324181,1523964242068,-9.65154,1.03228,3.77315,-0.254007,0.226439,0.359999,0.852162,0.366947,-0.195401
01324180,1523964242068,-10.3875,-2.57825,0.390456,-0.740509,0.0619615,-0.0319858,0.740443,0.350581,-0.448754
01324189,1523964242085,-9.49448,-2.75668,0.82148,0.116041,0.243065,-0.0570506,0.792758,-0.129265,-0.444492
01324188,1523964242085,-9.4692,-2.27944,-3.03542,0.0104057,-0.594861,0.0265697,0.86272,-0.268123,0.0224581
01324185,1523964242085,-10.6329,-0.25882,-0.305547,-1.12736,0.112763,0.0719519,0.860485,0.289388,-0.351794
01324181,1523964242085,-9.56374,0.887802,3.7161,-0.260972,0.226874,0.33761,0.856204,0.363824,-0.191793
01324180,1523964242085,-10.1778,-2.70618,0.394218,-0.843492,0.0567339,-0.0538518,0.740863,0.357784,-0.442675
01324189,1523964242102,-9.43569,-2.3938,1.02592,0.0986434,0.272614,-0.0500693,0.794914,-0.130172,-0.441715
01324188,1523964242102,-9.44823,-1.80823,-2.84733,0.0909762,-0.636332,0.0753278,0.863685,-0.269648,0.0142751
01324185,1523964242102,-10.4261,-0.476775,-0.278192,-1.17943,0.106377,0.0864663,0.861584,0.294611,-0.343879
01324181,1523964242102,-9.4287,0.768187,3.60334,-0.235889,0.229943,0.31254,0.857536,0.361474,-0.187242
01324180,1523964242102,-9.97787,-2.83461,0.434134,-0.894376,0.085089,-0.0804259,0.741419,0.365281,-0.437671
01324189,1523964242118,-9.41104,-2.00444,1.22606,0.0745432,0.333347,-0.0200628,0.798132,-0.130519,-0.436673
01324188,1523964242118,-9.46366,-1.36894,-2.55759,0.0737964,-0.689633,0.0967306,0.863308,-0.273405,0.0044888
01324185,1523964242118,-10.2482,-0.684944,-0.278814,-1.17192,0.116982,0.0957098,0.863356,0.300089,-0.337406
01324181,1523964242118,-9.38006,0.652387,3.50927,-0.217995,0.229689,0.29869,0.861313,0.357375,-0.182681
01324180,1523964242118,-9.76374,-2.93365,0.450181,-0.890943,0.0777413,-0.0647036,0.740888,0.373072,-0.430215
01324189,1523964242135,-9.42846,-1.81403,1.10994,0.00348733,0.32892,-0.000747534,0.801089,-0.132586,-0.431641
01324188,1523964242135,-9.45143,-1.33251,-2.60134,0.0502507,-0.692436,0.0991952,0.863326,-0.274971,-0.00556922
01324185,1523964242135,-10.0895,-0.897772,-0.239743,-1.15141,0.108035,0.100816,0.865131,0.305304,-0.329885
01324181,1523964242135,-9.29699,0.561161,3.53087,-0.194699,0.195473,0.264695,0.863175,0.355175,-0.177475
01324180,1523964242135,-9.54547,-2.98945,0.490676,-0.866671,0.097142,-0.0679936,0.742643,0.380538,-0.42361
01324189,1523964242152,-9.39201,-1.66197,1.01726,-0.0573381,0.329537,0.00436794,0.803906,-0.130919,-0.42845
01324188,1523964242152,-9.38872,-1.3671,-2.51488,0.0180368,-0.720919,0.0933613,0.864552,-0.27467,-0.0155256
01324185,1523964242152,-9.88743,-1.08681,-0.222187,-1.07579,0.0573048,0.119726,0.866228,0.307389,-0.324031
01324181,1523964242152,-9.16173,0.492422,3.5089,-0.160771,0.16851,0.240193,0.86626,0.35349,-0.174152
01324180,1523964242152,-9.28584,-3.04921,0.495299,-0.777511,0.0954274,-0.0552068,0.743068,0.386571,-0.415663
01324189,1523964242168,-9.36205,-1.63703,1.08989,-0.0939833,0.361849,-0.00115086,0.806581,-0.132257,-0.422874
01324188,1523964242168,-9.34475,-1.22629,-2.32878,-0.0307562,-0.726146,0.0911996,0.865377,-0.275246,-0.0252626
01324185,1523964242168,-9.65616,-1.19899,-0.201817,-0.960622,0.0343865,0.138407,0.868678,0.31032,-0.318058
01324181,1523964242168,-9.08002,0.500658,3.51893,-0.128742,0.14191,0.234668,0.868453,0.348228,-0.171409
01324180,1523964242168,-9.07517,-3.07354,0.518974,-0.68521,0.11283,-0.0334551,0.745382,0.392291,-0.409641
01324189,1523964242185,-9.28434,-1.95973,1.29728,-0.112959,0.321482,-0.00647781,0.810347,-0.130614,-0.419427
01324188,1523964242185,-9.2894,-1.2521,-1.76584,-0.131798,-0.71077,0.0915632,0.864042,-0.277465,-0.0364213
01324185,1523964242185,-9.46829,-1.28684,-0.208956,-0.815265,-0.00372932,0.163964,0.86896,0.312387,-0.313115
01324181,1523964242185,-8.83992,0.474436,3.45576,-0.103748,0.106197,0.216982,0.871171,0.345491,-0.170584
01324180,1523964242185,-8.93002,-3.08423,0.549335,-0.573205,0.109554,-0.0257718,0.744213,0.397781,-0.403167
01324189,1523964242202,-9.20349,-2.48029,1.29969,-0.0697462,0.288172,-0.038264,0.810706,-0.128878,-0.415405
01324188,1523964242202,-9.32181,-1.50462,-1.49376,-0.110811,-0.684882,0.0964153,0.862032,-0.280096,-0.0478664
01324185,1523964242202,-9.31411,-1.34078,-0.224708,-0.643976,-0.0131324,0.179111,0.868156,0.312739,-0.309458
01324181,1523964242202,-8.65366,0.467049,3.31703,-0.0804435,0.0924019,0.189159,0.871195,0.341827,-0.168117
01324180,1523964242202,-8.77448,-3.13794,0.550558,-0.439007,0.125115,0.00854521,0.744967,0.401823,-0.402692
01324189,1523964242218,-9.23622,-2.86613,1.54753,0.0343612,0.228394,-0.0715501,0.814095,-0.130968,-0.412785
01324188,1523964242218,-9.36537,-1.50104,-1.2913,-0.0409539,-0.657836,0.114881,0.862051,-0.281782,-0.0584703
01324185,1523964242218,-9.16928,-1.28874,-0.246001,-0.456598,-0.036711,0.201134,0.870328,0.312778,-0.307375
01324181,1523964242218,-8.61579,0.52571,3.33305,-0.0571844,0.101742,0.16674,0.872946,0.339853,-0.165704
01324180,1523964242218,-8.69706,-3.13449,0.539249,-0.322453,0.107818,0.0179361,0.747329,0.40466,-0.399429
01324189,1523964242235,-9.41318,-2.77567,1.74515,0.207192,0.128233,-0.0974018,0.817749,-0.129333,-0.411744
01324188,1523964242235,-9.49017,-1.23628,-1.15796,-0.0374002,-0.629346,0.13643,0.861936,-0.284154,-0.0668274
01324185,1523964242235,-9.01466,-1.16935,-0.287817,-0.331037,-0.0440873,0.197605,0.872769,0.312936,-0.30647
01324181,1523964242235,-8.49063,0.658248,3.27335,-0.0401318,0.0746626,0.137097,0.874283,0.339438,-0.164248
01324180,1523964242235,-8.55654,-3.13728,0.501936,-0.22718,0.0881312,0.0552925,0.749798,0.40761,-0.391034
01324189,1523964242252,-9.41241,-2.59532,1.877,0.353993,0.014485,-0.119798,0.818825,-0.131076,-0.409363
01324188,1523964242252,-9.36923,-1.19986,-0.911359,-0.00598162,-0.603241,0.136945,0.86222,-0.28522,-0.0752423
01324185,1523964242252,-8.82865,-1.05496,-0.306662,-0.174222,-0.0412874,0.184613,0.873991,0.312669,-0.305688
01324181,1523964242252,-8.36083,0.868406,3.29914,-0.0259859,0.0128196,0.139906,0.875122,0.33755,-0.165014
01324180,1523964242252,-8.40171,-3.14285,0.515501,-0.117104,0.0773136,0.0892842,0.75086,0.407873,-0.389694
01324189,1523964242268,-9.40876,-2.42554,2.20351,0.40335,-0.0585259,-0.146148,0.818002,-0.130477,-0.409081
01324188,1523964242268,-9.34023,-1.18252,-0.644613,0.0305764,-0.533461,0.13442,0.860203,-0.287106,-0.0839489
01324185,1523964242268,-8.62804,-0.902125,-0.316822,-0.0513487,-0.0460005,0.180209,0.874537,0.309016,-0.305132
01324181,1523964242268,-8.30382,0.961229,3.35085,-0.00552815,-0.0368603,0.129904,0.875934,0.336556,-0.164205
01324180,1523964242268,-8.21368,-3.09233,0.512781,-0.0242313,0.0598177,0.103785,0.752469,0.407257,-0.388379
01324189,1523964242285,-9.42372,-2.47909,2.48596,0.442859,-0.209083,-0.147504,0.816806,-0.131894,-0.411219
01324188,1523964242285,-9.49988,-1.1884,-0.40747,0.119543,-0.468784,0.149872,0.858456,-0.288769,-0.091299
01324185,1523964242285,-8.4684,-0.753827,-0.300918,0.0961629,-0.0636897,0.135897,0.875351,0.305899,-0.306019
01324181,1523964242285,-8.62972,1.01061,3.5217,-0.0065483,-0.0994693,0.135476,0.877621,0.331368,-0.164912
01324180,1523964242285,-8.11272,-3.01546,0.432015,0.0355475,0.0407868,0.103147,0.751989,0.404246,-0.392484
01324189,1523964242302,-9.47557,-2.59476,3.20451,0.481011,-0.352709,-0.189732,0.813976,-0.13126,-0.414391
01324188,1523964242302,-9.79385,-0.877369,0.0973823,0.18937,-0.366545,0.178846,0.855909,-0.293209,-0.0950442
01324185,1523964242302,-8.52596,-0.628284,-0.316729,0.234104,-0.0854966,0.113783,0.876429,0.302732,-0.30952
01324181,1523964242302,-8.9822,1.00152,3.59931,-0.00574453,-0.212719,0.128549,0.876596,0.330431,-0.169131
01324180,1523964242302,-8.27236,-2.98251,0.333964,0.0816563,0.0079751,0.089187,0.754025,0.402624,-0.393897
01324189,1523964242318,-9.65635,-2.67152,3.39935,0.491034,-0.568624,-0.25678,0.814464,-0.135041,-0.420311
01324188,1523964242318,-9.79857,-0.819271,0.41456,0.196211,-0.210998,0.197409,0.857151,-0.296286,-0.0982132
01324185,1523964242318,-8.82505,-0.612002,-0.345341,0.419932,-0.0799377,0.0591796,0.87805,0.300427,-0.312116
01324181,1523964242318,-9.29613,0.944418,3.62255,-0.0360072,-0.346589,0.10947,0.878105,0.330206,-0.171931
01324180,1523964242318,-8.63943,-2.97558,0.18299,0.134216,-0.00239762,0.095685,0.755567,0.39974,-0.400864
01324189,1523964242335,-9.41029,-2.3333,3.1433,0.526881,-0.78066,-0.326507,0.809637,-0.133945,-0.428272
01324188,1523964242335,-9.51873,-1.02204,-0.0478455,0.230681,-0.110683,0.17402,0.855671,-0.298124,-0.098848
01324185,1523964242335,-9.35548,-0.562923,-0.311006,0.574402,-0.0476238,0.0112929,0.877228,0.29993,-0.316027
01324181,1523964242335,-9.30886,0.847183,3.67263,-0.0288846,-0.439728,0.0931408,0.877787,0.329183,-0.179609
01324180,1523964242335,-9.18744,-3.01944,0.0686404,0.185011,-0.00921713,0.0995875,0.755592,0.398005,-0.401709
01324189,1523964242352,-8.99406,-1.67574,2.73452,0.517886,-0.909368,-0.350379,0.804432,-0.133286,-0.439174
01324188,1523964242352,-9.33364,-0.690622,-0.651533,0.237334,-0.0580432,0.164049,0.855682,-0.299658,-0.10029
01324185,1523964242352,-9.90508,-0.455962,-0.30071,0.717843,-0.00961913,-0.00684894,0.877763,0.296617,-0.319786
01324181,1523964242352,-8.64623,0.758139,3.4733,-0.0358165,-0.515659,0.0595937,0.876635,0.328648,-0.185163
01324180,1523964242352,-9.60073,-3.01364,-0.0272031,0.227129,-0.0267576,0.111254,0.756953,0.396536,-0.402434
01324189,1523964242368,-8.92007,-1.2543,2.67599,0.399927,-0.969432,-0.33469,0.797871,-0.130586,-0.451783
01324188,1523964242368,-9.77168,-0.166306,-0.924817,0.0443102,-0.00194094,0.149106,0.854079,-0.303773,-0.0989121
01324185,1523964242368,-10.0732,-0.271861,-0.22504,0.776255,-0.00462499,0.0228537,0.877485,0.293157,-0.323932
01324181,1523964242368,-8.35352,0.761643,3.42198,-0.019563,-0.473848,0.0270771,0.87486,0.32773,-0.195484
01324180,1523964242368,-9.5059,-2.85271,-0.0737304,0.236309,-0.0312793,0.0770124,0.758449,0.394184,-0.401287
01324189,1523964242385,-9.07218,-1.33115,2.84362,0.254767,-1.00923,-0.285317,0.790249,-0.129879,-0.466001
01324188,1523964242385,-10.1591,-0.320795,-0.694175,-0.168535,0.0633939,0.155391,0.853545,-0.305255,-0.0981905
01324185,1523964242385,-9.86747,-0.147746,-0.0119007,0.759255,0.0139056,0.0975446,0.877751,0.288294,-0.327674
01324181,1523964242385,-8.2235,0.690456,3.35172,0.0393753,-0.412404,-0.000184527,0.874381,0.327602,-0.201585
01324180,1523964242385,-9.23848,-2.59629,-0.05521,0.197851,-0.000747755,0.0330291,0.758359,0.391004,-0.40243
01324189,1523964242402,-9.22663,-1.43582,3.17186,0.139772,-1.02948,-0.253645,0.785578,-0.127939,-0.476631
01324188,1523964242402,-9.88522,-0.812511,-0.862718,-0.116395,0.100998,0.134979,0.852738,-0.306207,-0.0993167
01324185,1523964242402,-9.53158,-0.0605719,0.183917,0.715033,0.0151094,0.173199,0.879102,0.283153,-0.331287
01324181,1523964242402,-8.06512,0.643881,3.26186,0.00752903,-0.409425,-0.0259498,0.872549,0.327094,-0.206337
01324180,1523964242402,-8.87047,-2.44989,-0.0218107,0.137969,0.0667083,-0.0214306,0.759306,0.39041,-0.402861
01324189,1523964242418,-9.00346,-1.42716,3.53362,0.0228579,-1.04033,-0.231843,0.776592,-0.125473,-0.491488
01324188,1523964242418,-9.80039,-0.772369,-1.13328,-0.0293434,0.0928995,0.11072,0.853292,-0.308382,-0.0966332
01324185,1523964242418,-9.21782,-0.0888741,0.330915,0.603194,0.00972983,0.230268,0.880319,0.277463,-0.33411
01324181,1523964242418,-8.10266,0.648204,3.36538,-0.0170511,-0.344919,-0.0752928,0.871787,0.327557,-0.211783
01324180,1523964242418,-8.51927,-2.51929,0.0827448,0.0915394,0.154716,-0.0510947,0.759569,0.390547,-0.402322
01324189,1523964242435,-8.7669,-1.59146,4.07489,-0.0971575,-0.954478,-0.235106,0.771259,-0.123668,-0.503985
01324188,1523964242435,-9.98136,-0.684122,-1.24578,-0.0566211,0.128423,0.0799187,0.851681,-0.310944,-0.0973116
01324185,1523964242435,-9.10198,-0.0727283,0.345201,0.51935,-0.00868999,0.244059,0.882482,0.26976,-0.339007
01324181,1523964242435,-8.41733,0.785238,3.31486,-0.00977395,-0.309043,-0.0990769,0.869633,0.330227,-0.215269
01324180,1523964242435,-8.52689,-2.70125,0.161427,0.0946343,0.225931,-0.106885,0.760633,0.390664,-0.40085
01324189,1523964242452,-8.6535,-2.22911,4.26638,-0.274758,-0.87498,-0.258072,0.759787,-0.119112,-0.516389
01324188,1523964242452,-9.81184,-0.598529,-1.16124,-0.101995,0.152557,0.0807799,0.853315,-0.312272,-0.094454
01324185,1523964242452,-9.31451,-0.0450914,0.159906,0.425812,-0.0450567,0.217229,0.883976,0.264678,-0.339486
01324181,1523964242452,-8.70755,0.806199,3.15321,0.0330816,-0.28192,-0.119597,0.869392,0.331555,-0.220075
01324180,1523964242452,-8.84065,-2.93671,0.164321,0.134203,0.278808,-0.113285,0.761681,0.39194,-0.399219
01324189,1523964242468,-8.62017,-3.01924,4.21532,-0.3499,-0.824196,-0.291289,0.755081,-0.110844,-0.527237
01324188,1523964242468,-9.77385,-0.778172,-1.00589,-0.0845891,0.170611,0.0687157,0.851682,-0.311752,-0.0925168
01324185,1523964242468,-9.68637,0.00510524,-0.135264,0.315771,-0.0919927,0.175211,0.883295,0.260111,-0.342575
01324181,1523964242468,-8.84939,0.64437,3.18921,0.0472256,-0.336584,-0.113165,0.86713,0.333752,-0.225675
01324180,1523964242468,-9.15548,-3.07012,0.10251,0.159043,0.328368,-0.130325,0.762998,0.392182,-0.395183
01324189,1523964242485,-8.42737,-3.30099,4.02432,-0.302848,-0.848143,-0.34976,0.748877,-0.103253,-0.537537
01324188,1523964242485,-9.61459,-0.834283,-0.648039,-0.0880539,0.200384,0.0637291,0.852084,-0.311127,-0.0904638
01324185,1523964242485,-9.88955,-0.0612288,-0.334551,0.166513,-0.120455,0.180708,0.883972,0.257268,-0.343856
01324181,1523964242485,-8.94401,0.531641,3.20043,0.0828914,-0.336794,-0.127896,0.864486,0.333404,-0.230156
01324180,1523964242485,-9.25549,-3.15727,0.0140483,0.15469,0.359099,-0.175852,0.764995,0.39316,-0.394922
01324189,1523964242502,-8.23641,-3.3331,4.15036,-0.168183,-0.907422,-0.365225,0.741487,-0.0979447,-0.550517
01324188,1523964242502,-9.64437,-1.04431,-0.595363,-0.114175,0.240823,0.0870067,0.853317,-0.313478,-0.087396
01324185,1523964242502,-9.9529,-0.258301,-0.373486,0.031008,-0.154225,0.198101,0.883965,0.254378,-0.347616
01324181,1523964242502,-9.08752,0.583201,3.34342,0.0527458,-0.308826,-0.145626,0.864238,0.335857,-0.235782
01324180,1523964242502,-9.30228,-3.23631,-0.0980178,0.135262,0.376805,-0.186409,0.766293,0.394997,-0.390853
01324189,1523964242518,-8.10996,-3.41495,4.14826,-0.0863635,-0.916926,-0.359625,0.733657,-0.0923214,-0.56028
01324188,1523964242518,-9.74674,-1.28678,-0.693441,-0.0705677,0.259399,0.099893,0.852782,-0.314864,-0.0855917
01324185,1523964242518,-9.99455,-0.537266,-0.300896,-0.0338867,-0.156931,0.220316,0.884777,0.252667,-0.348648
01324181,1523964242518,-9.26834,0.818818,3.34499,0.029662,-0.282414,-0.152201,0.861553,0.337964,-0.239251
01324180,1523964242518,-9.36599,-3.34783,-0.123421,0.116394,0.395639,-0.167069,0.767056,0.397433,-0.388385
01324189,1523964242535,-8.2099,-3.3609,4.29594,-0.0499689,-0.844752,-0.356952,0.724228,-0.0889671,-0.572182
01324188,1523964242535,-9.75165,-1.31932,-0.866381,-0.0357512,0.280135,0.103902,0.852522,-0.317082,-0.0816894
01324185,1523964242535,-10.0846,-0.815991,-0.294175,-0.0382204,-0.137546,0.219371,0.885448,0.247793,-0.353045
01324181,1523964242535,-9.37222,1.08927,3.39469,0.0171418,-0.282274,-0.14527,0.861038,0.340278,-0.244871
01324180,1523964242535,-9.45301,-3.52732,-0.139757,0.0995341,0.389758,-0.139109,0.769403,0.400546,-0.382686
01324189,1523964242552,-8.52449,-3.15652,4.57379,-0.0639124,-0.709818,-0.338531,0.717487,-0.0843767,-0.581431
01324188,1523964242552,-9.83366,-1.29268,-1.18846,0.00857311,0.274231,0.0864309,0.850903,-0.319032,-0.0768111
01324185,1523964242552,-10.2881,-1.11333,-0.352767,0.0190209,-0.0870528,0.218185,0.886666,0.244809,-0.354326
01324181,1523964242552,-10.3869,0.982385,3.7211,-0.0452212,-0.211137,-0.130392,0.858191,0.343422,-0.246767
01324180,1523964242552,-9.72611,-3.69368,-0.235178,0.0782585,0.374859,-0.0971284,0.771792,0.399887,-0.376522
01324189,1523964242568,-8.65178,-2.82094,4.79557,-0.0702431,-0.630287,-0.340454,0.713055,-0.0802747,-0.589907
01324188,1523964242568,-9.94321,-0.869107,-1.71127,0.0248938,0.268566,0.0634472,0.850755,-0.317609,-0.0729516
01324185,1523964242568,-10.993,-1.19096,-0.51833,0.133607,-0.0357422,0.182169,0.888298,0.241022,-0.353381
01324181,1523964242568,-10.312,0.87439,3.36381,0.0490281,-0.206293,-0.1117,0.857839,0.34331,-0.252073
01324180,1523964242568,-10.4582,-3.92136,-0.291913,0.0268022,0.362645,-0.0183082,0.773202,0.401253,-0.366793
01324189,1523964242585,-8.61529,-2.15098,4.93292,-0.0784365,-0.51971,-0.338924,0.70737,-0.0756958,-0.595824
01324188,1523964242585,-9.9092,-0.834671,-1.82737,-0.205436,0.241321,0.0412229,0.851171,-0.319181,-0.0706325
01324185,1523964242585,-11.4899,-1.07011,-0.755491,0.155628,0.023519,0.142753,0.887758,0.238195,-0.353874
01324181,1523964242585,-9.63204,0.887499,3.10227,-0.00976161,-0.205151,-0.0858202,0.856491,0.344444,-0.25341
01324180,1523964242585,-10.7181,-4.21687,-0.257404,0.0231997,0.297601,0.0770255,0.776397,0.401317,-0.362788
01324189,1523964242602,-8.62914,-1.72274,5.16782,-0.133704,-0.380927,-0.287838,0.704118,-0.0710289,-0.60003
01324188,1523964242602,-10.1376,-1.10828,-1.19258,-0.413194,0.212937,-0.0552431,0.851435,-0.318415,-0.0684344
01324185,1523964242602,-11.4121,-0.817829,-0.805091,0.0140571,0.0711357,0.185105,0.888573,0.236087,-0.353595
01324181,1523964242602,-9.55897,0.866468,3.17559,0.0045142,0.00222043,-0.0625345,0.854591,0.346592,-0.254498
01324180,1523964242602,-10.4285,-4.37352,-0.187765,0.0477615,0.252696,0.132149,0.777196,0.400268,-0.35931
01324189,1523964242618,-8.30883,-2.15847,5.3518,-0.127189,-0.282511,-0.1921,0.698434,-0.0680274,-0.605023
01324188,1523964242618,-9.96751,-0.847699,-0.960426,-0.142922,0.22395,-0.0868912,0.852378,-0.317257,-0.068643
01324185,1523964242618,-11.0693,-0.747684,-0.75255,-0.214899,0.112477,0.219034,0.890068,0.232436,-0.352912
01324181,1523964242618,-9.80668,0.909807,2.96548,0.00826676,0.129414,-0.0717326,0.855908,0.347054,-0.252131
01324180,1523964242618,-10.1058,-4.29837,-0.0875273,0.0494031,0.225367,0.181145,0.779425,0.395185,-0.364305
01324189,1523964242635,-7.88877,-2.95227,5.24134,-0.0834493,-0.226087,-0.176139,0.696963,-0.0662811,-0.608737
01324188,1523964242635,-9.61759,-0.327462,-0.715184,0.152386,0.226816,0.0196263,0.851437,-0.319211,-0.063908
01324185,1523964242635,-10.6256,-0.803343,-0.673922,-0.394947,0.11187,0.244652,0.892382,0.230247,-0.349502
01324181,1523964242635,-9.85924,1.13253,2.787,-0.0434031,0.16335,-0.0497414,0.856417,0.34878,-0.251375
01324180,1523964242635,-9.66228,-4.22703,0.0525381,0.00411989,0.19487,0.203421,0.784244,0.394505,-0.361689
01324189,1523964242652,-7.36347,-3.51804,4.80367,0.0282545,-0.179044,-0.140415,0.696018,-0.063106,-0.61151
01324188,1523964242652,-9.22837,-0.315472,-0.564308,0.35413,0.204995,0.0615339,0.853732,-0.318018,-0.0591515
01324185,1523964242652,-10.1532,-0.955546,-0.658608,-0.538574,0.113918,0.217482,0.894424,0.231314,-0.345209
01324181,1523964242652,-9.8465,1.29278,2.82265,-0.052516,0.19415,-0.00981904,0.857725,0.349263,-0.248079
01324180,1523964242652,-9.27567,-4.24326,0.191567,-0.0523847,0.168244,0.205424,0.786229,0.394292,-0.356186
01324189,1523964242668,-7.00368,-3.57194,4.53524,0.198951,-0.0928401,-0.099207,0.694393,-0.0637841,-0.611898
01324188,1523964242668,-9.0159,0.281715,-0.564163,0.642993,0.157537,0.0842422,0.851294,-0.319063,-0.0546101
01324185,1523964242668,-9.87874,-1.11137,-0.683314,-0.576518,0.0735638,0.193912,0.89565,0.232501,-0.342089
01324181,1523964242668,-9.89983,1.29946,2.78354,-0.0348903,0.230195,0.0249259,0.857308,0.348467,-0.245535
01324180,1523964242668,-9.06606,-4.37148,0.221912,-0.127825,0.131465,0.187906,0.78891,0.39248,-0.352076
01324189,1523964242685,-6.93888,-3.1065,4.5305,0.42178,-0.010521,-0.0542096,0.69372,-0.0676413,-0.610316
01324188,1523964242685,-8.83866,1.1509,-0.826121,0.749607,0.128638,0.142184,0.851027,-0.320517,-0.0483718
01324185,1523964242685,-9.82614,-1.20809,-0.781625,-0.559231,0.0236143,0.146578,0.896468,0.232259,-0.339999
01324181,1523964242685,-9.92238,1.12215,2.70469,-0.0287782,0.209352,0.0454375,0.859306,0.347929,-0.242755
01324180,1523964242685,-8.95636,-4.58664,0.144462,-0.151813,0.0982176,0.180411,0.78946,0.390723,-0.350768
01324189,1523964242702,-7.03642,-2.55426,4.56006,0.58058,0.0828962,0.0136828,0.692781,-0.0710639,-0.60953
01324188,1523964242702,-9.11728,1.62721,-1.21573,0.580555,0.0757829,0.181993,0.84981,-0.321987,-0.0414497
01324185,1523964242702,-9.93748,-1.23645,-0.946412,-0.543224,-0.0266214,0.0703677,0.895664,0.235162,-0.335583
01324181,1523964242702,-9.79796,0.924737,2.63682,-0.0298047,0.169049,0.0674926,0.857814,0.34631,-0.239253
01324180,1523964242702,-9.04101,-4.7413,0.0654467,-0.126491,0.0549304,0.159149,0.791904,0.387484,-0.349519
01324189,1523964242718,-7.29258,-2.06656,4.47989,0.600339,0.162244,0.0811651,0.695118,-0.0783063,-0.607608
01324188,1523964242718,-9.25675,1.80876,-1.59171,0.317404,0.0454514,0.250642,0.847273,-0.328379,-0.0408754
01324185,1523964242718,-10.0774,-1.22599,-0.99876,-0.578357,-0.0707243,0.0315991,0.896473,0.237405,-0.33613
01324181,1523964242718,-9.63575,0.776298,2.56342,-0.0297824,0.176117,0.0692539,0.859672,0.3469,-0.237293
01324180,1523964242718,-9.20192,-4.8003,-0.0137877,-0.0840725,0.0235292,0.160978,0.793522,0.387174,-0.350899
01324189,1523964242735,-7.68369,-1.6847,4.56946,0.512102,0.254827,0.130521,0.696079,-0.0847873,-0.60446
01324188,1523964242735,-9.37053,1.06832,-1.84883,-0.00337851,0.0275494,0.294284,0.845801,-0.33177,-0.0394539
01324185,1523964242735,-10.2489,-1.29715,-0.990689,-0.654549,-0.053419,0.0180044,0.895528,0.238988,-0.334444
01324181,1523964242735,-9.61488,0.6625,2.58505,-0.0216973,0.241508,0.0663561,0.861678,0.345232,-0.233826
01324180,1523964242735,-9.3548,-4.74354,-0.072973,-0.0903997,-0.0138609,0.146658,0.795271,0.384798,-0.346516
01324189,1523964242752,-8.04347,-1.49973,4.56073,0.380104,0.309825,0.150477,0.699612,-0.0906127,-0.600401
01324188,1523964242752,-9.41198,0.278957,-2.0435,-0.0783173,0.020246,0.313183,0.84351,-0.334384,-0.0387811
01324185,1523964242752,-10.3431,-1.388,-0.937194,-0.693314,-0.0134597,0.0152621,0.896618,0.241731,-0.330947
01324181,1523964242752,-9.66778,0.620679,2.52756,-0.00638525,0.288842,0.0426015,0.863807,0.343175,-0.228493
01324180,1523964242752,-9.44672,-4.73965,-0.0859333,-0.164916,-0.0639967,0.14234,0.795285,0.383933,-0.347344
01324189,1523964242768,-8.12844,-1.52209,4.53762,0.236569,0.358804,0.149033,0.701762,-0.0938098,-0.595636
01324188,1523964242768,-9.07542,-0.274813,-2.33711,-0.0382206,0.0384562,0.329661,0.841503,-0.338682,-0.0395631
01324185,1523964242768,-10.3627,-1.57076,-0.818011,-0.718274,0.0430311,0.00558008,0.896217,0.244614,-0.327576
01324181,1523964242768,-9.80647,0.614131,2.59441,-0.00279319,0.334837,0.0413014,0.864586,0.342534,-0.224637
01324180,1523964242768,-9.46306,-4.78327,-0.0887492,-0.260766,-0.0977449,0.146765,0.794488,0.382926,-0.346272
01324189,1523964242785,-7.97797,-1.6539,4.33301,0.157726,0.400162,0.173538,0.706363,-0.09994,-0.589318
01324188,1523964242785,-8.65506,-0.393882,-2.7749,0.0313023,0.0876609,0.320129,0.839641,-0.344649,-0.0389707
01324185,1523964242785,-10.31,-1.76362,-0.730934,-0.69228,0.0847405,-0.0253405,0.896357,0.250892,-0.323457
01324181,1523964242785,-9.89164,0.564538,2.6721,0.0151304,0.343278,0.0172121,0.865588,0.344635,-0.219512
01324180,1523964242785,-9.36813,-4.84548,-0.0349934,-0.337044,-0.141672,0.136268,0.794495,0.383082,-0.34816
01324189,1523964242802,-8.14108,-1.52729,4.49885,0.140904,0.455706,0.221386,0.707418,-0.103535,-0.583608
01324188,1523964242802,-8.76522,-2.83572,-3.16101,-0.199707,0.158461,0.184868,0.838308,-0.34863,-0.0374532
01324185,1523964242802,-10.1724,-1.82214,-0.597919,-0.581914,0.0833709,-0.0560998,0.897176,0.252929,-0.320083
01324181,1523964242802,-9.8338,0.584595,2.71555,0.0249056,0.329103,0.0153179,0.865563,0.343579,-0.215505
01324180,1523964242802,-9.21742,-4.92409,0.0337181,-0.368108,-0.16261,0.123564,0.793439,0.38165,-0.347903
01324189,1523964242818,-8.67644,-1.78067,5.22194,0.0977849,0.487474,0.234626,0.712177,-0.107243,-0.581017
01324188,1523964242818,-9.10101,-3.44648,-3.22504,0.204147,0.281492,0.0491149,0.83696,-0.350337,-0.0347167
01324185,1523964242818,-9.99632,-1.8713,-0.50062,-0.428017,0.0728864,-0.0766518,0.896503,0.256792,-0.316983
01324181,1523964242818,-9.80953,0.667259,2.84936,0.016979,0.312801,-0.00549832,0.866881,0.341959,-0.210306
01324180,1523964242818,-9.06682,-4.98304,0.0687006,-0.320302,-0.174037,0.0885717,0.794277,0.38197,-0.355471
01324189,1523964242835,-8.88006,-2.17793,5.03665,-0.044784,0.547678,0.237631,0.716885,-0.111067,-0.573076
01324188,1523964242835,-8.87213,-2.84751,-1.40326,0.566656,0.252881,-0.148749,0.836672,-0.348558,-0.0259879
01324185,1523964242835,-9.89462,-1.78518,-0.41851,-0.265666,0.0587275,-0.103979,0.896774,0.25892,-0.31622
01324181,1523964242835,-9.66548,0.761066,2.95716,0.0276061,0.257905,-0.00950178,0.868317,0.342872,-0.206887
01324180,1523964242835,-8.96975,-5.00605,0.069522,-0.253597,-0.178842,0.0775035,0.793478,0.381843,-0.356137
01324189,1523964242852,-9.26823,-1.79247,4.66128,-0.0586543,0.556517,0.254513,0.720923,-0.113158,-0.567254
01324188,1523964242852,-10.7169,-0.753126,0.0553226,0.3204,0.119351,-0.350511,0.839352,-0.343621,-0.0235592
01324185,1523964242852,-9.81218,-1.66046,-0.379648,-0.0926965,0.0691504,-0.129771,0.895149,0.262193,-0.314548
01324181,1523964242852,-9.63074,0.756535,3.06614,0.0150913,0.258037,-0.00171011,0.868946,0.342963,-0.20238
01324180,1523964242852,-8.97935,-4.99107,0.0115061,-0.155193,-0.166901,0.0254668,0.792658,0.383015,-0.355696
01324189,1523964242868,-9.79917,-1.47407,4.76742,-0.030079,0.509736,0.244134,0.7263,-0.113554,-0.560231
01324188,1523964242868,-10.0901,1.31748,-1.93212,-0.0227948,0.145144,-0.496778,0.84257,-0.337796,-0.0216202
01324185,1523964242868,-9.86472,-1.45791,-0.406172,0.0616221,0.0795092,-0.179327,0.894881,0.264772,-0.312351
01324181,1523964242868,-9.70358,0.765224,3.25388,0.0008176,0.243884,-0.00262943,0.86867,0.341733,-0.199961
01324180,1523964242868,-9.12469,-4.95348,-0.0525446,-0.0411668,-0.164146,-0.00188336,0.788731,0.385241,-0.352758
01324189,1523964242885,-9.58732,-1.42438,4.1972,-0.0955907,0.480915,0.226149,0.728709,-0.115891,-0.55466
01324188,1523964242885,-9.33063,2.66125,-3.13908,-0.897752,0.225275,-0.414175,0.842798,-0.330962,-0.0214649
01324185,1523964242885,-9.99916,-1.22114,-0.429541,0.19292,0.0962113,-0.232281,0.89272,0.264536,-0.30999
01324181,1523964242885,-9.51179,0.747937,3.43173,-0.00822773,0.194601,0.0115811,0.869178,0.341656,-0.196645
01324180,1523964242885,-9.27947,-4.94281,-0.0926668,0.0601071,-0.17154,-0.0504893,0.787947,0.384102,-0.353985
01324189,1523964242902,-8.74595,-0.633487,3.26388,-0.261781,0.591196,0.319378,0.730293,-0.117915,-0.548408
01324188,1523964242902,-9.9024,0.981514,-2.95814,-1.47237,0.265045,-0.385842,0.845334,-0.323813,-0.0257604
01324185,1523964242902,-10.0275,-1.00188,-0.449993,0.297316,0.11659,-0.297159,0.893125,0.267926,-0.309502
01324181,1523964242902,-9.4498,0.670954,3.5302,-0.00466929,0.224722,0.0144117,0.869683,0.342419,-0.194143
01324180,1523964242902,-9.37258,-4.84962,-0.105148,0.16969,-0.156373,-0.0865701,0.786491,0.386062,-0.362296
01324189,1523964242918,-8.92381,0.222752,2.56272,-0.600325,0.767573,0.524048,0.736065,-0.118314,-0.540051
01324188,1523964242918,-9.81018,-1.53232,-1.76165,-0.777799,0.214318,-0.431135,0.846939,-0.319963,-0.0276932
01324185,1523964242918,-10.0656,-0.835506,-0.440368,0.377443,0.14696,-0.354417,0.890278,0.269905,-0.30925
01324181,1523964242918,-9.47534,0.559096,3.47664,0.0487625,0.268978,0.0129202,0.871814,0.340773,-0.189616
01324180,1523964242918,-9.53278,-4.6145,-0.146507,0.244071,-0.17962,-0.135401,0.784669,0.38322,-0.366378
01324189,1523964242935,-9.57259,-0.00216631,2.65718,-0.874265,0.805355,0.695547,0.741575,-0.120145,-0.531837
01324188,1523964242935,-9.74881,-1.96945,-2.03973,0.0979221,0.155528,-0.429304,0.849605,-0.312677,-0.0256559
01324185,1523964242935,-10.0651,-0.705432,-0.373789,0.446805,0.172094,-0.416741,0.890272,0.274677,-0.31021
01324181,1523964242935,-9.25933,0.491395,3.35374,0.0666244,0.258177,0.00410266,0.870155,0.34173,-0.186165
01324180,1523964242935,-9.52431,-4.34404,-0.144939,0.28836,-0.18386,-0.177284,0.781445,0.384444,-0.367656
01324189,1523964242952,-9.47724,-1.25232,2.00287,-1.03222,0.77236,0.69329,0.750088,-0.120626,-0.525518
01324188,1523964242952,-9.65949,-1.40173,-2.94082,0.55149,0.102006,-0.382529,0.850788,-0.30678,-0.0244945
01324185,1523964242952,-9.91027,-0.600369,-0.277165,0.449391,0.180686,-0.437247,0.886878,0.277749,-0.311666
01324181,1523964242952,-8.83236,0.435928,3.18849,0.0969418,0.270442,0.000562033,0.871748,0.342589,-0.185138
01324180,1523964242952,-9.26167,-4.08506,-0.145786,0.304766,-0.162765,-0.264942,0.777739,0.38192,-0.370893
01324189,1523964242968,-9.33935,-2.94271,1.41747,-1.15642,0.768258,0.616461,0.75558,-0.118146,-0.518072
01324188,1523964242968,-9.67533,-0.4205,-2.91591,0.216628,0.0765366,-0.376283,0.853725,-0.299682,-0.0216647
01324185,1523964242968,-9.5722,-0.573427,-0.109938,0.458202,0.182396,-0.436493,0.885659,0.281158,-0.310257
01324181,1523964242968,-8.35309,0.383553,2.96555,0.147048,0.328165,-0.031967,0.871728,0.34097,-0.180721
01324180,1523964242968,-8.8545,-3.79091,-0.116027,0.310453,-0.125953,-0.352582,0.774801,0.38228,-0.373814
01324189,1523964242985,-9.04549,-4.36933,1.01289,-0.999065,0.771575,0.539643,0.757373,-0.11441,-0.508835
01324188,1523964242985,-9.51742,-0.852871,-2.5402,-0.435642,0.0817325,-0.375344,0.855186,-0.294876,-0.0190944
01324185,1523964242985,-9.12582,-0.595359,0.00705385,0.459787,0.164293,-0.399908,0.884844,0.284265,-0.309893
01324181,1523964242985,-8.11635,0.34041,2.77952,0.193407,0.391812,-0.0333436,0.872619,0.341766,-0.176497
01324180,1523964242985,-8.33631,-3.48607,-0.0609562,0.31225,-0.0575143,-0.445321,0.771815,0.386109,-0.375178
01324189,1523964243002,-9.44221,-5.29905,1.31119,-0.574185,0.694654,0.437354,0.763293,-0.113958,-0.502212
01324188,1523964243002,-9.50607,-1.69318,-2.02247,-0.845151,0.0676844,-0.326946,0.856389,-0.291708,-0.0218724
01324185,1523964243002,-8.65079,-0.708976,0.109204,0.451899,0.13203,-0.379385,0.882944,0.287926,-0.310052
01324181,1523964243002,-8.12827,0.31845,2.76055,0.188231,0.341637,-0.0682334,0.873914,0.342001,-0.171469
01324180,1523964243002,-7.88917,-3.27812,-0.0530318,0.287655,0.0178225,-0.536429,0.765347,0.389858,-0.376899
01324189,1523964243018,-9.33836,-5.37391,1.5918,-0.119799,0.52494,0.332564,0.766092,-0.117587,-0.49398
01324188,1523964243018,-9.34094,-2.78823,-1.35923,-0.788843,0.0832903,-0.259077,0.859208,-0.286666,-0.0248227
01324185,1523964243018,-8.29637,-0.792996,0.160407,0.503213,0.108741,-0.372566,0.879957,0.290996,-0.311639
01324181,1523964243018,-8.18521,0.356487,2.88986,0.182828,0.272604,-0.0722509,0.872812,0.342492,-0.169343
01324180,1523964243018,-7.62899,-3.20529,-0.0307567,0.275425,0.0826181,-0.624007,0.762883,0.394984,-0.378651
01324189,1523964243035,-9.11899,-4.56611,2.20865,0.287573,0.433436,0.245212,0.770842,-0.122437,-0.489793
01324188,1523964243035,-9.40465,-3.02464,-1.30846,-0.219776,0.0817925,-0.170242,0.85729,-0.283212,-0.029428
01324185,1523964243035,-8.12529,-0.825397,0.121874,0.617421,0.0442256,-0.374867,0.878596,0.292934,-0.313482
01324181,1523964243035,-8.3517,0.599553,2.89139,0.116952,0.161806,-0.0833318,0.873033,0.344543,-0.166998
01324180,1523964243035,-7.60951,-3.21721,-0.0233814,0.317175,0.141697,-0.677844,0.757706,0.402913,-0.380306
01324189,1523964243052,-9.16116,-3.57352,2.74227,0.53311,0.341149,0.210672,0.771651,-0.129623,-0.48451
01324188,1523964243052,-9.47886,-2.15518,-1.47701,0.301876,0.101504,-0.122242,0.858895,-0.279886,-0.0264137
01324185,1523964243052,-8.21236,-0.774476,-0.07631,0.733752,-0.0153488,-0.408613,0.875602,0.295385,-0.317937
01324181,1523964243052,-8.71852,0.980675,3.24157,0.052648,0.0479625,-0.0719959,0.872203,0.345162,-0.165408
01324180,1523964243052,-7.78184,-3.32454,-0.110243,0.388926,0.18704,-0.7386,0.754013,0.409357,-0.380663
01324189,1523964243068,-9.24091,-2.55636,3.03311,0.593631,0.264675,0.251005,0.774488,-0.135996,-0.478575
01324188,1523964243068,-9.8752,-0.791291,-1.84247,0.470963,0.120333,-0.105046,0.86011,-0.279394,-0.0218221
01324185,1523964243068,-8.55984,-0.642556,-0.35638,0.873245,-0.0490741,-0.475661,0.873562,0.29632,-0.320683
01324181,1523964243068,-9.3498,1.42411,3.66855,-0.0473847,-0.153272,-0.0526247,0.872065,0.346421,-0.166761
01324180,1523964243068,-8.1742,-3.41441,-0.266829,0.471108,0.205343,-0.758106,0.748072,0.413819,-0.382107
01324189,1523964243085,-9.24389,-1.98421,3.07833,0.581808,0.209596,0.275939,0.774638,-0.144323,-0.474898
01324188,1523964243085,-10.0616,-0.187986,-1.81761,0.210982,0.173128,-0.0947867,0.858741,-0.277749,-0.0191447
01324185,1523964243085,-9.22094,-0.508713,-0.669145,1.01549,-0.0566186,-0.560669,0.868668,0.298891,-0.326308
01324181,1523964243085,-9.89133,1.63568,4.12712,-0.0959455,-0.272449,0.00177603,0.871805,0.34807,-0.16998
01324180,1523964243085,-8.95536,-3.54474,-0.454019,0.55678,0.200279,-0.746028,0.745608,0.418505,-0.382787
01324189,1523964243102,-9.32872,-1.57747,3.08544,0.460894,0.16425,0.268522,0.775753,-0.153254,-0.472039
01324188,1523964243102,-9.79044,-0.766117,-2.04069,-0.0682673,0.22293,-0.0987425,0.85901,-0.277949,-0.0149883
01324185,1523964243102,-10.2295,-0.358338,-1.06426,1.18844,-0.0365296,-0.667924,0.864041,0.30327,-0.333128
01324181,1523964243102,-9.86382,1.44425,4.23964,-0.0410295,-0.278746,0.039488,0.87037,0.346876,-0.173128
01324180,1523964243102,-10.1254,-3.71831,-0.635576,0.640696,0.155603,-0.680533,0.739148,0.422115,-0.385591
01324189,1523964243118,-9.10471,-1.739,2.76038,0.200022,0.134909,0.256107,0.774936,-0.158107,-0.468992
01324188,1523964243118,-9.63978,-1.22046,-1.97036,-0.272403,0.264125,-0.0996504,0.859266,-0.275743,-0.0124309
01324185,1523964243118,-11.1631,-0.193946,-1.41905,1.29213,0.0175493,-0.790645,0.860765,0.306915,-0.341513
01324181,1523964243118,-9.63075,1.47872,4.02313,-0.0889172,-0.147943,0.0424334,0.868161,0.342841,-0.175942
01324180,1523964243118,-11.0619,-3.81932,-0.799952,0.716747,0.058537,-0.627798,0.734977,0.424816,-0.388716
01324189,1523964243135,-9.11076,-2.1676,2.48928,-0.036515,0.181258,0.189485,0.774917,-0.160391,-0.465666
01324188,1523964243135,-9.67687,-2.12718,-1.93297,-0.310479,0.293202,-0.0269961,0.861159,-0.275024,-0.00985231
01324185,1523964243135,-11.864,0.243686,-1.54398,1.22268,0.0725981,-0.807783,0.856407,0.310431,-0.34924
01324181,1523964243135,-9.63299,1.33064,4.0984,-0.0719505,-0.0363967,0.0476754,0.867872,0.34428,-0.175703
01324180,1523964243135,-11.4258,-3.68665,-0.967122,0.778976,-0.074303,-0.543822,0.729493,0.426102,-0.393606
01324189,1523964243152,-9.07853,-2.50039,2.05961,-0.197125,0.210421,0.146239,0.776136,-0.162427,-0.463824
01324188,1523964243152,-9.67052,-2.40471,-2.24817,-0.0818847,0.303688,0.0154082,0.860751,-0.275276,-0.00744031
01324185,1523964243152,-11.6172,0.444469,-1.46441,1.03564,0.179043,-0.740281,0.852877,0.313917,-0.351221
01324181,1523964243152,-9.49596,1.00489,3.92198,-0.0336411,-0.0444041,0.0449003,0.869096,0.343259,-0.175828
01324180,1523964243152,-11.4671,-3.11705,-1.00307,0.671299,-0.150494,-0.520271,0.724404,0.428844,-0.400769
01324189,1523964243168,-9.37303,-2.62399,1.90798,-0.242587,0.247177,0.133635,0.776518,-0.161564,-0.461682
01324188,1523964243168,-9.50105,-1.68693,-2.57848,0.0220158,0.275756,0.0547612,0.861017,-0.274927,-0.00257646
01324185,1523964243168,-11.3267,0.587448,-1.10951,0.724031,0.282317,-0.665828,0.84962,0.319412,-0.351263
01324181,1523964243168,-9.27206,0.774641,3.9085,0.000403087,0.0621961,0.0232774,0.868853,0.342093,-0.176996
01324180,1523964243168,-10.9789,-2.73028,-0.967174,0.559529,-0.181102,-0.501866,0.719597,0.42998,-0.406887
01324189,1523964243185,-9.33364,-2.47806,1.34547,-0.299897,0.252887,0.149407,0.777042,-0.162428,-0.45902
01324188,1523964243185,-9.36531,-1.58829,-2.61894,-0.0832994,0.262536,0.101706,0.859662,-0.27551,0.00103805
01324185,1523964243185,-10.8026,0.534047,-0.650981,0.37445,0.338556,-0.575771,0.847724,0.325233,-0.348961
01324181,1523964243185,-9.21729,0.605483,3.88312,0.0701592,0.145365,-0.026209,0.867492,0.341593,-0.174581
01324180,1523964243185,-10.3195,-2.15404,-0.851229,0.358029,-0.164375,-0.501271,0.713427,0.432142,-0.410804
01324189,1523964243202,-9.22321,-1.86103,0.877931,-0.27733,0.235315,0.162807,0.778936,-0.163619,-0.457178
01324188,1523964243202,-9.29297,-1.65038,-2.74409,-0.116329,0.226742,0.118802,0.858996,-0.277753,0.00252124
01324185,1523964243202,-10.3608,0.38964,-0.219533,0.0205225,0.342663,-0.504917,0.842985,0.331212,-0.345867
01324181,1523964243202,-9.21297,0.542566,3.74911,0.090108,0.150447,-0.0865581,0.867149,0.345653,-0.172272
01324180,1523964243202,-9.64968,-2.01269,-0.689234,0.103397,-0.0986255,-0.509569,0.708303,0.436605,-0.414826
01324189,1523964243218,-9.42894,-1.70488,1.12481,-0.339781,0.268001,0.175904,0.780546,-0.164224,-0.454527
01324188,1523964243218,-9.22955,-1.49394,-2.73637,-0.161589,0.188118,0.123383,0.857657,-0.280692,0.00356558
01324185,1523964243218,-10.0216,-0.0649485,-0.0376945,-0.208966,0.262183,-0.405562,0.842855,0.337072,-0.341482
01324181,1523964243218,-9.32778,0.735454,3.55631,0.0778396,0.100235,-0.123152,0.867691,0.346194,-0.173351
01324180,1523964243218,-9.26843,-2.01277,-0.484914,-0.0798176,-0.00808162,-0.517213,0.702466,0.443089,-0.415285
01324189,1523964243235,-9.55101,-1.78373,1.02424,-0.405659,0.255768,0.186391,0.779565,-0.161316,-0.453289
01324188,1523964243235,-9.30178,-1.41811,-2.85442,-0.148476,0.153414,0.12308,0.857255,-0.281879,0.00726502
01324185,1523964243235,-9.79849,-0.499681,0.00575034,-0.289886,0.171256,-0.32754,0.84313,0.344198,-0.33724
01324181,1523964243235,-9.35011,0.987498,3.56341,0.072557,0.101783,-0.135213,0.866978,0.347543,-0.170981
01324180,1523964243235,-9.05111,-2.22195,-0.322012,-0.196822,0.0839689,-0.499826,0.699839,0.446417,-0.406673
01324189,1523964243252,-9.57792,-1.85561,1.14131,-0.375107,0.295196,0.198866,0.782259,-0.160513,-0.45104
01324188,1523964243252,-9.44116,-1.18148,-2.82901,-0.116028,0.103858,0.1422,0.85659,-0.283901,0.00714692
01324185,1523964243252,-9.77308,-0.836994,-0.0792171,-0.224955,0.100913,-0.25232,0.841778,0.347343,-0.334915
01324181,1523964243252,-9.28151,1.2358,3.52287,0.0814052,0.054025,-0.135703,0.866688,0.349262,-0.171014
01324180,1523964243252,-9.07004,-2.44953,-0.279943,-0.241154,0.176458,-0.488081,0.698378,0.454971,-0.402699
01324189,1523964243268,-9.71395,-1.8502,1.28455,-0.34643,0.299264,0.197205,0.783045,-0.161378,-0.447311
01324188,1523964243268,-9.59523,-0.993289,-2.76453,-0.12282,0.0882304,0.175584,0.855925,-0.286043,0.00648293
01324185,1523964243268,-9.75718,-1.06839,-0.247363,-0.0925753,0.0613899,-0.202885,0.838799,0.35161,-0.332856
01324181,1523964243268,-9.20897,1.53997,3.46438,0.0100123,0.00853685,-0.103172,0.865321,0.350163,-0.169956
01324180,1523964243268,-9.13799,-2.77815,-0.325915,-0.183001,0.242548,-0.451271,0.696135,0.461066,-0.397413
01324189,1523964243285,-9.59012,-1.75712,1.34619,-0.288957,0.302974,0.206251,0.785454,-0.158841,-0.444777
01324188,1523964243285,-9.50146,-1.13827,-2.76876,-0.122749,0.0619375,0.178854,0.855126,-0.288548,0.00741298
01324185,1523964243285,-9.79595,-1.02495,-0.406289,0.110792,0.0526578,-0.177531,0.838532,0.353204,-0.330519
01324181,1523964243285,-9.13825,1.65968,3.47703,-0.011696,-0.0143082,-0.0455841,0.863836,0.351584,-0.171298
01324180,1523964243285,-9.25598,-2.96189,-0.432001,-0.0571326,0.27173,-0.395783,0.692352,0.46433,-0.398777
01324189,1523964243302,-9.63781,-1.75691,1.39802,-0.299205,0.316929,0.220416,0.786267,-0.162015,-0.442404
01324188,1523964243302,-9.45264,-1.01271,-2.82082,-0.112241,0.0629385,0.193102,0.855148,-0.292047,0.00746314
01324185,1523964243302,-9.86308,-0.779093,-0.561231,0.276575,0.0452408,-0.145339,0.837172,0.353588,-0.332608
01324181,1523964243302,-8.96098,1.73937,3.5201,-0.0671375,0.0406169,0.0127642,0.862611,0.351911,-0.17023
01324180,1523964243302,-9.33656,-3.0511,-0.532368,0.0824134,0.249777,-0.322968,0.689897,0.466969,-0.396528
01324189,1523964243318,-9.75047,-1.90615,1.58192,-0.368293,0.345362,0.250365,0.787742,-0.16362,-0.439224
01324188,1523964243318,-9.6095,-0.923793,-2.69526,-0.167836,0.0367766,0.226037,0.852047,-0.295064,0.00771713
01324185,1523964243318,-9.80968,-0.509966,-0.779804,0.365439,0.0510317,-0.102117,0.836764,0.352582,-0.333642
01324181,1523964243318,-8.86597,1.83268,3.52375,-0.110105,0.0289962,0.0575853,0.863673,0.352205,-0.169185
01324180,1523964243318,-9.26901,-3.00842,-0.613647,0.223754,0.238689,-0.267649,0.690638,0.469672,-0.390273
01324189,1523964243335,-9.93324,-2.1931,1.54749,-0.44397,0.331585,0.299928,0.788255,-0.163618,-0.43602
01324188,1523964243335,-9.61036,-1.15368,-2.57525,-0.213014,0.014698,0.246732,0.852071,-0.298796,0.00654131
01324185,1523964243335,-9.63097,-0.309002,-0.964219,0.376424,0.0691171,-0.0504097,0.835133,0.351979,-0.335721
01324181,1523964243335,-8.68878,1.90754,3.55243,-0.13879,0.0544645,0.0992167,0.863934,0.351664,-0.167583
01324180,1523964243335,-9.0954,-2.93795,-0.693738,0.344054,0.213038,-0.189725,0.689042,0.468833,-0.390671
01324189,1523964243352,-9.79177,-2.31266,1.06069,-0.426342,0.33565,0.323047,0.789875,-0.165375,-0.433645
01324188,1523964243352,-9.41791,-1.45308,-2.96631,-0.178048,-0.0366513,0.264153,0.852085,-0.300797,0.00574301
01324185,1523964243352,-9.4476,-0.180276,-1.12383,0.326925,0.0752868,-0.0147178,0.836491,0.350016,-0.335184
01324181,1523964243352,-8.57823,1.89915,3.53881,-0.139017,0.108405,0.147926,0.865565,0.349106,-0.16582
01324180,1523964243352,-8.9523,-2.77173,-0.730098,0.42261,0.194915,-0.145389,0.68906,0.468266,-0.392843
01324189,1523964243368,-9.65633,-2.57611,0.763502,-0.448504,0.379018,0.36018,0.79146,-0.163815,-0.429639
01324188,1523964243368,-9.475,-1.19024,-2.93937,-0.172551,-0.0584303,0.315266,0.848873,-0.307651,0.00400874
01324185,1523964243368,-9.23983,0.0109509,-1.22689,0.247417,0.079762,-0.00110056,0.837434,0.349126,-0.33753
01324181,1523964243368,-8.62641,1.90344,3.53359,-0.123187,0.142714,0.184384,0.865599,0.344307,-0.162931
01324180,1523964243368,-8.83885,-2.5849,-0.694128,0.453788,0.157427,-0.0627945,0.689081,0.467704,-0.395826
01324189,1523964243385,-9.59883,-2.78531,0.628264,-0.430904,0.41163,0.378825,0.793351,-0.167442,-0.425944
01324188,1523964243385,-9.57749,-1.4462,-2.83036,-0.15915,-0.0803854,0.36998,0.847542,-0.311411,0.000829255
01324185,1523964243385,-9.16746,0.106683,-1.362,0.101897,0.0564485,-0.0093123,0.836084,0.347028,-0.336721
01324181,1523964243385,-8.94212,1.82202,3.59109,-0.118009,0.148565,0.210366,0.866384,0.343237,-0.159066
01324180,1523964243385,-8.79276,-2.41791,-0.683094,0.423922,0.123771,-0.0069232,0.689776,0.466105,-0.397083
01324189,1523964243402,-9.58391,-2.9917,0.564263,-0.366536,0.434262,0.38344,0.793992,-0.168873,-0.421014
01324188,1523964243402,-9.48113,-1.53422,-2.70517,-0.070757,-0.0901187,0.42625,0.843913,-0.316496,-0.00119298
01324185,1523964243402,-9.22551,0.145362,-1.52968,-0.0804867,0.0300781,0.0029206,0.834934,0.351482,-0.335812
01324181,1523964243402,-9.10956,1.6988,3.51268,-0.0976454,0.113488,0.223843,0.868973,0.339933,-0.158094
01324180,1523964243402,-8.81469,-2.38371,-0.745958,0.306696,0.08748,0.0342935,0.689192,0.462544,-0.405923
01324189,1523964243418,-9.5645,-2.96972,0.576192,-0.239765,0.432067,0.37498,0.794792,-0.172613,-0.417041
01324188,1523964243418,-9.48505,-1.27191,-2.6305,0.00453425,-0.108427,0.480541,0.841794,-0.324556,-0.00247793
01324185,1523964243418,-9.51069,0.060303,-1.70099,-0.262209,0.0140567,-0.0103179,0.836016,0.352606,-0.335957
01324181,1523964243418,-9.14902,1.68388,3.38714,-0.103894,0.121593,0.232562,0.869374,0.338545,-0.155945
01324180,1523964243418,-9.10254,-2.37222,-0.782541,0.145856,0.0296982,0.0909625,0.689103,0.459366,-0.407336
01324189,1523964243435,-9.65121,-2.68778,0.733951,-0.0919022,0.41332,0.382634,0.797224,-0.17783,-0.412028
01324188,1523964243435,-9.54131,-0.777567,-2.60808,0.0256759,-0.134721,0.519314,0.840755,-0.331762,-0.00372306
01324185,1523964243435,-9.75255,-0.116438,-1.78588,-0.447049,-0.017714,-0.0149557,0.835478,0.355324,-0.333761
01324181,1523964243435,-9.22333,1.52768,3.45486,-0.0648371,0.0793356,0.239005,0.870472,0.335148,-0.153628
01324180,1523964243435,-9.22129,-2.5129,-0.852145,-0.0486277,-0.023522,0.175508,0.689926,0.458198,-0.408317
01324189,1523964243452,-9.72056,-2.12484,0.875076,0.0700422,0.373724,0.404581,0.798842,-0.182597,-0.407671
01324188,1523964243452,-9.52778,-0.363687,-2.49402,0.0222547,-0.140389,0.528066,0.837265,-0.337411,-0.0061861
01324185,1523964243452,-9.84004,-0.318178,-1.82858,-0.632987,-0.0418624,0.0356044,0.835219,0.356126,-0.328674
01324181,1523964243452,-9.12675,1.49001,3.45137,-0.0276266,0.0514801,0.261034,0.872007,0.330558,-0.153282
01324180,1523964243452,-9.31539,-2.51349,-0.901404,-0.199235,-0.0799869,0.255062,0.691516,0.456677,-0.401079
01324189,1523964243468,-9.76955,-1.60638,0.896521,0.171184,0.333017,0.429876,0.79882,-0.187316,-0.402492
01324188,1523964243468,-9.63059,-0.0404651,-2.45764,-0.0404698,-0.139669,0.545319,0.834056,-0.344505,-0.00901215
01324185,1523964243468,-9.80194,-0.530237,-1.7698,-0.787222,-0.0169802,0.0866378,0.8355,0.358472,-0.323865
01324181,1523964243468,-9.04507,1.46189,3.40896,0.00804209,0.0610125,0.248919,0.873911,0.327707,-0.151649
01324180,1523964243468,-9.22037,-2.5506,-0.93935,-0.381134,-0.137074,0.315021,0.694734,0.455592,-0.398852
01324189,1523964243485,-9.79242,-1.28746,0.795394,0.209444,0.291182,0.431858,0.799781,-0.195661,-0.398156
01324188,1523964243485,-9.55894,-0.286779,-2.44153,-0.0438614,-0.139002,0.564792,0.830853,-0.352685,-0.0104257
01324185,1523964243485,-9.64067,-0.742988,-1.62894,-0.877719,0.0128755,0.167307,0.834565,0.360559,-0.317874
01324181,1523964243485,-8.9975,1.45281,3.34424,0.0667816,0.0734241,0.247103,0.874759,0.322882,-0.149432
01324180,1523964243485,-9.0452,-2.61836,-0.957347,-0.566997,-0.173474,0.3909,0.694314,0.454842,-0.393459
01324189,1523964243502,-9.68836,-1.02581,0.736028,0.211643,0.254918,0.463893,0.797897,-0.203938,-0.395257
01324188,1523964243502,-9.42338,-0.23216,-2.39254,0.0242632,-0.148332,0.579334,0.827106,-0.360679,-0.0124937
01324185,1523964243502,-9.47939,-0.955729,-1.47837,-0.927576,0.042381,0.252186,0.835931,0.361079,-0.31279
01324181,1523964243502,-8.91566,1.41014,3.29969,0.12371,0.0610966,0.246799,0.874245,0.321168,-0.149657
01324180,1523964243502,-8.90845,-2.72575,-0.922765,-0.719421,-0.208544,0.449414,0.695515,0.454374,-0.391326
01324189,1523964243518,-9.5858,-0.831743,0.710601,0.196425,0.222287,0.492311,0.797101,-0.210809,-0.393163
01324188,1523964243518,-9.44715,-0.109897,-2.27795,0.0575065,-0.145699,0.597282,0.825543,-0.370743,-0.0147185
01324185,1523964243518,-9.34465,-1.13465,-1.38524,-0.932322,0.0649531,0.303047,0.838927,0.362052,-0.306018
01324181,1523964243518,-8.7347,1.42697,3.14114,0.138111,0.0819107,0.226198,0.876168,0.317859,-0.149342
01324180,1523964243518,-8.75125,-2.92241,-0.86914,-0.829891,-0.229175,0.494203,0.697792,0.453303,-0.38868
01324189,1523964243535,-9.51692,-0.745768,0.821731,0.168796,0.220864,0.504647,0.796586,-0.221993,-0.389234
01324188,1523964243535,-9.51905,0.0684835,-2.23328,0.0644893,-0.135456,0.60185,0.820186,-0.381728,-0.0145308
01324185,1523964243535,-9.24359,-1.27966,-1.2983,-0.854937,0.0566664,0.342116,0.841647,0.363701,-0.300819
01324181,1523964243535,-8.58216,1.51613,3.1235,0.178212,0.0834819,0.213967,0.877669,0.315568,-0.148513
01324180,1523964243535,-8.63306,-3.09039,-0.832656,-0.857015,-0.229172,0.574844,0.701031,0.45195,-0.390105
01324189,1523964243552,-9.50724,-0.553659,0.904799,0.121632,0.207529,0.488518,0.795509,-0.228565,-0.386331
01324188,1523964243552,-9.42704,0.106998,-2.27285,0.0453201,-0.129091,0.611538,0.815891,-0.388633,-0.0178698
01324185,1523964243552,-9.18822,-1.36181,-1.23189,-0.744377,0.034797,0.376141,0.843701,0.361737,-0.29297
01324181,1523964243552,-8.51832,1.74983,3.06872,0.177349,0.0833734,0.208753,0.878942,0.31041,-0.148153
01324180,1523964243552,-8.55354,-3.26621,-0.782091,-0.827429,-0.242043,0.608288,0.703956,0.451869,-0.385288
01324189,1523964243568,-9.61089,-0.314448,0.877724,0.066444,0.175365,0.518617,0.795903,-0.232583,-0.382489
01324188,1523964243568,-9.5573,0.184732,-2.28698,0.0139493,-0.132092,0.618349,0.812943,-0.394343,-0.0192666
01324185,1523964243568,-9.19769,-1.33281,-1.18325,-0.592314,-0.0228578,0.395054,0.844931,0.357997,-0.289673
01324181,1523964243568,-8.96561,1.86574,3.19887,0.138214,0.0602126,0.197572,0.879655,0.307115,-0.147959
01324180,1523964243568,-8.60947,-3.4337,-0.756972,-0.773759,-0.237597,0.657861,0.706757,0.453126,-0.385709
01324189,1523964243585,-9.74452,-0.0831692,0.78293,-0.0230402,0.145244,0.521949,0.793475,-0.238981,-0.380639
01324188,1523964243585,-9.72129,0.296464,-2.318,-0.0156942,-0.121361,0.628856,0.80947,-0.402613,-0.0217592
01324185,1523964243585,-9.39305,-1.30755,-1.2164,-0.447795,-0.0559111,0.401952,0.846835,0.355076,-0.287692
01324181,1523964243585,-9.47641,1.74307,3.41289,0.136246,-0.00307367,0.21269,0.880499,0.304244,-0.147908
01324180,1523964243585,-8.98952,-3.58509,-0.788099,-0.702155,-0.237592,0.672429,0.709992,0.450445,-0.383245
01324189,1523964243602,-9.81338,0.166399,0.821073,-0.121046,0.0962342,0.532384,0.791613,-0.246983,-0.380147
01324188,1523964243602,-9.78754,0.697266,-2.36203,-0.09602,-0.115721,0.617727,0.804508,-0.411414,-0.0248046
01324185,1523964243602,-9.91902,-1.34283,-1.24932,-0.287138,-0.0789373,0.374825,0.847924,0.351713,-0.286749
01324181,1523964243602,-9.5974,1.60094,3.3931,0.161145,-0.0730399,0.204293,0.880289,0.301055,-0.149964
01324180,1523964243602,-9.54556,-3.77207,-0.845309,-0.604333,-0.259142,0.718691,0.712974,0.446905,-0.381739
01324189,1523964243618,-9.79247,0.38482,0.855353,-0.234997,0.0766916,0.525813,0.788941,-0.254393,-0.38071
01324188,1523964243618,-9.64186,0.883653,-2.1964,-0.204053,-0.13219,0.627441,0.799306,-0.425155,-0.0280213
01324185,1523964243618,-10.4809,-1.25752,-1.30137,-0.173104,-0.0964218,0.328159,0.847387,0.346075,-0.286954
01324181,1523964243618,-9.54086,1.4779,3.36201,0.150746,-0.0943067,0.155875,0.881851,0.295572,-0.151194
01324180,1523964243618,-10.0324,-3.90074,-0.860437,-0.503196,-0.262168,0.758948,0.7164,0.438996,-0.378167
01324189,1523964243635,-9.71752,0.499337,0.895873,-0.322933,0.039592,0.510468,0.788422,-0.258549,-0.380737
01324188,1523964243635,-9.55,0.892065,-2.06724,-0.240828,-0.114881,0.59376,0.796918,-0.433436,-0.0306628
01324185,1523964243635,-10.7601,-1.04631,-1.30129,-0.116169,-0.073937,0.344169,0.850101,0.34299,-0.28615
01324181,1523964243635,-9.51211,1.49279,3.37157,0.134865,-0.0929779,0.133519,0.880703,0.292945,-0.154315
01324180,1523964243635,-10.2744,-3.88628,-0.898972,-0.415851,-0.272047,0.788501,0.720318,0.43573,-0.376804
01324189,1523964243652,-9.66748,0.506388,0.841585,-0.406457,0.0266193,0.503094,0.784268,-0.262773,-0.384735
01324188,1523964243652,-9.6471,0.779251,-2.08952,-0.20594,-0.125019,0.590336,0.792742,-0.437692,-0.0346451
01324185,1523964243652,-10.723,-0.853781,-1.14472,-0.134795,0.0325064,0.401325,0.852269,0.339876,-0.286911
01324181,1523964243652,-9.38589,1.44086,3.43375,0.152892,-0.056496,0.0975523,0.880964,0.294347,-0.155409
01324180,1523964243652,-10.3623,-3.84708,-0.822276,-0.388091,-0.27428,0.816823,0.724817,0.426921,-0.37124
01324189,1523964243668,-9.76537,0.462988,0.920849,-0.474066,0.0135579,0.511797,0.783745,-0.266211,-0.384757
01324188,1523964243668,-9.68541,0.878621,-2.14307,-0.157081,-0.1287,0.596817,0.787093,-0.445023,-0.0377246
01324185,1523964243668,-10.5342,-0.775193,-0.862526,-0.18387,0.139673,0.405808,0.855735,0.335207,-0.284158
01324181,1523964243668,-9.22671,1.3191,3.32843,0.15672,-0.00852791,0.0634527,0.881011,0.291047,-0.155872
01324180,1523964243668,-10.2077,-3.70428,-0.684638,-0.38812,-0.26006,0.804615,0.727175,0.420948,-0.37315
01324189,1523964243685,-9.79889,0.302587,0.877161,-0.505272,0.00784644,0.514376,0.779981,-0.269289,-0.38768
01324188,1523964243685,-9.68759,0.943918,-2.17012,-0.130911,-0.142403,0.594189,0.783341,-0.452108,-0.0405433
01324185,1523964243685,-10.2488,-0.723717,-0.554992,-0.282453,0.220757,0.40363,0.857108,0.329104,-0.27914
01324181,1523964243685,-9.01969,1.23427,3.24927,0.159598,0.0325187,0.0378992,0.880474,0.290912,-0.155863
01324180,1523964243685,-9.84692,-3.6351,-0.4318,-0.40252,-0.225093,0.801188,0.731944,0.414195,-0.37295
01324189,1523964243702,-9.71645,0.0404013,0.768195,-0.517303,0.000177156,0.519667,0.776773,-0.274108,-0.390624
01324188,1523964243702,-9.62658,1.10946,-2.08305,-0.145711,-0.154422,0.590418,0.777691,-0.45906,-0.0454834
01324185,1523964243702,-9.92013,-0.686967,-0.258868,-0.340732,0.27236,0.398187,0.860378,0.325271,-0.273235
01324181,1523964243702,-8.81046,1.28541,3.07575,0.132234,0.0407305,0.00869173,0.88079,0.288302,-0.157273
01324180,1523964243702,-9.33357,-3.58351,-0.172736,-0.406028,-0.178548,0.746003,0.735278,0.405752,-0.376679
01324189,1523964243718,-9.75333,-0.152128,0.646592,-0.503677,0.0103589,0.500156,0.774932,-0.27868,-0.394384
01324188,1523964243718,-9.64428,0.892523,-2.08335,-0.151822,-0.157682,0.585919,0.773403,-0.467354,-0.0471597
01324185,1523964243718,-9.57264,-0.744351,-0.0887506,-0.31977,0.252769,0.39481,0.863102,0.322832,-0.268126
01324181,1523964243718,-8.70594,1.34007,3.01741,0.125304,0.0596444,-0.018737,0.879544,0.289093,-0.154621
01324180,1523964243718,-8.89795,-3.50373,0.0736407,-0.381804,-0.0963949,0.669288,0.738293,0.400193,-0.37697
01324189,1523964243735,-9.75703,-0.194182,0.53945,-0.457934,0.0288333,0.481617,0.772642,-0.280208,-0.395841
01324188,1523964243735,-9.71918,0.913762,-1.97707,-0.125635,-0.164312,0.581587,0.769261,-0.477066,-0.049734
01324185,1523964243735,-9.32905,-0.786749,-0.0356573,-0.30131,0.175106,0.395234,0.866233,0.318826,-0.263918
01324181,1523964243735,-8.82661,1.33869,2.96354,0.0861332,0.0490911,-0.0135023,0.880757,0.289627,-0.155574
01324180,1523964243735,-8.63302,-3.47335,0.235906,-0.357081,-0.0330068,0.568735,0.742712,0.398052,-0.371271
01324189,1523964243752,-9.76093,-0.154776,0.62236,-0.453887,0.0408598,0.462063,0.770916,-0.282478,-0.398782
01324188,1523964243752,-9.66351,0.926001,-2.03297,-0.109815,-0.182891,0.604511,0.76388,-0.48394,-0.0533267
01324185,1523964243752,-9.16259,-0.730061,-0.101599,-0.250428,0.103966,0.373485,0.869495,0.315788,-0.260633
01324181,1523964243752,-8.94805,1.42945,2.95136,0.0575003,-0.0240129,0.00321291,0.880224,0.289069,-0.155291
01324180,1523964243752,-8.51458,-3.49949,0.328759,-0.294083,0.0526524,0.458928,0.746496,0.394053,-0.368166
01324189,1523964243768,-9.76934,-0.0325443,0.763952,-0.381109,0.0418288,0.446316,0.769171,-0.285168,-0.399586
01324188,1523964243768,-9.54503,0.930594,-2.06281,-0.116829,-0.187694,0.595578,0.759865,-0.491936,-0.0583525
01324185,1523964243768,-9.21535,-0.580513,-0.163964,-0.225665,0.0346781,0.338191,0.870998,0.309501,-0.257834
01324181,1523964243768,-8.97363,1.49714,2.87745,0.0163745,-0.0916584,0.0303362,0.878368,0.289031,-0.158193
01324180,1523964243768,-8.62084,-3.52276,0.356596,-0.212918,0.100101,0.336712,0.747581,0.39199,-0.365793
01324189,1523964243785,-9.77475,0.0741008,0.77159,-0.265017,0.0388641,0.421833,0.766351,-0.290131,-0.400395
01324188,1523964243785,-9.63577,1.24225,-2.10344,-0.148292,-0.202518,0.579247,0.755022,-0.498093,-0.0619071
01324185,1523964243785,-9.30005,-0.584932,-0.305874,-0.191758,-0.0258231,0.309646,0.872225,0.305727,-0.256235
01324181,1523964243785,-9.17681,1.35872,3.06717,0.0108246,-0.130049,0.0559486,0.878966,0.284442,-0.158369
01324180,1523964243785,-8.7643,-3.46644,0.350671,-0.163569,0.160374,0.225841,0.749752,0.38919,-0.36453
01324189,1523964243802,-9.87234,0.0830226,0.726837,-0.122545,0.0304896,0.417014,0.763138,-0.295521,-0.402541
01324188,1523964243802,-9.9483,1.74402,-1.97319,-0.210889,-0.223408,0.612156,0.749517,-0.506671,-0.0664123
01324185,1523964243802,-9.51018,-0.574144,-0.46926,-0.162257,-0.0635984,0.260576,0.871141,0.303031,-0.25725
01324181,1523964243802,-9.30348,1.28183,3.29484,-4.20611e-05,-0.205793,0.070885,0.8771,0.285262,-0.161288
01324180,1523964243802,-9.0582,-3.54431,0.311121,-0.103697,0.200961,0.137758,0.751352,0.389152,-0.362934
01324189,1523964243818,-10.1112,0.138438,0.815767,-0.00091565,0.0327437,0.41391,0.761396,-0.300076,-0.402424
01324188,1523964243818,-9.98502,1.6296,-1.79619,-0.219436,-0.238436,0.633169,0.743737,-0.514448,-0.0723445
01324185,1523964243818,-9.74692,-0.606509,-0.611653,-0.146508,-0.0641886,0.218093,0.873311,0.303188,-0.256344
01324181,1523964243818,-9.28684,1.30385,3.30419,-0.0189018,-0.215889,0.100156,0.876723,0.284929,-0.163668
01324180,1523964243818,-9.33883,-3.54524,0.315627,-0.0786008,0.196801,0.0887179,0.753375,0.386338,-0.358834
01324189,1523964243835,-10.3321,0.227432,1.15765,0.0632683,-0.00841856,0.394702,0.759521,-0.30549,-0.402178
01324188,1523964243835,-9.87188,1.51841,-1.46877,-0.13045,-0.223812,0.623333,0.738898,-0.521211,-0.0753986
01324185,1523964243835,-9.89671,-0.617721,-0.726443,-0.144469,-0.068076,0.184132,0.873853,0.301204,-0.25698
01324181,1523964243835,-9.26773,1.33802,3.33746,-0.018148,-0.203057,0.12439,0.87691,0.283418,-0.167224
01324180,1523964243835,-9.48858,-3.55151,0.285128,-0.0400946,0.193251,0.011604,0.755769,0.386421,-0.355492
01324189,1523964243852,-10.4345,0.340015,1.66087,0.0580049,-0.0402274,0.380554,0.757653,-0.310908,-0.402734
01324188,1523964243852,-9.93995,1.42814,-1.2797,-0.0519833,-0.198819,0.615284,0.733523,-0.529008,-0.0779723
01324185,1523964243852,-9.92099,-0.646501,-0.768782,-0.106394,-0.054493,0.169551,0.874127,0.298243,-0.257083
01324181,1523964243852,-9.30558,1.29389,3.3429,-0.0377989,-0.183299,0.141877,0.878034,0.281211,-0.169314
01324180,1523964243852,-9.59132,-3.45086,0.241175,-0.0474334,0.1961,-0.0428814,0.755749,0.387131,-0.353047
01324189,1523964243868,-10.4009,0.301576,2.29556,0.050525,-0.0936645,0.324659,0.754687,-0.314571,-0.403264
01324188,1523964243868,-9.94207,0.848365,-1.12041,-0.0521619,-0.168794,0.573146,0.726256,-0.537871,-0.0819349
01324185,1523964243868,-9.91144,-0.67786,-0.768869,-0.0448819,-0.025554,0.127624,0.874128,0.295554,-0.25771
01324181,1523964243868,-9.32647,1.24996,3.36292,-0.0538639,-0.163634,0.154177,0.876041,0.281598,-0.172489
01324180,1523964243868,-9.62122,-3.36863,0.192997,-0.0747747,0.179309,-0.0835854,0.754136,0.386714,-0.351141
01324189,1523964243885,-10.2009,0.132098,2.81546,0.0504043,-0.168,0.23237,0.751593,-0.318235,-0.404595
01324188,1523964243885,-9.61573,0.171197,-0.998885,-0.129402,-0.108262,0.474227,0.722214,-0.542085,-0.0837629
01324185,1523964243885,-9.93585,-0.802881,-0.739848,-0.0300805,0.0145612,0.102695,0.874671,0.294288,-0.257569
01324181,1523964243885,-9.31128,1.19676,3.3737,-0.044918,-0.158462,0.146439,0.875565,0.278687,-0.175079
01324180,1523964243885,-9.58323,-3.30015,0.150241,-0.0947261,0.174207,-0.0942887,0.754882,0.390158,-0.347707
01324189,1523964243902,-9.88713,-0.0492829,2.99528,0.0652529,-0.239171,0.0983412,0.749735,-0.31907,-0.408994
01324188,1523964243902,-9.33088,0.06315,-0.867765,-0.348173,0.00215924,0.346543,0.719935,-0.545949,-0.0874754
01324185,1523964243902,-9.9214,-0.87511,-0.640243,0.0312096,0.0262197,0.0957471,0.874539,0.293886,-0.25652
01324181,1523964243902,-9.23323,1.11034,3.37827,-0.0200184,-0.155744,0.148959,0.87453,0.275551,-0.175268
01324180,1523964243902,-9.53046,-3.27069,0.163002,-0.1058,0.158526,-0.101506,0.755137,0.392784,-0.351304
01324189,1523964243918,-9.58097,-0.113089,3.03432,0.0426398,-0.326377,-0.0402274,0.747476,-0.322479,-0.412473
01324188,1523964243918,-9.14317,-0.156383,-0.602514,-0.636744,0.121711,0.207847,0.71833,-0.549073,-0.0916884
01324185,1523964243918,-9.88752,-0.9066,-0.563649,0.0871304,0.0272662,0.0862598,0.874062,0.292144,-0.256093
01324181,1523964243918,-9.11663,1.01467,3.38085,-0.00564697,-0.177453,0.12285,0.875505,0.27463,-0.177517
01324180,1523964243918,-9.42969,-3.21664,0.186035,-0.112357,0.145819,-0.125383,0.754024,0.395694,-0.349879
01324189,1523964243935,-9.3679,-0.0611724,3.05069,-0.0545277,-0.402407,-0.161282,0.746681,-0.319314,-0.416585
01324188,1523964243935,-8.68576,-0.68233,-0.452102,-0.899334,0.251671,0.0358647,0.717794,-0.549752,-0.0956273
01324185,1523964243935,-9.80547,-0.926322,-0.508727,0.114755,0.0215997,0.0743412,0.87379,0.291284,-0.256867
01324181,1523964243935,-8.96674,0.924275,3.35215,0.00602241,-0.210577,0.101812,0.875687,0.272853,-0.180138
01324180,1523964243935,-9.28524,-3.16175,0.178079,-0.101897,0.152073,-0.129688,0.755067,0.39711,-0.347435
01324189,1523964243952,-9.15686,-0.0222967,3.25693,-0.196525,-0.485684,-0.261147,0.741435,-0.316196,-0.424792
01324188,1523964243952,-8.16667,-0.870315,-0.391874,-1.01899,0.435432,-0.12747,0.718054,-0.54706,-0.103403
01324185,1523964243952,-9.7137,-0.953287,-0.410471,0.184842,0.00540788,0.108365,0.874602,0.287873,-0.258405
01324181,1523964243952,-8.71601,0.810846,3.28106,0.0248956,-0.212918,0.0723765,0.874643,0.272792,-0.183579
01324180,1523964243952,-9.19371,-3.14163,0.203252,-0.0695062,0.161183,-0.141743,0.753517,0.399986,-0.338983
01324189,1523964243968,-8.97401,-0.418048,3.66702,-0.344955,-0.605082,-0.341406,0.73768,-0.309386,-0.434592
01324188,1523964243968,-8.41816,-0.211148,-0.39108,-0.868105,0.619204,-0.239534,0.721554,-0.54232,-0.106381
01324185,1523964243968,-9.58568,-0.963612,-0.29938,0.250442,0.0207512,0.120072,0.875417,0.28477,-0.258639
01324181,1523964243968,-8.54615,0.655189,3.24408,0.0252728,-0.215874,0.0102674,0.872557,0.270727,-0.187763
01324180,1523964243968,-9.07089,-3.1016,0.207088,-0.0285983,0.182492,-0.148385,0.753323,0.403886,-0.336201
01324189,1523964243985,-8.88661,-0.88658,3.81062,-0.446912,-0.768184,-0.457839,0.736351,-0.301338,-0.442805
01324188,1523964243985,-9.32233,1.13111,-0.497281,-1.11982,0.778801,-0.270656,0.723426,-0.537976,-0.106536
01324185,1523964243985,-9.53969,-0.978246,-0.192013,0.291644,0.0152306,0.137061,0.875555,0.284357,-0.258113
01324181,1523964243985,-8.54251,0.434383,3.33527,0.0496564,-0.220575,-0.0544681,0.872434,0.270979,-0.189361
01324180,1523964243985,-9.01004,-3.11993,0.180996,0.0253237,0.209065,-0.152272,0.752872,0.405157,-0.329282
01324189,1523964244002,-8.92494,-1.19772,3.70337,-0.484813,-0.904345,-0.581197,0.731245,-0.292347,-0.454979
01324188,1523964244002,-9.81951,1.3645,-0.50996,-1.5561,0.876763,-0.266451,0.726919,-0.532213,-0.109585
01324185,1523964244002,-9.56128,-0.982865,-0.125529,0.326899,0.0131344,0.138741,0.876092,0.27978,-0.261727
01324181,1523964244002,-8.5938,0.319737,3.35163,0.0580172,-0.221691,-0.115674,0.870953,0.272946,-0.19191
01324180,1523964244002,-9.02414,-3.14901,0.175865,0.101691,0.226106,-0.113871,0.751779,0.406622,-0.328562
01324189,1523964244018,-9.04794,-1.2625,3.54442,-0.469128,-0.958193,-0.707182,0.726965,-0.281089,-0.469553
01324188,1523964244018,-9.8985,0.889276,-0.784196,-1.72195,1.02159,-0.218197,0.730688,-0.526991,-0.113612
01324185,1523964244018,-9.60954,-0.987383,-0.12827,0.357967,0.0126931,0.125113,0.876092,0.275812,-0.262995
01324181,1523964244018,-8.69487,0.335517,3.36034,0.044105,-0.214754,-0.170708,0.869874,0.27491,-0.19433
01324180,1523964244018,-9.09172,-3.1644,0.187205,0.178261,0.24713,-0.0991615,0.753376,0.406581,-0.326425
01324189,1523964244035,-9.34225,-1.32631,3.59983,-0.458115,-0.968705,-0.79147,0.719546,-0.265442,-0.485794
01324188,1523964244035,-9.82843,0.124306,-1.77413,-1.45648,1.22437,-0.194635,0.734985,-0.520294,-0.112036
01324185,1523964244035,-9.70356,-0.989179,-0.099963,0.389339,0.0387303,0.118129,0.875006,0.27466,-0.264286
01324181,1523964244035,-8.77773,0.363718,3.27716,0.0612294,-0.209206,-0.206899,0.866131,0.277407,-0.200186
01324180,1523964244035,-9.23713,-3.16925,0.255847,0.258937,0.265805,-0.0545319,0.753421,0.404575,-0.330517
01324189,1523964244052,-9.61659,-1.72744,3.88293,-0.433226,-0.994891,-0.889894,0.715374,-0.251879,-0.498879
01324188,1523964244052,-10.4926,-0.404163,-2.4043,-0.988424,1.46507,-0.117178,0.739443,-0.518083,-0.104955
01324185,1523964244052,-9.80002,-1.003,-0.0714278,0.443284,0.0768123,0.104239,0.875003,0.272367,-0.266354
01324181,1523964244052,-8.88375,0.415804,3.31895,0.0588726,-0.213778,-0.263797,0.864509,0.279945,-0.202878
01324180,1523964244052,-9.30487,-3.18251,0.293782,0.30856,0.274455,-0.0400793,0.753653,0.407175,-0.329658
01324189,1523964244068,-9.76397,-2.48731,4.07807,-0.259088,-0.976078,-1.00303,0.710633,-0.236567,-0.510473
01324188,1523964244068,-11.0121,-1.03386,-2.76996,-0.305429,1.68226,0.0199241,0.739957,-0.514877,-0.0927821
01324185,1523964244068,-9.84326,-0.95696,-0.0457869,0.496634,0.0958044,0.117675,0.877308,0.268553,-0.266847
01324181,1523964244068,-8.88933,0.483662,3.32728,0.0679193,-0.192984,-0.287785,0.86262,0.28276,-0.206105
01324180,1523964244068,-9.33492,-3.15036,0.416925,0.37637,0.28633,-0.00966179,0.754641,0.403983,-0.332032
01324189,1523964244085,-10.0655,-3.27809,3.81787,0.0620612,-0.927801,-1.15657,0.705348,-0.222532,-0.521402
01324188,1523964244085,-11.0711,-1.31523,-2.84396,0.583529,1.82786,0.137347,0.740499,-0.517595,-0.0692705
01324185,1523964244085,-9.85756,-0.91351,-0.021358,0.514001,0.108118,0.132887,0.879204,0.265429,-0.26813
01324181,1523964244085,-8.81854,0.554892,3.28289,0.0484343,-0.154254,-0.295172,0.860425,0.287331,-0.207771
01324180,1523964244085,-9.30233,-3.23942,0.428838,0.45502,0.277372,0.0136013,0.756425,0.399886,-0.33079
01324189,1523964244102,-10.1711,-3.96739,3.41864,0.438237,-0.819782,-1.3385,0.700469,-0.212951,-0.529294
01324188,1523964244102,-10.9296,-0.967464,-2.99983,1.44609,1.90941,0.181325,0.740358,-0.520636,-0.0355414
01324185,1523964244102,-9.79215,-0.834436,0.00899766,0.552123,0.111358,0.140462,0.877853,0.261481,-0.268348
01324181,1523964244102,-8.81014,0.632648,3.25731,0.00932931,-0.122484,-0.295645,0.857154,0.29247,-0.210234
01324180,1523964244102,-9.25516,-3.19432,0.555223,0.509176,0.27545,0.0297553,0.758207,0.396668,-0.331151
01324189,1523964244118,-10.1317,-3.35487,2.7258,0.733807,-0.693593,-1.41329,0.697341,-0.200683,-0.536918
01324188,1523964244118,-11.1824,-0.00827148,-3.14855,1.97516,1.90709,0.121129,0.740223,-0.525716,0.00748148
01324185,1523964244118,-9.76285,-0.697394,-0.00579805,0.562591,0.107738,0.139614,0.878124,0.256379,-0.269998
01324181,1523964244118,-8.9703,0.739942,3.23974,-0.038728,-0.0958571,-0.288338,0.855632,0.298002,-0.213255
01324180,1523964244118,-9.224,-3.16477,0.533938,0.547431,0.294926,0.0274966,0.756505,0.391748,-0.327444
01324189,1523964244135,-10.0319,-2.1896,3.26499,1.26772,-0.50756,-1.47318,0.696777,-0.194206,-0.538867
01324188,1523964244135,-11.1598,0.886145,-3.1424,2.10134,1.8154,0.020067,0.739388,-0.527028,0.048057
01324185,1523964244135,-9.81796,-0.509334,-0.0951479,0.509685,0.0871044,0.138113,0.880567,0.252155,-0.269835
01324181,1523964244135,-9.17957,0.907333,3.19172,-0.0903038,-0.0640339,-0.287004,0.854611,0.302918,-0.211488
01324180,1523964244135,-9.31348,-3.03197,0.661887,0.499418,0.249739,-0.00208269,0.759891,0.389084,-0.328357
01324189,1523964244152,-11.0515,-0.769533,3.23264,1.47706,-0.506023,-1.45453,0.69622,-0.191318,-0.539372
01324188,1523964244152,-10.8,1.46147,-2.84961,1.91257,1.65705,-0.152857,0.738236,-0.520688,0.0840003
01324185,1523964244152,-9.87551,-0.280398,-0.260031,0.427864,0.0505335,0.0993256,0.8807,0.248592,-0.272021
01324181,1523964244152,-9.33961,0.987962,3.15051,-0.136679,-0.0228897,-0.25975,0.852845,0.304647,-0.212037
01324180,1523964244152,-9.48413,-3.39913,0.95306,0.325209,0.228885,-0.0482194,0.759647,0.387059,-0.328259
01324189,1523964244168,-11.3305,0.501256,2.92101,1.59815,-0.595255,-1.42106,0.693489,-0.188661,-0.539989
01324188,1523964244168,-10.5719,1.73757,-2.45199,1.71423,1.43951,-0.357485,0.738849,-0.514081,0.116708
01324185,1523964244168,-10.0611,-0.151772,-0.408693,0.288985,0.0389635,0.0417615,0.881245,0.246343,-0.27174
01324181,1523964244168,-9.46819,1.03017,3.08126,-0.160014,0.00704957,-0.218018,0.851166,0.308565,-0.210508
01324180,1523964244168,-9.76891,-3.48066,1.04167,0.17911,0.168755,-0.136556,0.759232,0.387639,-0.327161
01324189,1523964244185,-11.2557,1.48943,2.83461,1.5326,-0.660146,-1.37676,0.689814,-0.185696,-0.541662
01324188,1523964244185,-10.1131,1.62799,-1.8433,1.48392,1.14259,-0.543687,0.742022,-0.504297,0.145948
01324185,1523964244185,-10.2354,-0.237453,-0.560568,0.121122,0.0365492,-0.015771,0.881183,0.246106,-0.272019
01324181,1523964244185,-9.58532,1.01903,3.13385,-0.156577,0.0242836,-0.1963,0.850068,0.309742,-0.209724
01324180,1523964244185,-9.76631,-3.63888,0.939321,0.113825,0.124267,-0.114462,0.758686,0.38793,-0.325662
01324189,1523964244202,-10.6651,2.24542,3.13418,1.20998,-0.703439,-1.32724,0.688068,-0.184801,-0.544577
01324188,1523964244202,-9.69867,1.31006,-1.06873,1.4422,0.791795,-0.721229,0.741632,-0.488057,0.169311
01324185,1523964244202,-10.3305,-0.540295,-0.631027,-0.0765643,0.00750531,-0.113992,0.878746,0.245833,-0.271616
01324181,1523964244202,-9.60412,0.970306,3.11535,-0.130211,0.0484168,-0.136692,0.849177,0.31411,-0.206751
01324180,1523964244202,-9.76484,-3.69522,0.789181,0.121149,0.0764118,-0.0848745,0.75868,0.388217,-0.325116
01324189,1523964244218,-9.81461,2.81194,3.23465,0.965418,-0.659587,-1.275,0.685228,-0.181294,-0.548529
01324188,1523964244218,-9.46619,1.47347,-0.417441,1.66598,0.389263,-0.826761,0.746823,-0.474707,0.190135
01324185,1523964244218,-10.336,-0.848352,-0.530569,-0.207537,-0.0271037,-0.174852,0.878874,0.249755,-0.27283
01324181,1523964244218,-9.63318,0.865773,2.95295,-0.139168,0.0646622,-0.117543,0.848313,0.317305,-0.205082
01324180,1523964244218,-9.73132,-3.621,0.654572,0.13554,0.0484978,-0.0867264,0.758399,0.389383,-0.325358
01324189,1523964244235,-9.204,2.48754,2.93988,0.529736,-0.561084,-1.21812,0.682386,-0.175062,-0.55393
01324188,1523964244235,-9.24726,1.87983,-0.0233435,1.88296,-0.0849654,-0.908351,0.755132,-0.459831,0.202133
01324185,1523964244235,-10.2881,-1.00032,-0.511643,-0.244803,-0.0726336,-0.183031,0.877384,0.251458,-0.272188
01324181,1523964244235,-9.54149,0.701823,3.02671,-0.130272,0.0433716,-0.121206,0.846371,0.321492,-0.204486
01324180,1523964244235,-9.66925,-3.54252,0.607272,0.137974,0.00932869,-0.0992879,0.757344,0.389716,-0.329522
01324189,1523964244252,-8.98184,1.28349,2.53204,0.125396,-0.464566,-1.17172,0.680867,-0.163255,-0.558902
01324188,1523964244252,-9.1767,2.68261,-0.0408029,2.01292,-0.578751,-0.919092,0.76396,-0.441081,0.212078
01324185,1523964244252,-10.2162,-1.10435,-0.571886,-0.202243,-0.113072,-0.135207,0.875345,0.254244,-0.273907
01324181,1523964244252,-9.54629,0.563421,3.09695,-0.169368,0.0147998,-0.133377,0.846327,0.324369,-0.203748
01324180,1523964244252,-9.53845,-3.52812,0.531289,0.0633478,-0.0211726,-0.121099,0.75545,0.391935,-0.33134
01324189,1523964244268,-8.94824,-0.082486,2.58184,-0.0299637,-0.371362,-1.10665,0.678649,-0.150846,-0.562255
01324188,1523964244268,-9.29476,3.42718,-0.604963,1.95028,-1.08236,-0.867555,0.771154,-0.42051,0.214889
01324185,1523964244268,-10.2456,-1.25587,-0.593332,-0.125166,-0.158902,-0.0627007,0.874938,0.255089,-0.273913
01324181,1523964244268,-9.64475,0.45541,3.21672,-0.187035,0.0143562,-0.157419,0.846309,0.324551,-0.202025
01324180,1523964244268,-9.57572,-3.59246,0.409729,0.00765367,-0.03146,-0.140872,0.754913,0.391795,-0.33066
01324189,1523964244285,-9.11664,-0.981702,2.93761,0.0918438,-0.307629,-0.987264,0.676418,-0.138144,-0.564536
01324188,1523964244285,-9.43165,4.31838,-1.0933,1.66115,-1.58619,-0.75651,0.782993,-0.403471,0.204366
01324185,1523964244285,-10.4725,-1.37239,-0.538744,-0.0684284,-0.192869,-0.0531386,0.873439,0.257012,-0.27654
01324181,1523964244285,-9.89372,0.389372,3.23572,-0.1798,0.045929,-0.174336,0.842904,0.325941,-0.199496
01324180,1523964244285,-9.82006,-3.75411,0.358119,-0.0619464,-0.0416487,-0.168621,0.753664,0.394412,-0.328294
01324189,1523964244302,-9.04084,-1.25683,3.03318,0.353121,-0.271281,-0.828322,0.675327,-0.131806,-0.568218
01324188,1523964244302,-9.52703,4.63673,-1.75003,1.14944,-2.03109,-0.653394,0.79147,-0.390416,0.186906
01324185,1523964244302,-10.7475,-1.36587,-0.54645,-0.0616205,-0.205556,-0.0785177,0.871127,0.258643,-0.279683
01324181,1523964244302,-9.98734,0.266875,3.33889,-0.14425,0.0620155,-0.169099,0.842156,0.330567,-0.197725
01324180,1523964244302,-10.1125,-3.93566,0.308346,-0.102156,-0.0722459,-0.134783,0.750163,0.396071,-0.328749
01324189,1523964244318,-8.72538,-0.901527,3.0609,0.638684,-0.179125,-0.651688,0.673128,-0.129586,-0.567239
01324188,1523964244318,-9.90966,4.39278,-2.52938,0.548327,-2.39648,-0.610222,0.80051,-0.380054,0.16456
01324185,1523964244318,-10.9546,-1.22017,-0.611872,-0.128012,-0.182521,-0.127875,0.870037,0.26044,-0.281525
01324181,1523964244318,-9.86796,0.0985047,3.28492,-0.067682,0.108044,-0.170679,0.841564,0.334306,-0.197133
01324180,1523964244318,-10.308,-4.1354,0.25942,-0.159657,-0.113308,-0.107307,0.74945,0.397943,-0.324515
01324189,1523964244335,-8.4969,-0.31063,3.20733,0.766021,-0.0956504,-0.47733,0.674087,-0.130762,-0.567259
01324188,1523964244335,-10.3399,4.36523,-3.1972,-0.00244826,-2.66589,-0.586909,0.808204,-0.369979,0.130234
01324185,1523964244335,-11.0003,-1.13324,-0.644781,-0.228957,-0.130614,-0.143396,0.868679,0.262261,-0.282061
01324181,1523964244335,-9.8303,-0.109606,3.17806,0.0160231,0.203714,-0.166655,0.840422,0.336971,-0.193724
01324180,1523964244335,-10.2955,-4.3527,0.277684,-0.204963,-0.15451,-0.0727725,0.74728,0.400008,-0.324172
01324189,1523964244352,-8.53216,0.256316,3.53051,0.684379,0.00730604,-0.330309,0.674233,-0.134355,-0.566086
01324188,1523964244352,-10.4805,4.20563,-3.75058,-0.543099,-2.83999,-0.608456,0.814287,-0.361791,0.0901571
01324185,1523964244352,-10.8726,-1.17257,-0.649844,-0.357875,-0.0979697,-0.175807,0.867591,0.265779,-0.282352
01324181,1523964244352,-9.70351,-0.297294,3.11968,0.0908735,0.272606,-0.174926,0.84012,0.338023,-0.191618
01324180,1523964244352,-10.0891,-4.41321,0.293867,-0.234628,-0.171577,-0.0590746,0.746461,0.401034,-0.323599
01324189,1523964244368,-8.42429,0.987759,3.43813,0.541478,0.112505,-0.203079,0.674632,-0.138088,-0.562777
01324188,1523964244368,-10.6182,3.52166,-4.48934,-0.946285,-2.96177,-0.67626,0.822008,-0.353686,0.0357879
01324185,1523964244368,-10.5351,-1.28057,-0.609799,-0.496074,-0.105445,-0.179081,0.865149,0.270005,-0.282385
01324181,1523964244368,-9.48911,-0.415975,3.01224,0.148061,0.341072,-0.203861,0.839799,0.339396,-0.187925
01324180,1523964244368,-9.64744,-4.35296,0.33718,-0.243107,-0.174757,-0.0794552,0.743771,0.404305,-0.329436
01324189,1523964244385,-8.4262,1.71344,3.28897,0.265043,0.284755,-0.0426395,0.677323,-0.140868,-0.558015
01324188,1523964244385,-10.5051,2.63412,-5.21136,-1.08101,-2.99845,-0.747446,0.824829,-0.343802,-0.0112753
01324185,1523964244385,-10.0771,-1.44704,-0.501524,-0.613055,-0.140881,-0.139703,0.86244,0.275264,-0.280075
01324181,1523964244385,-9.38142,-0.482518,2.87414,0.246092,0.420477,-0.21902,0.838117,0.34096,-0.182893
01324180,1523964244385,-9.18339,-4.311,0.308105,-0.25672,-0.184876,-0.103443,0.741612,0.405795,-0.329914
01324189,1523964244402,-8.55533,1.66518,3.3833,-0.158354,0.365412,0.140615,0.679469,-0.141052,-0.554697
01324188,1523964244402,-9.82368,1.14943,-5.65805,-0.966955,-2.8678,-0.71941,0.823832,-0.331296,-0.0538197
01324185,1523964244402,-9.67964,-1.68538,-0.40205,-0.623238,-0.168667,-0.112383,0.860268,0.280477,-0.280118
01324181,1523964244402,-9.41104,-0.482801,2.79184,0.324485,0.47345,-0.229148,0.838683,0.346472,-0.17903
01324180,1523964244402,-8.83046,-4.27746,0.268232,-0.218036,-0.163683,-0.148836,0.738913,0.409497,-0.334932
01324189,1523964244418,-8.27738,0.457016,3.64884,-0.634561,0.361843,0.240275,0.681481,-0.139657,-0.552569
01324188,1523964244418,-9.44142,-0.142652,-5.90441,-0.380226,-2.60064,-0.65041,0.822305,-0.321232,-0.0938183
01324185,1523964244418,-9.41247,-1.92294,-0.343106,-0.570904,-0.205858,-0.0833419,0.860673,0.283309,-0.279363
01324181,1523964244418,-9.37697,-0.383074,2.96886,0.36097,0.405944,-0.24883,0.837549,0.348285,-0.175338
01324180,1523964244418,-8.46975,-4.09891,0.219563,-0.186515,-0.13472,-0.188911,0.737551,0.411258,-0.334607
01324189,1523964244435,-7.71274,-1.27681,4.07919,-0.751982,0.379421,0.259313,0.684005,-0.134531,-0.549348
01324188,1523964244435,-9.20094,-0.544788,-6.45615,0.385583,-2.26637,-0.45913,0.818618,-0.313505,-0.126668
01324185,1523964244435,-9.16928,-2.12662,-0.256795,-0.414435,-0.243972,-0.0459008,0.859447,0.286801,-0.28096
01324181,1523964244435,-9.17527,-0.291006,3.06981,0.376028,0.292573,-0.25854,0.83777,0.350336,-0.172992
01324180,1523964244435,-8.18756,-4.18644,0.134831,-0.172704,-0.106171,-0.211567,0.734551,0.416101,-0.335816
01324189,1523964244452,-7.54501,-2.72305,4.32393,-0.502477,0.520885,0.195907,0.686402,-0.133134,-0.544817
01324188,1523964244452,-9.51143,0.481887,-6.91788,0.718613,-1.80713,-0.246556,0.817648,-0.307352,-0.151844
01324185,1523964244452,-8.98858,-2.23364,-0.205197,-0.154318,-0.246515,-0.0513124,0.857268,0.287428,-0.285008
01324181,1523964244452,-9.25056,-0.262955,3.2789,0.368965,0.249731,-0.281281,0.836074,0.354432,-0.169873
01324180,1523964244452,-8.12371,-4.41184,0.0617109,-0.124267,-0.0656121,-0.214563,0.731538,0.420781,-0.333787
01324189,1523964244468,-8.16634,-3.46019,4.5847,-0.253777,0.666802,0.0899865,0.690403,-0.131765,-0.537362
01324188,1523964244468,-9.52866,1.00848,-7.74317,0.473675,-1.22282,-0.0949089,0.813996,-0.307013,-0.170081
01324185,1523964244468,-9.09925,-2.16549,-0.159912,0.166573,-0.23575,-0.0738244,0.854553,0.287955,-0.286964
01324181,1523964244468,-9.3583,-0.0410978,3.36331,0.31731,0.162894,-0.288763,0.834575,0.356717,-0.170967
01324180,1523964244468,-8.36424,-4.66231,-0.0338534,0.00699163,-0.0704788,-0.208499,0.730173,0.422539,-0.332922
01324189,1523964244485,-9.05647,-3.6746,4.91162,-0.210784,0.639621,-0.0766689,0.695504,-0.12871,-0.532046
01324188,1523964244485,-8.36022,0.594378,-7.06024,-0.0153681,-0.709913,-0.0588134,0.806826,-0.30887,-0.180606
01324185,1523964244485,-9.41243,-1.94216,-0.291957,0.429578,-0.185146,-0.132204,0.852378,0.287041,-0.290605
01324181,1523964244485,-9.01754,0.237242,3.16696,0.262187,0.125506,-0.294204,0.833315,0.358792,-0.168474
01324180,1523964244485,-8.71674,-4.861,-0.12781,0.174809,-0.0728913,-0.186325,0.726115,0.424183,-0.329184
01324189,1523964244502,-8.95228,-3.42794,4.18529,-0.187925,0.500137,-0.186533,0.69951,-0.126053,-0.525919
01324188,1523964244502,-7.41219,-0.554227,-5.69509,-0.15393,-0.261643,-0.130794,0.805451,-0.30516,-0.187759
01324185,1523964244502,-9.57086,-1.57053,-0.449136,0.624647,-0.146425,-0.214282,0.850198,0.288366,-0.295052
01324181,1523964244502,-8.63386,0.355754,3.22993,0.222093,0.169938,-0.276561,0.83153,0.36223,-0.169324
01324180,1523964244502,-8.93536,-4.95969,-0.169156,0.364961,-0.103223,-0.167728,0.724513,0.424806,-0.331713
01324189,1523964244518,-8.41182,-2.76836,3.65781,-0.0140538,0.536146,-0.157707,0.703115,-0.123677,-0.520324
01324188,1523964244518,-6.8201,-1.21623,-4.77199,0.0901868,0.117071,-0.247891,0.80626,-0.304333,-0.187045
01324185,1523964244518,-9.58889,-1.07451,-0.526256,0.738657,-0.0628953,-0.299143,0.846931,0.288247,-0.301311
01324181,1523964244518,-8.27834,0.359973,3.21281,0.249673,0.289662,-0.256739,0.829709,0.365751,-0.166457
01324180,1523964244518,-8.99434,-4.87295,-0.220009,0.537814,-0.139537,-0.159821,0.721874,0.423287,-0.336431
01324189,1523964244535,-7.90585,-2.00713,3.13596,0.230543,0.528382,-0.0503728,0.709705,-0.124528,-0.511847
01324188,1523964244535,-7.24811,-1.1419,-3.44089,0.538913,0.350427,-0.328195,0.809197,-0.297734,-0.179805
01324185,1523964244535,-9.37522,-0.632744,-0.442892,0.746552,0.0303361,-0.397607,0.84502,0.288993,-0.306537
01324181,1523964244535,-8.06681,0.226757,3.03801,0.247118,0.439262,-0.24513,0.830027,0.370385,-0.163635
01324180,1523964244535,-8.88607,-4.66455,-0.174304,0.671551,-0.184581,-0.16278,0.719304,0.419791,-0.350237
01324189,1523964244552,-7.38311,-0.843904,2.27405,0.450633,0.494921,0.0533602,0.712904,-0.126729,-0.503609
01324188,1523964244552,-8.12538,0.380185,-2.37212,0.933156,0.493636,-0.313502,0.811621,-0.295836,-0.171506
01324185,1523964244552,-9.12323,-0.345231,-0.269808,0.681703,0.111288,-0.471256,0.843385,0.294024,-0.30867
01324181,1523964244552,-7.86718,-0.0570713,2.9288,0.261532,0.522142,-0.256542,0.829412,0.372929,-0.158901
01324180,1523964244552,-8.67298,-4.34913,-0.0883184,0.759854,-0.206272,-0.202785,0.715609,0.417721,-0.356706
01324189,1523964244568,-8.00497,-0.0478478,2.16606,0.56428,0.599286,0.132726,0.715194,-0.132513,-0.497662
01324188,1523964244568,-10.5148,2.95995,-0.73079,0.8071,0.427115,-0.127932,0.815547,-0.295592,-0.162657
01324185,1523964244568,-8.90542,-0.221205,-0.0717412,0.526769,0.154439,-0.534346,0.842167,0.294463,-0.307886
01324181,1523964244568,-7.82689,-0.25063,2.86515,0.280468,0.585252,-0.287072,0.829211,0.373084,-0.151996
01324180,1523964244568,-8.38311,-3.98694,-0.00132607,0.773038,-0.219851,-0.267829,0.713802,0.413427,-0.360277
01324189,1523964244585,-9.77791,-0.326969,3.05625,0.482372,0.693965,0.176166,0.719233,-0.138189,-0.489729
01324188,1523964244585,-11.0025,0.38678,-1.44968,-0.00587118,0.414752,-0.130069,0.817163,-0.29447,-0.156147
01324185,1523964244585,-8.79438,-0.245899,0.0086819,0.320428,0.1557,-0.60729,0.838366,0.301216,-0.308461
01324181,1523964244585,-8.12162,-0.244289,2.71583,0.261144,0.676764,-0.312003,0.827618,0.376695,-0.144884
01324180,1523964244585,-8.17984,-3.66948,0.108744,0.724464,-0.184183,-0.352251,0.708093,0.412123,-0.367781
01324189,1523964244602,-11.2527,-1.76463,4.95905,0.374438,0.6698,0.167293,0.724621,-0.144468,-0.480211
01324188,1523964244602,-11.9616,-2.03265,-0.0966355,-0.0247465,0.516756,-0.115005,0.818915,-0.293324,-0.150175
01324185,1523964244602,-8.88663,-0.43315,-0.0194124,0.160606,0.125631,-0.683437,0.833616,0.309101,-0.308782
01324181,1523964244602,-8.69967,-0.14923,2.71755,0.232646,0.710566,-0.30459,0.826935,0.380924,-0.135137
01324180,1523964244602,-8.31152,-3.4501,0.219838,0.605902,-0.15859,-0.426586,0.70329,0.413117,-0.374307
01324189,1523964244618,-11.4081,-3.94526,5.65235,0.221123,0.5219,-0.0523252,0.726204,-0.149072,-0.472241
01324188,1523964244618,-10.4964,-2.64363,-0.0399493,0.451556,0.571286,-0.0808189,0.815924,-0.293514,-0.138843
01324185,1523964244618,-9.11439,-0.788084,-0.0351278,0.100458,0.0930674,-0.734132,0.829955,0.317594,-0.306762
01324181,1523964244618,-9.21856,-0.0121928,2.67538,0.188057,0.631977,-0.299845,0.826554,0.385072,-0.128845
01324180,1523964244618,-8.65264,-3.47419,0.293715,0.49957,-0.140145,-0.491237,0.697553,0.414721,-0.383103
01324189,1523964244635,-9.87947,-3.84407,3.53623,0.0746388,0.383512,-0.256338,0.72995,-0.147705,-0.466522
01324188,1523964244635,-8.82316,-1.20851,0.047091,0.843896,0.600567,-0.0988506,0.817282,-0.295046,-0.128458
01324185,1523964244635,-9.43831,-1.06533,0.00100144,0.159618,0.0535119,-0.750876,0.82615,0.327716,-0.308022
01324181,1523964244635,-9.41272,0.118965,2.65231,0.177201,0.551849,-0.282372,0.825491,0.38911,-0.121482
01324180,1523964244635,-8.98077,-3.55329,0.33358,0.405282,-0.104017,-0.560978,0.693789,0.417567,-0.387447
01324189,1523964244652,-8.58643,-1.61642,1.13421,0.0397572,0.334889,-0.256674,0.732745,-0.144307,-0.462248
01324188,1523964244652,-9.01281,1.0875,-1.32716,0.738635,0.63432,-0.115212,0.822154,-0.294306,-0.118109
01324185,1523964244652,-9.62896,-1.16998,0.102441,0.321774,0.0378814,-0.744108,0.821804,0.335443,-0.309258
01324181,1523964244652,-9.31045,0.217205,2.66798,0.239267,0.50819,-0.256267,0.82512,0.393235,-0.116252
01324180,1523964244652,-9.17513,-3.49783,0.351322,0.33501,-0.0940757,-0.631627,0.688702,0.4209,-0.396488
01324189,1523964244668,-8.18442,-0.134754,0.773858,0.126381,0.213157,-0.142536,0.733231,-0.141423,-0.457951
01324188,1523964244668,-9.97062,0.934073,-1.64319,0.190691,0.678901,-0.123914,0.823484,-0.291285,-0.108515
01324185,1523964244668,-9.5926,-1.20859,0.256568,0.479912,0.0238924,-0.66766,0.816921,0.342211,-0.309045
01324181,1523964244668,-9.2431,0.145293,2.57802,0.34045,0.473593,-0.220699,0.823983,0.394499,-0.111485
01324180,1523964244668,-8.99394,-3.30019,0.354176,0.304806,-0.0627667,-0.712472,0.681128,0.427126,-0.397197
01324189,1523964244685,-8.9423,-0.632735,0.406839,0.0451409,0.159094,-0.000409285,0.733068,-0.143412,-0.453952
01324188,1523964244685,-9.84752,-1.1694,-1.92107,0.0169701,0.630869,-0.180413,0.826181,-0.289701,-0.0998362
01324185,1523964244685,-9.41862,-1.22155,0.436083,0.591808,8.4021e-05,-0.562214,0.812435,0.347199,-0.31352
01324181,1523964244685,-9.41619,-0.152826,2.68647,0.366934,0.374957,-0.202596,0.823364,0.397887,-0.107433
01324180,1523964244685,-8.71131,-3.06939,0.300199,0.288834,-0.00559604,-0.768444,0.675989,0.432895,-0.401463
01324189,1523964244702,-10.0743,-1.21048,0.264343,-0.053356,0.236478,0.105953,0.73511,-0.14275,-0.454505
01324188,1523964244702,-9.08145,-1.94489,-2.11013,0.119075,0.543277,-0.201774,0.825352,-0.288406,-0.0899195
01324185,1523964244702,-9.39899,-1.22398,0.590629,0.733611,-0.06591,-0.497375,0.80694,0.352518,-0.319009
01324181,1523964244702,-9.49782,-0.316586,2.98613,0.33288,0.200028,-0.193617,0.821207,0.396954,-0.105664
01324180,1523964244702,-8.65944,-2.96237,0.281958,0.314672,0.0711448,-0.831026,0.667843,0.439821,-0.396478
01324189,1523964244718,-10.5663,-1.83894,-0.199494,-0.0381595,0.182887,0.12308,0.73619,-0.143491,-0.453186
01324188,1523964244718,-9.6603,-1.55733,-2.0586,0.133169,0.487448,-0.19354,0.827908,-0.285897,-0.0822575
01324185,1523964244718,-9.50954,-1.07403,0.576835,0.841167,-0.145749,-0.449335,0.804211,0.35336,-0.326583
01324181,1523964244718,-9.42111,-0.167832,3.16248,0.23301,0.0462705,-0.180875,0.819598,0.398074,-0.107796
01324180,1523964244718,-8.82422,-2.94511,0.292529,0.382377,0.142356,-0.872257,0.662561,0.445728,-0.399118
01324189,1523964244735,-10.6475,-2.19072,0.397237,0.176372,0.131429,0.0288591,0.735481,-0.145321,-0.449046
01324188,1523964244735,-10.2765,-1.46873,-1.99202,0.149117,0.413497,-0.171328,0.830331,-0.283374,-0.0779577
01324185,1523964244735,-9.61013,-0.755683,0.478387,0.886395,-0.246267,-0.417258,0.801215,0.353517,-0.333104
01324181,1523964244735,-9.47139,0.0450291,3.21121,0.139428,0.0236352,-0.155789,0.81957,0.401056,-0.108787
01324180,1523964244735,-9.02141,-3.03438,0.297363,0.49176,0.177068,-0.834376,0.656989,0.45132,-0.396764
01324189,1523964244752,-10.3683,-2.41945,1.34662,0.295375,0.0394874,-0.0701141,0.737239,-0.146509,-0.447204
01324188,1523964244752,-10.1777,-0.863335,-1.72394,0.089928,0.371853,-0.175739,0.830314,-0.28129,-0.0727127
01324185,1523964244752,-9.80004,-0.405564,0.286382,0.953982,-0.273529,-0.437533,0.797397,0.354461,-0.342765
01324181,1523964244752,-9.70792,0.25316,3.38441,0.0814587,0.0594323,-0.131986,0.818731,0.402943,-0.108021
01324180,1523964244752,-9.37917,-3.02813,0.221399,0.565141,0.178961,-0.825025,0.649998,0.454358,-0.399301
01324189,1523964244768,-9.90498,-2.15453,1.50821,0.484046,-0.0869592,-0.143966,0.734659,-0.14673,-0.447577
01324188,1523964244768,-9.84121,-0.730554,-1.57856,-0.000623944,0.351505,-0.158836,0.83137,-0.277116,-0.0689654
01324185,1523964244768,-10.0434,-0.108192,-0.0265368,0.972444,-0.259974,-0.475861,0.791413,0.35456,-0.352411
01324181,1523964244768,-10.0164,0.365908,3.45273,0.0616927,0.0768654,-0.0998158,0.817094,0.404128,-0.107232
01324180,1523964244768,-9.87269,-2.97447,0.0766983,0.60879,0.155648,-0.786106,0.644182,0.459984,-0.401803
01324189,1523964244785,-9.47149,-1.96394,2.08872,0.506829,-0.164911,-0.149152,0.733602,-0.15102,-0.448268
01324188,1523964244785,-9.68823,-1.21166,-1.47431,-0.0703231,0.344144,-0.155817,0.831903,-0.276215,-0.0635321
01324185,1523964244785,-10.323,0.105206,-0.264248,0.888412,-0.176867,-0.526418,0.784891,0.354116,-0.361005
01324181,1523964244785,-10.0174,0.436266,3.43688,0.0330119,0.0518029,-0.0663352,0.816281,0.404985,-0.107773
01324180,1523964244785,-10.3088,-2.87674,-0.0623663,0.620813,0.121174,-0.721092,0.640314,0.46081,-0.407402
01324189,1523964244802,-9.44485,-2.0381,1.88855,0.409991,-0.264034,-0.127976,0.732934,-0.152155,-0.448804
01324188,1523964244802,-9.76114,-1.32409,-1.56417,-0.092954,0.336506,-0.143671,0.833104,-0.273539,-0.0589382
01324185,1523964244802,-10.5421,0.222173,-0.226956,0.761743,-0.107179,-0.54709,0.781486,0.355103,-0.368317
01324181,1523964244802,-9.88255,0.423297,3.44524,-0.00633633,0.0807982,-0.0246183,0.817066,0.405581,-0.1062
01324180,1523964244802,-10.4502,-2.58308,-0.139474,0.599009,0.0564671,-0.642456,0.63388,0.462834,-0.411588
01324189,1523964244818,-9.24906,-2.06581,1.34517,0.272803,-0.273066,-0.112472,0.730106,-0.153386,-0.451055
01324188,1523964244818,-9.7291,-1.86141,-1.9831,-0.120802,0.300516,-0.122988,0.834315,-0.272259,-0.0556431
01324185,1523964244818,-10.5515,0.212726,-0.0905803,0.650996,-0.0654045,-0.525972,0.77781,0.361488,-0.373329
01324181,1523964244818,-10.0619,0.326373,3.67054,-0.0429735,0.0918637,-0.000212206,0.817044,0.405771,-0.104078
01324180,1523964244818,-10.3603,-2.2289,-0.204322,0.485967,0.00719426,-0.564326,0.628264,0.46589,-0.421302
01324189,1523964244835,-9.74849,-2.27022,0.889757,0.14736,-0.226835,-0.121771,0.729053,-0.153089,-0.454919
01324188,1523964244835,-9.96003,-2.24388,-2.33882,-0.0892199,0.234558,-0.089882,0.833765,-0.271492,-0.0531656
01324185,1523964244835,-10.4477,0.149637,0.0803196,0.561048,-0.0236945,-0.492145,0.774006,0.363952,-0.377127
01324181,1523964244835,-10.2214,0.239541,3.70982,-0.0617945,0.0036171,0.00947657,0.817028,0.405806,-0.102485
01324180,1523964244835,-10.2576,-1.94759,-0.211442,0.324735,-0.019887,-0.510103,0.623946,0.470048,-0.425206
01324189,1523964244852,-10.2062,-2.60898,0.579436,0.00310533,-0.15361,-0.109865,0.72878,-0.152221,-0.45531
01324188,1523964244852,-10.0062,-2.32179,-2.55435,0.0019055,0.106835,-0.0375601,0.835112,-0.270113,-0.0520195
01324185,1523964244852,-10.5004,0.116462,0.30129,0.45698,0.0343689,-0.419252,0.77156,0.366159,-0.379622
01324181,1523964244852,-10.1334,0.0754493,3.9019,-0.0563783,-0.0312833,-0.0132529,0.81864,0.406206,-0.102776
01324180,1523964244852,-10.2281,-1.79253,-0.232054,0.177287,-0.0257069,-0.46445,0.621923,0.471833,-0.426896
01324189,1523964244868,-10.2621,-2.5461,0.595033,-0.0678363,-0.103614,-0.0782016,0.726638,-0.152326,-0.458898
01324188,1523964244868,-9.91383,-2.18474,-2.54668,0.0563024,0.0351747,0.00451637,0.835251,-0.270759,-0.0507157
01324185,1523964244868,-10.6113,0.0739165,0.413233,0.367801,0.0731044,-0.327528,0.768034,0.367549,-0.380668
01324181,1523964244868,-10.1116,-0.0430615,3.76907,-0.0645139,-0.0848972,0.00613912,0.817434,0.406629,-0.103835
01324180,1523964244868,-10.2507,-1.73494,-0.224708,0.0449589,-0.0246007,-0.368554,0.617424,0.476084,-0.421479
01324189,1523964244885,-9.9259,-2.3164,0.661091,-0.123338,-0.0987772,-0.0660248,0.726098,-0.15045,-0.460482
01324188,1523964244885,-9.95207,-2.05056,-2.40561,0.0864059,-0.0647609,0.0549452,0.835114,-0.270441,-0.0512325
01324185,1523964244885,-10.7076,0.0649609,0.495093,0.285422,0.106446,-0.240883,0.766943,0.370894,-0.382525
01324181,1523964244885,-9.99428,-0.0585983,3.69767,-0.0610307,-0.0810792,0.022509,0.81623,0.406909,-0.10489
01324180,1523964244885,-10.3235,-1.72628,-0.210869,-0.0559493,-0.0055393,-0.288159,0.613379,0.478918,-0.422983
01324189,1523964244902,-9.81342,-2.16946,0.798483,-0.202933,-0.0625258,-0.0343965,0.724875,-0.150132,-0.460866
01324188,1523964244902,-9.75739,-1.71202,-2.64845,0.0988463,-0.168632,0.078693,0.834709,-0.270649,-0.0528555
01324185,1523964244902,-10.775,0.118327,0.470741,0.150545,0.105151,-0.147162,0.767489,0.369652,-0.381209
01324181,1523964244902,-9.99531,-0.00762809,3.65563,-0.0814552,-0.0350863,0.0246904,0.816915,0.405481,-0.104337
01324180,1523964244902,-10.2983,-1.81576,-0.167612,-0.104665,0.0346799,-0.205574,0.612105,0.482093,-0.416959
01324189,1523964244918,-10.0867,-1.93563,1.10012,-0.242256,-0.0265504,0.0169885,0.725706,-0.149014,-0.463007
01324188,1523964244918,-9.84268,-1.21595,-2.51271,0.0101216,-0.25119,0.09131,0.833111,-0.275181,-0.0550032
01324185,1523964244918,-10.7268,0.098784,0.490714,0.00109542,0.0985989,-0.0653221,0.767759,0.370778,-0.381221
01324181,1523964244918,-9.98316,0.150236,3.62612,-0.0833646,-0.00807769,0.0507658,0.817434,0.406906,-0.104239
01324180,1523964244918,-10.2376,-1.85441,-0.097143,-0.120889,0.0679935,-0.122827,0.610748,0.483567,-0.41691
01324189,1523964244935,-10.1617,-1.58715,1.08747,-0.265565,-0.00295888,0.0381991,0.726792,-0.147321,-0.463808
01324188,1523964244935,-10.1715,-1.20159,-2.32256,0.0104379,-0.355311,0.106047,0.833382,-0.27456,-0.0590056
01324185,1523964244935,-10.6303,0.127058,0.471733,-0.143819,0.0614269,0.0405103,0.767762,0.370522,-0.379912
01324181,1523964244935,-10.0445,0.387329,3.55115,-0.101352,-0.014561,0.0835058,0.8184,0.405171,-0.104478
01324180,1523964244935,-10.092,-1.91873,-0.0163184,-0.11751,0.0822227,-0.0471483,0.610978,0.486016,-0.415243
01324189,1523964244952,-10.2228,-1.75436,0.810518,-0.285899,0.038638,0.0220711,0.726382,-0.145159,-0.46499
01324188,1523964244952,-10.143,-1.37413,-2.49208,0.0141339,-0.449141,0.120985,0.832718,-0.275926,-0.066889
01324185,1523964244952,-10.4329,0.0342811,0.410857,-0.214103,0.0567831,0.12222,0.769666,0.368169,-0.377676
01324181,1523964244952,-10.1873,0.637973,3.52853,-0.153184,-0.0112119,0.123354,0.818282,0.403469,-0.103911
01324180,1523964244952,-9.97487,-2.00205,0.0037024,-0.129231,0.0996261,0.0434044,0.612587,0.487312,-0.418482
01324189,1523964244968,-10.1481,-2.09595,0.470246,-0.299894,0.093964,0.023683,0.728401,-0.14133,-0.465117
01324188,1523964244968,-10.0225,-1.46312,-2.23953,0.00745921,-0.540211,0.132348,0.830969,-0.277507,-0.072888
01324185,1523964244968,-10.3656,0.0193242,0.311076,-0.281487,0.0317083,0.190477,0.770895,0.36725,-0.374145
01324181,1523964244968,-10.2678,0.787374,3.60726,-0.176628,-0.0501852,0.167914,0.821155,0.399712,-0.103862
01324180,1523964244968,-9.9783,-1.92231,-0.00797736,-0.140517,0.107092,0.106704,0.614308,0.488138,-0.41633
01324189,1523964244985,-10.1029,-2.50957,0.22761,-0.202734,0.120516,0.0115139,0.727448,-0.141161,-0.465104
01324188,1523964244985,-10.1596,-1.92859,-2.15,0.118554,-0.662243,0.144151,0.829355,-0.279046,-0.0798283
01324185,1523964244985,-10.3708,0.0191868,0.126896,-0.293925,0.0357484,0.227887,0.77225,0.370517,-0.372744
01324181,1523964244985,-10.1917,0.90973,3.42187,-0.271123,-0.11698,0.198629,0.820868,0.399617,-0.101865
01324180,1523964244985,-10.041,-1.9225,-0.059344,-0.20987,0.101198,0.214373,0.616466,0.48547,-0.412769
01324189,1523964245002,-10.2053,-2.80347,-0.114743,-0.0475367,0.15338,-0.0093316,0.731256,-0.140113,-0.465541
01324188,1523964245002,-10.3169,-1.99125,-2.42015,0.278545,-0.791238,0.191604,0.828016,-0.280602,-0.0895995
01324185,1523964245002,-10.4577,0.135115,-0.0695378,-0.349713,0.0471969,0.26021,0.775507,0.368865,-0.37065
01324181,1523964245002,-10.1264,0.915313,3.47289,-0.349738,-0.133754,0.253881,0.822511,0.397587,-0.102105
01324180,1523964245002,-10.1949,-1.97956,-0.0853288,-0.259328,0.0659772,0.301748,0.617653,0.486602,-0.411684
01324189,1523964245019,-10.2366,-2.75884,-0.581501,0.126797,0.196382,-0.0194901,0.731763,-0.140825,-0.461273
01324188,1523964245019,-10.0869,-1.9246,-2.76428,0.376681,-0.92326,0.258126,0.825614,-0.285941,-0.0990556
01324185,1523964245019,-10.5057,0.265336,-0.170726,-0.418759,0.0554296,0.311269,0.777953,0.366797,-0.368287
01324181,1523964245019,-10.0528,0.879908,3.33156,-0.396069,-0.188486,0.263881,0.823074,0.395023,-0.101261
01324180,1523964245019,-10.2907,-2.05073,-0.0818216,-0.32238,0.0170567,0.369584,0.623291,0.484749,-0.409373
01324189,1523964245035,-9.97267,-2.39707,-0.932694,0.187236,0.242239,-0.0283177,0.735687,-0.142638,-0.457988
01324188,1523964245035,-9.73904,-1.98271,-2.56672,0.358019,-1.03762,0.313436,0.824042,-0.293359,-0.111075
01324185,1523964245035,-10.5057,0.313445,-0.21975,-0.517902,0.0683011,0.35722,0.781482,0.36813,-0.364785
01324181,1523964245035,-9.78581,0.837208,3.04187,-0.456659,-0.188999,0.292447,0.826121,0.389227,-0.102766
01324180,1523964245035,-10.2826,-2.11332,-0.0893366,-0.383964,-0.0287984,0.459408,0.62757,0.483485,-0.4046
01324189,1523964245052,-9.71463,-2.04295,-1.02337,0.13277,0.269445,-0.0570366,0.740698,-0.142328,-0.455769
01324188,1523964245052,-9.70536,-2.00437,-2.2419,0.295687,-1.15683,0.345334,0.82028,-0.297356,-0.12689
01324185,1523964245052,-10.337,0.172855,-0.104207,-0.62006,0.0619184,0.413468,0.783939,0.363733,-0.359005
01324181,1523964245052,-9.492,0.77762,3.02316,-0.511772,-0.207811,0.28636,0.827642,0.385781,-0.102444
01324180,1523964245052,-10.1162,-2.09273,-0.0247613,-0.443141,-0.071656,0.485954,0.632401,0.482231,-0.403075
01324189,1523964245069,-9.4803,-1.3434,-0.927887,0.066063,0.274359,-0.0910828,0.740525,-0.142161,-0.452021
01324188,1523964245069,-9.68395,-1.39923,-1.8962,0.208855,-1.27532,0.362889,0.816129,-0.304542,-0.139805
01324185,1523964245069,-10.0137,0.0555036,0.145204,-0.684107,0.0457555,0.496916,0.78842,0.362546,-0.354698
01324181,1523964245069,-9.28121,0.881958,3.0853,-0.641611,-0.29415,0.266999,0.829118,0.385632,-0.101792
01324180,1523964245069,-9.68589,-2.11295,0.0832539,-0.495935,-0.0905202,0.539014,0.636699,0.482165,-0.404895
01324189,1523964245085,-9.36136,-0.655776,-0.441239,0.00316439,0.250849,-0.112597,0.743765,-0.140083,-0.450705
01324188,1523964245085,-9.61785,-0.457207,-1.47689,0.0303651,-1.36664,0.372145,0.811828,-0.308732,-0.15751
01324185,1523964245085,-9.7532,-0.116839,0.388166,-0.690614,0.00424763,0.568572,0.792498,0.360388,-0.349598
01324181,1523964245085,-9.38913,0.94388,2.93852,-0.794586,-0.342232,0.260193,0.829968,0.3833,-0.103213
01324180,1523964245085,-9.38143,-2.11007,0.14908,-0.559183,-0.0804681,0.548288,0.641129,0.479596,-0.40042
01324189,1523964245102,-9.3617,-0.149784,0.426489,-0.0911549,0.195,-0.0968108,0.748374,-0.140626,-0.448622
01324188,1523964245102,-9.53403,0.048951,-0.798668,-0.184939,-1.4158,0.338258,0.805767,-0.313341,-0.178046
01324185,1523964245102,-9.74373,-0.249226,0.491029,-0.621237,-0.0473551,0.585835,0.797656,0.3565,-0.346574
01324181,1523964245102,-9.46889,0.710116,2.83623,-0.846132,-0.430149,0.244127,0.832951,0.381263,-0.102936
01324180,1523964245102,-9.49683,-2.19439,0.234497,-0.653885,-0.0884174,0.57665,0.64473,0.480099,-0.398303
01324189,1523964245119,-9.27794,0.299177,1.39017,-0.237019,0.124195,-0.0438686,0.749696,-0.1372,-0.446737
01324188,1523964245119,-9.5523,0.418944,0.0981779,-0.276562,-1.41263,0.274802,0.798077,-0.317791,-0.198282
01324185,1523964245119,-9.83053,-0.239052,0.49464,-0.592799,-0.0634273,0.592729,0.800647,0.351472,-0.344315
01324181,1523964245119,-9.23124,0.467974,2.73613,-0.899488,-0.611116,0.220287,0.83162,0.381664,-0.105056
01324180,1523964245119,-9.61105,-2.34071,0.24708,-0.715416,-0.0990537,0.614858,0.650257,0.474159,-0.390806
01324189,1523964245135,-9.04884,0.607746,2.29291,-0.456335,0.0437902,0.0354718,0.751458,-0.134662,-0.44754
01324188,1523964245135,-9.83476,0.566099,0.585174,-0.369906,-1.42456,0.235037,0.793901,-0.319931,-0.21936
01324185,1523964245135,-9.87595,-0.0895014,0.485341,-0.64955,-0.0484812,0.62332,0.806077,0.348159,-0.340644
01324181,1523964245135,-8.79433,0.179529,2.80242,-0.891535,-0.635785,0.228592,0.833551,0.380003,-0.10783
01324180,1523964245135,-9.57957,-2.53874,0.289803,-0.780245,-0.111146,0.636286,0.656815,0.47315,-0.386871
01324189,1523964245152,-8.98923,0.521746,3.02689,-0.62532,-0.0405854,0.104362,0.753511,-0.129991,-0.451672
01324188,1523964245152,-10.1172,0.723,1.05764,-0.492026,-1.39422,0.216779,0.790251,-0.319889,-0.237482
01324185,1523964245152,-9.74792,-0.0517361,0.527999,-0.77888,-0.0448674,0.682942,0.810014,0.342559,-0.338775
01324181,1523964245152,-8.53929,-0.137793,2.91639,-0.877274,-0.622571,0.226913,0.834153,0.377628,-0.111372
01324180,1523964245152,-9.30727,-2.6791,0.398032,-0.811849,-0.102545,0.635171,0.661381,0.47161,-0.385348
01324189,1523964245169,-9.18447,-0.0262461,3.6906,-0.842648,-0.124383,0.189135,0.75543,-0.126321,-0.45541
01324188,1523964245169,-10.2215,0.662737,1.45849,-0.607309,-1.35221,0.173951,0.783753,-0.319686,-0.25798
01324185,1523964245169,-9.52153,-0.180733,0.54875,-0.956508,-0.06916,0.723217,0.814637,0.338292,-0.333526
01324181,1523964245169,-8.55522,-0.448468,2.85221,-0.830177,-0.593015,0.244298,0.834915,0.373664,-0.115547
01324180,1523964245169,-8.96062,-2.75538,0.463835,-0.820755,-0.0831416,0.624604,0.667778,0.471747,-0.378688
01324189,1523964245185,-9.53768,-0.549562,4.49549,-1.02323,-0.314674,0.272484,0.755042,-0.120873,-0.460846
01324188,1523964245185,-10.1704,0.758738,1.49573,-0.727902,-1.28002,0.150912,0.777251,-0.3187,-0.279641
01324185,1523964245185,-9.33396,-0.381735,0.552493,-1.11937,-0.111064,0.778907,0.818719,0.33248,-0.327998
01324181,1523964245185,-8.5769,-0.69612,2.77229,-0.787378,-0.596763,0.230372,0.834427,0.372446,-0.119235
01324180,1523964245185,-8.76454,-2.79746,0.552525,-0.865537,-0.0683613,0.619974,0.67341,0.469298,-0.373688
01324189,1523964245202,-9.16273,-1.22721,5.0018,-1.2328,-0.366858,0.296699,0.749789,-0.116747,-0.468911
01324188,1523964245202,-10.0002,1.03982,1.90097,-0.956424,-1.179,0.169054,0.768859,-0.319406,-0.298693
01324185,1523964245202,-9.21912,-0.630553,0.431245,-1.27679,-0.181566,0.798222,0.825505,0.331164,-0.323045
01324181,1523964245202,-8.70791,-0.804403,2.75421,-0.771478,-0.615862,0.24744,0.834354,0.370364,-0.12291
01324180,1523964245202,-8.60308,-2.94565,0.591957,-0.925249,-0.0518866,0.616123,0.677126,0.468747,-0.365112
01324189,1523964245219,-9.0428,-2.29268,5.62544,-1.41982,-0.349285,0.320027,0.745222,-0.110922,-0.478576
01324188,1523964245219,-9.82228,0.800899,2.18573,-1.21124,-1.03772,0.180398,0.761115,-0.31528,-0.318526
01324185,1523964245219,-9.33133,-0.916583,0.198781,-1.42187,-0.249562,0.817559,0.828094,0.32731,-0.318315
01324181,1523964245219,-8.94004,-0.831468,2.82569,-0.712811,-0.640502,0.247101,0.836002,0.370264,-0.126378
01324180,1523964245219,-8.6575,-3.20668,0.56099,-1.01204,-0.0344201,0.603336,0.684717,0.469729,-0.358046
01324189,1523964245235,-9.63986,-3.83024,6.37562,-1.50409,-0.437995,0.269413,0.748217,-0.102543,-0.483893
01324188,1523964245235,-9.29828,-0.089216,1.61695,-1.13859,-0.836551,0.156667,0.758939,-0.311841,-0.3413
01324185,1523964245235,-9.66104,-1.26638,-0.154739,-1.54316,-0.307632,0.796885,0.833115,0.32483,-0.315304
01324181,1523964245235,-9.54418,-0.867822,2.94327,-0.709461,-0.643376,0.276528,0.836743,0.368988,-0.131936
01324180,1523964245235,-8.96096,-3.62911,0.449366,-1.08261,-0.0167047,0.626715,0.689995,0.470416,-0.343121
01324189,1523964245252,-10.1567,-4.94473,6.65825,-1.48,-0.58499,0.143725,0.744438,-0.0922795,-0.493398
01324188,1523964245252,-8.82442,-0.161256,0.627212,-0.830415,-0.567414,0.207839,0.75472,-0.308064,-0.355008
01324185,1523964245252,-10.2271,-1.64356,-0.473594,-1.61461,-0.358361,0.769359,0.835842,0.321564,-0.309274
01324181,1523964245252,-9.56494,-1.01861,3.08851,-0.560063,-0.628919,0.281373,0.83765,0.365415,-0.137715
01324180,1523964245252,-9.44305,-4.07771,0.33102,-1.11794,-0.04341,0.686963,0.696937,0.469379,-0.335682
01324189,1523964245269,-10.5669,-5.26144,6.96551,-1.19975,-0.717407,0.0188389,0.738904,-0.081834,-0.504486
01324188,1523964245269,-8.61272,-0.602406,-1.23794,-0.579849,-0.13231,0.176345,0.752268,-0.3057,-0.361021
01324185,1523964245269,-10.5614,-2.00765,-0.690894,-1.635,-0.414636,0.76302,0.839512,0.317548,-0.30559
01324181,1523964245269,-9.26276,-0.874417,3.20843,-0.506726,-0.619977,0.284637,0.836955,0.360448,-0.142916
01324180,1523964245269,-9.64527,-4.4873,0.259124,-1.13183,-0.111604,0.763707,0.702534,0.468358,-0.327007
01324189,1523964245285,-10.4348,-5.32959,6.85626,-0.730472,-0.857012,-0.00600754,0.728892,-0.0728532,-0.515802
01324188,1523964245285,-8.94893,0.0258876,-1.26027,-0.536644,0.388832,0.124764,0.754153,-0.30385,-0.357699
01324185,1523964245285,-10.5865,-2.32776,-0.73748,-1.58057,-0.421862,0.798737,0.84399,0.316047,-0.302979
01324181,1523964245285,-9.67435,-0.758265,3.55615,-0.528798,-0.533764,0.256244,0.837262,0.360773,-0.147441
01324180,1523964245285,-9.58737,-4.78191,0.103393,-1.12494,-0.17109,0.847646,0.70926,0.465329,-0.325006
01324189,1523964245302,-9.81397,-5.15082,6.15117,-0.318123,-0.891787,-0.0313456,0.72202,-0.0679749,-0.525716
01324188,1523964245302,-9.68848,1.41052,-1.65452,-0.647745,0.859785,0.0971631,0.758748,-0.301988,-0.34943
01324185,1523964245302,-10.6985,-2.65215,-0.792435,-1.39379,-0.384877,0.803428,0.848472,0.310608,-0.300068
01324181,1523964245302,-9.82778,-0.677716,3.70577,-0.465389,-0.507968,0.209752,0.836533,0.358522,-0.152699
01324180,1523964245302,-9.85634,-5.04633,-0.074699,-1.14247,-0.24307,0.940215,0.717044,0.461969,-0.319516
01324189,1523964245319,-9.22733,-4.23699,5.57979,-0.119657,-0.948482,-0.054695,0.716808,-0.0670253,-0.53608
01324188,1523964245319,-9.70361,2.57857,-1.79736,-0.732113,1.25355,0.145123,0.763079,-0.300999,-0.344173
01324185,1523964245319,-10.9069,-2.93503,-0.872806,-1.16299,-0.313482,0.76875,0.850376,0.306415,-0.298337
01324181,1523964245319,-9.51861,-0.508983,3.58135,-0.421434,-0.478057,0.153747,0.838581,0.358843,-0.156312
01324180,1523964245319,-10.2187,-5.38928,-0.234799,-1.14024,-0.362627,1.0484,0.724028,0.458481,-0.314422
01324189,1523964245335,-8.72745,-3.12503,5.29254,-0.0541808,-0.963162,-0.0732196,0.708487,-0.0651436,-0.549077
01324188,1523964245335,-9.69239,3.69653,-1.68486,-0.880418,1.5899,0.289371,0.770519,-0.29957,-0.327756
01324185,1523964245335,-10.9695,-2.91536,-0.855769,-0.926889,-0.23436,0.716969,0.853363,0.301074,-0.297642
01324181,1523964245335,-9.13649,-0.407317,3.45627,-0.322376,-0.334401,0.1244,0.838361,0.357901,-0.160274
01324180,1523964245335,-10.3962,-5.65126,-0.312894,-1.07796,-0.495434,1.12696,0.732958,0.450488,-0.312958
01324189,1523964245352,-8.22709,-2.28112,5.4233,-0.0246164,-0.916936,-0.0519886,0.702062,-0.0664615,-0.559178
01324188,1523964245352,-9.95881,2.87817,-1.74996,-1.16301,1.88247,0.416311,0.781219,-0.299736,-0.303405
01324185,1523964245352,-10.7706,-2.59628,-0.746248,-0.768134,-0.141212,0.668521,0.857708,0.296334,-0.294999
01324181,1523964245352,-8.94947,-0.390528,3.43058,-0.176127,-0.175782,0.0856114,0.838411,0.356121,-0.163159
01324180,1523964245352,-10.1678,-5.74559,-0.270095,-1.02689,-0.578459,1.20927,0.739332,0.443703,-0.312107
01324189,1523964245369,-7.86354,-1.76534,5.49692,-0.0118542,-0.882544,0.00299866,0.692357,-0.0653917,-0.569223
01324188,1523964245369,-10.1962,2.0905,-1.3896,-1.02933,2.10654,0.543574,0.790555,-0.298225,-0.283238
01324185,1523964245369,-10.3206,-2.14879,-0.685193,-0.712603,-0.0651801,0.654257,0.861514,0.287359,-0.292836
01324181,1523964245369,-8.88288,-0.438148,3.29185,-0.0281711,-0.0665209,0.0550448,0.839383,0.354928,-0.164738
01324180,1523964245369,-9.6076,-5.73124,-0.0905334,-1.0063,-0.659756,1.1964,0.747123,0.430517,-0.31154
01324189,1523964245385,-7.32026,-0.912124,5.24978,-0.00690074,-0.858418,0.129012,0.683752,-0.0663644,-0.579297
01324188,1523964245385,-10.0615,1.90518,-1.5093,-0.518579,2.26676,0.743561,0.79858,-0.304508,-0.25789
01324185,1523964245385,-9.81312,-1.88698,-0.556752,-0.724166,-0.0425114,0.613185,0.864507,0.283484,-0.289151
01324181,1523964245385,-8.80199,-0.485589,3.14113,0.0717309,0.0551673,0.0307689,0.83925,0.353953,-0.163654
01324180,1523964245385,-8.98838,-5.75874,0.00236781,-0.992244,-0.679666,1.13818,0.753097,0.424036,-0.311893
01324189,1523964245402,-6.78433,-0.903766,4.79384,0.084196,-0.771243,0.32095,0.676236,-0.0700897,-0.587666
01324188,1523964245402,-9.92826,1.97905,-1.45325,0.0558763,2.41703,0.937668,0.803373,-0.315474,-0.224718
01324185,1523964245402,-9.41227,-1.8027,-0.443755,-0.746821,-0.0762626,0.558906,0.868176,0.278752,-0.286114
01324181,1523964245402,-8.68729,-0.498717,3.05277,0.166138,0.122334,0.0232643,0.840185,0.353957,-0.162867
01324180,1523964245402,-8.57035,-5.77466,0.146539,-0.782292,-0.682968,1.07433,0.758426,0.41495,-0.310938
01324189,1523964245419,-6.7906,-1.61233,4.04987,0.198329,-0.630826,0.422353,0.669805,-0.0759922,-0.594327
01324188,1523964245419,-10.1392,2.48401,-1.48988,0.595584,2.47429,1.13222,0.807252,-0.332302,-0.190421
01324185,1523964245419,-9.14218,-1.92222,-0.291523,-0.760475,-0.145534,0.487869,0.870892,0.274128,-0.284773
01324181,1523964245419,-8.60679,-0.531588,2.88003,0.24271,0.125812,0.0161362,0.840033,0.355109,-0.162624
01324180,1523964245419,-8.34606,-5.36163,0.146164,-0.657269,-0.664912,0.983869,0.762031,0.406358,-0.314809
01324189,1523964245435,-7.02313,-2.22758,3.27789,0.252358,-0.477745,0.457828,0.663378,-0.0839043,-0.600201
01324188,1523964245435,-10.1949,3.10193,-1.90417,0.920471,2.50908,1.27995,0.807891,-0.352163,-0.15237
01324185,1523964245435,-8.95903,-2.00277,-0.252435,-0.695141,-0.215595,0.413366,0.872518,0.273421,-0.284902
01324181,1523964245435,-8.51167,-0.569151,2.72197,0.253445,0.136341,0.0127241,0.842873,0.353925,-0.162629
01324180,1523964245435,-8.17696,-5.32531,0.0948435,-0.558768,-0.62939,0.891522,0.766423,0.399643,-0.319869
01324189,1523964245452,-6.94006,-2.25271,2.81411,0.415439,-0.341409,0.464317,0.661314,-0.093656,-0.605872
01324188,1523964245452,-10.3289,3.47987,-2.09186,0.950462,2.50782,1.37216,0.806921,-0.375446,-0.109129
01324185,1523964245452,-8.95461,-2.14726,-0.251138,-0.522307,-0.234026,0.322297,0.873329,0.268444,-0.287338
01324181,1523964245452,-8.58033,-0.531069,2.62904,0.260625,0.16279,0.00777036,0.842608,0.353643,-0.16262
01324180,1523964245452,-8.28415,-5.42729,0.0303987,-0.460379,-0.588643,0.801877,0.769485,0.393258,-0.327604
01324189,1523964245469,-7.27029,-1.81206,2.95158,0.614423,-0.184522,0.492293,0.656878,-0.103889,-0.6051
01324188,1523964245469,-10.3349,3.84037,-1.9194,0.773836,2.48922,1.45304,0.802809,-0.395032,-0.0689822
01324185,1523964245469,-9.20045,-2.07351,-0.265635,-0.357506,-0.216985,0.24977,0.873874,0.26691,-0.286542
01324181,1523964245469,-8.78348,-0.373413,2.70682,0.308717,0.196317,-0.00240238,0.844365,0.352767,-0.162355
01324180,1523964245469,-8.49844,-5.4823,-0.0275832,-0.360228,-0.549667,0.714025,0.772536,0.386565,-0.332374
01324189,1523964245485,-7.54824,-1.01943,2.83839,0.861641,-0.112734,0.547225,0.654508,-0.115336,-0.606233
01324188,1523964245485,-10.0672,3.65088,-1.8572,0.551897,2.41206,1.51886,0.796257,-0.414136,-0.0351005
01324185,1523964245485,-9.4994,-2.05717,-0.221463,-0.225391,-0.176584,0.193301,0.875632,0.265896,-0.287975
01324181,1523964245485,-8.93676,-0.288027,2.87808,0.365617,0.182207,-0.00698545,0.84412,0.3498,-0.16083
01324180,1523964245485,-8.7016,-5.48716,-0.0223429,-0.246752,-0.521126,0.623556,0.774663,0.379024,-0.337958
01324189,1523964245502,-7.44825,-0.0889897,2.79041,1.08076,-0.00269137,0.649894,0.651876,-0.13309,-0.604472
01324188,1523964245502,-9.81246,3.23069,-1.89869,0.29774,2.26939,1.57225,0.786732,-0.435123,-0.000357214
01324185,1523964245502,-9.62252,-2.04203,-0.30127,-0.105898,-0.151944,0.130106,0.875899,0.264301,-0.290311
01324181,1523964245502,-8.95203,-0.288134,2.78863,0.411951,0.22994,-0.0110264,0.84628,0.349475,-0.161244
01324180,1523964245502,-8.87222,-5.41004,0.0295856,-0.161496,-0.477834,0.534783,0.776492,0.374393,-0.344559
01324189,1523964245519,-7.6879,0.387945,3.17731,1.15517,0.0744875,0.763767,0.651289,-0.152333,-0.602344
01324188,1523964245519,-9.73178,2.8103,-1.8185,0.0469255,2.09492,1.57042,0.775584,-0.456246,0.0286104
01324185,1523964245519,-9.59065,-1.91214,-0.226327,0.0249124,-0.118616,0.0651033,0.875082,0.262994,-0.292385
01324181,1523964245519,-9.05778,-0.323313,2.74275,0.465546,0.311796,-0.0363151,0.846127,0.350492,-0.160599
01324180,1523964245519,-9.01188,-5.29138,0.0675435,-0.0980054,-0.4506,0.456313,0.777115,0.368607,-0.348195
01324189,1523964245535,-7.83525,0.783619,3.04417,1.08867,0.229008,0.88766,0.651797,-0.177916,-0.596802
01324188,1523964245535,-9.54077,2.13055,-1.94859,-0.169076,1.87322,1.54178,0.760798,-0.480712,0.0525692
01324185,1523964245535,-9.6036,-1.44007,-0.133574,0.118532,-0.0426794,-0.00352943,0.87725,0.260443,-0.293152
01324181,1523964245535,-9.2853,-0.258007,2.66276,0.44961,0.336411,-0.0446219,0.847088,0.346964,-0.15788
01324180,1523964245535,-9.01087,-5.21247,0.140492,-0.0339669,-0.434957,0.342558,0.776019,0.361555,-0.353451
01324189,1523964245552,-8.06256,1.31642,3.13649,0.922618,0.420824,0.983625,0.65239,-0.197168,-0.590007
01324188,1523964245552,-9.1842,1.81345,-1.61157,-0.413795,1.57822,1.46701,0.747062,-0.499078,0.0733969
01324185,1523964245552,-9.61255,-1.26175,-0.0306917,0.134119,0.0532026,-0.0892081,0.875893,0.260567,-0.294063
01324181,1523964245552,-9.43752,-0.138564,2.73678,0.426599,0.313796,-0.072301,0.848275,0.347834,-0.156582
01324180,1523964245552,-9.07058,-5.1299,0.256372,0.0365672,-0.389677,0.237858,0.776093,0.357675,-0.359202
01324189,1523964245569,-8.20367,1.88042,2.83814,0.634641,0.632811,1.07201,0.653765,-0.212409,-0.582119
01324188,1523964245569,-8.9941,0.913683,-1.30648,-0.519019,1.24183,1.35998,0.735352,-0.515336,0.0858516
01324185,1523964245569,-9.62654,-1.17488,0.0879053,0.153912,0.0681571,-0.159062,0.876706,0.262699,-0.293041
01324181,1523964245569,-9.37489,0.00293225,2.68617,0.431888,0.307742,-0.0646465,0.850129,0.348709,-0.154628
01324180,1523964245569,-8.94241,-4.97473,0.335815,0.124525,-0.327366,0.117538,0.77722,0.355958,-0.366275
01324189,1523964245585,-8.7343,2.19854,2.29681,0.259162,0.821536,1.11492,0.655675,-0.227372,-0.573433
01324188,1523964245585,-8.86673,0.0566961,-0.878546,-0.40343,0.875701,1.26741,0.723501,-0.530115,0.0947666
01324185,1523964245585,-9.59693,-0.987196,0.159924,0.180986,0.0617835,-0.242406,0.875624,0.264842,-0.291491
01324181,1523964245585,-9.38628,0.138665,2.67866,0.424861,0.320732,-0.0791775,0.849606,0.347293,-0.154327
01324180,1523964245585,-8.90236,-4.74837,0.434123,0.202376,-0.286854,-0.00999409,0.774975,0.355009,-0.370582
01324189,1523964245602,-9.17706,2.19293,1.82641,-0.120336,0.908355,1.09668,0.659739,-0.23808,-0.565004
01324188,1523964245602,-8.50111,-0.465189,-0.917575,-0.227942,0.547004,1.15887,0.710167,-0.545766,0.0979928
01324185,1523964245602,-9.52422,-0.88169,0.182417,0.185444,0.066257,-0.3207,0.874939,0.269181,-0.292967
01324181,1523964245602,-9.35637,0.197297,2.61494,0.423095,0.326026,-0.0791413,0.850898,0.348786,-0.150653
01324180,1523964245602,-8.91061,-4.51246,0.488509,0.225685,-0.223621,-0.142974,0.771649,0.355686,-0.377001
01324189,1523964245619,-9.2147,1.87464,1.42947,-0.402804,1.03203,1.05553,0.66787,-0.248887,-0.555019
01324188,1523964245619,-8.62944,-1.16664,-0.529971,-0.0498782,0.192335,1.00219,0.699419,-0.562458,0.0976221
01324185,1523964245619,-9.60612,-0.885938,0.244199,0.226826,0.107523,-0.380523,0.872359,0.274521,-0.293663
01324181,1523964245619,-9.30632,0.180961,2.54796,0.378574,0.336789,-0.0668505,0.851567,0.347674,-0.148778
01324180,1523964245619,-9.06746,-4.38213,0.545698,0.241949,-0.16679,-0.263727,0.769597,0.359495,-0.377705
01324189,1523964245635,-9.28914,1.01045,1.26303,-0.580608,1.14086,1.02454,0.675423,-0.256364,-0.543529
01324188,1523964245635,-8.55752,-1.40645,-1.45248,0.281278,-0.131096,0.852255,0.69175,-0.572571,0.0987009
01324185,1523964245635,-9.7268,-0.933313,0.274116,0.251004,0.127898,-0.43168,0.871273,0.278193,-0.293172
01324181,1523964245635,-9.18955,0.116787,2.61031,0.380306,0.344011,-0.058195,0.851389,0.349164,-0.146151
01324180,1523964245635,-9.15353,-4.27443,0.538198,0.281113,-0.109549,-0.400179,0.766124,0.360305,-0.381689
01324189,1523964245652,-9.47431,-0.0578267,1.38986,-0.633225,1.21046,0.981644,0.679587,-0.260604,-0.535318
01324188,1523964245652,-9.13638,-2.2412,0.316406,0.369719,-0.426843,0.682256,0.688395,-0.578797,0.102257
01324185,1523964245652,-9.82081,-0.951937,0.331711,0.272323,0.150216,-0.467545,0.870867,0.282873,-0.291518
01324181,1523964245652,-9.07672,0.142574,2.37628,0.318131,0.445725,-0.0502538,0.853117,0.348355,-0.142832
01324180,1523964245652,-9.22543,-4.14993,0.555098,0.32259,-0.0457181,-0.515469,0.765181,0.362964,-0.387158
01324189,1523964245669,-9.89552,-0.754386,1.77184,-0.508792,1.21959,0.914617,0.6874,-0.265071,-0.524476
01324188,1523964245669,-9.33486,-3.04523,-0.461703,0.920079,-0.664822,0.4241,0.684623,-0.583116,0.102572
01324185,1523964245669,-9.90517,-0.922534,0.31561,0.289075,0.156703,-0.506708,0.868017,0.287796,-0.291948
01324181,1523964245669,-9.30808,0.115451,2.52988,0.252451,0.426514,-0.0829002,0.854408,0.350128,-0.13943
01324180,1523964245669,-9.32581,-3.8708,0.529066,0.301332,0.00224876,-0.636498,0.760317,0.367706,-0.390233
01324189,1523964245685,-10.2438,-0.908302,2.40958,-0.253624,1.23433,0.879984,0.694264,-0.271809,-0.512571
01324188,1523964245685,-9.59798,-2.97344,-0.939211,1.37978,-0.888477,0.171634,0.682184,-0.583726,0.104045
01324185,1523964245685,-9.86175,-0.917991,0.313704,0.340491,0.183891,-0.557975,0.867202,0.293598,-0.290564
01324181,1523964245685,-9.15701,0.0154823,2.35888,0.242822,0.364001,-0.112745,0.853833,0.34911,-0.13409
01324180,1523964245685,-9.46228,-3.81006,0.569153,0.282199,0.0672252,-0.732824,0.755948,0.374597,-0.390435
01324189,1523964245702,-10.7659,-1.27856,3.66281,-0.0332339,1.20464,0.82404,0.701135,-0.280271,-0.500413
01324188,1523964245702,-10.2781,-4.04928,-3.29462,1.97092,-0.866296,-0.119714,0.684737,-0.580353,0.1088
01324185,1523964245702,-9.87134,-0.96599,0.416515,0.38693,0.243074,-0.583066,0.865027,0.300347,-0.291275
01324181,1523964245702,-9.19481,-0.0940769,2.28346,0.194234,0.42855,-0.156828,0.854551,0.352636,-0.129391
01324180,1523964245702,-9.48245,-3.7624,0.605471,0.255942,0.124732,-0.808177,0.749399,0.383687,-0.388402
01324189,1523964245719,-11.212,-1.92602,5.3621,0.114536,1.07372,0.645431,0.706772,-0.288982,-0.487038
01324188,1523964245719,-11.7946,-1.53268,-3.09144,2.26627,-0.73427,-0.321884,0.688628,-0.574634,0.118934
01324185,1523964245719,-9.99665,-1.00844,0.536355,0.416374,0.272592,-0.594316,0.861504,0.30615,-0.289882
01324181,1523964245719,-9.70688,-0.0542799,2.57888,0.119735,0.460466,-0.201006,0.855534,0.355472,-0.123351
01324180,1523964245719,-9.59894,-3.73481,0.606902,0.25772,0.191438,-0.899097,0.745021,0.391301,-0.388455
01324189,1523964245735,-11.1155,-1.54609,6.16965,0.35201,0.888065,0.442218,0.715301,-0.299938,-0.475855
01324188,1523964245735,-11.7185,0.113627,-3.40539,1.82928,-0.766985,-0.512895,0.694941,-0.566247,0.133378
01324185,1523964245735,-10.2042,-1.03125,0.509079,0.442674,0.275413,-0.636839,0.860961,0.311965,-0.287847
01324181,1523964245735,-9.64816,0.0969951,2.38074,0.0665335,0.414687,-0.232297,0.855191,0.358561,-0.119694
01324180,1523964245735,-9.82682,-3.70385,0.621765,0.287546,0.238509,-0.967093,0.740597,0.400036,-0.381733
01324189,1523964245752,-10.6617,-0.0990703,5.68917,0.539524,0.739022,0.315076,0.71877,-0.306876,-0.464448
01324188,1523964245752,-10.7567,2.77748,-2.80172,0.621091,-0.806153,-0.803862,0.703553,-0.555158,0.132886
01324185,1523964245752,-10.3058,-1.1077,0.47054,0.490469,0.297502,-0.671027,0.857976,0.321004,-0.286618
01324181,1523964245752,-9.87952,0.0482689,2.2522,0.0488842,0.394784,-0.256485,0.854041,0.360272,-0.11414
01324180,1523964245752,-9.93648,-3.65723,0.657204,0.311785,0.297497,-1.01924,0.73483,0.411144,-0.380211
01324189,1523964245769,-10.5213,1.03092,4.50679,0.38306,0.643633,0.215165,0.723323,-0.312981,-0.45318
01324188,1523964245769,-10.8454,2.33185,-2.46969,-0.921942,-0.70814,-1.02133,0.714348,-0.544333,0.118623
01324185,1523964245769,-10.4216,-1.14549,0.480742,0.573424,0.289299,-0.705058,0.85621,0.326498,-0.286665
01324181,1523964245769,-10.2181,0.0658435,2.56365,0.0185587,0.419728,-0.24919,0.853675,0.363831,-0.108632
01324180,1523964245769,-10.094,-3.64483,0.679902,0.364016,0.349367,-1.06071,0.72936,0.419341,-0.377536
01324189,1523964245785,-10.1915,1.01698,3.18253,-0.0762333,0.611701,0.0803359,0.726804,-0.317632,-0.44443
01324188,1523964245785,-11.0748,1.74764,-2.24601,-1.83634,-0.614291,-1.07967,0.728003,-0.534149,0.0952655
01324185,1523964245785,-10.5084,-1.10403,0.464618,0.648967,0.267408,-0.706684,0.852684,0.334547,-0.285686
01324181,1523964245785,-10.1041,0.101237,2.4671,0.0379415,0.333465,-0.227624,0.853045,0.367936,-0.104462
01324180,1523964245785,-10.1112,-3.65552,0.759432,0.449986,0.384217,-1.12321,0.722823,0.430506,-0.383158
01324189,1523964245802,-9.82531,0.404311,2.10943,-0.64957,0.605201,-0.0176039,0.732586,-0.313305,-0.440048
01324188,1523964245802,-11.1029,0.701282,-1.54802,-2.11511,-0.487038,-1.00051,0.736251,-0.527051,0.0713794
01324185,1523964245802,-10.3876,-1.0061,0.436601,0.723835,0.224671,-0.682709,0.849019,0.341298,-0.286261
01324181,1523964245802,-9.84351,0.201584,2.19637,-0.0136965,0.314125,-0.213917,0.853211,0.371779,-0.0987003
01324180,1523964245802,-9.93177,-3.52367,0.817495,0.561958,0.430376,-1.1767,0.716276,0.439157,-0.380457
01324189,1523964245819,-9.69162,-0.831317,1.43268,-1.11367,0.628709,-0.14716,0.735508,-0.30546,-0.437478
01324188,1523964245819,-10.9004,-0.775935,-1.07894,-1.53543,-0.359375,-0.857007,0.744337,-0.516175,0.0508271
01324185,1523964245819,-10.1752,-0.959254,0.448863,0.766635,0.16846,-0.628015,0.847785,0.346289,-0.290484
01324181,1523964245819,-9.77771,0.0857492,2.3922,-0.0387346,0.339279,-0.191209,0.852876,0.373878,-0.0944909
01324180,1523964245819,-9.71139,-3.34685,0.777115,0.656521,0.469528,-1.2321,0.711211,0.449851,-0.384355
01324189,1523964245835,-10.043,-2.00567,1.41085,-1.29158,0.630555,-0.209869,0.741958,-0.29412,-0.436125
01324188,1523964245835,-10.2392,-1.13114,-1.31913,-0.404755,-0.281519,-0.734136,0.752431,-0.507843,0.0410177
01324185,1523964245835,-9.98238,-1.00141,0.421633,0.829828,0.119809,-0.590394,0.845337,0.350897,-0.29261
01324181,1523964245835,-9.70428,0.0719613,2.51369,-0.102806,0.26828,-0.200255,0.851483,0.375532,-0.091722
01324180,1523964245835,-9.66547,-3.14297,0.723095,0.71844,0.507182,-1.26129,0.703596,0.459997,-0.3862
01324189,1523964245852,-10.1676,-2.44531,1.64535,-1.12288,0.623679,-0.216366,0.74908,-0.282219,-0.434239
01324188,1523964245852,-9.64042,-0.0575495,-2.07476,0.500739,-0.230055,-0.614913,0.757798,-0.498247,0.039397
01324185,1523964245852,-9.75355,-1.05107,0.334704,0.886709,0.104465,-0.576801,0.841528,0.356166,-0.297089
01324181,1523964245852,-9.41206,0.0512675,2.3783,-0.101048,0.193893,-0.202702,0.851403,0.378771,-0.0875391
01324180,1523964245852,-9.59852,-3.06433,0.666176,0.764689,0.530538,-1.28017,0.697308,0.470103,-0.38523
01324189,1523964245869,-9.74178,-2.06933,1.77613,-0.778418,0.561343,-0.200964,0.755534,-0.272028,-0.432627
01324188,1523964245869,-9.5255,0.934877,-2.69112,0.76062,-0.217938,-0.568756,0.762612,-0.48736,0.041498
01324185,1523964245869,-9.76545,-0.957148,0.276016,0.935536,0.0638022,-0.545126,0.837726,0.357365,-0.300744
01324181,1523964245869,-9.33125,0.110464,2.36078,-0.145519,0.183175,-0.204404,0.851338,0.381695,-0.0846778
01324180,1523964245869,-9.48747,-2.85011,0.6201,0.735786,0.519489,-1.34546,0.689963,0.476866,-0.379451
01324189,1523964245885,-9.31975,-1.38424,1.78112,-0.389508,0.591706,-0.215799,0.76102,-0.266247,-0.426626
01324188,1523964245885,-9.41144,1.7015,-3.08161,0.504071,-0.235609,-0.576016,0.767302,-0.478567,0.0448155
01324185,1523964245885,-9.61122,-0.886036,0.103689,0.909078,0.0411953,-0.545837,0.83527,0.361765,-0.306395
01324181,1523964245885,-9.32943,0.149103,2.60396,-0.175856,0.140756,-0.202091,0.849265,0.382962,-0.0804329
01324180,1523964245885,-9.47654,-3.10281,0.558398,0.711969,0.499413,-1.22274,0.683298,0.485392,-0.379722
01324189,1523964245902,-9.32134,-0.899087,1.54863,-0.0806768,0.560798,-0.248477,0.764888,-0.263012,-0.420626
01324188,1523964245902,-9.13578,1.70402,-3.24262,0.0190334,-0.239489,-0.593493,0.770534,-0.474637,0.0436748
01324185,1523964245902,-9.61137,-0.828403,-0.0618886,0.886412,0.0309197,-0.540644,0.831735,0.36365,-0.310972
01324181,1523964245902,-9.34709,0.0712083,2.66572,-0.204375,0.0663863,-0.205216,0.849582,0.38843,-0.0786911
01324180,1523964245902,-9.32302,-3.16559,0.501547,0.721729,0.490736,-1.22542,0.67607,0.493455,-0.373513
01324189,1523964245919,-9.58974,-0.838326,1.10496,0.134619,0.555098,-0.258361,0.769953,-0.259652,-0.41183
01324188,1523964245919,-9.5505,2.0804,-2.36199,-0.331407,-0.256501,-0.613864,0.778224,-0.467213,0.0378514
01324185,1523964245919,-9.52967,-0.879552,-0.147356,0.861804,0.0558392,-0.540793,0.828603,0.365797,-0.316598
01324181,1523964245919,-9.21202,-0.0193283,2.59587,-0.175883,0.0397618,-0.210733,0.846706,0.391085,-0.0768572
01324180,1523964245919,-9.24625,-3.11139,0.48326,0.739842,0.450672,-1.14735,0.667686,0.501452,-0.377146
01324189,1523964245935,-10.4413,-1.1694,1.3653,0.358193,0.518405,-0.319564,0.775602,-0.258907,-0.405469
01324188,1523964245935,-10.3279,1.05782,-1.91347,-0.325714,-0.24125,-0.535865,0.782524,-0.460037,0.0323242
01324185,1523964245935,-9.58308,-0.963539,-0.202438,0.800819,0.0633928,-0.548415,0.824661,0.370223,-0.320938
01324181,1523964245935,-9.52437,-0.0571652,2.81194,-0.167108,0.0276748,-0.199575,0.847617,0.393085,-0.0763772
01324180,1523964245935,-9.25348,-3.10146,0.449408,0.722156,0.416067,-1.08528,0.662267,0.507652,-0.380048
01324189,1523964245952,-10.912,-1.04273,1.70374,0.621762,0.422518,-0.382376,0.779866,-0.258114,-0.396685
01324188,1523964245952,-10.2062,-0.0753076,-1.99559,0.228926,-0.199989,-0.535104,0.784916,-0.451363,0.0266453
01324185,1523964245952,-9.75701,-1.00106,-0.286808,0.718861,0.0394633,-0.552384,0.823289,0.372365,-0.326831
01324181,1523964245952,-9.66131,-0.0927162,2.77069,-0.13163,-0.0499628,-0.193429,0.846187,0.399406,-0.075963
01324180,1523964245952,-9.22856,-3.10946,0.319097,0.727874,0.38299,-1.00636,0.656872,0.513147,-0.38607
01324189,1523964245969,-10.7104,-0.478808,1.82374,0.836922,0.320075,-0.417046,0.785765,-0.257938,-0.38779
01324188,1523964245969,-10.1668,0.123045,-2.1084,0.668291,-0.159505,-0.556434,0.790562,-0.443584,0.0294837
01324185,1523964245969,-9.93585,-1.04339,-0.404887,0.635334,0.0296876,-0.552188,0.820567,0.375522,-0.331162
01324181,1523964245969,-9.7726,-0.0406528,2.76415,-0.115658,-0.0711007,-0.191056,0.844272,0.401726,-0.0757258
01324180,1523964245969,-9.37417,-3.0675,0.298571,0.692851,0.359566,-0.892415,0.65225,0.518883,-0.386428
01324189,1523964245985,-10.1861,-0.0228627,1.59784,0.821233,0.301098,-0.411842,0.788683,-0.257117,-0.380461
01324188,1523964245985,-10.058,0.785119,-2.37035,0.758895,-0.15411,-0.555756,0.794179,-0.436718,0.0339055
01324185,1523964245985,-9.99885,-1.1297,-0.430418,0.565757,0.0516571,-0.535227,0.815956,0.379734,-0.331971
01324181,1523964245985,-9.84053,-0.00747221,2.74135,-0.124702,-0.0590932,-0.163329,0.844132,0.40202,-0.0754648
01324180,1523964245985,-9.41633,-3.15441,0.251762,0.678259,0.293589,-0.75144,0.644993,0.520751,-0.386419
01324189,1523964246002,-9.70068,0.139738,1.06515,0.607614,0.2928,-0.389546,0.792428,-0.256609,-0.37408
01324188,1523964246002,-9.80576,0.96628,-2.89859,0.441303,-0.153625,-0.549033,0.797383,-0.42862,0.033968
01324185,1523964246002,-10.0522,-1.23532,-0.446457,0.522319,0.0576639,-0.503737,0.812967,0.382927,-0.334473
01324181,1523964246002,-9.69743,0.0306669,2.67391,-0.0820546,-0.0375861,-0.149529,0.842477,0.4063,-0.0769977
01324180,1523964246002,-9.36979,-3.17742,0.196502,0.646018,0.234472,-0.606136,0.642561,0.523418,-0.388895
01324189,1523964246019,-9.23518,0.0380509,0.213263,0.327575,0.298069,-0.390594,0.795353,-0.255218,-0.367951
01324188,1523964246019,-9.39751,0.869082,-3.00678,0.0278317,-0.159416,-0.560708,0.801954,-0.422022,0.0344579
01324185,1523964246019,-9.92253,-1.38065,-0.508748,0.499415,0.0952788,-0.465708,0.810785,0.38821,-0.338174
01324181,1523964246019,-9.58802,0.0926454,2.63478,-0.0447745,0.0150385,-0.126817,0.84163,0.408068,-0.0751665
01324180,1523964246019,-9.19796,-3.15528,0.118546,0.638524,0.154302,-0.455565,0.640159,0.524942,-0.394366
01324189,1523964246035,-9.06409,-0.231817,-0.301111,0.0827475,0.348016,-0.361338,0.800175,-0.249572,-0.363547
01324188,1523964246035,-9.0741,0.069674,-2.64107,-0.27548,-0.168776,-0.548656,0.806514,-0.413392,0.0319794
01324185,1523964246035,-9.77771,-1.331,-0.52759,0.502145,0.109997,-0.402904,0.80942,0.391817,-0.341077
01324181,1523964246035,-9.71759,0.110483,2.68191,-0.00220631,0.0101669,-0.108002,0.843116,0.408867,-0.0769251
01324180,1523964246035,-9.01108,-3.01287,0.0994007,0.59802,0.0924481,-0.350764,0.636985,0.52358,-0.399613
01324189,1523964246052,-9.42064,-0.304116,-0.366487,-0.033563,0.325142,-0.354509,0.804448,-0.244769,-0.358075
01324188,1523964246052,-9.13465,-0.621111,-2.43699,-0.186303,-0.174426,-0.519778,0.81095,-0.406413,0.0275148
01324185,1523964246052,-9.67183,-1.39189,-0.567892,0.514659,0.114061,-0.338332,0.806977,0.393483,-0.342391
01324181,1523964246052,-9.79415,0.0610792,2.65339,-0.010254,-0.0340243,-0.106611,0.842037,0.409442,-0.0774571
01324180,1523964246052,-8.94974,-2.88135,0.0572185,0.525688,0.0460997,-0.237239,0.634889,0.521618,-0.404483
01324189,1523964246069,-9.57767,-0.519616,-0.264832,-0.0939156,0.256795,-0.33678,0.806426,-0.240345,-0.354317
01324188,1523964246069,-9.34225,-0.529096,-2.38326,0.0109515,-0.166959,-0.485635,0.814036,-0.400618,0.0239354
01324185,1523964246069,-9.71067,-1.45428,-0.604409,0.535377,0.098513,-0.287218,0.807378,0.392734,-0.344736
01324181,1523964246069,-9.72555,-0.0303147,2.67007,0.0191369,-0.0997341,-0.122795,0.842435,0.410562,-0.0782814
01324180,1523964246069,-8.99799,-2.87665,0.0156868,0.423434,0.00294111,-0.113338,0.634552,0.520234,-0.414498
01324189,1523964246085,-9.69005,-0.895919,0.00614877,-0.116394,0.217377,-0.345636,0.808678,-0.232775,-0.352678
01324188,1523964246085,-9.46167,-0.119006,-2.34754,0.117465,-0.176476,-0.463802,0.816431,-0.393056,0.0233015
01324185,1523964246085,-9.78747,-1.31897,-0.602513,0.535694,0.0937038,-0.238697,0.805611,0.392679,-0.347603
01324181,1523964246085,-9.63725,-0.121516,2.73517,0.0262698,-0.122859,-0.129924,0.840656,0.413986,-0.0797951
01324180,1523964246085,-9.0354,-2.96371,-0.0117419,0.374049,-0.0573605,0.000203037,0.633111,0.51883,-0.417746
01324189,1523964246102,-9.88542,-1.26783,0.570479,-0.0538005,0.196113,-0.363106,0.810798,-0.228788,-0.349327
01324188,1523964246102,-9.64062,-0.128437,-2.28349,0.115872,-0.164429,-0.427422,0.818841,-0.387735,0.0207775
01324185,1523964246102,-9.82588,-1.30903,-0.523328,0.509748,0.115577,-0.188624,0.804116,0.392077,-0.349682
01324181,1523964246102,-9.60915,-0.196455,2.81165,0.0601417,-0.140805,-0.146561,0.838634,0.416523,-0.0827486
01324180,1523964246102,-9.06357,-3.02677,-0.0147802,0.319756,-0.0773002,0.110483,0.634667,0.514049,-0.422726
01324189,1523964246119,-9.93958,-1.58924,0.704405,0.0507935,0.160544,-0.355565,0.813766,-0.226559,-0.348006
01324188,1523964246119,-9.59803,-0.397725,-2.41615,0.0983421,-0.166359,-0.441706,0.822338,-0.382793,0.0196968
01324185,1523964246119,-9.81599,-1.25127,-0.485523,0.482653,0.118243,-0.12398,0.803433,0.38749,-0.353815
01324181,1523964246119,-9.52006,-0.202686,2.81959,0.110018,-0.183527,-0.164351,0.837998,0.416448,-0.0865916
01324180,1523964246119,-9.03471,-3.01188,-0.0216672,0.286541,-0.106034,0.226116,0.636307,0.510531,-0.42093
01324189,1523964246135,-9.81857,-1.87811,0.570453,0.115152,0.173643,-0.353618,0.817112,-0.221458,-0.345463
01324188,1523964246135,-9.57396,-0.426881,-2.39682,0.0617641,-0.150872,-0.424082,0.826092,-0.375683,0.0188831
01324185,1523964246135,-9.70515,-1.35781,-0.382413,0.447488,0.138752,-0.0441535,0.80438,0.385498,-0.354843
01324181,1523964246135,-9.27996,-0.156205,2.85404,0.142979,-0.210294,-0.177682,0.836522,0.419791,-0.0915597
01324180,1523964246135,-8.9191,-2.99173,0.0279093,0.264404,-0.115544,0.345451,0.637475,0.504304,-0.425393
01324189,1523964246152,-9.58259,-1.83301,0.326027,0.240155,0.135985,-0.365617,0.819899,-0.216191,-0.341441
01324188,1523964246152,-9.53608,-0.61787,-1.99589,0.107371,-0.152367,-0.393689,0.828499,-0.36975,0.0157245
01324185,1523964246152,-9.50707,-1.32042,-0.284518,0.438279,0.14133,0.0272332,0.805728,0.385875,-0.357203
01324181,1523964246152,-9.1225,-0.0379173,2.88659,0.190178,-0.193609,-0.18636,0.836788,0.423128,-0.0957489
01324180,1523964246152,-8.74563,-2.95642,0.0781338,0.246338,-0.133857,0.423422,0.641153,0.498577,-0.423806
01324189,1523964246169,-9.63058,-1.65924,0.266313,0.351712,0.0882453,-0.347379,0.822733,-0.214247,-0.340254
01324188,1523964246169,-9.30531,-0.994154,-2.09776,0.27137,-0.132192,-0.374597,0.830366,-0.364699,0.016017
01324185,1523964246169,-9.37177,-1.25864,-0.252124,0.474235,0.136301,0.0858757,0.806546,0.381375,-0.35677
01324181,1523964246169,-9.02323,0.0942673,2.8847,0.215061,-0.179344,-0.181185,0.834358,0.425539,-0.0981643
01324180,1523964246169,-8.55702,-2.95433,0.0896542,0.253291,-0.118521,0.489468,0.643257,0.491891,-0.426807
01324189,1523964246185,-9.65687,-1.47571,0.203861,0.442034,0.0700367,-0.350594,0.823759,-0.211088,-0.335693
01324188,1523964246185,-9.19292,-0.677544,-2.26516,0.417959,-0.119681,-0.341587,0.833995,-0.359215,0.015776
01324185,1523964246185,-9.1667,-1.22623,-0.275794,0.490091,0.110572,0.167621,0.808714,0.37769,-0.357917
01324181,1523964246185,-8.98883,0.199025,2.8491,0.232752,-0.179893,-0.16403,0.8344,0.425999,-0.103221
01324180,1523964246185,-8.50444,-2.94517,0.196559,0.266912,-0.124704,0.536095,0.647369,0.485166,-0.429298
01324189,1523964246202,-9.70623,-1.08255,0.312639,0.514981,0.019232,-0.357356,0.824677,-0.206794,-0.334867
01324188,1523964246202,-9.44709,-0.086335,-2.19875,0.346481,-0.132164,-0.336961,0.835331,-0.356049,0.0160918
01324185,1523964246202,-9.10115,-1.01725,-0.363246,0.490891,0.0759642,0.228206,0.811421,0.369166,-0.361632
01324181,1523964246202,-9.02939,0.2688,2.97308,0.232605,-0.214961,-0.148815,0.832536,0.428479,-0.108698
01324180,1523964246202,-8.39264,-2.98742,0.207086,0.312699,-0.0986893,0.557631,0.652648,0.473537,-0.439331
01324189,1523964246219,-9.90656,-1.00387,0.564123,0.480868,-0.0182574,-0.320045,0.827776,-0.204853,-0.332881
01324188,1523964246219,-9.6359,-0.166602,-2.34575,0.206918,-0.127665,-0.329039,0.836529,-0.352237,0.0151039
01324185,1523964246219,-9.04294,-0.817887,-0.486679,0.495633,0.0410171,0.258174,0.813859,0.364055,-0.363681
01324181,1523964246219,-9.06762,0.311951,3.05412,0.260814,-0.25849,-0.114801,0.831207,0.430683,-0.113378
01324180,1523964246219,-8.45062,-2.98795,0.192016,0.357627,-0.0798206,0.587072,0.658138,0.463894,-0.442575
01324189,1523964246235,-10.0068,-1.03374,0.823574,0.403113,-0.0726041,-0.300635,0.828714,-0.20444,-0.331685
01324188,1523964246235,-9.59495,-0.183436,-2.02585,0.0864575,-0.0696475,-0.346925,0.839072,-0.346792,0.0160855
01324185,1523964246235,-9.12003,-0.663481,-0.666944,0.424541,0.00673648,0.28315,0.816566,0.360775,-0.365748
01324181,1523964246235,-9.06256,0.343493,3.12358,0.277456,-0.287829,-0.0771881,0.830853,0.431408,-0.119631
01324180,1523964246235,-8.57687,-2.94076,0.15479,0.378343,-0.0784612,0.611869,0.662245,0.457309,-0.444388
01324189,1523964246252,-9.76956,-0.891564,1.20978,0.349762,-0.151434,-0.279386,0.82926,-0.203452,-0.332486
01324188,1523964246252,-9.41281,0.0695852,-1.7528,0.0304875,-0.0111531,-0.371431,0.841484,-0.342179,0.0162091
01324185,1523964246252,-9.24039,-0.494312,-0.794554,0.341247,-0.0168441,0.310632,0.817651,0.353129,-0.367768
01324181,1523964246252,-9.01973,0.365849,3.10652,0.279928,-0.27655,-0.0409113,0.830614,0.43273,-0.124703
01324180,1523964246252,-8.71232,-2.9324,0.126928,0.371303,-0.0893335,0.629363,0.664656,0.447284,-0.447325
01324189,1523964246269,-9.58612,-1.14244,1.55691,0.287259,-0.230128,-0.235942,0.828734,-0.202157,-0.335144
01324188,1523964246269,-9.66235,-0.0568676,-1.46574,-0.0897448,0.0475383,-0.334475,0.844708,-0.336916,0.0146135
01324185,1523964246269,-9.37998,-0.349036,-0.853157,0.200566,-0.0330931,0.31262,0.81901,0.346922,-0.368235
01324181,1523964246269,-9.2093,0.375699,3.15342,0.28157,-0.233545,-0.0129155,0.829885,0.432008,-0.131984
01324180,1523964246269,-8.94393,-2.96363,0.0834088,0.350357,-0.112655,0.653728,0.670676,0.438946,-0.452442
01324189,1523964246285,-9.61337,-1.98014,1.65026,0.180971,-0.291124,-0.219286,0.826286,-0.199369,-0.336967
01324188,1523964246285,-9.78138,-0.881974,-1.33218,-0.114077,0.0947495,-0.307566,0.843053,-0.332494,0.0141032
01324185,1523964246285,-9.53435,-0.309609,-0.914892,0.0651973,-0.0546843,0.314642,0.822257,0.341217,-0.371848
01324181,1523964246285,-9.3539,0.376447,3.11384,0.308101,-0.193967,0.0201314,0.829419,0.429628,-0.136445
01324180,1523964246285,-9.18081,-2.96108,0.0351899,0.276721,-0.120293,0.673483,0.675232,0.428883,-0.455411
01324189,1523964246302,-9.7198,-2.75102,1.65734,0.0818929,-0.383324,-0.247847,0.824967,-0.198495,-0.341759
01324188,1523964246302,-9.89185,-1.35403,-1.3511,-0.0686531,0.163778,-0.262247,0.846012,-0.328711,0.016187
01324185,1523964246302,-9.67688,-0.361725,-0.951929,-0.0829659,-0.0251909,0.304444,0.824698,0.338118,-0.371826
01324181,1523964246302,-9.29769,0.420862,3.01675,0.297197,-0.189663,0.0632786,0.828433,0.427351,-0.143028
01324180,1523964246302,-9.35092,-2.88531,-0.0143919,0.218974,-0.138429,0.695026,0.678571,0.420592,-0.460487
01324189,1523964246319,-9.6078,-2.99359,1.25589,0.128023,-0.475475,-0.316844,0.824725,-0.194346,-0.347475
01324188,1523964246319,-9.59294,-1.59185,-1.2887,0.0491854,0.268493,-0.200058,0.846802,-0.325226,0.0192214
01324185,1523964246319,-9.66019,-0.429244,-0.951949,-0.228779,-0.0123034,0.307922,0.824697,0.335694,-0.37337
01324181,1523964246319,-9.04696,0.540292,3.00158,0.273898,-0.185622,0.0943397,0.828679,0.43004,-0.144149
01324180,1523964246319,-9.27968,-2.78299,-0.0228018,0.110478,-0.149571,0.706579,0.683158,0.410713,-0.470205
01324189,1523964246335,-9.34118,-2.88317,0.981946,0.253957,-0.580571,-0.394465,0.823407,-0.191035,-0.353853
01324188,1523964246335,-9.3136,-1.91459,-1.4877,0.123343,0.317064,-0.163561,0.848673,-0.321431,0.0245498
01324185,1523964246335,-9.4578,-0.594107,-0.823042,-0.325379,0.000300382,0.330018,0.827549,0.332921,-0.371002
01324181,1523964246335,-8.88688,0.67798,3.08207,0.231095,-0.164116,0.113569,0.82956,0.428887,-0.150508
01324180,1523964246335,-9.03403,-2.7079,-0.00307296,-0.0153187,-0.149615,0.684647,0.687005,0.403409,-0.472028
01324189,1523964246352,-9.21611,-2.42163,0.452967,0.279328,-0.631059,-0.435192,0.821261,-0.185546,-0.360472
01324188,1523964246352,-9.21246,-2.07448,-2.1296,0.247132,0.348231,-0.123402,0.848659,-0.319827,0.030707
01324185,1523964246352,-9.24047,-0.61938,-0.652536,-0.342954,-0.00460602,0.350431,0.831219,0.329753,-0.367196
01324181,1523964246352,-8.56045,0.907465,3.08459,0.177612,-0.163885,0.132595,0.832862,0.425343,-0.153523
01324180,1523964246352,-8.8267,-2.68213,0.0740152,-0.125666,-0.146628,0.688326,0.690045,0.395822,-0.472495
01324189,1523964246369,-9.41413,-2.18277,0.432184,0.212965,-0.61481,-0.449625,0.818471,-0.181062,-0.370168
01324188,1523964246369,-9.1965,-1.69158,-2.41717,0.311782,0.332416,-0.084197,0.848225,-0.316335,0.0371221
01324185,1523964246369,-9.02299,-0.591685,-0.482581,-0.315103,-0.0186196,0.384458,0.832443,0.328799,-0.365493
01324181,1523964246369,-8.25089,1.14403,3.0917,0.10264,-0.175645,0.173999,0.831601,0.421559,-0.157282
01324180,1523964246369,-8.60367,-2.72812,0.104942,-0.206555,-0.144189,0.637659,0.695439,0.390913,-0.467541
01324189,1523964246385,-9.73299,-1.58225,0.253438,0.141978,-0.613977,-0.416053,0.814832,-0.174675,-0.377699
01324188,1523964246385,-9.33865,-0.91175,-2.83707,0.263002,0.284058,-0.0585504,0.848489,-0.315884,0.0429344
01324185,1523964246385,-8.86357,-0.597374,-0.353471,-0.217331,-0.0422201,0.408279,0.834485,0.323484,-0.36349
01324181,1523964246385,-8.21254,1.20992,3.16796,0.0695855,-0.197444,0.192861,0.832207,0.418895,-0.160952
01324180,1523964246385,-8.46266,-2.78451,0.115677,-0.238772,-0.129595,0.602346,0.698434,0.386801,-0.467397
01324189,1523964246402,-10.0358,-1.04248,0.653609,0.16162,-0.608819,-0.375071,0.812168,-0.172197,-0.385138
01324188,1523964246402,-9.2795,-0.629266,-3.27087,0.175663,0.249743,-0.0719086,0.846988,-0.314849,0.0462482
01324185,1523964246402,-8.9549,-0.49807,-0.331172,-0.124517,-0.0784412,0.399922,0.83679,0.317686,-0.364617
01324181,1523964246402,-8.51831,1.34186,3.54263,0.0222412,-0.233385,0.208281,0.833362,0.414952,-0.163936
01324180,1523964246402,-8.64162,-2.7965,0.138032,-0.243617,-0.118031,0.549685,0.701269,0.383247,-0.463054
01324189,1523964246419,-10.0729,-0.852299,0.518314,0.131148,-0.579071,-0.307703,0.810317,-0.169021,-0.392581
01324188,1523964246419,-9.38105,-0.640254,-3.37105,0.140807,0.165759,-0.0960932,0.847531,-0.315376,0.0510538
01324185,1523964246419,-9.25103,-0.2387,-0.435201,-0.0826334,-0.11631,0.354255,0.838686,0.31513,-0.365644
01324181,1523964246419,-8.7044,1.45586,3.84112,-0.00122906,-0.292756,0.247526,0.834509,0.412553,-0.16828
01324180,1523964246419,-8.95992,-2.88759,0.180344,-0.215455,-0.0888203,0.497368,0.703074,0.378292,-0.46399
01324189,1523964246435,-10.2774,-0.613022,0.553612,0.0488725,-0.479624,-0.206845,0.807635,-0.166676,-0.398149
01324188,1523964246435,-9.67376,-0.696732,-3.41639,0.154939,0.0973628,-0.0826283,0.847788,-0.313435,0.0530562
01324185,1523964246435,-9.75926,0.103809,-0.584384,-0.108724,-0.173176,0.283316,0.840581,0.311574,-0.367445
01324181,1523964246435,-8.80782,1.41566,4.03443,-0.00497855,-0.267383,0.27882,0.835942,0.408168,-0.171657
01324180,1523964246435,-9.40551,-3.04525,0.213798,-0.166203,-0.0665551,0.446027,0.70753,0.375607,-0.464379
01324189,1523964246452,-10.3031,-1.07947,0.409284,-0.0143729,-0.427081,-0.129851,0.804709,-0.164482,-0.40639
01324188,1523964246452,-9.64835,-1.01376,-3.2621,0.21966,0.0161813,-0.0901454,0.848312,-0.310565,0.0537675
01324185,1523964246452,-10.2023,0.48201,-0.75371,-0.219399,-0.190493,0.208801,0.84017,0.310407,-0.369522
01324181,1523964246452,-9.0043,1.40602,4.08649,-0.0620582,-0.172965,0.317796,0.837909,0.403507,-0.174236
01324180,1523964246452,-9.92841,-3.20364,0.229574,-0.11664,-0.0715865,0.401547,0.707887,0.370123,-0.469356
01324189,1523964246469,-9.93329,-1.38442,0.558754,0.0674761,-0.381374,-0.119954,0.803116,-0.16317,-0.41131
01324188,1523964246469,-9.68612,-0.773699,-3.43725,0.238972,-0.0623343,-0.0838056,0.850471,-0.308985,0.0565311
01324185,1523964246469,-10.6119,0.742061,-0.884433,-0.355161,-0.174901,0.142602,0.840173,0.309431,-0.36899
01324181,1523964246469,-9.23592,1.43002,4.02659,-0.145699,-0.0931212,0.336048,0.840675,0.398856,-0.175894
01324180,1523964246469,-10.4744,-3.23353,0.166075,-0.0842477,-0.094888,0.348956,0.708968,0.368938,-0.468315
01324189,1523964246485,-9.9123,-1.46987,0.46574,0.145515,-0.316606,-0.122483,0.800147,-0.162101,-0.414478
01324188,1523964246485,-9.65673,-0.674274,-3.53465,0.155384,-0.129122,-0.0744873,0.849106,-0.307396,0.0542249
01324185,1523964246485,-10.9376,0.772882,-0.992123,-0.519678,-0.106143,0.080332,0.840577,0.311262,-0.369009
01324181,1523964246485,-9.54221,1.49919,4.00881,-0.21145,-0.0331088,0.331675,0.842852,0.396827,-0.175742
01324180,1523964246485,-10.8977,-3.04992,0.138782,-0.13943,-0.122258,0.308115,0.711957,0.366434,-0.47057
01324189,1523964246502,-9.99794,-1.21785,0.516313,0.185728,-0.247902,-0.0913663,0.798403,-0.162784,-0.416603
01324188,1523964246502,-9.50746,-0.857408,-3.63041,0.0909284,-0.208704,-0.0863925,0.850594,-0.306499,0.0531856
01324185,1523964246502,-11.1381,0.689838,-1.01666,-0.727935,-0.0455257,0.0427996,0.840852,0.313988,-0.366424
01324181,1523964246502,-9.62245,1.54195,3.96884,-0.277386,0.0345924,0.362654,0.84572,0.392801,-0.174891
01324180,1523964246502,-11.0508,-2.80028,0.102405,-0.262501,-0.156367,0.240378,0.713047,0.364379,-0.469412
01324189,1523964246519,-9.8967,-1.26632,0.461121,0.168557,-0.163127,-0.0631712,0.798426,-0.161936,-0.419539
01324188,1523964246519,-9.49937,-1.28762,-3.48699,0.0335712,-0.276902,-0.0822104,0.851946,-0.305511,0.0502694
01324185,1523964246519,-11.2252,0.514707,-0.921349,-0.913882,0.000847339,0.0121137,0.842213,0.31787,-0.362287
01324181,1523964246519,-9.93499,1.58188,4.01437,-0.35742,0.131979,0.371586,0.848569,0.388266,-0.17124
01324180,1523964246519,-11.0586,-2.57313,0.0721582,-0.478812,-0.171016,0.189734,0.713038,0.365544,-0.470333
01324189,1523964246535,-9.84517,-1.63397,0.513018,0.0415319,-0.0720479,-0.0655482,0.79861,-0.164689,-0.422773
01324188,1523964246535,-9.63139,-1.66607,-3.08304,0.0504253,-0.339851,-0.0739495,0.851548,-0.306035,0.0429736
01324185,1523964246535,-11.3269,0.303557,-0.820195,-1.05596,0.0177021,-0.0209791,0.842762,0.325014,-0.357002
01324181,1523964246535,-10.2603,1.49551,4.06224,-0.408206,0.152602,0.387534,0.850176,0.382984,-0.163312
01324180,1523964246535,-11.0326,-2.51962,0.0630379,-0.69797,-0.159998,0.125134,0.71407,0.367977,-0.468139
01324189,1523964246552,-9.78759,-2.31567,0.678477,-0.0506978,0.00831818,-0.0748919,0.797775,-0.162937,-0.421947
01324188,1523964246552,-9.59129,-1.93712,-2.96056,0.084828,-0.386326,-0.0157993,0.852224,-0.305068,0.0376419
01324185,1523964246552,-11.4094,0.0537759,-0.707335,-1.17079,0.0256808,-0.0344882,0.843317,0.329379,-0.349732
01324181,1523964246552,-10.2542,1.2822,3.91906,-0.449935,0.140869,0.378968,0.853977,0.378134,-0.160328
01324180,1523964246552,-11.0238,-2.64771,0.0865894,-0.882441,-0.147691,0.088854,0.713439,0.375076,-0.465827
01324189,1523964246569,-9.6277,-2.86556,0.606603,-0.0766748,0.043073,-0.0715148,0.799544,-0.160834,-0.423288
01324188,1523964246569,-9.61816,-2.00306,-2.82499,0.090458,-0.43809,0.0429644,0.853848,-0.304022,0.03338
01324185,1523964246569,-11.4773,-0.107083,-0.67123,-1.24966,0.0247082,-0.0292743,0.842515,0.338113,-0.342369
01324181,1523964246569,-10.1267,0.939362,3.726,-0.44615,0.175754,0.355131,0.85695,0.374314,-0.156561
01324180,1523964246569,-11.0034,-2.75198,0.153888,-1.02902,-0.136593,0.0317092,0.713851,0.381534,-0.456386
01324189,1523964246585,-9.47638,-2.85699,0.68953,-0.0377536,0.0892437,-0.0786061,0.801561,-0.158867,-0.421958
01324188,1523964246585,-9.60302,-1.8094,-2.59583,0.0715882,-0.461586,0.0921321,0.853589,-0.30516,0.026717
01324185,1523964246585,-11.3332,-0.394372,-0.538571,-1.33037,0.0329446,0.0132577,0.843339,0.346431,-0.334616
01324181,1523964246585,-9.91401,0.71639,3.55776,-0.467125,0.15866,0.296411,0.859523,0.369797,-0.152244
01324180,1523964246585,-10.8089,-2.83712,0.203656,-1.11635,-0.118584,-0.0101014,0.713041,0.390787,-0.450112
01324189,1523964246602,-9.39666,-2.50799,0.659948,-0.0143437,0.116606,-0.0714911,0.801954,-0.158583,-0.420623
01324188,1523964246602,-9.51608,-1.83822,-2.65882,0.0657171,-0.493463,0.135124,0.85334,-0.307852,0.0190146
01324185,1523964246602,-11.1263,-0.689251,-0.379403,-1.37693,0.0146027,0.0729174,0.844168,0.352797,-0.325799
01324181,1523964246602,-9.68844,0.561354,3.567,-0.442823,0.16044,0.249767,0.861775,0.36929,-0.147875
01324180,1523964246602,-10.4787,-2.93486,0.225678,-1.13243,-0.0652707,-0.0512476,0.712379,0.399467,-0.445472
01324189,1523964246619,-9.37799,-2.17277,0.757824,-0.0197421,0.157235,-0.0733683,0.803181,-0.15919,-0.420508
01324188,1523964246619,-9.44763,-1.61302,-2.48571,0.0415628,-0.526763,0.171765,0.852272,-0.309912,0.0136501
01324185,1523964246619,-10.7506,-1.02367,-0.185807,-1.35907,0.0236898,0.116985,0.844454,0.358591,-0.317497
01324181,1523964246619,-9.43148,0.448084,3.39211,-0.445076,0.151197,0.184136,0.861603,0.367574,-0.141463
01324180,1523964246619,-10.0281,-3.00752,0.292516,-1.09632,-0.00883749,-0.0648094,0.712211,0.411764,-0.441172
01324189,1523964246635,-9.41381,-2.07892,1.00199,-0.0787701,0.170844,-0.0682516,0.804369,-0.156909,-0.418096
01324188,1523964246635,-9.49538,-1.41317,-2.07322,0.0163467,-0.539156,0.159046,0.852297,-0.31305,0.00605093
01324185,1523964246635,-10.3268,-1.39211,-0.00605261,-1.29091,-0.00621779,0.18505,0.845823,0.363242,-0.309971
01324181,1523964246635,-9.38128,0.303086,3.42419,-0.395063,0.125786,0.145837,0.865588,0.368052,-0.136733
01324180,1523964246635,-9.57793,-3.06128,0.398124,-1.01661,0.0347987,-0.0447729,0.7145,0.419366,-0.434572
01324189,1523964246652,-9.39885,-2.09407,1.52748,-0.103311,0.157322,-0.0931804,0.806529,-0.156671,-0.416514
01324188,1523964246652,-9.46097,-1.21878,-1.61079,0.0453695,-0.537919,0.186687,0.852855,-0.314587,-0.00172398
01324185,1523964246652,-9.88362,-1.65965,0.0699276,-1.1488,-0.0407126,0.215638,0.848546,0.366039,-0.303608
01324181,1523964246652,-9.25619,0.178535,3.2704,-0.349356,0.0928938,0.0876387,0.866126,0.36499,-0.132558
01324180,1523964246652,-9.10837,-3.12467,0.523203,-0.89479,0.102172,-0.0647512,0.713318,0.426456,-0.429146
01324189,1523964246669,-9.45238,-2.25578,1.9417,-0.0404466,0.0911406,-0.0928281,0.808406,-0.153265,-0.415706
01324188,1523964246669,-9.51322,-0.933783,-1.30492,0.0968115,-0.499298,0.183016,0.851385,-0.31748,-0.00780853
01324185,1523964246669,-9.51743,-1.78715,0.0385778,-0.983128,-0.108725,0.263438,0.850998,0.366433,-0.297742
01324181,1523964246669,-9.24919,0.0911833,3.38562,-0.289696,0.0510444,0.0672716,0.867441,0.365042,-0.129386
01324180,1523964246669,-8.74436,-3.23706,0.598645,-0.739875,0.158603,-0.0564526,0.715075,0.433043,-0.420938
01324189,1523964246685,-9.48721,-2.20757,2.23442,0.0480758,-0.0168024,-0.122527,0.809761,-0.151004,-0.416506
01324188,1523964246685,-9.64444,-0.443911,-1.2939,0.152536,-0.470977,0.177477,0.851676,-0.319758,-0.0152226
01324185,1523964246685,-9.28147,-1.84652,-0.0873779,-0.777614,-0.16845,0.297561,0.851549,0.366218,-0.294216
01324181,1523964246685,-8.98025,0.0556079,3.31075,-0.246806,-0.0390821,0.0231933,0.867996,0.363467,-0.129093
01324180,1523964246685,-8.55426,-3.36837,0.672285,-0.544616,0.197345,-0.0321637,0.716337,0.437631,-0.416273
01324189,1523964246702,-9.65175,-2.27116,2.55318,0.229042,-0.136003,-0.1341,0.807997,-0.152537,-0.416096
01324188,1523964246702,-9.71313,-0.0214053,-0.989159,0.0461087,-0.414038,0.181771,0.849252,-0.321732,-0.0219107
01324185,1523964246702,-9.01143,-1.77131,-0.252572,-0.568344,-0.216,0.317985,0.85318,0.363139,-0.293147
01324181,1523964246702,-8.63517,0.0597746,3.20662,-0.225392,-0.0871399,0.0088292,0.866382,0.365016,-0.131233
01324180,1523964246702,-8.39118,-3.44125,0.668643,-0.324261,0.192351,-0.00624369,0.717564,0.443646,-0.407798
01324189,1523964246719,-9.7874,-2.38845,2.5014,0.36143,-0.292727,-0.140445,0.80734,-0.152101,-0.41876
01324188,1523964246719,-9.72946,-0.523734,-0.864146,-0.0010741,-0.353097,0.177704,0.848739,-0.325846,-0.0271415
01324185,1523964246719,-8.73411,-1.66727,-0.435358,-0.402458,-0.23833,0.351901,0.855346,0.361715,-0.293924
01324181,1523964246719,-8.51467,0.119541,3.06617,-0.195098,-0.0783541,0.00532178,0.867457,0.364726,-0.130707
01324180,1523964246719,-8.24322,-3.46344,0.648214,-0.13753,0.186544,0.0546396,0.718081,0.444348,-0.405631
01324189,1523964246735,-9.6437,-2.37415,2.3946,0.432858,-0.43854,-0.150624,0.807805,-0.156013,-0.422274
01324188,1523964246735,-9.69202,-0.862188,-0.755478,0.0407425,-0.299299,0.18125,0.848346,-0.327683,-0.0312893
01324185,1523964246735,-8.53853,-1.49046,-0.588704,-0.252797,-0.204434,0.356575,0.856563,0.357872,-0.295981
01324181,1523964246735,-8.55782,0.25979,3.01008,-0.193345,-0.108418,0.00504874,0.866338,0.366367,-0.128339
01324180,1523964246735,-8.12829,-3.34535,0.565395,0.00951263,0.154725,0.0957907,0.721283,0.445745,-0.406326
01324189,1523964246752,-9.44452,-1.9137,2.3002,0.426095,-0.592174,-0.152182,0.805562,-0.155416,-0.429867
01324188,1523964246752,-9.73151,-1.10198,-0.926268,0.0834498,-0.272153,0.196005,0.847689,-0.330791,-0.0330905
01324185,1523964246752,-8.42299,-1.49129,-0.707681,-0.114666,-0.172448,0.337483,0.858728,0.354164,-0.298303
01324181,1523964246752,-8.81344,0.397403,3.10482,-0.207724,-0.173636,0.0149209,0.867416,0.368569,-0.131584
01324180,1523964246752,-8.08572,-3.24754,0.493843,0.0812599,0.111773,0.153982,0.723461,0.441777,-0.403601
01324189,1523964246769,-9.2154,-1.52824,1.89847,0.271171,-0.635574,-0.16156,0.800323,-0.155742,-0.43663
01324188,1523964246769,-9.91705,-0.963334,-1.34964,0.100894,-0.253169,0.233478,0.846897,-0.333821,-0.0365003
01324185,1523964246769,-8.51465,-1.44263,-0.7819,0.00449225,-0.149434,0.287047,0.859543,0.35007,-0.298789
01324181,1523964246769,-9.23812,0.416555,3.21041,-0.209629,-0.189218,0.0286881,0.866886,0.368282,-0.131971
01324180,1523964246769,-8.23045,-3.24338,0.395778,0.100531,0.0615376,0.217084,0.726684,0.441582,-0.404733
01324189,1523964246786,-9.22784,-1.28667,1.81404,0.0909457,-0.613015,-0.174646,0.794426,-0.155202,-0.446188
01324188,1523964246786,-9.70264,-0.489782,-1.25453,-0.00984205,-0.234993,0.245327,0.845021,-0.337061,-0.0412555
01324185,1523964246786,-8.76553,-1.40262,-0.858921,0.149266,-0.105727,0.218626,0.861438,0.348641,-0.299826
01324181,1523964246786,-9.42426,0.409601,3.0886,-0.19011,-0.277648,0.0261809,0.866652,0.367232,-0.134337
01324180,1523964246786,-8.62418,-3.27167,0.350692,0.100316,0.0107613,0.303843,0.72944,0.435155,-0.404632
01324189,1523964246802,-9.24816,-1.57504,2.12522,-0.0298402,-0.63417,-0.186549,0.791628,-0.152577,-0.453892
01324188,1523964246802,-9.60756,-0.248318,-1.00718,-0.212315,-0.202669,0.215979,0.842607,-0.340859,-0.0463081
01324185,1523964246802,-9.17048,-1.30861,-0.864389,0.313864,-0.0445138,0.16116,0.86116,0.345035,-0.304231
01324181,1523964246802,-9.32739,0.342827,3.07601,-0.191927,-0.401683,0.0147518,0.866689,0.368258,-0.139671
01324180,1523964246802,-9.03982,-3.30057,0.339225,0.100346,-0.0539756,0.386995,0.731923,0.430199,-0.407198
01324189,1523964246819,-9.20976,-2.16653,2.6782,-0.0746295,-0.719093,-0.190975,0.78626,-0.150036,-0.463173
01324188,1523964246819,-9.71476,-0.443904,-0.561756,-0.309956,-0.142387,0.223037,0.841943,-0.342945,-0.0481799
01324185,1523964246819,-9.53172,-1.22675,-0.696906,0.439909,0.0227704,0.14706,0.863057,0.339931,-0.305886
01324181,1523964246819,-9.12338,0.277197,3.2114,-0.17414,-0.447833,0.00563429,0.865114,0.36833,-0.143905
01324180,1523964246819,-9.27001,-3.25942,0.300951,0.0834901,-0.139193,0.439102,0.734658,0.424776,-0.405322
01324189,1523964246836,-9.10986,-2.43762,3.26995,-0.0553732,-0.866872,-0.219073,0.782539,-0.148406,-0.473282
01324188,1523964246836,-9.88524,-0.790866,-0.50674,-0.320475,-0.0837008,0.231559,0.841829,-0.345948,-0.0524041
01324185,1523964246836,-9.72419,-1.22292,-0.450923,0.54841,0.08007,0.173829,0.863055,0.334527,-0.308577
01324181,1523964246836,-8.92812,0.192211,3.15873,-0.113504,-0.434912,-0.0151726,0.864631,0.368625,-0.150281
01324180,1523964246836,-9.33193,-3.15401,0.308176,0.0783962,-0.171333,0.467896,0.735813,0.418975,-0.408156
01324189,1523964246852,-9.00293,-2.29242,3.19079,-0.00702545,-0.986579,-0.256914,0.7772,-0.143586,-0.486958
01324188,1523964246852,-9.75937,-0.792158,-1.08288,-0.154938,-0.0780529,0.230125,0.840081,-0.348205,-0.0533308
01324185,1523964246852,-9.71861,-1.18653,-0.111847,0.651314,0.109186,0.193936,0.867795,0.330547,-0.310383
01324181,1523964246852,-8.57635,-0.0268728,3.21107,-0.0635342,-0.487696,-0.0486038,0.864398,0.370769,-0.156963
01324180,1523964246852,-9.138,-3.01945,0.354312,0.0686107,-0.163626,0.474032,0.73937,0.414001,-0.411008
01324189,1523964246869,-9.00396,-2.01362,2.90669,0.0154059,-1.02476,-0.204357,0.765895,-0.141344,-0.501121
01324188,1523964246869,-9.9069,-0.148746,-1.29935,-0.212677,-0.0430687,0.224765,0.83903,-0.353472,-0.0555313
01324185,1523964246869,-9.4546,-1.05059,0.263669,0.728034,0.101174,0.260175,0.867388,0.321179,-0.314079
01324181,1523964246869,-8.08499,-0.220088,3.31693,-0.0118369,-0.5235,-0.0715876,0.861026,0.367474,-0.16589
01324180,1523964246869,-8.68061,-2.90209,0.494766,0.107671,-0.130946,0.464763,0.741889,0.407325,-0.41685
01324189,1523964246886,-9.13526,-1.75674,2.98473,-0.0665381,-0.96509,-0.147859,0.75891,-0.137192,-0.513045
01324188,1523964246886,-9.82079,-0.391491,-1.1101,-0.251173,-0.0512317,0.179293,0.837683,-0.354611,-0.0586813
01324185,1523964246886,-9.01705,-0.918187,0.580839,0.760732,0.0583758,0.325797,0.870365,0.315198,-0.317427
01324181,1523964246886,-7.74909,-0.220914,3.25148,0.0151539,-0.458817,-0.110846,0.8597,0.369114,-0.17016
01324180,1523964246886,-8.14768,-2.82984,0.647793,0.135296,-0.0561058,0.404699,0.744775,0.401921,-0.418486
01324189,1523964246902,-9.14328,-1.88448,3.37887,-0.1562,-0.888069,-0.0932103,0.751937,-0.137059,-0.523664
01324188,1523964246902,-9.7036,-0.741956,-1.05008,-0.162213,-0.0472907,0.173777,0.835263,-0.35781,-0.0610045
01324185,1523964246902,-8.67386,-0.710806,0.634378,0.754413,0.0185542,0.38466,0.87375,0.3081,-0.320244
01324181,1523964246902,-7.99753,-0.0371682,3.40334,0.0472912,-0.411336,-0.13118,0.858654,0.371419,-0.176572
01324180,1523964246902,-7.83691,-2.79172,0.812966,0.19782,0.0285644,0.342329,0.747239,0.39694,-0.417002
01324189,1523964246919,-8.89805,-2.37997,3.70502,-0.156859,-0.858719,-0.0879728,0.745234,-0.134639,-0.535471
01324188,1523964246919,-10.0162,-0.946753,-0.906203,-0.0522829,-0.0383547,0.176355,0.836362,-0.359988,-0.0615582
01324185,1523964246919,-8.60619,-0.550069,0.464837,0.698914,-0.0476173,0.404689,0.87605,0.298432,-0.32486
01324181,1523964246919,-8.51423,0.216238,3.49419,0.0525958,-0.441424,-0.138253,0.855726,0.373887,-0.183233
01324180,1523964246919,-7.89934,-2.84862,0.874882,0.281145,0.120239,0.287233,0.750395,0.391534,-0.419047
01324189,1523964246936,-8.66929,-2.66484,4.324,-0.0958712,-0.77308,-0.13949,0.739876,-0.13282,-0.545292
01324188,1523964246936,-10.2166,-0.841131,-0.732325,0.00507906,-0.00467526,0.135484,0.834761,-0.364179,-0.0616656
01324185,1523964246936,-8.93455,-0.41354,0.089273,0.647981,-0.123236,0.367881,0.876991,0.291141,-0.330409
01324181,1523964246936,-8.8625,0.372258,3.47448,0.0363855,-0.451437,-0.108053,0.853626,0.374628,-0.189867
01324180,1523964246936,-8.38986,-3.03682,0.777219,0.33151,0.184621,0.236197,0.752752,0.384971,-0.419213
01324189,1523964246952,-9.01619,-2.59187,5.15699,0.0813081,-0.72131,-0.211768,0.731232,-0.129471,-0.553994
01324188,1523964246952,-10.1114,-0.494482,-0.707411,0.0223274,0.021401,0.103146,0.834237,-0.367074,-0.0618401
01324185,1523964246952,-9.60049,-0.188307,-0.364953,0.575644,-0.1692,0.284206,0.878209,0.281912,-0.334242
01324181,1523964246952,-9.17762,0.589299,3.4828,-0.00373063,-0.440576,-0.0948491,0.853248,0.378187,-0.197374
01324180,1523964246952,-9.19293,-3.36869,0.678132,0.40656,0.224252,0.201003,0.756169,0.379993,-0.420983
01324189,1523964246969,-9.30798,-2.33336,5.52711,0.161313,-0.742825,-0.273593,0.723416,-0.12701,-0.563247
01324188,1523964246969,-10.0753,0.131962,-0.660431,0.00266922,0.104137,0.0339873,0.833969,-0.367897,-0.0597348
01324185,1523964246969,-10.2811,-0.068882,-0.77864,0.443363,-0.177648,0.196109,0.878066,0.277023,-0.339419
01324181,1523964246969,-9.60309,0.717774,3.3955,-0.00651836,-0.386934,-0.0667038,0.850474,0.3788,-0.203732
01324180,1523964246969,-9.98345,-3.54567,0.55585,0.450775,0.196637,0.192431,0.758782,0.37444,-0.421133
01324189,1523964246986,-9.39585,-2.01049,5.9576,0.147208,-0.839314,-0.303648,0.719406,-0.12522,-0.571746
01324188,1523964246986,-10.3005,0.7299,-0.536551,-0.0901089,0.18362,-0.00831101,0.834223,-0.364877,-0.0621063
01324185,1523964246986,-10.7981,-0.157412,-1.05647,0.286476,-0.16962,0.147022,0.877928,0.272891,-0.34186
01324181,1523964246986,-10.0771,0.542365,3.36685,-0.0135913,-0.343547,-0.0670275,0.848338,0.379904,-0.20692
01324180,1523964246986,-10.5776,-3.57559,0.441126,0.430756,0.131064,0.184938,0.761138,0.370376,-0.427191
01324189,1523964247002,-8.97874,-1.64641,5.81586,0.0531386,-1.00069,-0.274431,0.711205,-0.124194,-0.582611
01324188,1523964247002,-9.98354,0.0805492,-0.944656,-0.238872,0.274526,-0.0604733,0.834485,-0.363675,-0.059881
01324185,1523964247002,-11.1704,-0.410372,-1.12528,0.131485,-0.0911457,0.0991527,0.878329,0.270012,-0.345099
01324181,1523964247002,-10.2279,0.414304,3.51324,-0.0332382,-0.333598,-0.0556185,0.847043,0.379945,-0.212352
01324180,1523964247002,-11.0039,-3.50724,0.35275,0.324419,0.0874991,0.199898,0.764417,0.36569,-0.428818
01324189,1523964247019,-8.50444,-1.37499,5.56838,-0.104763,-0.997345,-0.185331,0.701378,-0.121694,-0.595051
01324188,1523964247019,-9.53791,-0.405315,-1.35284,-0.265509,0.285571,-0.142754,0.834741,-0.361413,-0.0585314
01324185,1523964247019,-11.4362,-0.707123,-0.965262,-0.00492343,-0.0106831,0.0937488,0.878734,0.269149,-0.346006
01324181,1523964247019,-10.0655,0.440551,3.43408,-0.0402129,-0.270187,-0.0671581,0.846243,0.382022,-0.215973
01324180,1523964247019,-11.0725,-3.44533,0.357254,0.156889,0.0284396,0.230105,0.764475,0.361643,-0.430791
01324189,1523964247036,-7.89362,-1.29215,5.29891,-0.333356,-0.865561,-0.0993966,0.690601,-0.117451,-0.608803
01324188,1523964247036,-9.30276,-0.28063,-2.07297,-0.245089,0.292585,-0.210643,0.836086,-0.360318,-0.0513463
01324185,1523964247036,-11.4822,-0.995468,-0.649752,-0.110405,0.0380203,0.112277,0.879816,0.269994,-0.346018
01324181,1523964247036,-10.0224,0.382907,3.34611,-0.0348789,-0.162814,-0.0464252,0.84435,0.38318,-0.216509
01324180,1523964247036,-10.8645,-3.47782,0.465448,-0.0333786,-0.0055557,0.22685,0.765977,0.356945,-0.425235
01324189,1523964247052,-7.18438,-1.31282,4.7551,-0.416831,-0.660321,-0.0619995,0.683582,-0.112276,-0.617776
01324188,1523964247052,-8.97361,-0.215759,-2.56225,-0.358606,0.266705,-0.222269,0.838507,-0.357277,-0.0487639
01324185,1523964247052,-11.3835,-1.25341,-0.326197,-0.209304,0.0665238,0.141101,0.881443,0.268585,-0.34601
01324181,1523964247052,-9.9864,0.223182,3.38079,-0.00280165,-0.108844,-0.0469109,0.844659,0.383226,-0.220762
01324180,1523964247052,-10.6557,-3.58795,0.611893,-0.172304,-0.0237533,0.231045,0.767596,0.355459,-0.423938
01324189,1523964247069,-7.05387,-1.58606,4.44822,-0.44472,-0.410606,-0.0279352,0.678701,-0.106422,-0.623157
01324188,1523964247069,-8.80932,-0.232106,-2.37808,-0.503312,0.23379,-0.232448,0.839425,-0.352569,-0.0470005
01324185,1523964247069,-11.2003,-1.41088,-0.148017,-0.293804,0.0738701,0.178528,0.881861,0.266401,-0.342333
01324181,1523964247069,-9.89419,0.0957527,3.30413,0.0418727,-0.0189194,-0.0635209,0.845586,0.38505,-0.22174
01324180,1523964247069,-10.3438,-3.80804,0.770824,-0.279618,-0.0218394,0.198606,0.769971,0.3564,-0.418688
01324189,1523964247086,-7.14551,-2.27807,4.00496,-0.468708,-0.229065,0.019642,0.676536,-0.102213,-0.626978
01324188,1523964247086,-8.68043,-0.673318,-2.10314,-0.581347,0.173136,-0.175206,0.840757,-0.348475,-0.0478379
01324185,1523964247086,-11.0415,-1.55636,-0.177579,-0.402444,0.0556427,0.187238,0.882951,0.265888,-0.33972
01324181,1523964247086,-9.95564,0.0878748,3.14933,0.0722255,0.0340527,-0.0700396,0.844776,0.385345,-0.22187
01324180,1523964247086,-10.1336,-4.02927,0.923923,-0.306542,0.0252739,0.200422,0.771036,0.356079,-0.41655
01324189,1523964247102,-7.18096,-3.10572,3.53619,-0.371282,-0.0401966,0.0480571,0.674368,-0.0991497,-0.629737
01324188,1523964247102,-9.05643,-1.65542,-1.44633,-0.509247,0.0891993,-0.127877,0.840759,-0.348721,-0.0487955
01324185,1523964247102,-10.8732,-1.6442,-0.302774,-0.493025,0.0105461,0.167181,0.882417,0.264665,-0.337355
01324181,1523964247102,-10.0179,0.145489,2.9981,0.0715069,0.0699261,-0.0904056,0.843398,0.387106,-0.220697
01324180,1523964247102,-9.98093,-4.25524,1.00393,-0.278379,0.0346102,0.174201,0.772383,0.354739,-0.414706
01324189,1523964247119,-7.55856,-3.63456,3.65747,-0.176355,0.120204,0.0795878,0.677072,-0.0980654,-0.628689
01324188,1523964247119,-9.23626,-1.87546,-0.913487,-0.0743901,0.0198239,-0.0761309,0.840747,-0.34629,-0.054027
01324185,1523964247119,-10.7721,-1.61125,-0.443318,-0.567741,-0.0399727,0.148855,0.884858,0.265685,-0.335545
01324181,1523964247119,-10.0102,0.262074,2.94761,0.0634964,0.10807,-0.0831705,0.843347,0.389166,-0.218084
01324180,1523964247119,-9.88128,-4.48131,1.03508,-0.228611,0.047144,0.168371,0.772298,0.352301,-0.418804
01324189,1523964247136,-7.80466,-3.9339,3.92822,0.0812773,0.225566,0.113182,0.677731,-0.099219,-0.625764
01324188,1523964247136,-8.74611,-1.36426,-0.830498,0.371612,-0.0185497,-0.0221138,0.842097,-0.34558,-0.0510385
01324185,1523964247136,-10.5988,-1.60528,-0.632775,-0.612475,-0.0784169,0.132104,0.884862,0.266706,-0.333726
01324181,1523964247136,-9.88013,0.5015,2.7893,0.0118844,0.179044,-0.0652154,0.844814,0.390009,-0.217851
01324180,1523964247136,-9.8798,-4.57991,1.00072,-0.152203,0.0335529,0.160822,0.773518,0.350533,-0.417507
01324189,1523964247152,-7.56065,-3.78003,3.95168,0.298716,0.322554,0.142112,0.679503,-0.103138,-0.623675
01324188,1523964247152,-8.88363,-0.600172,-0.720841,0.48354,-0.0861238,0.0132647,0.843184,-0.346002,-0.0486558
01324185,1523964247152,-10.406,-1.58013,-0.782013,-0.585915,-0.0860276,0.0963617,0.885268,0.269968,-0.332584
01324181,1523964247152,-9.71411,0.656332,2.75841,-0.00691329,0.225493,-0.0372319,0.84292,0.388948,-0.215286
01324180,1523964247152,-9.84069,-4.59096,0.947866,-0.139082,-0.00971653,0.135975,0.77709,0.352618,-0.413197
01324189,1523964247169,-7.18336,-3.07741,4.05232,0.477348,0.445778,0.144178,0.684098,-0.108405,-0.617216
01324188,1523964247169,-8.91146,-0.285198,-0.925634,0.45149,-0.140552,0.0549185,0.842504,-0.345858,-0.0483691
01324185,1523964247169,-10.2179,-1.53324,-0.885174,-0.571669,-0.061817,0.0604299,0.886627,0.27043,-0.330503
01324181,1523964247169,-9.44274,0.734893,2.58477,-0.0309609,0.300991,-0.0141704,0.843552,0.389587,-0.211853
01324180,1523964247169,-9.71994,-4.55018,0.876764,-0.148376,-0.0704152,0.102066,0.776409,0.353205,-0.412365
01324189,1523964247186,-7.01482,-2.16306,4.38297,0.536437,0.591084,0.177827,0.688955,-0.11396,-0.609559
01324188,1523964247186,-8.97036,-0.533151,-0.951804,0.437607,-0.160111,0.0625736,0.841694,-0.346464,-0.0475893
01324185,1523964247186,-10.0105,-1.47681,-0.950442,-0.594359,-0.0125907,0.024374,0.884735,0.272304,-0.328295
01324181,1523964247186,-9.26998,0.698185,2.50447,-0.0541487,0.379232,0.0123995,0.845791,0.389249,-0.206292
01324180,1523964247186,-9.52199,-4.49401,0.806499,-0.203163,-0.140256,0.0783423,0.776019,0.352491,-0.413049
01324189,1523964247202,-7.14013,-1.3136,4.63272,0.496293,0.689982,0.193517,0.693146,-0.125239,-0.599799
01324188,1523964247202,-8.62421,-1.11336,-1.26209,0.466221,-0.179333,0.029887,0.838707,-0.345871,-0.0498029
01324185,1523964247202,-9.80753,-1.35288,-0.9507,-0.646846,0.0435895,-0.0491142,0.884198,0.27717,-0.324291
01324181,1523964247202,-9.07443,0.720017,2.37006,-0.0666151,0.470649,0.0338646,0.846954,0.387675,-0.1991
01324180,1523964247202,-9.33904,-4.41921,0.784528,-0.297616,-0.180204,0.0422767,0.774388,0.355433,-0.415531
01324189,1523964247219,-7.11718,-0.79523,4.6044,0.33804,0.779681,0.212354,0.700034,-0.131703,-0.590567
01324188,1523964247219,-8.29753,-1.70282,-1.27133,0.56801,-0.141974,-0.0167307,0.838579,-0.347251,-0.0482725
01324185,1523964247219,-9.595,-1.2675,-0.93156,-0.735397,0.0488245,-0.142649,0.885016,0.282315,-0.320425
01324181,1523964247219,-8.89202,0.644644,2.24226,-0.0817342,0.55227,0.0518205,0.84915,0.387991,-0.189833
01324180,1523964247219,-9.08767,-4.40175,0.782244,-0.388038,-0.247954,-0.00629564,0.772112,0.356211,-0.417643
01324189,1523964247236,-7.26788,-0.71083,4.94034,0.127802,0.87001,0.229283,0.708418,-0.135768,-0.582671
01324188,1523964247236,-8.38174,-3.69686,-2.27056,0.472958,-0.109215,-0.149711,0.839807,-0.34868,-0.0462237
01324185,1523964247236,-9.32221,-1.221,-0.878205,-0.825474,0.0470807,-0.231047,0.884478,0.290146,-0.316058
01324181,1523964247236,-8.8919,0.491958,2.05199,-0.0735127,0.627967,0.0335042,0.851252,0.387384,-0.183601
01324180,1523964247236,-8.76894,-4.37436,0.82901,-0.479862,-0.275344,-0.0581234,0.771421,0.359287,-0.420947
01324189,1523964247252,-8.09884,-1.48317,5.76402,-0.0547294,0.86614,0.201317,0.71594,-0.138498,-0.571009
01324188,1523964247252,-10.7297,-0.30239,-0.263928,1.04429,-0.032979,-0.196789,0.84182,-0.345531,-0.0426872
01324185,1523964247252,-9.05469,-1.33817,-0.810809,-0.912349,0.0496153,-0.327976,0.882859,0.297998,-0.310643
01324181,1523964247252,-9.25755,0.354167,2.09093,-0.0753733,0.648659,0.0493126,0.853028,0.388022,-0.173008
01324180,1523964247252,-8.48859,-4.3467,0.80773,-0.576701,-0.311243,-0.122342,0.768939,0.365126,-0.420659
01324189,1523964247269,-9.52813,-2.72357,6.54694,-0.114134,0.743677,0.127018,0.722936,-0.138356,-0.56293
01324188,1523964247269,-12.2146,3.51329,-1.39158,0.801038,0.0914263,-0.0168674,0.842496,-0.345814,-0.0369258
01324185,1523964247269,-9.0554,-1.63185,-0.7471,-0.953698,0.0255829,-0.390704,0.882324,0.307136,-0.304199
01324181,1523964247269,-9.68523,0.24226,2.2135,-0.0842581,0.564358,0.02977,0.853783,0.385631,-0.164201
01324180,1523964247269,-8.4351,-4.33053,0.706833,-0.635947,-0.291049,-0.17709,0.764997,0.369539,-0.419837
01324189,1523964247286,-10.2739,-3.46307,6.57592,-0.0405138,0.627282,0.0165782,0.727483,-0.138722,-0.554559
01324188,1523964247286,-11.5333,3.38808,-0.702693,-0.660577,0.258324,0.0069071,0.842316,-0.347735,-0.0345149
01324185,1523964247286,-9.32146,-1.91908,-0.708492,-0.913756,0.017555,-0.445062,0.876096,0.318076,-0.299451
01324181,1523964247286,-9.83301,0.24283,2.34537,-0.0949689,0.459764,0.0151454,0.854256,0.385079,-0.156492
01324180,1523964247286,-8.68519,-4.40477,0.600059,-0.65322,-0.267143,-0.233259,0.759666,0.376858,-0.416101
01324189,1523964247302,-10.1892,-3.14316,6.54132,0.0845265,0.52926,-0.000609631,0.732189,-0.138674,-0.548728
01324188,1523964247302,-10.3421,-0.138175,-0.126482,-0.821327,0.323522,-0.093203,0.841356,-0.345913,-0.0357346
01324185,1523964247302,-9.65516,-2.21075,-0.720323,-0.807112,-0.00504087,-0.482375,0.874471,0.329008,-0.294979
01324181,1523964247302,-9.78359,0.202098,2.43341,-0.110089,0.392303,0.00253555,0.855246,0.386372,-0.149093
01324180,1523964247302,-8.94893,-4.54685,0.502447,-0.63717,-0.246597,-0.291013,0.756076,0.385616,-0.415738
01324189,1523964247319,-9.39253,-2.25932,5.74276,0.057891,0.420521,0.0313127,0.735261,-0.13887,-0.542746
01324188,1523964247319,-9.56079,-2.10551,-0.91371,-0.0333985,0.411011,-0.13888,0.841745,-0.343414,-0.0332957
01324185,1523964247319,-9.90168,-2.42826,-0.659005,-0.580086,-0.0211592,-0.461203,0.870954,0.335,-0.291107
01324181,1523964247319,-9.69889,0.0768216,2.58125,-0.119903,0.363955,0.000593036,0.855589,0.386505,-0.142857
01324180,1523964247319,-9.1605,-4.61609,0.422662,-0.565159,-0.242182,-0.321266,0.751685,0.393509,-0.41376
01324189,1523964247336,-8.40132,-1.03102,3.97334,0.0378508,0.385775,0.0710598,0.737683,-0.140067,-0.539172
01324188,1523964247336,-9.45726,-1.61517,-1.79015,0.597746,0.441972,-0.135981,0.841461,-0.342348,-0.0248826
01324185,1523964247336,-9.95498,-2.60356,-0.523898,-0.279412,0.0150318,-0.425182,0.867427,0.343331,-0.290131
01324181,1523964247336,-9.83088,-0.148129,2.81172,-0.0780309,0.337134,-0.020396,0.857137,0.388164,-0.137994
01324180,1523964247336,-9.26583,-4.65714,0.305399,-0.451348,-0.209181,-0.370412,0.747459,0.399525,-0.413577
01324189,1523964247352,-7.93727,-0.317738,1.70437,-0.198195,0.565751,0.171974,0.74087,-0.139968,-0.531184
01324188,1523964247352,-9.1811,-0.201971,-3.01803,1.08539,0.408465,-0.0391854,0.842257,-0.340897,-0.0126912
01324185,1523964247352,-10.0271,-2.6511,-0.350475,0.0689007,0.0772282,-0.385127,0.865933,0.349681,-0.289534
01324181,1523964247352,-9.88331,-0.381856,3.05736,-0.0290086,0.280049,-0.052032,0.856554,0.388274,-0.133342
01324180,1523964247352,-9.38624,-4.66482,0.212341,-0.306416,-0.162421,-0.400792,0.742548,0.406416,-0.412287
01324189,1523964247369,-8.07956,-0.6823,0.415602,-0.351623,0.838352,0.257145,0.749098,-0.141869,-0.5226
01324188,1523964247369,-8.85801,0.879612,-3.38894,0.831118,0.35386,0.0593897,0.844403,-0.338401,-0.00152794
01324185,1523964247369,-10.1806,-2.45257,-0.185807,0.348233,0.0889361,-0.351463,0.86363,0.353935,-0.28813
01324181,1523964247369,-9.5647,-0.615914,3.14117,0.0289772,0.245857,-0.085317,0.855475,0.386767,-0.131042
01324180,1523964247369,-9.4057,-4.65036,0.192896,-0.100317,-0.119301,-0.415003,0.740033,0.41604,-0.414623
01324189,1523964247386,-8.89913,-1.5978,0.289493,-0.387313,1.03063,0.330575,0.755123,-0.142695,-0.511976
01324188,1523964247386,-8.79392,-0.12401,-3.33943,0.265086,0.26115,0.00852003,0.842773,-0.338651,0.00439758
01324185,1523964247386,-10.218,-2.08149,-0.120084,0.469363,0.0983165,-0.354208,0.85956,0.356439,-0.289839
01324181,1523964247386,-9.3598,-0.817323,3.18981,0.111022,0.284301,-0.114577,0.854462,0.389304,-0.126835
01324180,1523964247386,-9.34815,-4.62596,0.232261,0.133616,-0.0584555,-0.435083,0.733283,0.420658,-0.415377
01324189,1523964247402,-9.66665,-2.27988,0.849554,-0.238523,1.08467,0.391551,0.760452,-0.140914,-0.501323
01324188,1523964247402,-9.52863,-1.36929,-2.78814,-0.0139008,0.147777,-0.0602038,0.841693,-0.339814,0.00783707
01324185,1523964247402,-10.1808,-1.75422,-0.0571058,0.506226,0.0971005,-0.353405,0.857929,0.357675,-0.291543
01324181,1523964247402,-9.2681,-1.08791,3.12313,0.197576,0.347456,-0.14705,0.855631,0.390216,-0.123679
01324180,1523964247402,-9.28762,-4.49627,0.364074,0.337387,0.027536,-0.448119,0.730439,0.422584,-0.413946
01324189,1523964247419,-10.4244,-2.99592,1.39965,-0.0713168,1.07284,0.392296,0.766739,-0.146187,-0.486993
01324188,1523964247419,-10.4681,-1.73624,-2.22397,0.0702501,0.111191,-0.0159159,0.843053,-0.340834,0.0104475
01324185,1523964247419,-10.0332,-1.5914,-0.0359843,0.527632,0.102966,-0.365408,0.856025,0.360311,-0.293651
01324181,1523964247419,-9.27431,-1.16056,2.87815,0.254869,0.383724,-0.196903,0.853663,0.393768,-0.119483
01324180,1523964247419,-9.20983,-4.20697,0.487265,0.531007,0.090752,-0.463102,0.727511,0.422661,-0.418223
01324189,1523964247436,-10.5327,-3.26429,1.83634,0.0573292,0.976523,0.305869,0.774537,-0.150646,-0.474545
01324188,1523964247436,-10.2348,-1.35465,-1.74313,0.263503,0.0935566,0.063111,0.842784,-0.341366,0.0125706
01324185,1523964247436,-9.81597,-1.55903,-0.0189256,0.50364,0.0785126,-0.370377,0.853307,0.363358,-0.296414
01324181,1523964247436,-9.28104,-0.913074,2.7502,0.313889,0.416508,-0.245104,0.853047,0.397563,-0.116368
01324180,1523964247436,-9.02529,-3.92562,0.567952,0.64216,0.169528,-0.482039,0.723615,0.424776,-0.421094
01324189,1523964247452,-9.99767,-2.89614,2.14313,0.285738,0.820288,0.209982,0.782873,-0.156263,-0.460776
01324188,1523964247452,-9.76907,-0.89553,-1.43807,0.32727,0.115415,0.0779985,0.842238,-0.340757,0.0122118
01324185,1523964247452,-9.53618,-1.60164,0.0447519,0.545096,0.0466616,-0.347318,0.850317,0.366692,-0.298918
01324181,1523964247452,-9.10703,-0.615023,2.73836,0.374485,0.395773,-0.26969,0.852312,0.399383,-0.112149
01324180,1523964247452,-8.78199,-3.65691,0.537967,0.661198,0.223208,-0.532522,0.72097,0.423249,-0.424461
01324189,1523964247469,-9.64644,-2.56044,2.12402,0.414494,0.701469,0.206121,0.786881,-0.161206,-0.450162
01324188,1523964247469,-9.72003,-0.72508,-1.70472,0.351555,0.116972,0.065797,0.841144,-0.339937,0.0168519
01324185,1523964247469,-9.11913,-1.70773,0.0886479,0.675104,0.0123506,-0.310762,0.847056,0.366327,-0.303344
01324181,1523964247469,-9.06054,-0.498011,2.72676,0.438532,0.347046,-0.278962,0.850246,0.401463,-0.109913
01324180,1523964247469,-8.38332,-3.40247,0.432082,0.662571,0.294577,-0.59358,0.718669,0.425174,-0.424524
01324189,1523964247486,-9.40541,-2.23913,2.182,0.510468,0.600317,0.220797,0.788887,-0.168409,-0.442084
01324188,1523964247486,-9.79597,-0.333572,-1.79432,0.335774,0.147204,0.0695386,0.840886,-0.342477,0.0214061
01324185,1523964247486,-8.73081,-1.72938,0.118347,0.82681,-0.0248692,-0.280161,0.844879,0.369368,-0.30637
01324181,1523964247486,-8.94666,-0.222686,2.93473,0.514813,0.211111,-0.271824,0.848029,0.405529,-0.108514
01324180,1523964247486,-8.04947,-3.39592,0.411209,0.657308,0.342254,-0.65665,0.715198,0.426722,-0.430654
01324189,1523964247502,-9.5849,-2.05791,1.91009,0.580477,0.506412,0.247,0.790483,-0.175602,-0.433867
01324188,1523964247502,-9.79927,-0.570703,-1.67181,0.22774,0.159652,0.0919525,0.840218,-0.34453,0.0250539
01324185,1523964247502,-8.47019,-1.63957,0.0528868,1.01179,-0.0677193,-0.252084,0.843234,0.367096,-0.314701
01324181,1523964247502,-9.0453,0.00659221,2.97559,0.527047,0.0415014,-0.264717,0.846672,0.408628,-0.111486
01324180,1523964247502,-7.85576,-3.41308,0.422673,0.732612,0.385799,-0.717457,0.712079,0.429968,-0.431083
01324189,1523964247519,-9.72354,-1.86808,1.78606,0.561113,0.423732,0.222235,0.793443,-0.182975,-0.425935
01324188,1523964247519,-9.78395,-0.942891,-1.5867,0.16562,0.187572,0.088326,0.840009,-0.346391,0.0288851
01324185,1523964247519,-8.4436,-1.51948,-0.0950676,1.25816,-0.145768,-0.247611,0.841317,0.364377,-0.324334
01324181,1523964247519,-9.4045,0.230037,3.41336,0.482384,-0.103603,-0.271796,0.844766,0.413148,-0.115279
01324180,1523964247519,-7.99645,-3.35345,0.33462,0.858669,0.424208,-0.77173,0.706719,0.430945,-0.433146
01324189,1523964247536,-9.59474,-1.89051,1.63802,0.549577,0.344353,0.194776,0.796154,-0.1915,-0.419614
01324188,1523964247536,-9.47192,-0.904873,-1.67131,0.0704253,0.225863,0.0810619,0.838111,-0.346732,0.0306373
01324185,1523964247536,-8.6872,-1.35928,-0.328922,1.5313,-0.205035,-0.274696,0.837229,0.357947,-0.336535
01324181,1523964247536,-9.5308,0.46131,3.582,0.432253,-0.335991,-0.260717,0.84041,0.413574,-0.124671
01324180,1523964247536,-8.44114,-3.33051,0.18056,0.951433,0.42829,-0.778922,0.704797,0.433865,-0.430898
01324189,1523964247552,-9.34975,-1.79335,1.53719,0.369856,0.295233,0.2031,0.797216,-0.195242,-0.414573
01324188,1523964247552,-9.55779,-1.24556,-1.52315,0.0163811,0.268463,0.0953162,0.837572,-0.347601,0.03382
01324185,1523964247552,-9.37647,-1.04456,-0.506465,1.80716,-0.235019,-0.359706,0.833267,0.353717,-0.3515
01324181,1523964247552,-9.60941,0.736801,3.76942,0.327955,-0.368332,-0.234817,0.838411,0.416889,-0.131227
01324180,1523964247552,-9.14552,-3.40909,-0.020097,1.0544,0.435506,-0.764015,0.7021,0.436097,-0.432704
01324189,1523964247569,-9.13629,-1.59643,1.81192,0.261638,0.2609,0.165447,0.79732,-0.198669,-0.409118
01324188,1523964247569,-9.63585,-1.44486,-1.60015,0.0408066,0.290375,0.10988,0.837986,-0.349047,0.0365508
01324185,1523964247569,-10.4294,-0.458023,-0.799832,1.96553,-0.271042,-0.454678,0.828908,0.348135,-0.363578
01324181,1523964247569,-9.71815,0.92681,4.21427,0.289468,-0.332359,-0.203343,0.836967,0.418911,-0.137761
01324180,1523964247569,-9.92097,-3.58961,-0.248593,1.16138,0.3897,-0.726605,0.699187,0.435016,-0.43714
01324189,1523964247586,-9.36257,-1.85411,2.13115,0.167753,0.277499,0.157157,0.796756,-0.202373,-0.404861
01324188,1523964247586,-9.59121,-1.14931,-1.82459,0.0565255,0.333481,0.150288,0.83568,-0.349924,0.0436582
01324185,1523964247586,-10.9524,-0.120375,-1.09877,2.00095,-0.243739,-0.507509,0.824812,0.343767,-0.378411
01324181,1523964247586,-9.49014,0.953976,3.96163,0.296598,-0.232975,-0.181882,0.833517,0.418849,-0.14277
01324180,1523964247586,-10.9523,-3.46212,-0.439226,1.19647,0.292973,-0.608992,0.694406,0.433096,-0.441159
01324189,1523964247602,-9.21495,-1.53285,1.92766,0.049138,0.273458,0.136297,0.797556,-0.204249,-0.401943
01324188,1523964247602,-9.71555,-0.785411,-2.07961,0.0006434,0.343324,0.159723,0.834066,-0.352745,0.048482
01324185,1523964247602,-11.3661,0.322734,-1.17781,1.88903,-0.162282,-0.570758,0.817873,0.339131,-0.392579
01324181,1523964247602,-9.29147,0.793815,3.91526,0.275279,-0.146147,-0.169025,0.831347,0.422806,-0.146283
01324180,1523964247602,-11.2052,-3.27918,-0.672708,1.2746,0.199229,-0.59147,0.691552,0.427674,-0.447167
01324189,1523964247619,-9.26984,-0.941183,1.40658,-0.065488,0.305704,0.166944,0.798084,-0.208126,-0.397968
01324188,1523964247619,-9.73491,-0.812342,-2.35838,-0.0778603,0.342308,0.175107,0.833536,-0.355028,0.0507686
01324185,1523964247619,-11.102,0.622242,-0.968978,1.77514,0.0133511,-0.559916,0.813237,0.334072,-0.406751
01324181,1523964247619,-9.11267,0.587013,4.24639,0.296718,-0.098648,-0.184212,0.830281,0.425852,-0.151515
01324180,1523964247619,-11.123,-2.53663,-0.718581,1.22003,0.132589,-0.553435,0.686784,0.42577,-0.453887
01324189,1523964247636,-9.91973,-0.745454,0.77183,-0.295909,0.342794,0.239957,0.799293,-0.209584,-0.395452
01324188,1523964247636,-9.56512,-0.702689,-2.96234,-0.12329,0.296857,0.176098,0.833554,-0.358267,0.0546036
01324185,1523964247636,-10.9148,0.816555,-0.47431,1.5132,0.148401,-0.516316,0.810375,0.331383,-0.414813
01324181,1523964247636,-8.96915,0.455479,3.99867,0.286166,-0.0315304,-0.185344,0.827718,0.427845,-0.153522
01324180,1523964247636,-10.6307,-2.0915,-0.718579,1.04417,0.110393,-0.528329,0.682856,0.420659,-0.460144
01324189,1523964247652,-9.7652,-0.903337,0.333428,-0.468816,0.369626,0.312147,0.798979,-0.209698,-0.391036
01324188,1523964247652,-9.56658,-0.430505,-2.92148,-0.27319,0.264613,0.1871,0.830446,-0.360526,0.0573277
01324185,1523964247652,-10.5135,0.852935,-0.0890861,1.22374,0.194047,-0.45855,0.808203,0.328085,-0.417908
01324181,1523964247652,-8.79352,0.460172,3.76786,0.271349,0.107689,-0.20827,0.82666,0.426848,-0.154021
01324180,1523964247652,-10.1903,-1.77871,-0.586886,0.872316,0.123433,-0.513522,0.679929,0.419708,-0.46201
01324189,1523964247669,-9.83254,-1.53551,0.0895372,-0.528933,0.400514,0.359881,0.800444,-0.210007,-0.387578
01324188,1523964247669,-9.58101,-1.07534,-2.76149,-0.318236,0.197926,0.212627,0.829376,-0.363217,0.0591917
01324185,1523964247669,-10.1464,0.898985,0.108243,0.979846,0.179348,-0.403841,0.805488,0.326615,-0.42115
01324181,1523964247669,-8.89128,0.478545,3.62199,0.261713,0.152497,-0.223345,0.826224,0.42887,-0.153395
01324180,1523964247669,-9.74848,-1.60164,-0.402753,0.709044,0.145135,-0.493358,0.675952,0.417479,-0.465373
01324189,1523964247686,-9.82974,-2.05912,0.0541735,-0.490582,0.413924,0.360879,0.801663,-0.212904,-0.385207
01324188,1523964247686,-9.41266,-1.31732,-2.72692,-0.216884,0.16819,0.236037,0.826958,-0.366978,0.0595252
01324185,1523964247686,-9.7268,0.853063,0.139279,0.750713,0.12593,-0.333601,0.806023,0.324862,-0.4244
01324181,1523964247686,-8.94408,0.633431,3.32889,0.222603,0.195925,-0.214234,0.822573,0.430074,-0.152983
01324180,1523964247686,-9.38352,-1.44926,-0.253342,0.561693,0.190666,-0.521269,0.671109,0.420336,-0.468215
01324189,1523964247702,-9.65174,-2.2898,0.201849,-0.401482,0.409559,0.385145,0.803276,-0.2148,-0.382031
01324188,1523964247702,-9.38756,-1.05283,-2.63325,-0.158972,0.13725,0.29804,0.823462,-0.371819,0.0584587
01324185,1523964247702,-9.37041,0.754395,-0.0156921,0.51438,0.101619,-0.267775,0.800873,0.326399,-0.425181
01324181,1523964247702,-9.001,0.831832,3.16533,0.172597,0.219587,-0.174233,0.821973,0.434388,-0.15227
01324180,1523964247702,-9.13364,-1.35558,-0.158547,0.378985,0.239056,-0.522119,0.670604,0.41906,-0.471474
01324189,1523964247719,-9.63534,-2.31168,0.488766,-0.277641,0.378127,0.405165,0.803805,-0.218247,-0.37832
01324188,1523964247719,-9.50284,-0.822361,-2.42748,-0.150024,0.116531,0.329708,0.823753,-0.375076,0.0594628
01324185,1523964247719,-9.31791,0.686477,-0.206497,0.302005,0.0821737,-0.217249,0.801411,0.325091,-0.42726
01324181,1523964247719,-9.09629,1.02977,3.0112,0.15813,0.199082,-0.134718,0.821912,0.437861,-0.150483
01324180,1523964247719,-8.98755,-1.41634,-0.186457,0.210468,0.29518,-0.554489,0.667337,0.423174,-0.471074
01324189,1523964247736,-9.6433,-2.26567,0.795686,-0.186813,0.345321,0.426859,0.803525,-0.22354,-0.374212
01324188,1523964247736,-9.53115,-0.620142,-2.36652,-0.189189,0.122392,0.348963,0.820263,-0.380997,0.0596747
01324185,1523964247736,-9.12981,0.723759,-0.28287,0.152872,0.0541921,-0.167621,0.801275,0.325795,-0.427267
01324181,1523964247736,-9.04681,1.28996,2.99687,0.068661,0.209468,-0.0447472,0.820951,0.437084,-0.147402
01324180,1523964247736,-8.92718,-1.56708,-0.247116,0.0716986,0.313607,-0.536826,0.664843,0.430028,-0.470765
01324189,1523964247752,-9.56275,-2.06915,1.09189,-0.119083,0.30837,0.415591,0.804611,-0.227009,-0.371845
01324188,1523964247752,-9.41498,-0.573337,-2.22346,-0.212623,0.131615,0.370159,0.818926,-0.384207,0.0602982
01324185,1523964247752,-9.05805,0.55953,-0.347339,-0.0170929,0.0506907,-0.153816,0.799376,0.328753,-0.427289
01324181,1523964247752,-8.85185,1.53722,3.09964,-0.0227332,0.159953,0.058468,0.820796,0.436856,-0.144873
01324180,1523964247752,-8.8528,-1.68396,-0.297786,-0.0495232,0.31416,-0.498952,0.6637,0.434078,-0.466075
01324189,1523964247769,-9.5131,-1.81541,1.28647,-0.128383,0.279155,0.430708,0.804067,-0.233016,-0.368142
01324188,1523964247769,-9.4435,-0.420511,-1.99359,-0.210738,0.149361,0.396905,0.81652,-0.390014,0.0607728
01324185,1523964247769,-8.92809,0.522516,-0.444723,-0.144145,0.0645795,-0.123176,0.798568,0.330066,-0.424948
01324181,1523964247769,-8.57434,1.65693,3.12086,-0.0980766,0.158273,0.16635,0.822268,0.435327,-0.141934
01324180,1523964247769,-8.74923,-1.81753,-0.336178,-0.137858,0.274364,-0.45413,0.66145,0.441341,-0.462116
01324189,1523964247786,-9.42535,-1.6494,1.3975,-0.193409,0.234947,0.435886,0.802175,-0.237848,-0.366553
01324188,1523964247786,-9.48674,-0.338736,-1.94105,-0.19675,0.198408,0.42408,0.81264,-0.398725,0.0616226
01324185,1523964247786,-8.7405,0.453766,-0.626743,-0.231478,0.0973116,-0.109721,0.799521,0.332379,-0.421839
01324181,1523964247786,-8.76645,1.73705,3.24609,-0.200075,0.167102,0.265912,0.824468,0.430328,-0.140259
01324180,1523964247786,-8.62696,-1.90013,-0.378941,-0.216843,0.203334,-0.423526,0.658667,0.447146,-0.455072
01324189,1523964247802,-9.43726,-1.68715,1.22721,-0.332069,0.156982,0.453336,0.801378,-0.241851,-0.366041
01324188,1523964247802,-9.59797,-0.343323,-1.91608,-0.184482,0.252215,0.460139,0.808604,-0.404296,0.0638821
01324185,1523964247802,-8.77728,0.388788,-0.842872,-0.281295,0.138193,-0.123525,0.798306,0.33496,-0.419508
01324181,1523964247802,-9.25494,1.5954,3.25292,-0.214713,0.214562,0.342359,0.826226,0.426397,-0.135813
01324180,1523964247802,-8.79363,-1.89412,-0.448207,-0.337453,0.135753,-0.351754,0.656968,0.453094,-0.451012
01324189,1523964247819,-9.51609,-1.9435,1.02333,-0.4707,0.110108,0.474297,0.79906,-0.243651,-0.364424
01324188,1523964247819,-9.71506,-0.64569,-2.06163,-0.118196,0.292779,0.485813,0.805529,-0.41179,0.066413
01324185,1523964247819,-9.15411,0.381246,-1.12268,-0.370999,0.195887,-0.164532,0.79696,0.339421,-0.414584
01324181,1523964247819,-9.59303,1.30516,3.20802,-0.234674,0.15913,0.404119,0.828893,0.423497,-0.129406
01324180,1523964247819,-9.17218,-1.97049,-0.495826,-0.484455,0.0804262,-0.283552,0.654737,0.45788,-0.444807
01324189,1523964247836,-9.71911,-2.15322,0.962613,-0.55032,0.0557523,0.486611,0.798297,-0.247385,-0.367655
01324188,1523964247836,-9.80138,-0.460817,-2.25034,-0.0902028,0.326844,0.534154,0.80055,-0.418514,0.0687468
01324185,1523964247836,-9.62007,0.304582,-1.24267,-0.515846,0.231429,-0.179803,0.796021,0.343893,-0.409138
01324181,1523964247836,-9.74352,0.99774,3.15257,-0.237655,0.128291,0.457373,0.831781,0.416928,-0.127174
01324180,1523964247836,-9.41638,-2.16166,-0.494427,-0.622678,0.0098249,-0.196999,0.65397,0.464539,-0.441151
01324189,1523964247852,-9.74227,-1.98763,0.7735,-0.52755,-0.0118202,0.49392,0.794805,-0.251474,-0.369787
01324188,1523964247852,-9.67971,-0.252783,-2.41201,-0.139775,0.334604,0.581706,0.798282,-0.424884,0.0718763
01324185,1523964247852,-10.0133,0.218002,-1.18127,-0.761501,0.265759,-0.147346,0.7982,0.351365,-0.401381
01324181,1523964247852,-9.62842,0.698407,2.98033,-0.230552,0.100082,0.464006,0.834529,0.410372,-0.12441
01324180,1523964247852,-9.55904,-2.35674,-0.467889,-0.722498,-0.0635698,-0.0961801,0.649702,0.471828,-0.435541
01324189,1523964247869,-9.70704,-1.52636,0.564737,-0.45139,-0.0523797,0.476467,0.792275,-0.255163,-0.373265
01324188,1523964247869,-9.58227,-0.0547744,-2.50602,-0.171093,0.339966,0.609882,0.792374,-0.43497,0.0748191
01324185,1523964247869,-10.12,-0.108586,-0.971958,-0.996947,0.259111,-0.0636706,0.799845,0.35832,-0.391267
01324181,1523964247869,-9.7653,0.415242,3.12495,-0.235033,0.06293,0.462044,0.838231,0.40211,-0.120558
01324180,1523964247869,-9.49099,-2.40991,-0.385343,-0.830104,-0.126079,-0.0164459,0.648659,0.479364,-0.432404
01324189,1523964247886,-9.80968,-0.874831,0.285486,-0.406396,-0.0977544,0.471379,0.789461,-0.257262,-0.376459
01324188,1523964247886,-9.53871,-0.0716039,-2.88404,-0.180669,0.348662,0.641785,0.786724,-0.442907,0.0784313
01324185,1523964247886,-9.99793,-0.61472,-0.712358,-1.1973,0.252311,0.036929,0.799732,0.365023,-0.379576
01324181,1523964247886,-9.61037,0.329733,3.12758,-0.226218,0.0170823,0.470209,0.839747,0.397424,-0.118086
01324180,1523964247886,-9.21541,-2.42195,-0.310213,-0.910429,-0.145773,0.0742742,0.646017,0.48547,-0.427651
01324189,1523964247902,-9.88419,-0.263696,0.0909061,-0.444363,-0.105958,0.503255,0.784498,-0.262041,-0.380854
01324188,1523964247902,-9.66292,0.330659,-3.10813,-0.17016,0.309945,0.652024,0.782024,-0.450785,0.0804203
01324185,1523964247902,-9.77208,-1.1383,-0.391511,-1.28882,0.231409,0.152784,0.801102,0.371385,-0.371022
01324181,1523964247902,-9.85191,0.227204,3.37433,-0.254706,-0.0592229,0.455062,0.843436,0.391829,-0.116547
01324180,1523964247902,-8.98793,-2.44885,-0.252553,-1.01829,-0.142907,0.172018,0.646439,0.493557,-0.423985
01324189,1523964247919,-10.0073,0.0774878,0.100878,-0.522423,-0.0826469,0.524292,0.782117,-0.267174,-0.384746
01324188,1523964247919,-9.80231,0.558178,-3.15964,-0.18401,0.274468,0.665673,0.776935,-0.461604,0.0831723
01324185,1523964247919,-9.80678,-1.58815,-0.210702,-1.26721,0.221464,0.241286,0.802749,0.375663,-0.360882
01324181,1523964247919,-9.82716,0.135343,3.32795,-0.156775,-0.112556,0.433605,0.845119,0.386931,-0.117126
01324180,1523964247919,-9.08245,-2.63394,-0.203738,-1.11906,-0.130809,0.248806,0.647789,0.500439,-0.415494
01324189,1523964247936,-10.1316,0.199472,0.273427,-0.577967,-0.0604264,0.532974,0.778638,-0.27084,-0.38848
01324188,1523964247936,-9.73973,0.476567,-3.24602,-0.149145,0.247364,0.653237,0.77075,-0.470631,0.0853772
01324185,1523964247936,-10.0876,-2.00525,-0.116748,-1.11019,0.217715,0.288832,0.807376,0.380087,-0.350491
01324181,1523964247936,-9.68596,-0.0400554,3.28391,-0.120247,-0.144589,0.421991,0.846549,0.381441,-0.118753
01324180,1523964247936,-9.33222,-2.96564,-0.159662,-1.1712,-0.116539,0.357564,0.649319,0.50355,-0.407082
01324189,1523964247952,-10.1548,0.219338,0.346847,-0.464867,-0.0589855,0.540463,0.77544,-0.275807,-0.392361
01324188,1523964247952,-9.53392,0.560618,-3.30615,-0.0452169,0.191351,0.663983,0.767,-0.478454,0.0858771
01324185,1523964247952,-10.3847,-2.18634,-0.0681981,-0.933735,0.211871,0.320211,0.809302,0.380029,-0.338743
01324181,1523964247952,-9.51401,-0.156885,3.26552,-0.10684,-0.15718,0.411467,0.847453,0.374543,-0.119681
01324180,1523964247952,-9.53281,-3.36456,-0.0961392,-1.10435,-0.116347,0.489807,0.650288,0.507525,-0.395944
01324189,1523964247969,-10.005,0.200342,0.315331,-0.318812,-0.0536316,0.544468,0.771411,-0.279312,-0.395686
01324188,1523964247969,-9.4578,0.886054,-3.33617,-0.0128396,0.142377,0.670748,0.761894,-0.486432,0.0870574
01324185,1523964247969,-10.5313,-2.0289,-0.0344245,-0.799364,0.200761,0.397554,0.811491,0.379489,-0.330125
01324181,1523964247969,-9.20669,-0.140899,2.9967,-0.0771578,-0.092477,0.373926,0.849679,0.369625,-0.120796
01324180,1523964247969,-9.60629,-3.70227,0.0269649,-0.972632,-0.118476,0.617154,0.655059,0.508551,-0.387756
01324189,1523964247986,-10.002,0.197129,0.519738,-0.22799,-0.032926,0.574943,0.768857,-0.282845,-0.396755
01324188,1523964247986,-9.72325,1.02627,-3.24873,-0.0337582,0.105087,0.653335,0.755837,-0.494116,0.088537
01324185,1523964247986,-10.309,-1.91708,0.0131409,-0.720919,0.188357,0.46298,0.814894,0.379055,-0.323341
01324181,1523964247986,-9.24302,-0.0104388,3.14128,-0.0920345,-0.0472489,0.33299,0.851754,0.365579,-0.121398
01324180,1523964247986,-9.44595,-3.80823,0.182627,-0.775855,-0.119863,0.718549,0.659778,0.504678,-0.384257
01324189,1523964248002,-10.0318,0.184706,0.802507,-0.271161,-0.02982,0.590795,0.765778,-0.289241,-0.397974
01324188,1523964248002,-9.87824,0.958798,-3.17231,-0.106892,0.0799046,0.666696,0.750189,-0.502097,0.089993
01324185,1523964248002,-9.97071,-1.753,0.0746159,-0.63311,0.163683,0.542055,0.818436,0.373248,-0.31755
01324181,1523964248002,-9.31004,0.141631,3.11862,-0.0625566,-0.0618123,0.307772,0.853427,0.360981,-0.121319
01324180,1523964248002,-9.22008,-3.7418,0.315707,-0.611813,-0.131165,0.784529,0.664084,0.501683,-0.380869
01324189,1523964248019,-10.0485,0.133917,1.1288,-0.403879,0.00607219,0.547646,0.762579,-0.294782,-0.401459
01324188,1523964248019,-9.80569,0.967981,-3.14408,-0.176652,0.0439831,0.651675,0.744008,-0.511396,0.0886815
01324185,1523964248019,-9.57459,-1.58448,0.114158,-0.566545,0.159931,0.577634,0.822793,0.370298,-0.3097
01324181,1523964248019,-9.25336,0.188433,3.07462,-0.0261268,-0.0740483,0.313562,0.854001,0.357836,-0.120861
01324180,1523964248019,-9.00907,-3.65396,0.463261,-0.498978,-0.111097,0.850414,0.670583,0.494884,-0.37813
01324189,1523964248036,-10.1116,0.164101,1.30264,-0.489515,0.0363054,0.517998,0.757578,-0.297821,-0.403031
01324188,1523964248036,-9.96548,0.921076,-2.90175,-0.257741,0.0154928,0.628655,0.737839,-0.522544,0.0864465
01324185,1523964248036,-9.41515,-1.49879,0.121009,-0.526544,0.179253,0.608045,0.828766,0.365582,-0.305756
01324181,1523964248036,-9.19928,0.218049,3.24103,0.00574338,-0.135684,0.324978,0.856245,0.352043,-0.122756
01324180,1523964248036,-8.81699,-3.59275,0.595982,-0.440008,-0.0895459,0.876405,0.676555,0.487077,-0.374863
01324189,1523964248053,-10.3057,0.339467,1.52262,-0.482469,0.0491812,0.465617,0.755859,-0.300955,-0.406246
01324188,1523964248053,-9.89346,0.800826,-2.6365,-0.363435,0.00446904,0.568525,0.73273,-0.529644,0.0844514
01324185,1523964248053,-9.42936,-1.37355,0.0718018,-0.527262,0.137721,0.593005,0.832309,0.359786,-0.299443
01324181,1523964248053,-9.08178,0.258445,3.01158,0.041447,-0.212222,0.298306,0.856353,0.346242,-0.126354
01324180,1523964248053,-8.80311,-3.56664,0.654265,-0.408426,-0.0929412,0.875705,0.683202,0.47897,-0.371882
01324189,1523964248069,-10.2945,0.511898,1.87336,-0.36928,0.0238074,0.412737,0.754647,-0.302794,-0.40638
01324188,1523964248069,-9.28996,0.552486,-2.61007,-0.428435,0.0200016,0.4648,0.729916,-0.534674,0.0809419
01324185,1523964248069,-9.54979,-1.27655,0.0128748,-0.521674,0.0888971,0.561019,0.838284,0.358339,-0.293964
01324181,1523964248069,-9.03632,0.292928,3.03536,0.0805506,-0.222725,0.301522,0.856934,0.343774,-0.127637
01324180,1523964248069,-8.97366,-3.85895,0.713833,-0.346039,-0.0858442,0.925348,0.690738,0.47417,-0.367093
01324189,1523964248086,-10.1342,0.623522,2.11461,-0.203347,-0.0237742,0.337835,0.752513,-0.305626,-0.409053
01324188,1523964248086,-9.28836,0.992107,-2.72478,-0.582545,0.0364604,0.34355,0.725339,-0.539756,0.0761053
01324185,1523964248086,-9.73814,-1.2322,-0.163921,-0.560832,0.0416097,0.551202,0.839519,0.351651,-0.290116
01324181,1523964248086,-9.16201,0.252521,3.16091,0.0912411,-0.199746,0.298278,0.857854,0.337813,-0.131506
01324180,1523964248086,-9.20447,-3.59837,0.69851,-0.33997,-0.0842291,0.848149,0.696989,0.465783,-0.364652
01324189,1523964248103,-9.99632,0.874465,2.21536,-0.170834,-0.082886,0.295381,0.75038,-0.309033,-0.411463
01324188,1523964248103,-9.37933,1.24774,-2.68307,-0.820111,0.019525,0.258524,0.724299,-0.546311,0.0703247
01324185,1523964248103,-9.91196,-1.22158,-0.260922,-0.593979,0.0239637,0.517372,0.842784,0.347223,-0.285905
01324181,1523964248103,-9.26345,0.256212,3.11431,0.107287,-0.256572,0.283968,0.858329,0.335282,-0.135708
01324180,1523964248103,-9.50288,-3.72531,0.728735,-0.384822,-0.0992118,0.888237,0.702429,0.458579,-0.363661
01324189,1523964248119,-9.90106,1.18519,2.239,-0.274047,-0.168226,0.240977,0.7458,-0.31037,-0.415434
01324188,1523964248119,-9.37937,1.2468,-2.54829,-1.05251,0.0207796,0.157823,0.722158,-0.549862,0.0599005
01324185,1523964248119,-10.0133,-1.24022,-0.278227,-0.574933,0.0111655,0.490241,0.844424,0.339959,-0.282706
01324181,1523964248119,-9.25413,0.324204,3.17344,0.0860818,-0.214524,0.263704,0.857884,0.331467,-0.140405
01324180,1523964248119,-9.63267,-3.96323,0.71166,-0.369451,-0.141402,0.8968,0.707366,0.4501,-0.366199
01324189,1523964248136,-9.93704,1.29088,2.14243,-0.432869,-0.221894,0.190796,0.743522,-0.311474,-0.418359
01324188,1523964248136,-9.47135,1.23128,-2.34769,-1.20455,0.0354723,0.0870103,0.721356,-0.550581,0.0507132
01324185,1523964248136,-10.1871,-1.27285,-0.285011,-0.535417,-0.00863358,0.488663,0.849176,0.336924,-0.279297
01324181,1523964248136,-9.25406,0.372668,3.24496,0.0692048,-0.216435,0.256841,0.859177,0.326819,-0.142844
01324180,1523964248136,-9.75213,-3.89215,0.70605,-0.344232,-0.163343,0.859926,0.713106,0.440429,-0.365667
01324189,1523964248153,-9.89839,1.03813,2.02441,-0.588299,-0.267,0.129939,0.74249,-0.309325,-0.425552
01324188,1523964248153,-9.5149,1.23064,-2.23182,-1.28499,0.0541141,0.04329,0.720433,-0.553552,0.0399062
01324185,1523964248153,-10.1872,-1.34742,-0.206598,-0.478883,-0.00385619,0.493673,0.849862,0.333161,-0.277173
01324181,1523964248153,-9.24035,0.392279,3.19637,0.0596234,-0.151453,0.233295,0.859525,0.323301,-0.146493
01324180,1523964248153,-9.72809,-3.86733,0.667752,-0.358164,-0.165027,0.854552,0.719206,0.435553,-0.368149
01324189,1523964248169,-9.67697,0.399075,1.98061,-0.742048,-0.313898,0.0566228,0.737645,-0.304923,-0.433754
01324188,1523964248169,-9.56793,1.26978,-2.28471,-1.41427,0.0729573,0.00985797,0.720441,-0.553616,0.0288655
01324185,1523964248169,-10.0953,-1.3503,-0.0940363,-0.40964,0.0234053,0.467888,0.852853,0.328703,-0.274528
01324181,1523964248169,-9.28441,0.522694,3.28536,0.0542509,-0.176237,0.23137,0.860944,0.319226,-0.148813
01324180,1523964248169,-9.71474,-3.78525,0.682834,-0.386907,-0.186613,0.78918,0.722091,0.429413,-0.36791
01324189,1523964248186,-9.28855,-0.486001,1.98724,-0.849347,-0.304386,-0.0468781,0.736568,-0.296872,-0.439829
01324188,1523964248186,-9.54411,1.19286,-1.98338,-1.61149,0.122355,-0.0130728,0.720044,-0.553527,0.0147438
01324185,1523964248186,-9.96944,-1.27873,0.0308625,-0.34892,0.0578694,0.44886,0.85314,0.323577,-0.270039
01324181,1523964248186,-9.08467,0.641567,3.21433,0.0498733,-0.195095,0.218227,0.860451,0.317465,-0.151162
01324180,1523964248186,-9.60831,-3.79392,0.707994,-0.4094,-0.186217,0.764398,0.727684,0.420906,-0.367622
01324189,1523964248203,-9.06388,-1.21564,2.12816,-0.833373,-0.280571,-0.157069,0.731589,-0.289887,-0.449882
01324188,1523964248203,-9.18498,0.867052,-1.40326,-1.77365,0.19725,-0.0434142,0.719487,-0.553667,-0.00104138
01324185,1523964248203,-9.89421,-1.18761,0.138317,-0.284913,0.0693467,0.424884,0.857213,0.31755,-0.268427
01324181,1523964248203,-8.98224,0.463313,3.13387,0.0634612,-0.167429,0.184803,0.8608,0.31325,-0.153999
01324180,1523964248203,-9.39072,-3.79657,0.74394,-0.393333,-0.169395,0.713578,0.730665,0.416188,-0.363034
01324189,1523964248219,-9.00144,-1.60908,2.58875,-0.660909,-0.310094,-0.271046,0.729565,-0.281527,-0.456747
01324188,1523964248219,-8.60453,0.259376,-1.35415,-1.81575,0.326774,-0.0492548,0.720313,-0.554092,-0.0139963
01324185,1523964248219,-9.81909,-1.09655,0.182691,-0.252274,0.0494938,0.407948,0.859661,0.313937,-0.265789
01324181,1523964248219,-8.8922,0.313819,3.30636,0.0706404,-0.177437,0.169177,0.860967,0.312481,-0.156375
01324180,1523964248219,-9.27063,-3.74235,0.771995,-0.363259,-0.143497,0.650638,0.734083,0.410475,-0.363064
01324189,1523964248236,-9.03777,-1.63199,3.08092,-0.376919,-0.364886,-0.363265,0.729459,-0.276091,-0.463256
01324188,1523964248236,-8.51357,-0.0183468,-1.68685,-1.5892,0.37469,-0.0577725,0.719906,-0.552873,-0.0242763
01324185,1523964248236,-9.71274,-1.07065,0.260368,-0.231753,0.0295934,0.374861,0.861832,0.30957,-0.265754
01324181,1523964248236,-8.71766,0.223661,3.34302,0.0664233,-0.216333,0.124001,0.860361,0.309143,-0.158956
01324180,1523964248236,-9.13996,-3.75312,0.794964,-0.279164,-0.0944496,0.579391,0.737197,0.405754,-0.358343
01324189,1523964248253,-8.93054,-1.20326,3.31399,-0.0752465,-0.431974,-0.424343,0.729191,-0.269491,-0.467748
01324188,1523964248253,-8.66033,0.857225,-1.65514,-1.35233,0.495739,-0.0814252,0.722483,-0.551761,-0.0333893
01324185,1523964248253,-9.62801,-1.0037,0.326416,-0.182732,0.00421905,0.350286,0.864687,0.304831,-0.263106
01324181,1523964248253,-8.55336,0.157672,3.34533,0.0800463,-0.253582,0.0710243,0.860158,0.308022,-0.164508
01324180,1523964248253,-8.99816,-3.68635,0.801548,-0.224768,-0.0507907,0.509694,0.739911,0.401923,-0.356029
01324189,1523964248269,-9.00368,-0.467131,3.60406,0.118985,-0.452963,-0.450297,0.725542,-0.263959,-0.47368
01324188,1523964248269,-8.83749,1.24746,-2.89909,-1.2136,0.609318,-0.134123,0.723148,-0.549215,-0.0382173
01324185,1523964248269,-9.53382,-0.97778,0.35366,-0.140979,-0.00332068,0.340061,0.865511,0.299951,-0.260449
01324181,1523964248269,-8.52004,0.0415598,3.41056,0.0606619,-0.255985,0.038319,0.858724,0.306549,-0.167384
01324180,1523964248269,-8.95021,-3.65195,0.797372,-0.133611,0.00562963,0.422749,0.744527,0.396327,-0.354858
01324189,1523964248286,-9.205,-0.175049,3.88041,0.153771,-0.490359,-0.453626,0.722567,-0.259589,-0.478293
01324188,1523964248286,-8.92072,0.887548,-3.80486,-1.1064,0.853249,-0.188227,0.72666,-0.546736,-0.0395865
01324185,1523964248286,-9.61586,-0.986905,0.347561,-0.106055,-0.0037271,0.33409,0.863888,0.296421,-0.260932
01324181,1523964248286,-8.63642,-0.0180987,3.47858,0.0519928,-0.24077,-0.000270354,0.857041,0.303924,-0.170764
01324180,1523964248286,-8.95294,-3.61536,0.758876,-0.0590704,0.0566431,0.340948,0.744062,0.39201,-0.358719
01324189,1523964248303,-9.2341,-0.593382,3.69487,0.142464,-0.521432,-0.524673,0.719341,-0.253216,-0.48623
01324188,1523964248303,-9.57895,-0.617396,-3.40103,-0.789092,1.11693,-0.141623,0.728133,-0.544154,-0.036214
01324185,1523964248303,-9.6885,-1.0491,0.293078,-0.108574,-0.0232637,0.316376,0.864842,0.29036,-0.261138
01324181,1523964248303,-8.71413,0.00770983,3.42929,0.0664671,-0.213128,-0.0371235,0.854093,0.305325,-0.17395
01324180,1523964248303,-9.07333,-3.65285,0.745411,0.0152488,0.103619,0.2855,0.747042,0.388761,-0.357477
01324189,1523964248319,-9.21147,-1.43541,3.21545,0.209371,-0.493888,-0.650661,0.718269,-0.249612,-0.490201
01324188,1523964248319,-9.63948,-1.94757,-2.78684,0.168646,1.33304,-0.0724943,0.729346,-0.544287,-0.0245306
01324185,1523964248319,-9.81877,-0.995408,0.201048,-0.0463826,-0.0144312,0.290766,0.867688,0.288814,-0.260872
01324181,1523964248319,-8.80686,0.091556,3.39328,0.0452479,-0.160347,-0.051238,0.855184,0.307083,-0.177849
01324180,1523964248319,-9.27664,-3.64558,0.745883,0.0957992,0.149011,0.223077,0.749204,0.385363,-0.352986
01324189,1523964248336,-9.13834,-2.35169,2.51116,0.45731,-0.396668,-0.806391,0.717184,-0.24385,-0.494021
01324188,1523964248336,-9.56813,-1.6006,-2.79055,1.29023,1.45825,-0.0191979,0.729327,-0.544179,0.00104329
01324185,1523964248336,-9.90102,-1.00944,0.0931017,-0.0155423,0.016593,0.251431,0.869994,0.284588,-0.260839
01324181,1523964248336,-8.90362,0.182557,3.44887,0.0382606,-0.146613,-0.0743542,0.854793,0.307476,-0.179713
01324180,1523964248336,-9.41691,-3.64968,0.749324,0.155287,0.185205,0.178021,0.752303,0.383417,-0.351855
01324189,1523964248353,-9.15713,-2.74799,2.04317,0.744113,-0.304995,-0.974404,0.716067,-0.238071,-0.494632
01324188,1523964248353,-9.75159,-0.181198,-2.92954,1.91819,1.48112,0.00828791,0.730654,-0.543683,0.0364476
01324185,1523964248353,-9.96872,-1.01391,0.0135499,0.025486,0.0291398,0.224106,0.869863,0.281216,-0.260414
01324181,1523964248353,-8.9472,0.167529,3.39575,0.0650624,-0.0954865,-0.0851894,0.852789,0.308027,-0.181961
01324180,1523964248353,-9.45095,-3.63806,0.75389,0.210651,0.203846,0.132797,0.754199,0.380613,-0.349104
01324189,1523964248369,-9.79828,-2.6955,2.28421,0.945767,-0.233693,-1.08568,0.717375,-0.230338,-0.49405
01324188,1523964248369,-10.1914,1.20416,-3.2395,1.93911,1.43398,0.0166584,0.728439,-0.540906,0.074192
01324185,1523964248369,-9.85775,-1.00016,0.00380519,0.0599881,0.0533342,0.20858,0.870409,0.277134,-0.260246
01324181,1523964248369,-9.00467,0.152291,3.39809,0.0828862,-0.0716216,-0.0876089,0.850472,0.310904,-0.182661
01324180,1523964248369,-9.38919,-3.56528,0.788728,0.250386,0.211831,0.0909096,0.754959,0.37424,-0.352078
01324189,1523964248386,-10.4574,-2.36273,2.74281,0.971436,-0.317525,-1.12795,0.718435,-0.22605,-0.493761
01324188,1523964248386,-10.2789,2.42276,-3.3317,1.50472,1.36482,-0.0101328,0.726773,-0.538435,0.105855
01324185,1523964248386,-9.6695,-0.977229,0.0343318,0.107527,0.0773747,0.189622,0.870822,0.273776,-0.259039
01324181,1523964248386,-8.97487,0.220625,3.3366,0.0669491,-0.0816211,-0.10059,0.850869,0.312578,-0.184293
01324180,1523964248386,-9.25017,-3.47696,0.809905,0.270772,0.219571,0.0576759,0.757117,0.372601,-0.350927
01324189,1523964248403,-10.436,-1.26544,2.69642,0.925139,-0.355042,-1.12984,0.717729,-0.219997,-0.494775
01324188,1523964248403,-10.0776,3.25877,-3.34326,0.913154,1.25531,-0.10565,0.72552,-0.535983,0.128496
01324185,1523964248403,-9.5873,-0.92956,0.0642915,0.143183,0.0961298,0.160527,0.871636,0.272793,-0.258902
01324181,1523964248403,-8.90871,0.26028,3.26864,0.0440258,-0.0787385,-0.133267,0.849922,0.313992,-0.185641
01324180,1523964248403,-9.10646,-3.37899,0.836015,0.265395,0.224557,-0.0179377,0.75698,0.372895,-0.35119
01324189,1523964248419,-10.208,0.00576669,2.77632,0.821611,-0.347089,-1.11426,0.71907,-0.216581,-0.494897
01324188,1523964248419,-9.99005,3.42832,-3.15295,0.288513,1.134,-0.209487,0.723585,-0.532094,0.145584
01324185,1523964248419,-9.4955,-0.881975,0.0671514,0.181486,0.0939289,0.151974,0.874213,0.269839,-0.258621
01324181,1523964248419,-8.97013,0.339644,3.23292,0.0191655,-0.0487555,-0.13637,0.848289,0.316002,-0.18633
01324180,1523964248419,-9.0343,-3.35917,0.868248,0.232433,0.246587,-0.0742684,0.756993,0.371587,-0.350676
01324189,1523964248436,-10.1906,0.948082,3.04848,0.744437,-0.372124,-1.09316,0.719305,-0.207966,-0.496302
01324188,1523964248436,-9.99964,2.86888,-2.82289,-0.116251,0.999178,-0.275657,0.724389,-0.527743,0.158566
01324185,1523964248436,-9.55321,-0.766117,-0.00921312,0.193772,0.0907773,0.11202,0.872588,0.26814,-0.259122
01324181,1523964248436,-9.06808,0.442852,3.1796,-0.0307463,-0.0733154,-0.122621,0.847188,0.318293,-0.186897
01324180,1523964248436,-9.0565,-3.50167,0.85033,0.224183,0.242143,-0.116581,0.757506,0.372726,-0.34877
01324189,1523964248453,-10.2861,1.38961,3.17024,0.661511,-0.445413,-1.06308,0.717393,-0.201748,-0.499441
01324188,1523964248453,-9.87935,2.05808,-2.44586,-0.13713,0.879418,-0.347879,0.725617,-0.529948,0.167834
01324185,1523964248453,-9.64498,-0.755985,-0.0854582,0.184464,0.0612819,0.0603619,0.874084,0.265347,-0.257794
01324181,1523964248453,-9.18466,0.523976,3.16039,-0.0308092,-0.0651278,-0.111326,0.845715,0.318993,-0.18849
01324180,1523964248453,-9.1472,-3.41343,0.852346,0.201989,0.273761,-0.210526,0.758556,0.37268,-0.344195
01324189,1523964248469,-10.6278,1.56714,3.74295,0.541178,-0.509578,-1.04553,0.715183,-0.192928,-0.501485
01324188,1523964248469,-9.85157,1.72877,-2.26019,0.134848,0.741494,-0.45638,0.727195,-0.52313,0.177124
01324185,1523964248469,-9.72702,-0.697786,-0.189304,0.197301,0.0463927,-0.00757558,0.873136,0.266205,-0.257146
01324181,1523964248469,-9.2818,0.627124,3.19161,-0.0718472,-0.0798906,-0.0949342,0.847189,0.320236,-0.189594
01324180,1523964248469,-9.31056,-3.50236,0.862347,0.186711,0.267423,-0.246697,0.757429,0.376162,-0.341408
01324189,1523964248486,-10.9737,1.88576,4.08239,0.423476,-0.604872,-1.02524,0.71478,-0.186038,-0.506241
01324188,1523964248486,-9.76288,2.16931,-2.55367,0.614267,0.568131,-0.575365,0.72929,-0.512292,0.187466
01324185,1523964248486,-9.85008,-0.644149,-0.2962,0.206202,0.037126,-0.0449192,0.874354,0.264351,-0.258307
01324181,1523964248486,-9.42656,0.729669,3.27082,-0.109411,-0.0935114,-0.0656022,0.844223,0.320429,-0.189169
01324180,1523964248486,-9.44513,-3.73525,0.821084,0.218853,0.251704,-0.287072,0.756854,0.377447,-0.336513
01324189,1523964248503,-10.8888,2.29332,4.10155,0.305569,-0.662335,-1.00689,0.710303,-0.178184,-0.512413
01324188,1523964248503,-9.82316,2.89259,-2.51163,0.821829,0.358098,-0.670098,0.732204,-0.502428,0.199622
01324185,1523964248503,-10.0503,-0.614048,-0.336466,0.197974,0.0263438,-0.0720117,0.872729,0.264214,-0.25817
01324181,1523964248503,-9.6041,0.785706,3.3797,-0.134535,-0.0955466,-0.0327476,0.842053,0.322858,-0.190658
01324180,1523964248503,-9.63804,-3.75608,0.748998,0.270496,0.250057,-0.368479,0.754415,0.379516,-0.33603
01324189,1523964248519,-10.441,2.20863,3.87553,0.0839584,-0.685981,-0.947265,0.707051,-0.168643,-0.519656
01324188,1523964248519,-9.59891,3.42978,-2.21021,0.908449,0.126536,-0.726907,0.738091,-0.490403,0.208106
01324185,1523964248519,-10.3399,-0.646004,-0.391677,0.22559,0.00614132,-0.124576,0.871911,0.264737,-0.260262
01324181,1523964248519,-9.59898,0.836632,3.48019,-0.148916,-0.0951389,-0.0102944,0.845276,0.322967,-0.190162
01324180,1523964248519,-9.87009,-3.7336,0.647765,0.287056,0.225653,-0.413323,0.753299,0.383012,-0.335539
01324189,1523964248536,-10.0389,1.54062,3.7486,-0.162851,-0.695455,-0.836201,0.699864,-0.157857,-0.52885
01324188,1523964248536,-9.14754,3.26814,-1.74057,0.981178,-0.124584,-0.794593,0.741243,-0.474759,0.214967
01324185,1523964248536,-10.4705,-0.741554,-0.453039,0.266055,0.00180771,-0.165383,0.871635,0.265552,-0.261836
01324181,1523964248536,-9.62641,0.80468,3.58688,-0.150798,-0.0673569,0.00892684,0.841115,0.322168,-0.190102
01324180,1523964248536,-10.0624,-3.79281,0.553722,0.286615,0.228381,-0.459873,0.75058,0.387423,-0.338111
01324189,1523964248553,-9.827,0.577162,3.74311,-0.293254,-0.689687,-0.733617,0.694569,-0.146111,-0.537256
01324188,1523964248553,-8.82808,2.69926,-1.58388,1.09662,-0.403404,-0.862292,0.749822,-0.458594,0.218024
01324185,1523964248553,-10.5285,-0.760446,-0.443086,0.296461,0.00826292,-0.194361,0.871088,0.266649,-0.263412
01324181,1523964248553,-9.64935,0.71707,3.586,-0.154423,-0.0227862,0.0283033,0.840975,0.322045,-0.189301
01324180,1523964248553,-10.1298,-3.79288,0.485392,0.300303,0.209757,-0.488913,0.748085,0.393248,-0.335257
01324189,1523964248569,-9.67467,-0.422719,3.45365,-0.307443,-0.642003,-0.637822,0.692398,-0.137454,-0.543181
01324188,1523964248569,-9.09488,2.48539,-1.19962,1.3258,-0.76781,-0.896625,0.758546,-0.444192,0.221372
01324185,1523964248569,-10.5332,-0.731505,-0.421346,0.349962,0.0196442,-0.237865,0.869738,0.268098,-0.261332
01324181,1523964248569,-9.71594,0.648365,3.56999,-0.172034,-0.00650828,0.000944017,0.842445,0.322601,-0.189063
01324180,1523964248569,-10.1084,-3.74385,0.437532,0.257118,0.201739,-0.533193,0.74579,0.395916,-0.338276
01324189,1523964248586,-9.64446,-1.25968,2.99847,-0.155398,-0.569332,-0.577035,0.686148,-0.127832,-0.549988
01324188,1523964248586,-9.48381,2.53116,-1.68313,1.50966,-1.14406,-0.873,0.768748,-0.426411,0.217376
01324185,1523964248586,-10.5476,-0.709759,-0.435509,0.365736,0.0228044,-0.259161,0.865669,0.269194,-0.263026
01324181,1523964248586,-9.7767,0.608722,3.70077,-0.192587,-0.0107102,0.0130618,0.841102,0.321226,-0.187426
01324180,1523964248586,-10.0622,-3.74753,0.379959,0.231617,0.168922,-0.561728,0.741579,0.40092,-0.338654
01324189,1523964248603,-9.63599,-1.4756,2.6522,0.0903593,-0.499345,-0.517708,0.681945,-0.123141,-0.55445
01324188,1523964248603,-9.83447,3.14081,-2.13836,1.3344,-1.52562,-0.798799,0.775174,-0.411813,0.208114
01324185,1523964248603,-10.5285,-0.736414,-0.491859,0.34974,0.033096,-0.303437,0.865661,0.27225,-0.265276
01324181,1523964248603,-9.60912,0.642264,3.67463,-0.200542,-0.00734163,0.00617468,0.842672,0.323806,-0.186168
01324180,1523964248603,-10.0134,-3.75601,0.322385,0.202115,0.165749,-0.583049,0.738021,0.406775,-0.337674
01324189,1523964248619,-9.50114,-1.31986,2.66513,0.331262,-0.49314,-0.44231,0.677483,-0.118736,-0.559981
01324188,1523964248619,-9.97962,3.76996,-2.386,0.850376,-1.85025,-0.715437,0.78675,-0.395041,0.187887
01324185,1523964248619,-10.4611,-0.727268,-0.562778,0.32003,0.0348068,-0.339149,0.863485,0.278423,-0.266634
01324181,1523964248619,-9.48849,0.616993,3.68796,-0.190795,0.0388976,0.0203082,0.839961,0.325,-0.185634
01324180,1523964248619,-9.94057,-3.76451,0.294047,0.181481,0.148396,-0.595627,0.733775,0.413502,-0.335046
01324189,1523964248636,-9.10122,-1.11268,2.60604,0.446105,-0.473614,-0.365636,0.673994,-0.120103,-0.564231
01324188,1523964248636,-9.99578,3.96464,-2.63552,0.217861,-2.16059,-0.680693,0.796059,-0.383977,0.16289
01324185,1523964248636,-10.3745,-0.756772,-0.641398,0.307129,0.0418627,-0.352805,0.862125,0.280652,-0.267957
01324181,1523964248636,-9.40591,0.550038,3.68977,-0.17121,0.074349,0.0239881,0.841543,0.324773,-0.181927
01324180,1523964248636,-9.8389,-3.74821,0.234708,0.150768,0.11023,-0.620724,0.731412,0.420939,-0.335673
01324189,1523964248653,-8.68398,-0.807968,2.61507,0.391422,-0.374625,-0.279019,0.670895,-0.12061,-0.567009
01324188,1523964248653,-9.89836,3.47365,-2.81473,-0.437272,-2.43808,-0.628004,0.804582,-0.376719,0.132415
01324185,1523964248653,-10.283,-0.810344,-0.67873,0.276498,0.0420032,-0.3698,0.860223,0.284299,-0.26877
01324181,1523964248653,-9.30045,0.507687,3.60191,-0.159467,0.0968836,-1.01843e-05,0.841254,0.325796,-0.181149
01324180,1523964248653,-9.74163,-3.76578,0.177556,0.136889,0.0924494,-0.610412,0.72548,0.425707,-0.339811
01324189,1523964248669,-8.27682,-0.567833,2.73606,0.235065,-0.276292,-0.194515,0.666696,-0.121226,-0.56857
01324188,1523964248669,-9.98424,2.42885,-3.00673,-0.953126,-2.64734,-0.609025,0.810258,-0.368517,0.0922096
01324185,1523964248669,-10.1964,-0.849441,-0.716007,0.281338,0.0471547,-0.380062,0.858046,0.288907,-0.270897
01324181,1523964248669,-9.21814,0.377742,3.49142,-0.128214,0.13385,-0.0101389,0.84125,0.325527,-0.180346
01324180,1523964248669,-9.68308,-3.7789,0.112801,0.105698,0.0677791,-0.60904,0.723133,0.431547,-0.33993
01324189,1523964248686,-8.07483,-0.357352,2.89416,0.0529209,-0.172515,-0.150936,0.664126,-0.120019,-0.570939
01324188,1523964248686,-10.4189,1.23368,-2.88661,-1.12735,-2.80133,-0.646452,0.815401,-0.361544,0.047358
01324185,1523964248686,-10.1507,-0.926754,-0.697755,0.270291,0.062997,-0.392066,0.856279,0.293111,-0.272107
01324181,1523964248686,-9.18928,0.254486,3.32975,-0.11744,0.174428,-0.0149876,0.840915,0.32707,-0.175461
01324180,1523964248686,-9.59632,-3.74377,0.0824218,0.100638,0.0519372,-0.606557,0.716646,0.4363,-0.34001
01324189,1523964248703,-7.92813,-0.244132,3.03826,-0.0890951,-0.0570446,-0.0965707,0.663318,-0.119572,-0.571996
01324188,1523964248703,-10.6836,0.235035,-2.68537,-0.909279,-2.89949,-0.702691,0.819578,-0.351032,-0.00425899
01324185,1523964248703,-10.047,-0.961071,-0.658166,0.23475,0.0632617,-0.400556,0.851806,0.297345,-0.27174
01324181,1523964248703,-9.10242,0.17551,3.25937,-0.102131,0.196939,-0.040712,0.840367,0.325435,-0.172101
01324180,1523964248703,-9.42238,-3.70737,0.0287324,0.0933727,0.0352244,-0.561034,0.71022,0.445669,-0.336487
01324189,1523964248720,-7.97552,-0.185406,3.13648,-0.172197,0.0198492,-0.0614449,0.662491,-0.117968,-0.571974
01324188,1523964248720,-10.7969,-0.34726,-2.79953,-0.354405,-2.95806,-0.686261,0.819275,-0.341007,-0.0469672
01324185,1523964248720,-9.91697,-1.08218,-0.565435,0.183481,0.0601643,-0.40731,0.849766,0.303668,-0.272578
01324181,1523964248720,-9.00098,0.108809,3.22266,-0.0735018,0.200012,-0.0666522,0.84126,0.327476,-0.169763
01324180,1523964248720,-9.23958,-3.64288,0.0695409,0.069881,0.0191469,-0.55165,0.707494,0.449485,-0.33637
01324189,1523964248736,-7.88766,-0.505605,3.04189,-0.261664,0.0864446,0.00919279,0.66329,-0.116116,-0.571299
01324188,1523964248736,-10.3606,-0.103254,-3.4477,0.298165,-2.95927,-0.602091,0.819251,-0.33259,-0.0865493
01324185,1523964248736,-9.76745,-1.15525,-0.469178,0.156101,0.050913,-0.390244,0.847731,0.305913,-0.273115
01324181,1523964248736,-8.93564,0.0707675,3.21897,-0.0306266,0.206587,-0.096049,0.839739,0.32898,-0.167388
01324180,1523964248736,-9.02722,-3.61663,0.105594,0.0738883,0.0166042,-0.513002,0.701794,0.453763,-0.332015
01324189,1523964248753,-7.44567,-1.1812,3.16019,-0.344279,0.147711,0.0620338,0.66312,-0.112654,-0.569933
01324188,1523964248753,-9.86149,0.155641,-4.19035,0.560046,-2.87398,-0.462991,0.812728,-0.326369,-0.123495
01324185,1523964248753,-9.61342,-1.32228,-0.398837,0.134475,0.0469927,-0.363011,0.846916,0.311144,-0.272118
01324181,1523964248753,-8.88816,-0.0354607,3.26961,0.015836,0.19621,-0.13421,0.840199,0.332346,-0.163612
01324180,1523964248753,-8.85291,-3.63909,0.141009,0.0734786,0.0193752,-0.477864,0.698779,0.459616,-0.332393
01324189,1523964248770,-7.19169,-1.86549,3.50523,-0.385927,0.205095,0.0581981,0.666633,-0.109293,-0.569411
01324188,1523964248770,-9.86403,0.761515,-4.63383,0.520004,-2.68985,-0.329387,0.806755,-0.321699,-0.158661
01324185,1523964248770,-9.52189,-1.43591,-0.292401,0.152188,0.0558436,-0.340994,0.844207,0.312704,-0.271602
01324181,1523964248770,-8.83826,-0.170742,3.28218,0.0765493,0.198229,-0.172307,0.837759,0.332698,-0.162133
01324180,1523964248770,-8.74358,-3.69141,0.187709,0.099105,0.0416252,-0.447692,0.695388,0.463302,-0.33281
01324189,1523964248786,-7.15006,-2.48216,3.93639,-0.281503,0.283477,0.0619616,0.667401,-0.106851,-0.565923
01324188,1523964248786,-9.13442,-0.852834,-6.22765,0.0882964,-2.39014,-0.303199,0.801324,-0.3171,-0.192492
01324185,1523964248786,-9.49817,-1.59494,-0.267517,0.171228,0.0434407,-0.329032,0.84244,0.317194,-0.272553
01324181,1523964248786,-8.64592,-0.260566,3.16922,0.115866,0.220813,-0.194685,0.838198,0.337083,-0.157581
01324180,1523964248786,-8.70157,-3.77347,0.233589,0.152886,0.0534615,-0.417408,0.689872,0.466757,-0.336711
01324189,1523964248803,-7.45019,-3.20496,4.30431,-0.0665779,0.405604,0.0198804,0.668728,-0.1073,-0.562197
01324188,1523964248803,-8.51735,0.0220585,-5.80722,0.187199,-1.82797,-0.393647,0.793036,-0.311898,-0.21952
01324185,1523964248803,-9.46699,-1.67216,-0.241368,0.237149,0.0447513,-0.310409,0.838508,0.320568,-0.272964
01324181,1523964248803,-8.67159,-0.338486,3.1464,0.124983,0.255611,-0.226288,0.836796,0.340008,-0.155502
01324180,1523964248803,-8.63789,-3.84057,0.25801,0.222482,0.0474786,-0.369567,0.687971,0.469994,-0.339319
01324189,1523964248820,-7.87004,-3.62382,4.56766,0.112714,0.484871,-0.082637,0.672374,-0.108242,-0.558769
01324188,1523964248820,-8.35377,-0.24081,-6.23448,0.103568,-1.27004,-0.296012,0.785848,-0.31001,-0.238424
01324185,1523964248820,-9.44033,-1.62898,-0.240527,0.295187,0.0399975,-0.290038,0.837554,0.324215,-0.27378
01324181,1523964248820,-8.57965,-0.211224,3.12523,0.15175,0.289063,-0.235603,0.837299,0.340637,-0.152599
01324180,1523964248820,-8.60613,-3.86932,0.272664,0.302347,0.0518992,-0.313659,0.684321,0.472814,-0.339479
01324189,1523964248836,-8.30714,-3.56528,4.85188,0.0961812,0.476461,-0.149223,0.676649,-0.107168,-0.55132
01324188,1523964248836,-6.92919,-0.729267,-6.09195,0.0361665,-0.727495,-0.325691,0.781217,-0.305355,-0.252073
01324185,1523964248836,-9.32912,-1.51895,-0.265831,0.321279,0.0337483,-0.275596,0.83714,0.325436,-0.276272
01324181,1523964248836,-8.40844,-0.223583,2.91404,0.180396,0.313429,-0.256213,0.836159,0.343714,-0.149995
01324180,1523964248836,-8.4733,-3.86823,0.31747,0.392813,0.061916,-0.273485,0.682459,0.472423,-0.34135
01324189,1523964248853,-8.41782,-3.28684,5.19255,-0.00862808,0.429223,-0.192998,0.680667,-0.103801,-0.546792
01324188,1523964248853,-6.78324,-0.465586,-5.94628,-0.0297849,-0.218006,-0.428513,0.782274,-0.300328,-0.257155
01324185,1523964248853,-9.14078,-1.42865,-0.294233,0.311245,0.0357673,-0.262884,0.835781,0.326671,-0.277977
01324181,1523964248853,-8.36548,-0.256977,2.83768,0.236658,0.381993,-0.281664,0.835796,0.347404,-0.145022
01324180,1523964248853,-8.35817,-3.80936,0.357587,0.450606,0.0450253,-0.25215,0.680594,0.472323,-0.34335
01324189,1523964248870,-8.44782,-2.64075,5.41117,-0.149377,0.265838,-0.207379,0.682521,-0.103107,-0.541993
01324188,1523964248870,-7.26588,-0.173793,-5.34833,-0.014913,0.226089,-0.453718,0.785207,-0.292567,-0.252938
01324185,1523964248870,-8.97634,-1.2852,-0.283337,0.290232,0.0395541,-0.259522,0.832389,0.33046,-0.278786
01324181,1523964248870,-8.32962,-0.26623,2.80427,0.25537,0.412078,-0.281471,0.835084,0.348336,-0.142112
01324180,1523964248870,-8.25784,-3.72648,0.392857,0.487095,0.0364938,-0.214178,0.678387,0.468333,-0.348124
01324189,1523964248886,-8.25397,-1.51133,4.73913,-0.16535,0.102872,-0.10413,0.683036,-0.100812,-0.540376
01324188,1523964248886,-7.84451,0.318119,-4.6985,0.0406495,0.565134,-0.396626,0.787344,-0.287696,-0.248892
01324185,1523964248886,-8.87476,-1.19433,-0.271636,0.215285,0.0444587,-0.283308,0.828726,0.331835,-0.280615
01324181,1523964248886,-8.38101,-0.244947,2.73592,0.271468,0.44555,-0.289842,0.834033,0.352765,-0.136483
01324180,1523964248886,-8.13782,-3.67243,0.437829,0.506354,0.0167125,-0.186955,0.675609,0.46725,-0.352696
01324189,1523964248903,-7.9392,-0.859838,3.00775,-0.0264509,0.210018,0.000879972,0.683272,-0.0964987,-0.539274
01324188,1523964248903,-9.52342,2.13933,-2.49753,-0.0736133,0.809779,-0.248168,0.792013,-0.282061,-0.248174
01324185,1523964248903,-8.90868,-1.1942,-0.352681,0.117135,0.044207,-0.315507,0.827236,0.33595,-0.279082
01324181,1523964248903,-8.74589,-0.242027,2.78907,0.298115,0.472314,-0.282708,0.831811,0.35476,-0.131721
01324180,1523964248903,-8.21469,-3.72188,0.463393,0.493879,0.010824,-0.158058,0.67404,0.46615,-0.357961
01324189,1523964248920,-8.88616,-1.5234,1.72069,0.0138959,0.465164,0.0149263,0.685435,-0.100133,-0.535583
01324188,1523964248920,-12.5396,0.721902,1.83699,-0.542397,0.721783,-0.065184,0.79769,-0.279921,-0.240038
01324185,1523964248920,-9.1648,-1.28419,-0.45483,0.0464228,0.0408477,-0.364675,0.826413,0.340834,-0.281478
01324181,1523964248920,-9.42791,-0.172586,2.94518,0.294531,0.467043,-0.287749,0.831438,0.359861,-0.127574
01324180,1523964248920,-8.50419,-3.78824,0.481953,0.4778,0.000243845,-0.113349,0.672611,0.464466,-0.363106
01324189,1523964248936,-11.5233,-3.01115,3.1249,0.0324899,0.602091,-0.0469134,0.68971,-0.0994889,-0.52787
01324188,1523964248936,-11.764,-2.83972,1.12684,0.0364926,0.634674,-0.141594,0.799037,-0.27923,-0.233553
01324185,1523964248936,-9.60447,-1.44769,-0.572628,-0.00887301,0.0380928,-0.424027,0.82384,0.345377,-0.279684
01324181,1523964248936,-9.97665,-0.0239061,3.06681,0.29612,0.416178,-0.270835,0.830815,0.363395,-0.123391
01324180,1523964248936,-8.99648,-3.88349,0.495959,0.477987,-0.0389898,-0.07837,0.67198,0.463054,-0.367446
01324189,1523964248953,-12.3702,-3.97111,4.43519,0.297855,0.40795,-0.155636,0.69374,-0.101002,-0.521508
01324188,1523964248953,-10.9311,-2.54916,0.508847,1.14133,0.646028,-0.144409,0.798058,-0.276815,-0.21334
01324185,1523964248953,-10.0392,-1.60157,-0.661619,0.0545598,0.00532925,-0.462909,0.819366,0.350167,-0.279715
01324181,1523964248953,-9.87406,0.176303,2.99843,0.28613,0.335225,-0.247422,0.830228,0.364902,-0.120229
01324180,1523964248953,-9.42116,-3.97322,0.520322,0.500789,-0.0847281,-0.0213287,0.670151,0.460204,-0.370177
01324189,1523964248970,-10.0759,-3.33357,3.24346,0.530318,0.34438,-0.169419,0.697788,-0.103959,-0.516228
01324188,1523964248970,-9.66574,-1.78038,-1.84719,1.48629,0.673157,-0.0742895,0.802292,-0.283438,-0.197928
01324185,1523964248970,-10.1549,-1.62964,-0.554473,0.172507,-2.13996e-05,-0.440867,0.818003,0.355776,-0.281071
01324181,1523964248970,-9.02022,0.327319,2.74984,0.285927,0.30752,-0.206525,0.829362,0.367826,-0.117891
01324180,1523964248970,-9.4652,-3.95,0.558689,0.516906,-0.121823,-0.00476731,0.667652,0.457659,-0.373432
01324189,1523964248986,-8.34556,-1.78923,0.295285,0.569004,0.433778,-0.173404,0.697871,-0.104795,-0.510217
01324188,1523964248986,-9.26454,-0.478241,-2.07631,1.21352,0.584593,-0.0417035,0.803915,-0.284052,-0.185473
01324185,1523964248986,-9.75842,-1.43932,-0.369589,0.294383,-0.0136314,-0.367017,0.813934,0.359709,-0.281748
01324181,1523964248986,-8.59079,0.371237,2.72277,0.318665,0.391455,-0.161196,0.827682,0.370913,-0.115149
01324180,1523964248986,-9.1112,-3.66633,0.607207,0.558166,-0.177463,-0.0216095,0.666796,0.453806,-0.380923
01324189,1523964249003,-8.46331,-0.852504,-0.0658177,0.549144,0.510926,-0.0687713,0.701655,-0.109756,-0.504549
01324188,1523964249003,-9.56681,0.260677,-1.03139,0.988679,0.481545,-0.106409,0.806641,-0.287537,-0.174287
01324185,1523964249003,-9.18804,-1.22832,-0.0807509,0.402489,-0.0144957,-0.266059,0.80959,0.361479,-0.285015
01324181,1523964249003,-8.60533,0.268874,3.08205,0.36652,0.400815,-0.138837,0.827354,0.371887,-0.110119
01324180,1523964249003,-8.55566,-3.24472,0.61978,0.548424,-0.196817,-0.0649055,0.663117,0.450137,-0.38675
01324189,1523964249020,-9.17271,-0.959216,0.913389,0.630351,0.460413,-0.006062,0.703926,-0.115386,-0.496729
01324188,1523964249020,-10.0561,-0.022662,-1.28973,0.474784,0.40536,-0.167462,0.807994,-0.288197,-0.163849
01324185,1523964249020,-8.85907,-1.08325,0.194836,0.483682,-0.0325991,-0.238045,0.808766,0.363378,-0.288819
01324181,1523964249020,-8.90379,0.163182,3.40577,0.412661,0.326634,-0.141259,0.827309,0.373655,-0.107765
01324180,1523964249020,-8.17713,-2.95998,0.59362,0.486038,-0.185046,-0.13908,0.661039,0.448197,-0.3954
01324189,1523964249036,-10.0914,-2.05667,1.72788,0.702717,0.425529,0.033539,0.708964,-0.125987,-0.490585
01324188,1523964249036,-9.91414,-0.866726,-0.99439,0.153101,0.385375,-0.168068,0.809627,-0.289797,-0.158318
01324185,1523964249036,-8.81996,-0.963021,0.288979,0.56905,-0.0915298,-0.235222,0.80618,0.364132,-0.29365
01324181,1523964249036,-9.25941,0.149069,3.65251,0.410736,0.217049,-0.142109,0.826766,0.37284,-0.106149
01324180,1523964249036,-8.17818,-2.89273,0.625399,0.44899,-0.124528,-0.191623,0.657478,0.445096,-0.399461
01324189,1523964249053,-10.4858,-2.96081,2.19416,0.759745,0.297259,-0.0334591,0.711119,-0.13148,-0.484902
01324188,1523964249053,-10.1992,-1.43153,-0.409465,0.196947,0.391673,-0.151802,0.813138,-0.287696,-0.154732
01324185,1523964249053,-9.10656,-0.744644,0.182538,0.638432,-0.210442,-0.254888,0.804,0.363044,-0.298987
01324181,1523964249053,-9.48225,0.204539,3.79975,0.3375,0.0848224,-0.117113,0.825426,0.373402,-0.107475
01324180,1523964249053,-8.48412,-2.99798,0.650836,0.433149,-0.0932273,-0.224868,0.655218,0.445157,-0.403073
01324189,1523964249070,-10.0966,-2.41337,2.88572,0.979841,0.0531701,-0.119406,0.712453,-0.134369,-0.480393
01324188,1523964249070,-10.3556,-1.18888,0.147879,0.418521,0.442776,-0.15242,0.814732,-0.28331,-0.146404
01324185,1523964249070,-9.59097,-0.472148,-0.0130462,0.695185,-0.308378,-0.301845,0.801004,0.363768,-0.305383
01324181,1523964249070,-9.50383,0.45168,3.8794,0.300001,0.0124273,-0.109025,0.825825,0.374239,-0.10816
01324180,1523964249070,-9.08361,-3.19771,0.61005,0.463142,-0.0871757,-0.2562,0.65172,0.445644,-0.401391
01324189,1523964249086,-9.53302,-1.581,3.36113,1.045,-0.111693,-0.200729,0.711123,-0.140802,-0.479626
01324188,1523964249086,-10.2199,-1.11613,0.0162055,0.580765,0.45774,-0.13254,0.8154,-0.282658,-0.138836
01324185,1523964249086,-10.0491,-0.324986,-0.176922,0.803512,-0.367944,-0.337203,0.797457,0.365423,-0.31466
01324181,1523964249086,-9.30443,0.609353,3.82453,0.218076,0.00195821,-0.0934096,0.825691,0.375212,-0.109507
01324180,1523964249086,-9.75901,-3.28104,0.433818,0.516809,-0.0979509,-0.271629,0.648291,0.442832,-0.405718
01324189,1523964249103,-9.65027,-1.77214,2.53974,0.804126,-0.227551,-0.219076,0.710325,-0.145951,-0.478321
01324188,1523964249103,-10.1569,-1.0898,-0.338291,0.57197,0.484559,-0.114592,0.817159,-0.283155,-0.128932
01324185,1523964249103,-10.4538,-0.091372,-0.222661,0.871123,-0.328329,-0.358708,0.792556,0.364943,-0.325088
01324181,1523964249103,-9.11356,0.674741,3.7617,0.177951,0.0235099,-0.0707414,0.823947,0.375643,-0.11056
01324180,1523964249103,-10.2047,-3.16824,0.227071,0.575791,-0.130197,-0.264321,0.645638,0.443207,-0.412154
01324189,1523964249120,-9.14041,-1.6133,1.51986,0.531248,-0.319054,-0.213715,0.706696,-0.148746,-0.481244
01324188,1523964249120,-9.92848,-1.5049,-1.09919,0.517669,0.495704,-0.116552,0.816886,-0.283882,-0.119554
01324185,1523964249120,-10.4482,0.106102,-0.137581,0.88174,-0.217428,-0.356884,0.787651,0.364725,-0.336562
01324181,1523964249120,-9.27326,0.702028,3.6853,0.141438,0.080406,-0.0528575,0.822029,0.37894,-0.111406
01324180,1523964249120,-10.4423,-2.71575,0.0894761,0.557035,-0.164311,-0.266272,0.640636,0.440318,-0.423211
01324189,1523964249136,-8.95933,-1.78571,1.06885,0.359787,-0.244876,-0.215356,0.705908,-0.148739,-0.484177
01324188,1523964249136,-9.68533,-1.76735,-1.66182,0.400703,0.451252,-0.0876767,0.819095,-0.2832,-0.111589
01324185,1523964249136,-10.4471,0.366319,0.0732126,0.798905,-0.11782,-0.339577,0.783572,0.363183,-0.343586
01324181,1523964249136,-9.57956,0.758878,3.90442,0.0896984,0.0807354,-0.0353783,0.823361,0.379648,-0.110903
01324180,1523964249136,-10.262,-2.41824,0.00586349,0.520991,-0.210752,-0.272067,0.638933,0.439368,-0.428877
01324189,1523964249153,-9.25474,-1.72017,0.937159,0.205391,-0.181025,-0.1804,0.703198,-0.149964,-0.484557
01324188,1523964249153,-9.65835,-1.67892,-1.91071,0.329493,0.342106,-0.0495304,0.820442,-0.282515,-0.104968
01324185,1523964249153,-10.3549,0.471812,0.213761,0.686135,-0.0672507,-0.323641,0.78261,0.365628,-0.348309
01324181,1523964249153,-9.8016,0.675942,4.20646,0.0432768,0.0279006,-0.0235517,0.824312,0.378502,-0.110358
01324180,1523964249153,-10.0945,-1.92897,0.0367713,0.37402,-0.207614,-0.279924,0.634429,0.439365,-0.439343
01324189,1523964249170,-9.88787,-1.72072,1.20716,0.0682719,-0.158677,-0.166561,0.70348,-0.148256,-0.486686
01324188,1523964249170,-9.90058,-1.13984,-1.9835,0.220724,0.240791,-0.0275429,0.820978,-0.281855,-0.100626
01324185,1523964249170,-10.3954,0.563664,0.331015,0.538946,-0.0650377,-0.33029,0.779893,0.365995,-0.351307
01324181,1523964249170,-9.94143,0.516595,4.20379,0.0129762,0.0174439,-0.0140105,0.822823,0.379932,-0.111302
01324180,1523964249170,-10.0579,-1.78396,0.062094,0.189914,-0.161179,-0.312385,0.630543,0.44017,-0.441161
01324189,1523964249186,-10.1608,-1.61449,1.30646,-0.0550568,-0.129681,-0.155426,0.701322,-0.147635,-0.48893
01324188,1523964249186,-10.1321,-0.976841,-2.06981,-0.0189641,0.176859,-0.0122219,0.820701,-0.281383,-0.0981707
01324185,1523964249186,-10.5809,0.65148,0.31379,0.378282,-0.0872233,-0.323128,0.775548,0.366761,-0.355479
01324181,1523964249186,-10.0932,0.255109,4.32375,-0.0154587,-0.0252531,-0.0271478,0.823891,0.378963,-0.109168
01324180,1523964249186,-10.3138,-1.84055,0.107622,0.0195846,-0.124123,-0.311401,0.627041,0.442563,-0.443222
01324189,1523964249203,-10.1704,-1.76037,1.24784,-0.160465,-0.121626,-0.112258,0.699939,-0.141422,-0.49047
01324188,1523964249203,-10.1232,-1.19054,-1.85616,-0.208845,0.0807685,-0.0128002,0.821235,-0.279883,-0.0992949
01324185,1523964249203,-10.9283,0.648802,0.287441,0.181822,-0.114323,-0.310754,0.772418,0.373035,-0.358925
01324181,1523964249203,-10.0255,0.0716901,4.12484,-0.0385496,-0.0501163,-0.0290112,0.821761,0.378386,-0.110728
01324180,1523964249203,-10.6179,-1.89997,0.138162,-0.0738293,-0.0932741,-0.292381,0.623912,0.445355,-0.440419
01324189,1523964249220,-9.83249,-2.02215,1.05226,-0.208682,-0.0987422,-0.0787652,0.701027,-0.139444,-0.491671
01324188,1523964249220,-9.92168,-1.6382,-2.07989,-0.159838,0.00356526,0.000895793,0.820161,-0.281588,-0.0997919
01324185,1523964249220,-11.1069,0.558451,0.317857,-0.000180619,-0.109359,-0.250162,0.770785,0.374967,-0.361027
01324181,1523964249220,-9.98594,0.042979,4.20534,-0.0812765,-0.0279323,-0.0217925,0.822586,0.378474,-0.11273
01324180,1523964249220,-10.807,-1.86078,0.102696,-0.125284,-0.0623303,-0.26958,0.620242,0.449916,-0.440814
01324189,1523964249236,-9.72839,-2.24056,0.952809,-0.220011,-0.0450557,-0.0140652,0.699547,-0.139556,-0.49326
01324188,1523964249236,-9.88825,-1.76747,-2.233,-0.0714741,-0.110345,0.0215019,0.820562,-0.280566,-0.100002
01324185,1523964249236,-11.1748,0.404821,0.361165,-0.149458,-0.0489719,-0.166171,0.76875,0.377066,-0.361824
01324181,1523964249236,-10.0308,0.129835,4.14784,-0.0848335,-0.00752728,-0.0181565,0.82227,0.380807,-0.110916
01324180,1523964249236,-10.8121,-1.81172,0.0231589,-0.163024,-0.0318681,-0.220359,0.617798,0.45139,-0.437778
01324189,1523964249253,-9.91965,-2.46015,0.862681,-0.216433,0.030922,0.0027238,0.700358,-0.137425,-0.494054
01324188,1523964249253,-9.95613,-1.8158,-2.18149,0.00562537,-0.231278,0.0437032,0.819353,-0.282162,-0.102779
01324185,1523964249253,-11.1224,0.13972,0.436862,-0.29306,-0.0255409,-0.0734702,0.769022,0.380199,-0.360027
01324181,1523964249253,-9.97928,0.222649,4.1319,-0.109903,0.0124647,0.0131016,0.82256,0.37895,-0.110615
01324180,1523964249253,-10.6634,-1.72317,0.0323482,-0.206108,0.00551144,-0.169391,0.618013,0.45485,-0.435281
01324189,1523964249270,-10.0741,-2.67443,0.810954,-0.180047,0.0789061,-0.000765961,0.700874,-0.132836,-0.494024
01324188,1523964249270,-10.0843,-1.83022,-2.1202,0.0767213,-0.336412,0.0961177,0.819361,-0.2828,-0.107799
01324185,1523964249270,-10.9541,-0.0924428,0.461165,-0.423487,-0.000451,0.0191795,0.769432,0.381929,-0.357955
01324181,1523964249270,-9.90857,0.257534,4.03026,-0.124992,0.0762302,0.0205748,0.824025,0.379379,-0.10971
01324180,1523964249270,-10.4655,-1.69708,0.0682591,-0.218286,0.0706408,-0.0987186,0.619164,0.458438,-0.432796
01324189,1523964249287,-9.94246,-2.7888,0.983946,-0.0926075,0.126297,-0.0219054,0.701681,-0.133283,-0.492699
01324188,1523964249287,-9.98953,-1.66391,-1.8144,0.080638,-0.437339,0.130442,0.817343,-0.284844,-0.11315
01324185,1523964249287,-10.728,-0.267262,0.397477,-0.515074,-0.00934394,0.095832,0.769307,0.382288,-0.35391
01324181,1523964249287,-9.93559,0.301095,3.77326,-0.147263,0.0817422,0.0344824,0.823735,0.379432,-0.10745
01324180,1523964249287,-10.2721,-1.71996,0.164279,-0.233812,0.123395,-0.0246483,0.61793,0.461073,-0.4334
01324189,1523964249303,-9.72927,-2.81085,1.14376,-0.0102767,0.127112,-0.0412153,0.703309,-0.13318,-0.492316
01324188,1523964249303,-9.98458,-1.61697,-1.63197,0.0233566,-0.511565,0.150473,0.815723,-0.285372,-0.119893
01324185,1523964249303,-10.5066,-0.340995,0.262586,-0.579656,-0.00796485,0.167286,0.77094,0.382918,-0.350395
01324181,1523964249303,-9.88586,0.408588,3.58315,-0.15628,0.0928292,0.0621607,0.823853,0.379189,-0.105454
01324180,1523964249303,-10.0859,-1.74264,0.233644,-0.259127,0.14149,0.0280194,0.619251,0.461762,-0.43138
01324189,1523964249320,-9.48914,-2.65404,1.23543,0.028396,0.122306,-0.0713307,0.705052,-0.133213,-0.489661
01324188,1523964249320,-9.92183,-1.62388,-1.36286,-0.0337834,-0.597356,0.191628,0.814939,-0.289255,-0.126855
01324185,1523964249320,-10.2704,-0.337753,0.150535,-0.620743,-0.01743,0.233675,0.773382,0.384793,-0.34807
01324181,1523964249320,-9.73899,0.434744,3.39039,-0.170686,0.0579635,0.0928907,0.824915,0.378097,-0.102388
01324180,1523964249320,-9.82611,-1.82694,0.276804,-0.293395,0.146576,0.115674,0.621508,0.464195,-0.432985
01324189,1523964249337,-9.37855,-2.49355,1.24875,0.0445604,0.114312,-0.0943844,0.706002,-0.132807,-0.489669
01324188,1523964249337,-9.83232,-1.60086,-1.25306,-0.0230628,-0.657751,0.215831,0.81401,-0.291632,-0.134799
01324185,1523964249337,-9.93795,-0.41693,0.0837359,-0.658781,-0.00549379,0.32882,0.774748,0.384028,-0.343888
01324181,1523964249337,-9.62085,0.523561,3.29285,-0.181446,0.00946871,0.102806,0.825304,0.379235,-0.102416
01324180,1523964249337,-9.56427,-1.88714,0.32495,-0.322242,0.146599,0.19454,0.624004,0.466442,-0.42825
01324189,1523964249353,-9.38492,-2.21725,1.2641,0.0545012,0.153883,-0.117527,0.708303,-0.13157,-0.48915
01324188,1523964249353,-9.77675,-1.60166,-1.16685,-0.00193358,-0.739585,0.218624,0.811859,-0.293806,-0.143522
01324185,1523964249353,-9.56692,-0.537252,0.0448264,-0.684598,-0.025808,0.381627,0.779365,0.383834,-0.3392
01324181,1523964249353,-9.37634,0.579822,3.29817,-0.202936,-0.0797039,0.1141,0.826419,0.375383,-0.101285
01324180,1523964249353,-9.18174,-1.93155,0.384028,-0.316087,0.14852,0.27186,0.627612,0.465778,-0.424805
01324189,1523964249370,-9.38872,-2.02728,1.08449,0.0545182,0.152142,-0.11042,0.709782,-0.13074,-0.487823
01324188,1523964249370,-9.72764,-1.45262,-1.09642,0.0386195,-0.812238,0.244637,0.807639,-0.297673,-0.15421
01324185,1523964249370,-9.21996,-0.650185,0.0238555,-0.678235,-0.0339877,0.446232,0.782899,0.38251,-0.334759
01324181,1523964249370,-9.09291,0.592881,3.2949,-0.213704,-0.164577,0.118498,0.828294,0.376072,-0.101319
01324180,1523964249370,-8.86747,-1.93322,0.435424,-0.328616,0.117258,0.340064,0.63347,0.465331,-0.415988
01324189,1523964249387,-9.48411,-1.89846,0.575091,0.0967012,0.165445,-0.126286,0.713428,-0.129532,-0.485716
01324188,1523964249387,-9.80047,-1.54352,-1.16241,0.131129,-0.870638,0.235772,0.803875,-0.301568,-0.165979
01324185,1523964249387,-8.97408,-0.707081,0.0357518,-0.59887,-0.0536505,0.491291,0.787246,0.379062,-0.330822
01324181,1523964249387,-8.9885,0.603717,3.42094,-0.22812,-0.240342,0.135099,0.828885,0.373721,-0.103799
01324180,1523964249387,-8.64151,-2.01282,0.451695,-0.350305,0.112236,0.410153,0.637503,0.462629,-0.41232
01324189,1523964249403,-9.4556,-1.73597,0.273225,0.174052,0.19741,-0.11366,0.714646,-0.130564,-0.4844
01324188,1523964249403,-9.84064,-1.27424,-1.02977,0.235998,-0.923447,0.253593,0.801731,-0.304563,-0.175828
01324185,1523964249403,-8.87803,-0.816081,-0.0254716,-0.512743,-0.0716976,0.529564,0.786579,0.376301,-0.32792
01324181,1523964249403,-9.02038,0.603395,3.35312,-0.208637,-0.282579,0.145021,0.829576,0.37353,-0.105529
01324180,1523964249403,-8.59402,-2.1232,0.441885,-0.366176,0.0849452,0.456418,0.64177,0.460762,-0.403643
01324189,1523964249420,-9.40568,-1.88084,0.311072,0.204987,0.214395,-0.0780571,0.717609,-0.130197,-0.481489
01324188,1523964249420,-9.77022,-1.18306,-1.00227,0.251937,-0.987347,0.278674,0.796622,-0.310519,-0.186632
01324185,1523964249420,-8.99393,-0.784163,-0.137303,-0.435435,-0.0759814,0.52783,0.793086,0.372938,-0.326864
01324181,1523964249420,-9.5092,0.68958,3.62848,-0.228484,-0.343889,0.17225,0.828965,0.370621,-0.108118
01324180,1523964249420,-8.78987,-2.29895,0.407588,-0.389469,0.0640661,0.532611,0.645798,0.459229,-0.401572
01324189,1523964249437,-9.44768,-1.89958,0.413891,0.255156,0.196691,-0.0387544,0.720585,-0.131556,-0.478859
01324188,1523964249437,-9.707,-1.05096,-0.614095,0.297409,-1.01628,0.268932,0.792861,-0.31502,-0.197901
01324185,1523964249437,-9.45738,-0.800686,-0.296843,-0.375423,-0.0642284,0.532045,0.795938,0.367182,-0.325774
01324181,1523964249437,-10.0293,0.685937,3.52862,-0.242846,-0.438303,0.180225,0.828622,0.369517,-0.113005
01324180,1523964249437,-9.26023,-2.55474,0.331502,-0.400251,0.0248764,0.607917,0.652246,0.455752,-0.396605
01324189,1523964249453,-9.37163,-1.70642,0.900012,0.29398,0.17912,-0.00484052,0.724794,-0.133097,-0.477047
01324188,1523964249453,-9.83926,-0.863893,-0.747122,0.292334,-1.11461,0.271334,0.787613,-0.319762,-0.212799
01324185,1523964249453,-10.1721,-0.907218,-0.544181,-0.348182,-0.0471645,0.509955,0.800416,0.36157,-0.324559
01324181,1523964249453,-10.3166,0.529773,3.43318,-0.26601,-0.531243,0.175273,0.830912,0.364172,-0.120487
01324180,1523964249453,-9.97723,-2.81324,0.238492,-0.400487,-0.0267653,0.695566,0.657937,0.451168,-0.398401
01324189,1523964249470,-9.39036,-1.34584,1.77254,0.270218,0.160543,0.0253333,0.725475,-0.134835,-0.475998
01324188,1523964249470,-10.0684,-0.715489,-0.816472,0.305478,-1.14698,0.277226,0.783726,-0.325657,-0.225364
01324185,1523964249470,-10.8382,-1.03551,-0.562873,-0.283249,-0.00917996,0.504687,0.80422,0.356832,-0.321784
01324181,1523964249470,-10.0662,0.377592,3.27831,-0.312262,-0.609277,0.170388,0.830723,0.363022,-0.127366
01324180,1523964249470,-10.6412,-3.08139,0.203952,-0.397306,-0.0741077,0.786768,0.664413,0.446989,-0.397364
01324189,1523964249487,-9.52839,-0.961798,2.61285,0.107074,0.10801,0.0284719,0.728454,-0.134763,-0.474561
01324188,1523964249487,-10.2182,-0.695289,-0.868432,0.175429,-1.14632,0.259505,0.77846,-0.328094,-0.236619
01324185,1523964249487,-11.2143,-1.10282,-0.368957,-0.202232,0.0132755,0.54621,0.8068,0.351779,-0.320829
01324181,1523964249487,-9.60962,0.407227,3.30964,-0.360177,-0.620411,0.149641,0.830227,0.363627,-0.132686
01324180,1523964249487,-10.9004,-3.25894,0.270535,-0.352005,-0.133811,0.886873,0.670118,0.442129,-0.401326
01324189,1523964249503,-9.88903,-0.346495,3.40352,-0.153067,0.0496639,0.0597659,0.730362,-0.135675,-0.474322
01324188,1523964249503,-10.6033,-0.256522,-1.35072,0.0198729,-1.10398,0.242911,0.772668,-0.332846,-0.251107
01324185,1523964249503,-11.1078,-1.16099,-0.0720517,-0.149413,0.0560259,0.647057,0.811142,0.345311,-0.320129
01324181,1523964249503,-9.36784,0.371186,3.41089,-0.37951,-0.59287,0.111962,0.830022,0.362512,-0.137973
01324180,1523964249503,-10.6099,-3.28993,0.328788,-0.320575,-0.161833,0.932518,0.676363,0.43447,-0.399411
01324189,1523964249520,-10.6522,0.176638,3.78626,-0.451187,0.00128315,0.115863,0.731997,-0.133999,-0.475665
01324188,1523964249520,-11.6393,0.769054,-0.921171,-0.259624,-1.01373,0.174533,0.769158,-0.333974,-0.262975
01324185,1523964249520,-10.7695,-1.18686,0.267981,-0.107615,0.0952847,0.737682,0.816573,0.335762,-0.318488
01324181,1523964249520,-9.44386,0.37021,3.50461,-0.430861,-0.560041,0.0727833,0.829797,0.363525,-0.1441
01324180,1523964249520,-10.3007,-3.28725,0.418828,-0.33829,-0.161498,0.953439,0.683157,0.427406,-0.401678
01324189,1523964249537,-10.7549,0.698219,3.61867,-0.823601,0.0139302,0.221216,0.730658,-0.132827,-0.478583
01324188,1523964249537,-11.1249,1.35723,-0.12913,-0.762081,-1.00056,0.112876,0.763612,-0.334381,-0.280155
01324185,1523964249537,-10.4407,-1.02985,0.431841,-0.095276,0.125363,0.759511,0.822277,0.327083,-0.31555
01324181,1523964249537,-9.02402,0.331824,3.11681,-0.446553,-0.527238,0.0368116,0.828769,0.36468,-0.150754
01324180,1523964249537,-9.98853,-3.36273,0.600308,-0.343695,-0.143976,0.948164,0.690326,0.41942,-0.396136
01324189,1523964249553,-9.90517,0.377096,3.60994,-1.23245,0.0517717,0.317345,0.732018,-0.127988,-0.481502
01324188,1523964249553,-9.96917,1.50233,1.28283,-1.35162,-0.939506,0.058331,0.759396,-0.33039,-0.298423
01324185,1523964249553,-10.1481,-0.766813,0.443299,-0.186628,0.120856,0.744263,0.828113,0.318376,-0.314049
01324181,1523964249553,-8.71799,0.393744,3.02581,-0.474872,-0.488709,0.0216363,0.827439,0.365495,-0.153546
01324180,1523964249553,-9.61793,-3.46661,0.791871,-0.343625,-0.129615,0.926177,0.697809,0.409719,-0.395765
01324189,1523964249570,-8.9034,-0.860916,4.00079,-1.54837,0.136892,0.331949,0.734298,-0.118569,-0.483861
01324188,1523964249570,-9.3578,0.845262,2.52822,-1.87484,-0.884813,0.014736,0.758125,-0.320137,-0.317815
01324185,1523964249570,-9.87968,-0.460387,0.348587,-0.383771,0.0660393,0.703945,0.834497,0.311279,-0.309431
01324181,1523964249570,-8.61824,0.31263,2.79133,-0.455212,-0.41437,0.0256473,0.826957,0.364125,-0.157629
01324180,1523964249570,-9.28388,-3.54169,0.959066,-0.376558,-0.107659,0.869764,0.703453,0.404639,-0.387038
01324189,1523964249587,-8.595,-2.29627,4.93227,-1.64706,0.158679,0.322665,0.738602,-0.108047,-0.485164
01324188,1523964249587,-9.24303,-0.751573,3.95206,-1.97264,-0.7629,-0.0606604,0.754135,-0.30855,-0.339782
01324185,1523964249587,-9.68184,-0.312517,0.159047,-0.594143,-0.0170593,0.64173,0.837491,0.304011,-0.306367
01324181,1523964249587,-8.64157,0.162039,2.66608,-0.435591,-0.364765,0.0294847,0.826434,0.365485,-0.161105
01324180,1523964249587,-9.06022,-3.67578,1.10552,-0.407664,-0.0765149,0.793216,0.709283,0.398441,-0.385897
01324189,1523964249603,-8.97683,-3.61648,6.08863,-1.39699,0.049202,0.247407,0.738583,-0.0998656,-0.488309
01324188,1523964249603,-8.89682,-1.25045,4.43039,-1.40583,-0.635476,-0.0615197,0.752458,-0.298946,-0.354501
01324185,1523964249603,-9.44393,-0.44906,-0.0923691,-0.800458,-0.103617,0.589736,0.84143,0.299269,-0.303853
01324181,1523964249603,-8.94617,0.0079209,2.78541,-0.403683,-0.385648,0.0422268,0.825894,0.367442,-0.163531
01324180,1523964249603,-8.8805,-3.76651,1.2107,-0.452394,-0.077073,0.722535,0.715906,0.393394,-0.385555
01324189,1523964249620,-9.90051,-4.8997,7.31168,-0.920186,-0.264438,0.19294,0.733693,-0.0935762,-0.493018
01324188,1523964249620,-9.05847,0.787735,3.36389,-0.909107,-0.430585,0.0192809,0.74631,-0.290359,-0.367612
01324185,1523964249620,-9.44286,-0.815178,-0.248789,-0.993136,-0.208097,0.525991,0.843469,0.295073,-0.302252
01324181,1523964249620,-9.45208,-0.105004,3.02101,-0.387722,-0.39261,0.0413971,0.824043,0.366838,-0.166155
01324180,1523964249620,-8.87529,-3.79048,1.20096,-0.525436,-0.0493984,0.640499,0.718676,0.386985,-0.388425
01324189,1523964249637,-10.5603,-5.63904,7.92596,-0.558145,-0.705649,0.134706,0.729662,-0.0883343,-0.50149
01324188,1523964249637,-8.46531,2.09141,-0.320179,-1.08273,-0.0369431,0.0260562,0.747099,-0.285581,-0.373514
01324185,1523964249637,-9.76751,-1.26107,-0.341917,-1.07702,-0.326079,0.455482,0.846994,0.293397,-0.301465
01324181,1523964249637,-9.40518,-0.337416,3.0958,-0.380661,-0.458939,0.0408165,0.823906,0.369342,-0.169393
01324180,1523964249637,-9.25019,-3.95604,1.14563,-0.609423,-0.0676849,0.577464,0.724055,0.383676,-0.384249
01324189,1523964249653,-10.5133,-5.31647,7.63637,-0.374111,-1.05727,0.0737698,0.727315,-0.0870335,-0.512821
01324188,1523964249653,-8.38661,3.01154,-1.96561,-1.85549,0.509531,-0.0210152,0.748537,-0.276749,-0.376074
01324185,1523964249653,-10.0558,-1.68064,-0.364083,-1.05983,-0.370865,0.403094,0.848078,0.293683,-0.30121
01324181,1523964249653,-9.29975,-0.642122,3.41867,-0.386109,-0.490617,0.0491928,0.824468,0.370948,-0.17408
01324180,1523964249653,-9.4581,-4.30048,1.06921,-0.646459,-0.0719799,0.523534,0.728866,0.382545,-0.379076
01324189,1523964249670,-9.89262,-4.05015,6.89006,-0.335518,-1.18907,0.111314,0.717909,-0.084695,-0.52647
01324188,1523964249670,-9.14462,1.93908,-2.33261,-2.36837,1.02626,0.0182462,0.75414,-0.262083,-0.374151
01324185,1523964249670,-10.2424,-2.06223,-0.286656,-0.95057,-0.371953,0.40473,0.849168,0.292734,-0.299245
01324181,1523964249670,-9.16557,-0.674637,3.58437,-0.389553,-0.413906,0.0377747,0.822508,0.370287,-0.179358
01324180,1523964249670,-9.62395,-4.53584,0.998622,-0.642832,-0.120392,0.491548,0.732109,0.379579,-0.377428
01324189,1523964249687,-8.79517,-2.62504,6.35599,-0.41574,-1.16266,0.130306,0.707433,-0.0834846,-0.54132
01324188,1523964249687,-9.1142,0.988327,-2.24,-2.02064,1.4878,0.151399,0.764365,-0.249767,-0.367319
01324185,1523964249687,-10.3106,-2.41799,-0.119938,-0.770845,-0.310271,0.408409,0.849979,0.29003,-0.300659
01324181,1523964249687,-9.29343,-0.676315,3.78644,-0.359275,-0.391003,0.0284305,0.822264,0.370512,-0.182282
01324180,1523964249687,-9.74336,-4.31592,1.07117,-0.740654,-0.183573,0.477381,0.735964,0.380355,-0.373148
01324189,1523964249703,-8.12231,-2.02834,6.07951,-0.478588,-1.0379,0.145714,0.693698,-0.0814749,-0.557329
01324188,1523964249703,-9.8846,0.557658,-1.96536,-1.37424,1.89508,0.344271,0.778,-0.241845,-0.348829
01324185,1523964249703,-10.3398,-2.5814,0.0237186,-0.536167,-0.24851,0.3831,0.850115,0.284925,-0.302438
01324181,1523964249703,-9.10573,-0.703198,3.77367,-0.293335,-0.339862,0.0174146,0.819841,0.373186,-0.185765
01324180,1523964249703,-9.90858,-4.99406,1.09725,-0.884974,-0.223645,0.436496,0.737313,0.379312,-0.372378
01324189,1523964249720,-7.63447,-2.06729,5.79457,-0.475386,-0.929328,0.147202,0.685363,-0.0781522,-0.56978
01324188,1523964249720,-10.6404,0.142705,-1.87869,-0.43198,2.20681,0.549628,0.788994,-0.246156,-0.323131
01324185,1523964249720,-10.3103,-2.5044,0.169674,-0.353658,-0.195281,0.333223,0.852826,0.282668,-0.302556
01324181,1523964249720,-8.98614,-0.747988,3.9057,-0.177678,-0.245841,0.0247333,0.82,0.372988,-0.188153
01324180,1523964249720,-9.8128,-5.27765,1.08454,-0.754521,-0.266415,0.40616,0.739565,0.3813,-0.372101
01324189,1523964249737,-7.50248,-1.95689,5.59081,-0.448231,-0.820861,0.184376,0.680535,-0.0774872,-0.577476
01324188,1523964249737,-10.5595,1.12993,-1.72704,0.480702,2.42032,0.732543,0.797994,-0.256785,-0.29861
01324185,1523964249737,-10.1981,-2.09574,0.233457,-0.282789,-0.198353,0.267647,0.854177,0.280943,-0.304373
01324181,1523964249737,-8.81132,-0.8113,3.75348,-0.0886316,-0.172364,0.0250479,0.819878,0.372824,-0.189211
01324180,1523964249737,-9.40497,-4.63978,1.02677,-0.565151,-0.295732,0.417767,0.742798,0.379057,-0.370168
01324189,1523964249753,-7.10269,-1.50734,4.6244,-0.319904,-0.710102,0.264464,0.672029,-0.0750026,-0.585785
01324188,1523964249753,-10.4883,2.12787,-1.72461,1.02554,2.55009,0.935921,0.806879,-0.27207,-0.261731
01324185,1523964249753,-9.84006,-1.59733,0.0528639,-0.310739,-0.230891,0.236331,0.854715,0.279064,-0.306838
01324181,1523964249753,-8.64653,-0.950029,3.7113,0.00212542,-0.0916056,0.0357762,0.820978,0.372475,-0.19134
01324180,1523964249753,-8.99585,-5.19476,1.00114,-0.427811,-0.291872,0.334036,0.743354,0.377601,-0.370745
01324189,1523964249770,-6.70387,-1.61268,3.34755,-0.110422,-0.517406,0.314466,0.666922,-0.0769071,-0.591091
01324188,1523964249770,-10.5537,2.77622,-1.65297,1.33164,2.62927,1.16454,0.812528,-0.291544,-0.215114
01324185,1523964249770,-9.41743,-1.2727,-0.148118,-0.380506,-0.225954,0.212465,0.853632,0.277508,-0.307211
01324181,1523964249770,-8.4844,-0.991622,3.51753,0.0823916,-0.00696399,0.0189774,0.821284,0.371138,-0.19344
01324180,1523964249770,-8.68987,-4.91582,0.98632,-0.0633624,-0.295287,0.308185,0.744732,0.375123,-0.372436
01324189,1523964249787,-6.8928,-2.28014,2.38494,0.0347331,-0.361864,0.343124,0.663074,-0.0823033,-0.597911
01324188,1523964249787,-10.3196,3.31667,-1.82816,1.46819,2.68664,1.31835,0.818073,-0.316186,-0.166936
01324185,1523964249787,-9.17388,-1.27424,-0.175513,-0.432529,-0.233572,0.189555,0.854167,0.278172,-0.309309
01324181,1523964249787,-8.51367,-1.04282,3.40482,0.14838,0.0689199,0.00564601,0.820732,0.372149,-0.193323
01324180,1523964249787,-8.38297,-4.31246,0.883872,0.0839965,-0.283287,0.263565,0.744809,0.371246,-0.378726
01324189,1523964249803,-7.31125,-2.88104,1.99551,0.299876,-0.269516,0.418552,0.660003,-0.0879869,-0.600462
01324188,1523964249803,-10.3704,3.96188,-2.00689,1.36397,2.68971,1.43712,0.81643,-0.340512,-0.12282
01324185,1523964249803,-9.0249,-1.49183,-0.143257,-0.463889,-0.248585,0.154789,0.853896,0.277035,-0.30982
01324181,1523964249803,-8.54405,-0.984886,3.31899,0.209053,0.137599,-0.0146386,0.82209,0.371269,-0.193451
01324180,1523964249803,-8.31917,-3.98234,0.782383,0.0490941,-0.239918,0.195142,0.744865,0.367784,-0.381767
01324189,1523964249820,-7.5651,-3.07017,2.11329,0.642011,-0.195157,0.526227,0.654513,-0.0987829,-0.602892
01324188,1523964249820,-10.2471,4.6651,-1.95166,0.99282,2.62627,1.50114,0.815436,-0.359761,-0.0816233
01324185,1523964249820,-8.94862,-1.75963,-0.216559,-0.449834,-0.263228,0.112333,0.85511,0.277133,-0.312045
01324181,1523964249820,-8.55249,-0.8223,3.1516,0.250124,0.179773,-0.031662,0.820483,0.370023,-0.192612
01324180,1523964249820,-8.35822,-3.91397,0.663952,-0.0522346,-0.234406,0.166433,0.744236,0.367257,-0.388655
01324189,1523964249837,-7.4819,-2.44207,2.44699,0.974515,-0.160457,0.633871,0.652816,-0.112825,-0.601647
01324188,1523964249837,-10.0867,4.88626,-1.94048,0.473546,2.53189,1.58331,0.809582,-0.382293,-0.0431281
01324185,1523964249837,-8.98288,-1.95922,-0.179071,-0.364199,-0.250521,0.0577395,0.854423,0.2799,-0.314682
01324181,1523964249837,-8.58131,-0.732767,3.01929,0.303631,0.211372,-0.0479405,0.823442,0.369984,-0.192509
01324180,1523964249837,-8.39215,-3.87968,0.579219,-0.134424,-0.223669,0.142268,0.745342,0.365367,-0.391005
01324189,1523964249853,-6.83577,-0.795412,2.29024,1.28962,-0.108568,0.707537,0.64885,-0.132564,-0.601491
01324188,1523964249853,-9.93403,4.33879,-1.65273,-0.00164079,2.34228,1.709,0.800215,-0.406453,-0.00899662
01324185,1523964249853,-9.05524,-1.96839,-0.163747,-0.265903,-0.227268,0.0124242,0.855235,0.278758,-0.315457
01324181,1523964249853,-8.67518,-0.733865,3.00422,0.364155,0.216661,-0.0540978,0.823721,0.368571,-0.191553
01324180,1523964249853,-8.49939,-3.99171,0.553388,-0.209685,-0.225695,0.142654,0.746156,0.365366,-0.393178
01324189,1523964249870,-6.76841,0.991195,2.37136,1.56224,0.101069,0.812862,0.65126,-0.156332,-0.596892
01324188,1523964249870,-9.74536,3.71837,-1.29721,-0.274564,2.10001,1.78771,0.78652,-0.432118,0.0215963
01324185,1523964249870,-9.1275,-1.93182,-0.168309,-0.162912,-0.175597,-0.00586471,0.85279,0.279841,-0.31781
01324181,1523964249870,-8.81245,-0.699111,3.022,0.410463,0.239599,-0.0617735,0.825078,0.367414,-0.191277
01324180,1523964249870,-8.55814,-4.10293,0.503867,-0.227187,-0.221202,0.134648,0.746693,0.364769,-0.391847
01324189,1523964249887,-7.43117,2.1484,2.60805,1.59798,0.308206,0.931764,0.65026,-0.182013,-0.59013
01324188,1523964249887,-9.46118,2.73836,-1.29294,-0.378452,1.82254,1.83182,0.772012,-0.45676,0.0431131
01324185,1523964249887,-9.32493,-1.88475,-0.058434,-0.0698599,-0.0994643,-0.0506365,0.851161,0.280661,-0.319118
01324181,1523964249887,-8.87783,-0.670761,3.00896,0.463977,0.229455,-0.0887388,0.82455,0.366427,-0.190985
01324180,1523964249887,-8.75613,-4.14426,0.540376,-0.197076,-0.232134,0.117213,0.745639,0.363633,-0.3928
01324189,1523964249903,-8.18294,2.6723,2.77643,1.36288,0.465525,1.05521,0.649772,-0.204538,-0.582145
01324188,1523964249903,-9.25917,1.76793,-1.23518,-0.372852,1.53165,1.77385,0.759116,-0.478854,0.0624815
01324185,1523964249903,-9.48333,-1.7295,0.1263,0.037247,-0.0565295,-0.0544005,0.851562,0.281755,-0.320828
01324181,1523964249903,-8.92885,-0.642234,2.98877,0.505828,0.230258,-0.0966136,0.825737,0.368409,-0.191172
01324180,1523964249903,-8.85386,-4.11282,0.655604,-0.162004,-0.213962,0.0903384,0.744879,0.362966,-0.400094
01324189,1523964249920,-8.57328,2.78848,2.97002,0.941844,0.579795,1.16738,0.650889,-0.226948,-0.571235
01324188,1523964249920,-8.96899,1.1155,-1.18339,-0.33421,1.19942,1.67672,0.745551,-0.501542,0.0761695
01324185,1523964249920,-9.60082,-1.59379,0.285221,0.135339,-0.0241201,-0.0631983,0.852778,0.282446,-0.321492
01324181,1523964249920,-9.01637,-0.716095,3.04034,0.565447,0.23735,-0.101021,0.82573,0.36898,-0.191184
01324180,1523964249920,-8.89435,-4.0676,0.901976,-0.100947,-0.207259,0.0257348,0.743791,0.365172,-0.402194
01324189,1523964249937,-8.86133,2.66688,2.76231,0.483949,0.72628,1.26158,0.653103,-0.24681,-0.562858
01324188,1523964249937,-9.02814,0.7976,-1.20652,-0.21399,0.892268,1.50601,0.730068,-0.520973,0.0863173
01324185,1523964249937,-9.6771,-1.42698,0.509995,0.270348,-0.046677,-0.0716949,0.85115,0.283131,-0.322538
01324181,1523964249937,-9.08493,-0.653786,2.9904,0.595764,0.238943,-0.113161,0.826828,0.367804,-0.191968
01324180,1523964249937,-8.85848,-3.95918,1.19294,-0.00696328,-0.160594,-0.0594816,0.743002,0.364762,-0.404081
01324189,1523964249953,-9.14122,2.4037,2.7221,0.0535899,0.848293,1.32749,0.655589,-0.267252,-0.554088
01324188,1523964249953,-8.79157,0.677995,-1.46959,-0.268314,0.603759,1.33436,0.715541,-0.540754,0.0911834
01324185,1523964249953,-9.68301,-1.16663,0.813291,0.369644,-0.121446,-0.0509199,0.850598,0.281779,-0.326964
01324181,1523964249953,-9.0774,-0.411171,3.09206,0.556696,0.25277,-0.128461,0.826848,0.365814,-0.191395
01324180,1523964249953,-8.87048,-3.83527,1.33368,0.0269523,-0.120605,-0.169726,0.740291,0.366538,-0.402115
01324189,1523964249970,-9.10076,2.15438,2.73063,-0.224593,0.944403,1.33348,0.65923,-0.277941,-0.54405
01324188,1523964249970,-8.89459,0.246017,-1.70794,-0.362858,0.348843,1.15214,0.704234,-0.554642,0.0934171
01324185,1523964249970,-9.55149,-0.871102,1.03755,0.425823,-0.14841,-0.0508451,0.849779,0.279742,-0.330337
01324181,1523964249970,-8.94523,-0.176748,3.14637,0.52107,0.243931,-0.125036,0.826841,0.366386,-0.191407
01324180,1523964249970,-9.00279,-3.73123,1.39339,0.0453691,-0.0828067,-0.302919,0.737446,0.369491,-0.402825
01324189,1523964249987,-9.06348,1.72824,2.44184,-0.468615,1.05215,1.30047,0.660812,-0.284696,-0.53476
01324188,1523964249987,-9.48197,-0.407483,-1.73352,-0.464965,0.0931015,1.02112,0.6944,-0.565273,0.0939522
01324185,1523964249987,-9.54547,-0.577228,1.22595,0.418849,-0.0928301,-0.0477997,0.849502,0.27757,-0.33345
01324181,1523964249987,-8.8753,-0.0594073,3.07212,0.47496,0.284218,-0.141811,0.827769,0.367933,-0.19198
01324180,1523964249987,-9.11931,-3.71861,1.44065,0.0142463,-0.0389847,-0.395969,0.736759,0.372865,-0.407473
01324189,1523964250003,-9.16726,1.06558,2.34447,-0.650724,1.12988,1.20912,0.664341,-0.294246,-0.527921
01324188,1523964250003,-9.81291,-0.991323,-1.50906,-0.502526,-0.117624,0.8955,0.687158,-0.577714,0.08869
01324185,1523964250003,-9.67295,-0.484898,1.27413,0.338694,-0.0284077,-0.111031,0.848955,0.277246,-0.335665
01324181,1523964250003,-8.83846,-0.0152101,2.96042,0.434901,0.331311,-0.125776,0.828278,0.368825,-0.190145
01324180,1523964250003,-9.2063,-3.74183,1.4856,0.0139511,-0.0234919,-0.469697,0.732932,0.379164,-0.407426
01324189,1523964250020,-9.46468,0.509147,2.30383,-0.707813,1.17183,1.10408,0.668935,-0.302237,-0.519745
01324188,1523964250020,-9.62161,-1.58922,-1.62064,-0.239425,-0.288629,0.752981,0.679362,-0.588038,0.0819523
01324185,1523964250020,-9.81522,-0.455144,1.24838,0.257957,-0.0125538,-0.187553,0.848946,0.278597,-0.338682
01324181,1523964250020,-8.86749,-0.039771,2.90758,0.361176,0.369053,-0.135547,0.827962,0.370046,-0.186847
01324180,1523964250020,-9.29326,-3.75504,1.49676,0.0109537,-0.00452639,-0.541656,0.729129,0.384023,-0.408758
01324189,1523964250037,-9.75224,-0.226842,2.53035,-0.700562,1.12852,0.979866,0.675131,-0.30882,-0.509169
01324188,1523964250037,-9.38824,-1.92144,-1.81919,0.0158054,-0.383369,0.647531,0.674542,-0.597446,0.0763112
01324185,1523964250037,-9.96266,-0.468801,1.10925,0.131549,-0.0107301,-0.303054,0.847044,0.28025,-0.340651
01324181,1523964250037,-9.02483,0.0602507,2.92398,0.29889,0.399185,-0.129026,0.830196,0.371943,-0.183723
01324180,1523964250037,-9.38045,-3.76378,1.54178,0.00517507,0.0141016,-0.59781,0.72661,0.391877,-0.405998
01324189,1523964250053,-9.93682,-1.02272,2.48256,-0.624818,1.05162,0.84171,0.681049,-0.311522,-0.500431
01324188,1523964250053,-9.97289,-2.44625,-1.28042,0.221903,-0.446622,0.442839,0.670789,-0.604056,0.0727154
01324185,1523964250053,-9.93658,-0.546123,0.985183,0.0137498,-0.019184,-0.382816,0.845412,0.286443,-0.340966
01324181,1523964250053,-8.8631,-0.0106015,2.90222,0.233274,0.409089,-0.160654,0.830867,0.370965,-0.182248
01324180,1523964250053,-9.43427,-3.72352,1.55598,-0.0104173,0.0269538,-0.629446,0.722118,0.397459,-0.405145
01324189,1523964250070,-10.0357,-1.45656,2.82379,-0.498719,1.06229,0.714205,0.685486,-0.314049,-0.493413
01324188,1523964250070,-9.6082,-3.18621,-0.8169,0.541972,-0.560951,0.150898,0.668609,-0.602637,0.0743116
01324185,1523964250070,-9.80196,-0.758762,1.06653,-0.0750758,0.016282,-0.445054,0.843785,0.289979,-0.340211
01324181,1523964250070,-9.00441,-0.29849,2.82714,0.16415,0.445516,-0.194525,0.830368,0.373688,-0.175793
01324180,1523964250070,-9.45275,-3.774,1.51443,-0.0486182,0.0202422,-0.650842,0.719591,0.403833,-0.397013
01324189,1523964250087,-10.3362,-1.43579,3.15941,-0.340553,1.11584,0.595645,0.692497,-0.317642,-0.484561
01324188,1523964250087,-10.2393,-4.48938,0.379066,1.07318,-0.708503,-0.187012,0.670493,-0.600553,0.0757639
01324185,1523964250087,-9.80978,-1.04752,1.19115,-0.0798609,0.0723543,-0.476868,0.842156,0.297897,-0.338715
01324181,1523964250087,-9.11136,-0.503637,2.93664,0.137574,0.443354,-0.215092,0.830575,0.374937,-0.170907
01324180,1523964250087,-9.42312,-3.79464,1.44452,-0.0381243,0.0221211,-0.654291,0.713856,0.412627,-0.396483
01324189,1523964250103,-10.679,-1.34377,3.94856,-0.175409,1.15039,0.47005,0.699079,-0.323364,-0.472244
01324188,1523964250103,-10.475,-3.65536,-2.24501,2.23806,-0.708589,-0.491487,0.674525,-0.595703,0.0857052
01324185,1523964250103,-9.91661,-1.36938,1.30094,-0.0230321,0.135756,-0.507924,0.839169,0.305787,-0.33865
01324181,1523964250103,-9.66725,-0.580635,3.01908,0.0826854,0.474393,-0.259318,0.830995,0.379923,-0.165039
01324180,1523964250103,-9.41024,-3.64649,1.37295,-0.0504504,0.0363972,-0.667422,0.709488,0.419224,-0.396016
01324189,1523964250120,-10.9189,-1.22588,5.50052,0.0468513,1.07042,0.297764,0.705095,-0.32734,-0.458836
01324188,1523964250120,-10.9908,-0.545247,-2.62538,2.35738,-0.609127,-0.634895,0.682846,-0.583412,0.0999602
01324185,1523964250120,-10.1655,-1.5075,1.27905,0.0817444,0.170636,-0.526915,0.836865,0.312304,-0.336746
01324181,1523964250120,-9.84518,-0.420152,2.9714,-0.0648576,0.408222,-0.289563,0.830897,0.383758,-0.159806
01324180,1523964250120,-9.53138,-3.63095,1.36702,-0.0436403,0.0504756,-0.668129,0.70407,0.427338,-0.403741
01324189,1523964250137,-11.0665,-0.585205,6.27794,0.35457,0.837474,0.131222,0.70987,-0.331212,-0.44695
01324188,1523964250137,-11.79,3.0517,-3.52055,1.23809,-0.570777,-0.798116,0.691456,-0.573367,0.109227
01324185,1523964250137,-10.3343,-1.43429,1.19817,0.198034,0.169558,-0.521897,0.834831,0.318245,-0.33549
01324181,1523964250137,-9.7189,-0.418564,2.85626,-0.0648843,0.41367,-0.280068,0.830774,0.38862,-0.153399
01324180,1523964250137,-9.7047,-3.71567,1.42529,0.0100612,0.0747729,-0.646501,0.701548,0.435776,-0.401645
01324189,1523964250153,-10.6147,0.476545,5.48988,0.407661,0.63974,0.0143822,0.719176,-0.333423,-0.437313
01324188,1523964250153,-10.8275,4.54187,-2.64874,-0.407679,-0.557403,-1.03571,0.700887,-0.563108,0.107463
01324185,1523964250153,-10.3244,-1.2996,1.11872,0.312309,0.143813,-0.521863,0.835101,0.32207,-0.334353
01324181,1523964250153,-10.0345,-0.40305,3.05439,-0.0827939,0.383812,-0.271571,0.83095,0.392579,-0.148836
01324180,1523964250153,-9.67716,-3.79282,1.44688,0.0955364,0.0817006,-0.627475,0.696921,0.440183,-0.397708
01324189,1523964250170,-10.3218,1.34051,3.67659,0.115952,0.543862,-0.118,0.723448,-0.334355,-0.428411
01324188,1523964250170,-10.3136,3.59756,-2.35058,-1.71193,-0.436273,-1.09099,0.711812,-0.551164,0.087888
01324185,1523964250170,-10.2953,-1.20352,1.07281,0.38996,0.127294,-0.515047,0.832389,0.326588,-0.333865
01324181,1523964250170,-10.0085,-0.393007,3.01572,-0.132789,0.324044,-0.247804,0.830336,0.394566,-0.143426
01324180,1523964250170,-9.73587,-3.7403,1.43693,0.219694,0.110742,-0.653714,0.692818,0.446919,-0.397107
01324189,1523964250187,-10.1647,1.33389,2.14562,-0.420865,0.467928,-0.207666,0.726795,-0.330116,-0.425474
01324188,1523964250187,-10.7911,1.29332,-1.52215,-2.18703,-0.314246,-1.0522,0.723426,-0.540501,0.0643225
01324185,1523964250187,-10.2635,-1.04002,1.04065,0.466276,0.117937,-0.498073,0.830218,0.330668,-0.334158
01324181,1523964250187,-9.66661,-0.37912,2.84618,-0.171951,0.285097,-0.242935,0.828512,0.397121,-0.138945
01324180,1523964250187,-9.6807,-3.51735,1.41694,0.345815,0.116778,-0.668656,0.688751,0.450758,-0.396836
01324189,1523964250203,-10.1184,0.70779,1.38401,-0.966146,0.402567,-0.30267,0.732024,-0.319034,-0.424376
01324188,1523964250203,-10.7502,-0.750483,-0.972078,-1.57882,-0.18139,-0.972173,0.730706,-0.530522,0.0383463
01324185,1523964250203,-10.0388,-0.892179,1.0004,0.504334,0.0667983,-0.470625,0.827768,0.334693,-0.337323
01324181,1523964250203,-9.48345,-0.403656,2.86473,-0.207719,0.292735,-0.20832,0.827981,0.402141,-0.132138
01324180,1523964250203,-9.49142,-3.36003,1.35923,0.424017,0.132208,-0.636408,0.683757,0.456096,-0.402192
01324189,1523964250220,-10.088,-0.614856,1.39988,-1.24057,0.386413,-0.314211,0.736866,-0.30824,-0.425415
01324188,1523964250220,-10.2386,-1.02511,-1.27921,-0.452446,-0.0943252,-0.825359,0.738917,-0.519802,0.0303016
01324185,1523964250220,-9.89835,-0.685987,1.00682,0.500461,0.017878,-0.436324,0.824771,0.338535,-0.342705
01324181,1523964250220,-9.54901,-0.397311,3.05738,-0.18831,0.287869,-0.18772,0.828712,0.405637,-0.128766
01324180,1523964250220,-9.2612,-3.17278,1.25617,0.492472,0.159895,-0.692052,0.678763,0.460259,-0.404871
01324189,1523964250237,-10.325,-1.75524,1.93381,-1.12749,0.369802,-0.33861,0.741299,-0.297148,-0.426448
01324188,1523964250237,-10.0022,0.125358,-1.80169,0.463576,-0.0104776,-0.690723,0.745381,-0.512814,0.0341562
01324185,1523964250237,-9.71987,-0.614969,0.896544,0.492816,-0.0257743,-0.408862,0.824092,0.341498,-0.34247
01324181,1523964250237,-9.48818,-0.372214,2.91481,-0.209646,0.225778,-0.195106,0.827938,0.409211,-0.122856
01324180,1523964250237,-9.20587,-2.94945,1.19993,0.480221,0.183302,-0.723572,0.677426,0.463522,-0.413293
01324189,1523964250253,-10.1623,-2.04341,2.17163,-0.852539,0.363505,-0.327039,0.745725,-0.286913,-0.426284
01324188,1523964250253,-9.86785,1.12934,-2.70468,0.808906,-0.00222801,-0.633397,0.750057,-0.502451,0.0412045
01324185,1523964250253,-9.7054,-0.492434,0.715114,0.442207,-0.0445308,-0.398485,0.821371,0.343534,-0.346529
01324181,1523964250253,-9.37436,-0.307725,2.83702,-0.211623,0.176764,-0.166257,0.827601,0.411453,-0.11865
01324180,1523964250253,-9.22008,-2.93899,1.10801,0.466157,0.188613,-0.727134,0.672412,0.468836,-0.414598
01324189,1523964250270,-9.93503,-1.68065,1.96461,-0.458216,0.405933,-0.328513,0.75014,-0.278391,-0.42386
01324188,1523964250270,-9.87937,1.92375,-3.20996,0.602803,0.00358856,-0.654233,0.75503,-0.495735,0.0451952
01324185,1523964250270,-9.69582,-0.408372,0.556126,0.364421,-0.0806299,-0.386265,0.818379,0.346279,-0.350333
01324181,1523964250270,-9.42669,-0.235687,2.98986,-0.195693,0.178741,-0.157665,0.826476,0.412688,-0.115211
01324180,1523964250270,-9.23949,-2.91945,1.06442,0.432907,0.184043,-0.722971,0.668337,0.474135,-0.416188
01324189,1523964250287,-9.9262,-1.09669,1.65917,-0.063357,0.403475,-0.354741,0.755785,-0.270479,-0.421722
01324188,1523964250287,-9.72323,2.29666,-3.5226,0.173383,-0.020469,-0.71406,0.763358,-0.483274,0.0496377
01324185,1523964250287,-9.70576,-0.40845,0.403693,0.28248,-0.0974715,-0.389465,0.816608,0.349887,-0.353235
01324181,1523964250287,-9.45195,-0.129248,3.00215,-0.19756,0.155943,-0.14752,0.826706,0.414024,-0.112851
01324180,1523964250287,-9.31126,-2.93592,0.942791,0.381797,0.175193,-0.682025,0.662912,0.477387,-0.410642
01324189,1523964250303,-9.98977,-0.517763,1.36942,0.225642,0.353806,-0.376778,0.759545,-0.269979,-0.416947
01324188,1523964250303,-9.50732,1.85029,-3.24588,-0.232953,-0.0351507,-0.720497,0.767378,-0.475419,0.0483291
01324185,1523964250303,-9.75436,-0.470834,0.309361,0.181651,-0.0983946,-0.402943,0.813072,0.354033,-0.357443
01324181,1523964250303,-9.41036,-0.0946832,2.87135,-0.18704,0.149405,-0.118321,0.82476,0.416415,-0.109428
01324180,1523964250303,-9.33944,-2.96666,0.850506,0.336532,0.137761,-0.657958,0.659244,0.482392,-0.412648
01324189,1523964250320,-9.89821,-0.297946,0.930435,0.423539,0.283452,-0.395556,0.762308,-0.267138,-0.409067
01324188,1523964250320,-9.42838,0.956305,-3.01939,-0.22836,-0.0589142,-0.699449,0.772491,-0.468522,0.0453322
01324185,1523964250320,-9.73542,-0.552871,0.246308,0.124575,-0.103309,-0.42156,0.810895,0.357505,-0.360081
01324181,1523964250320,-9.33878,-0.0889451,2.8234,-0.174572,0.167124,-0.116503,0.827365,0.421157,-0.106765
01324180,1523964250320,-9.25621,-3.00323,0.747193,0.315105,0.109936,-0.584468,0.654902,0.486667,-0.411824
01324189,1523964250337,-9.75464,-0.149125,0.371226,0.476853,0.274976,-0.425607,0.765774,-0.2649,-0.403072
01324188,1523964250337,-9.38191,0.434826,-2.94764,0.0325949,-0.0743718,-0.674801,0.77596,-0.45937,0.0445153
01324185,1523964250337,-9.65857,-0.644875,0.209996,0.0791844,-0.0796887,-0.394462,0.807365,0.363117,-0.361299
01324181,1523964250337,-9.40185,-0.0508647,2.8126,-0.155109,0.192324,-0.0947876,0.826119,0.421253,-0.103168
01324180,1523964250337,-9.15486,-2.95283,0.659036,0.295782,0.0737774,-0.532105,0.650462,0.48893,-0.413604
01324189,1523964250354,-9.84162,0.112977,0.166269,0.468014,0.300956,-0.423897,0.770867,-0.262989,-0.39643
01324188,1523964250354,-9.53544,0.777205,-2.86532,0.346799,-0.0717951,-0.624867,0.78323,-0.450755,0.0444246
01324185,1523964250354,-9.52865,-0.742018,0.18117,0.0565821,-0.0721532,-0.368999,0.805596,0.367031,-0.362898
01324181,1523964250354,-9.44999,-0.0174996,2.8503,-0.137484,0.180442,-0.0699427,0.826217,0.421614,-0.0997239
01324180,1523964250354,-8.99513,-2.92587,0.568903,0.246454,0.0442362,-0.465839,0.649233,0.49157,-0.415153
01324189,1523964250370,-10.026,0.243323,0.203439,0.362282,0.328036,-0.396726,0.776494,-0.259653,-0.389515
01324188,1523964250370,-9.61267,0.793587,-3.10071,0.463734,-0.0883309,-0.602131,0.787782,-0.441393,0.0449528
01324185,1523964250370,-9.48318,-0.824221,0.116983,0.0578704,-0.0709853,-0.3401,0.804507,0.370253,-0.363839
01324181,1523964250370,-9.547,0.0105108,2.79601,-0.119794,0.163076,-0.0546151,0.825899,0.424229,-0.0980487
01324180,1523964250370,-8.90797,-2.90725,0.502185,0.219862,0.0165262,-0.399401,0.648028,0.49277,-0.418352
01324189,1523964250387,-9.9312,0.177165,0.364931,0.289761,0.332285,-0.365896,0.780499,-0.257141,-0.383256
01324188,1523964250387,-9.507,0.584621,-3.27291,0.407962,-0.108227,-0.591201,0.792062,-0.432318,0.0485615
01324185,1523964250387,-9.57284,-0.939272,0.0734777,0.0561069,-0.0538549,-0.301065,0.800033,0.373761,-0.364642
01324181,1523964250387,-9.53108,-0.0815218,2.83168,-0.0879695,0.13182,-0.0256751,0.827749,0.424836,-0.0952918
01324180,1523964250387,-8.94576,-2.93796,0.395306,0.198462,-0.0184377,-0.318899,0.643191,0.494899,-0.420669
01324189,1523964250404,-9.6612,-0.145525,0.46962,0.175111,0.323063,-0.369863,0.782621,-0.253729,-0.379777
01324188,1523964250404,-9.44079,0.180691,-3.12537,0.236172,-0.128743,-0.606741,0.795127,-0.423689,0.0497354
01324185,1523964250404,-9.63098,-1.00155,0.0305067,0.0566596,-0.0738012,-0.268606,0.79948,0.379214,-0.366782
01324181,1523964250404,-9.49461,-0.105362,2.84445,-0.0755696,0.0929798,-0.0226099,0.826516,0.424486,-0.0924828
01324180,1523964250404,-8.94492,-2.97334,0.31778,0.186516,-0.0447231,-0.233011,0.640338,0.49799,-0.42016
01324189,1523964250420,-9.41638,-0.566104,0.464924,0.0690819,0.344817,-0.373855,0.786098,-0.25035,-0.375645
01324188,1523964250420,-9.32547,-0.0132654,-3.03306,0.104593,-0.13097,-0.588172,0.800379,-0.417634,0.0491062
01324185,1523964250420,-9.64572,-1.08333,0.0149941,0.0832476,-0.0516001,-0.224549,0.797982,0.381559,-0.369412
01324181,1523964250420,-9.40117,-0.118772,2.79459,-0.0738098,0.0912874,-0.0174811,0.827837,0.425635,-0.0914581
01324180,1523964250420,-8.92937,-3.02304,0.24032,0.18354,-0.0705566,-0.16817,0.639809,0.498597,-0.423111
01324189,1523964250437,-9.43673,-0.821786,0.620402,0.0307906,0.348681,-0.383754,0.791717,-0.245577,-0.368852
01324188,1523964250437,-9.26649,0.26091,-2.96381,-0.0139714,-0.137687,-0.581977,0.804671,-0.409935,0.047919
01324185,1523964250437,-9.62154,-1.08346,0.0455029,0.10547,-0.0392295,-0.199145,0.797574,0.383113,-0.369164
01324181,1523964250437,-9.41053,-0.0849767,2.86633,-0.066664,0.0734261,-0.0280026,0.828205,0.4271,-0.0896333
01324180,1523964250437,-8.9383,-3.06126,0.191686,0.159807,-0.0742811,-0.0734063,0.637402,0.499086,-0.425092
01324189,1523964250454,-9.44212,-0.88046,0.557059,0.0256742,0.350463,-0.376666,0.796968,-0.241961,-0.36554
01324188,1523964250454,-9.30273,0.279331,-2.8193,-0.115021,-0.140606,-0.564123,0.809234,-0.401792,0.0433921
01324185,1523964250454,-9.60706,-1.09316,0.0619675,0.142142,-0.00929722,-0.165362,0.797299,0.382651,-0.371248
01324181,1523964250454,-9.45264,-0.129196,2.9297,-0.0186553,0.0398452,-0.031016,0.827955,0.425948,-0.0901379
01324180,1523964250454,-8.92555,-3.09445,0.148125,0.133071,-0.102278,0.0070987,0.639033,0.499232,-0.430109
01324189,1523964250470,-9.71037,-0.885034,0.42966,-0.0191937,0.311298,-0.358036,0.800016,-0.235407,-0.361244
01324188,1523964250470,-9.41049,-0.0930218,-2.61293,-0.0433164,-0.138396,-0.53618,0.812165,-0.393016,0.0414819
01324185,1523964250470,-9.66009,-1.06396,0.0396735,0.188776,0.0346973,-0.124863,0.795942,0.383481,-0.372036
01324181,1523964250470,-9.44347,-0.112085,2.90528,0.00980896,0.0310183,-0.03205,0.82727,0.427095,-0.0904203
01324180,1523964250470,-8.94659,-3.13284,0.101788,0.0816706,-0.109953,0.0752884,0.639876,0.496619,-0.431929
01324189,1523964250487,-9.94166,-0.941254,0.491435,0.0352789,0.245238,-0.329254,0.801304,-0.230388,-0.356807
01324188,1523964250487,-9.37959,-0.229135,-2.47235,0.145161,-0.124021,-0.51968,0.817003,-0.385913,0.0403852
01324185,1523964250487,-9.70602,-1.07334,-0.00193787,0.207785,0.0559743,-0.0926921,0.795943,0.38207,-0.372153
01324181,1523964250487,-9.44388,-0.119325,2.85229,0.0454651,0.0281821,-0.044255,0.82793,0.42795,-0.0901794
01324180,1523964250487,-8.96238,-3.20506,0.0649846,0.0617602,-0.122958,0.152422,0.638725,0.494795,-0.438565
01324189,1523964250504,-9.87351,-1.02698,0.643547,0.11236,0.159888,-0.304858,0.803301,-0.226692,-0.354661
01324188,1523964250504,-9.37385,0.00398189,-2.71276,0.221879,-0.118379,-0.507591,0.818857,-0.378804,0.0402681
01324185,1523964250504,-9.73737,-1.03467,-0.0543734,0.190556,0.0650374,-0.0842202,0.795393,0.383854,-0.374649
01324181,1523964250504,-9.54288,-0.105915,2.82242,0.0935435,0.0343223,-0.0512278,0.827392,0.428094,-0.0904424
01324180,1523964250504,-9.00799,-3.2247,0.0450967,0.0365225,-0.123535,0.220837,0.640912,0.491721,-0.44001
01324189,1523964250520,-9.76369,-0.950924,0.398665,0.230104,0.124034,-0.337295,0.807064,-0.224904,-0.350946
01324188,1523964250520,-9.56585,-0.284297,-2.764,0.160865,-0.0986351,-0.48834,0.821265,-0.373472,0.0405713
01324185,1523964250520,-9.7518,-0.996096,-0.0929738,0.143887,0.0817359,-0.0451522,0.796204,0.382569,-0.375554
01324181,1523964250520,-9.62293,-0.0777156,2.78272,0.136181,0.0221661,-0.042834,0.828494,0.427466,-0.0923
01324180,1523964250520,-9.02946,-3.25412,0.0640603,0.00942144,-0.106359,0.277048,0.641913,0.487957,-0.443611
01324189,1523964250537,-9.71644,-0.793573,0.0502582,0.240604,0.0979832,-0.328343,0.809749,-0.22295,-0.348554
01324188,1523964250537,-9.44224,-0.206648,-2.90044,0.184405,-0.102383,-0.482892,0.826379,-0.366974,0.039837
01324185,1523964250537,-9.71798,-0.967425,-0.104422,0.125284,0.0787724,-0.00770074,0.79702,0.382875,-0.374254
01324181,1523964250537,-9.46587,-0.061183,2.63851,0.164636,0.00276775,-0.0396886,0.828738,0.429881,-0.0928842
01324180,1523964250537,-8.99795,-3.26356,0.0788171,0.0107921,-0.112502,0.320962,0.643791,0.485867,-0.439089
01324189,1523964250554,-9.68481,-0.750929,-0.0888582,0.159599,0.0780643,-0.341024,0.812294,-0.21884,-0.346946
01324188,1523964250554,-9.53014,-0.434211,-2.72201,0.0390717,-0.104979,-0.423741,0.827412,-0.358898,0.0411363
01324185,1523964250554,-9.59733,-0.963343,-0.0853655,0.0979015,0.0628916,0.0502352,0.79892,0.380065,-0.373841
01324181,1523964250554,-9.3461,-0.0161106,2.65532,0.203595,-0.0170296,-0.0124385,0.828751,0.429435,-0.0936718
01324180,1523964250554,-8.84804,-3.25942,0.0827203,0.0241963,-0.0956095,0.35454,0.647455,0.482917,-0.441362
01324189,1523964250570,-9.9513,-0.905035,0.175241,0.157105,0.0263924,-0.347987,0.813209,-0.215262,-0.345324
01324188,1523964250570,-9.68625,-0.810911,-2.55854,0.0844753,-0.0852279,-0.416147,0.831039,-0.352974,0.0376935
01324185,1523964250570,-9.41389,-0.957206,-0.0253438,0.091475,0.0503015,0.104711,0.799739,0.378415,-0.371738
01324181,1523964250570,-9.30321,0.061979,2.7193,0.232018,-0.0248874,-0.00916895,0.829331,0.427941,-0.0961699
01324180,1523964250570,-8.65531,-3.21165,0.116283,0.0485608,-0.0850315,0.354736,0.650166,0.479084,-0.438508
01324189,1523964250587,-9.95735,-1.11458,0.335481,0.145369,-0.056308,-0.337204,0.813306,-0.211662,-0.343558
01324188,1523964250587,-9.29255,-0.24255,-2.67025,0.0390881,-0.0753837,-0.409226,0.833713,-0.346915,0.0379042
01324185,1523964250587,-9.23529,-0.936625,0.000767905,0.0840259,0.0255643,0.176276,0.800689,0.377006,-0.371728
01324181,1523964250587,-9.2719,0.270969,2.74931,0.228266,-0.0686639,0.0145646,0.830703,0.427864,-0.0988387
01324180,1523964250587,-8.49569,-3.20732,0.113032,0.07764,-0.0430143,0.362213,0.652636,0.474111,-0.438374
01324189,1523964250604,-9.65222,-1.66037,0.0910409,0.109308,-0.111256,-0.321286,0.815883,-0.208142,-0.344897
01324188,1523964250604,-9.2674,-0.638814,-2.56337,-0.0496939,-0.0551561,-0.368885,0.835175,-0.341914,0.0363147
01324185,1523964250604,-9.14835,-0.893831,-0.00339427,0.136537,0.0139703,0.21114,0.801635,0.372305,-0.374429
01324181,1523964250604,-9.24952,0.479793,2.85171,0.222708,-0.130122,0.0381538,0.829923,0.427533,-0.101347
01324180,1523964250604,-8.44239,-3.2065,0.094222,0.100189,-0.0289106,0.362443,0.654045,0.469317,-0.440651
01324189,1523964250620,-9.54188,-1.95932,0.220103,0.09063,-0.147297,-0.303528,0.815345,-0.204404,-0.347802
01324188,1523964250620,-9.21837,-1.1215,-2.52327,-0.0304534,-0.0435483,-0.357984,0.837593,-0.338116,0.0351762
01324185,1523964250620,-9.11928,-0.77854,-0.107731,0.175299,-0.0057317,0.213767,0.804884,0.368041,-0.376358
01324181,1523964250620,-9.10728,0.699755,2.93534,0.199292,-0.161236,0.0792699,0.829695,0.428831,-0.107481
01324180,1523964250620,-8.49485,-3.25765,0.0789278,0.13689,-0.0180643,0.353079,0.656845,0.461621,-0.446518
01324189,1523964250637,-9.49334,-2.14118,0.481814,0.135792,-0.180561,-0.318421,0.816135,-0.198965,-0.348437
01324188,1523964250637,-9.22434,-1.39758,-1.99849,0.0735558,-0.00328734,-0.324969,0.839184,-0.332323,0.0352493
01324185,1523964250637,-9.1335,-0.629261,-0.200859,0.204923,-0.0166201,0.208702,0.806645,0.363358,-0.378147
01324181,1523964250637,-9.01339,0.902206,2.96588,0.149309,-0.176766,0.104243,0.831098,0.426737,-0.110772
01324180,1523964250637,-8.60535,-3.297,0.0244621,0.166513,-0.00915311,0.352465,0.662018,0.455894,-0.449409
01324189,1523964250654,-9.53039,-2.23279,0.560045,0.213721,-0.228004,-0.349158,0.815597,-0.196374,-0.350683
01324188,1523964250654,-9.4935,-1.64784,-2.27569,0.217555,0.0223778,-0.275939,0.841598,-0.328064,0.0366964
01324185,1523964250654,-9.22495,-0.465092,-0.334508,0.258132,-0.00859995,0.179694,0.807456,0.360652,-0.379691
01324181,1523964250654,-9.15338,1.01693,3.05697,0.131242,-0.195459,0.144671,0.832637,0.425055,-0.114737
01324180,1523964250654,-8.86128,-3.30644,-0.0530108,0.202918,0.00118764,0.370406,0.663824,0.451822,-0.452488
01324189,1523964250670,-9.5909,-2.35592,0.341602,0.237673,-0.25593,-0.379223,0.816702,-0.193114,-0.354414
01324188,1523964250670,-9.33484,-1.24158,-2.5309,0.31534,0.0203981,-0.234566,0.842932,-0.324633,0.037567
01324185,1523964250670,-9.46099,-0.251878,-0.47703,0.282078,0.0258549,0.125067,0.809079,0.356945,-0.382012
01324181,1523964250670,-9.12687,1.14104,2.97506,0.0866454,-0.184467,0.16902,0.833222,0.422719,-0.116553
01324180,1523964250670,-9.1129,-3.27971,-0.120576,0.180622,-0.0240496,0.359602,0.668426,0.448267,-0.453302
01324189,1523964250687,-9.64438,-2.31249,0.347381,0.301811,-0.29286,-0.396698,0.816021,-0.190086,-0.356254
01324188,1523964250687,-9.29016,-0.913971,-2.51016,0.273562,0.0446952,-0.202728,0.843175,-0.320357,0.039446
01324185,1523964250687,-9.64879,-0.079838,-0.558109,0.242781,0.0666155,0.112131,0.811795,0.352172,-0.38106
01324181,1523964250687,-9.16973,1.10172,2.96588,0.063336,-0.144873,0.207377,0.834117,0.418619,-0.120328
01324180,1523964250687,-9.31688,-3.20434,-0.17049,0.168614,-0.0442804,0.362965,0.670911,0.442872,-0.455202
01324189,1523964250704,-9.76213,-2.08746,0.678289,0.360917,-0.376282,-0.410535,0.815081,-0.185194,-0.360483
01324188,1523964250704,-9.13111,-1.03698,-2.24074,0.229966,0.0963118,-0.195355,0.842887,-0.317998,0.0420192
01324185,1523964250704,-9.75945,0.0364005,-0.57883,0.175886,0.0791766,0.0713251,0.810985,0.350063,-0.380907
01324181,1523964250704,-9.16318,0.893232,2.87332,0.0419805,-0.105778,0.219873,0.835798,0.415389,-0.123067
01324180,1523964250704,-9.44053,-2.98561,-0.218833,0.0940046,-0.0810646,0.350009,0.674999,0.436265,-0.453234
01324189,1523964250720,-9.88142,-1.73906,1.29186,0.487927,-0.483674,-0.42232,0.813488,-0.184312,-0.365138
01324188,1523964250720,-9.16376,-0.708457,-2.31085,0.264794,0.115434,-0.193151,0.843961,-0.316482,0.0434462
01324185,1523964250720,-9.7641,0.0389177,-0.491309,0.0719328,0.111831,0.0669789,0.81234,0.347371,-0.381669
01324181,1523964250720,-9.11503,0.86956,2.84993,-0.000760544,-0.109223,0.228589,0.837744,0.41161,-0.124602
01324180,1523964250720,-9.42842,-2.81182,-0.203259,-0.000138439,-0.0842972,0.31954,0.674513,0.4331,-0.455721
01324189,1523964250737,-9.92028,-1.42101,1.08875,0.460222,-0.618927,-0.427491,0.812976,-0.180015,-0.371115
01324188,1523964250737,-9.25027,-0.589932,-2.66743,0.203699,0.136654,-0.169452,0.84583,-0.312214,0.0479956
01324185,1523964250737,-9.62379,0.0382444,-0.274084,-0.0365947,0.137647,0.0788075,0.813424,0.348513,-0.3809
01324181,1523964250737,-9.03907,0.977172,2.89183,-0.0773408,-0.101998,0.242656,0.839392,0.409982,-0.126046
01324180,1523964250737,-9.16455,-2.66444,-0.14912,-0.123456,-0.0666351,0.28897,0.678416,0.430258,-0.452459
01324189,1523964250754,-9.85123,-0.978228,0.363411,0.307368,-0.7003,-0.413665,0.809212,-0.176355,-0.377996
01324188,1523964250754,-9.2419,-1.00057,-3.2606,0.172109,0.116621,-0.187565,0.847182,-0.311769,0.0504286
01324185,1523964250754,-9.48357,-0.0129668,-0.0320717,-0.103685,0.159755,0.112727,0.817088,0.348139,-0.378297
01324181,1523964250754,-9.02598,1.0766,3.13633,-0.129042,-0.130213,0.24946,0.841621,0.404501,-0.126752
01324180,1523964250754,-8.94318,-2.60975,-0.0524008,-0.245194,-0.0241093,0.241867,0.678415,0.429962,-0.451385
01324189,1523964250770,-9.6825,-0.523761,-0.163809,0.20665,-0.614729,-0.376893,0.805878,-0.172573,-0.387154
01324188,1523964250770,-9.28026,-0.959826,-3.90082,0.0970875,0.0448246,-0.181784,0.84688,-0.307011,0.0515372
01324185,1523964250770,-9.43059,-0.131149,0.102751,-0.101751,0.151345,0.156141,0.819672,0.347513,-0.37412
01324181,1523964250770,-8.98091,1.20562,3.24524,-0.186093,-0.216876,0.253175,0.843836,0.401552,-0.12937
01324180,1523964250770,-8.92093,-2.6631,-0.00413952,-0.311599,0.00103857,0.198527,0.680816,0.430199,-0.449795
01324189,1523964250787,-9.65617,-0.527819,-0.689968,0.0244665,-0.464376,-0.321825,0.803364,-0.171683,-0.395007
01324188,1523964250787,-9.49855,-1.15904,-3.91656,-0.0508443,-0.0478065,-0.145782,0.848494,-0.305005,0.0516424
01324185,1523964250787,-9.55624,-0.2507,0.157887,-0.0678039,0.142291,0.167248,0.819681,0.344033,-0.371997
01324181,1523964250787,-8.89341,1.28412,3.45198,-0.214676,-0.271628,0.258796,0.844462,0.396068,-0.131254
01324180,1523964250787,-9.06221,-2.7859,0.03731,-0.334596,0.061708,0.140785,0.680821,0.430059,-0.450608
01324189,1523964250804,-10.1659,-0.802438,-0.21559,-0.0878941,-0.315345,-0.266399,0.803092,-0.165655,-0.3987
01324188,1523964250804,-9.71519,-0.88889,-3.81624,-0.0610948,-0.128238,-0.136157,0.849296,-0.302689,0.0485476
01324185,1523964250804,-9.74437,-0.206251,0.0926932,-0.0375671,0.124047,0.135055,0.821583,0.343795,-0.36965
01324181,1523964250804,-9.05621,1.30153,3.54237,-0.239662,-0.259017,0.271092,0.844244,0.393454,-0.133189
01324180,1523964250804,-9.33104,-2.94357,0.038653,-0.322453,0.0939844,0.107702,0.68479,0.433307,-0.448035
01324189,1523964250820,-10.3783,-1.08938,0.378407,-0.146299,-0.242899,-0.220477,0.801615,-0.16319,-0.402274
01324188,1523964250820,-9.5576,-0.741961,-3.53002,-0.0782275,-0.20242,-0.115833,0.849702,-0.302109,0.0453493
01324185,1523964250820,-10.1565,0.012877,-0.0472055,-0.0117733,0.134018,0.102733,0.823479,0.344642,-0.369534
01324181,1523964250820,-9.38046,1.27566,3.78712,-0.275276,-0.218234,0.275094,0.847233,0.392513,-0.13506
01324180,1523964250820,-9.79363,-3.07422,0.00925052,-0.263085,0.119198,0.0872262,0.685968,0.433105,-0.44198
01324189,1523964250837,-9.99966,-1.223,1.0466,-0.127277,-0.221454,-0.176093,0.802171,-0.15977,-0.405596
01324188,1523964250837,-9.75358,-0.740432,-2.95093,-0.00817655,-0.267254,-0.117874,0.851735,-0.301739,0.0429249
01324185,1523964250837,-10.6892,0.256757,-0.269541,-0.0445479,0.137384,0.0586385,0.82525,0.343303,-0.36587
01324181,1523964250837,-9.57762,1.30484,3.81911,-0.297607,-0.184265,0.294469,0.850099,0.389882,-0.135832
01324180,1523964250837,-10.3681,-3.15297,-0.030627,-0.215886,0.13734,0.0684203,0.687818,0.434216,-0.439284
01324189,1523964250854,-9.8412,-1.48036,1.50607,-0.151806,-0.232347,-0.142414,0.800833,-0.156593,-0.409835
01324188,1523964250854,-9.77373,-0.949199,-2.7371,0.0355158,-0.271592,-0.115852,0.851443,-0.298098,0.0399266
01324185,1523964250854,-11.0269,0.398337,-0.450652,-0.144897,0.166985,0.0169602,0.826476,0.343639,-0.363004
01324181,1523964250854,-9.59835,1.3435,3.71198,-0.367917,-0.104365,0.316933,0.851346,0.387006,-0.135785
01324180,1523964250854,-10.7123,-3.10633,-0.0288972,-0.204872,0.105967,0.0630841,0.688595,0.435051,-0.435903
01324189,1523964250870,-9.51553,-1.75554,1.46155,-0.231275,-0.231562,-0.112534,0.798973,-0.155132,-0.415284
01324188,1523964250870,-9.55185,-1.09498,-2.69419,0.0371747,-0.256833,-0.133342,0.852784,-0.294914,0.0336499
01324185,1523964250870,-11.0895,0.497341,-0.560601,-0.305912,0.192116,-0.00427185,0.830545,0.345669,-0.359903
01324181,1523964250870,-9.59701,1.42137,3.44968,-0.421396,-0.0294807,0.354802,0.853969,0.381265,-0.135028
01324180,1523964250870,-10.787,-2.96539,0.0291517,-0.234467,0.098919,0.0593824,0.690704,0.437323,-0.434268
01324189,1523964250887,-9.42476,-2.12542,1.21103,-0.300971,-0.230913,-0.127001,0.799259,-0.15314,-0.417946
01324188,1523964250887,-9.46555,-1.29151,-2.56312,-0.0394024,-0.265385,-0.107391,0.853462,-0.294508,0.0309755
01324185,1523964250887,-10.9157,0.51797,-0.514874,-0.463475,0.229052,0.0126354,0.830691,0.347167,-0.355216
01324181,1523964250887,-9.73724,1.39555,3.32853,-0.485301,0.051655,0.347127,0.854131,0.376339,-0.131342
01324180,1523964250887,-10.616,-2.76155,0.118948,-0.314343,0.087165,0.017487,0.691349,0.438605,-0.432361
01324189,1523964250904,-9.46382,-2.42857,0.889604,-0.295935,-0.227563,-0.139422,0.798318,-0.148678,-0.421911
01324188,1523964250904,-9.50499,-1.5146,-2.70759,-0.0584903,-0.289095,-0.0874231,0.855628,-0.293465,0.026573
01324185,1523964250904,-10.7276,0.430215,-0.415263,-0.613673,0.230744,0.0365626,0.832332,0.348562,-0.348574
01324181,1523964250904,-9.89262,1.32821,3.32882,-0.513804,0.0765991,0.357824,0.857632,0.373786,-0.128138
01324180,1523964250904,-10.3353,-2.60923,0.180529,-0.431165,0.0785357,-0.0123496,0.691684,0.44234,-0.427835
01324189,1523964250920,-9.5976,-2.51721,0.477626,-0.225188,-0.140306,-0.157095,0.796701,-0.145203,-0.425609
01324188,1523964250920,-9.54454,-1.78891,-3.11632,-0.0600403,-0.335127,-0.0392534,0.855496,-0.29357,0.0226658
01324185,1523964250920,-10.6268,0.215382,-0.330022,-0.759789,0.220169,0.0724921,0.833698,0.35263,-0.342088
01324181,1523964250920,-9.91342,1.1946,3.23948,-0.531693,0.0734129,0.37856,0.861414,0.369395,-0.123836
01324180,1523964250920,-10.1307,-2.55435,0.240833,-0.569259,0.0927426,-0.0483216,0.69349,0.446632,-0.42386
01324189,1523964250937,-9.87296,-2.50847,0.199455,-0.209403,-0.0420012,-0.12697,0.796703,-0.14205,-0.427723
01324188,1523964250937,-9.56374,-1.76567,-3.32816,-0.0266642,-0.39967,-0.00079263,0.855769,-0.292925,0.0150327
01324185,1523964250937,-10.6298,-0.018109,-0.291097,-0.906942,0.16796,0.0849002,0.83588,0.355862,-0.335073
01324181,1523964250937,-9.98884,1.02636,3.1746,-0.542243,0.0677431,0.35962,0.864908,0.366717,-0.119832
01324180,1523964250937,-10.0765,-2.64595,0.289196,-0.67428,0.113944,-0.0770047,0.694997,0.452511,-0.417688
01324189,1523964250954,-9.93623,-2.48215,0.190737,-0.216246,0.038386,-0.105808,0.798181,-0.13778,-0.428508
01324188,1523964250954,-9.67926,-1.61158,-3.2348,-0.0106666,-0.481019,0.0267213,0.856186,-0.29386,0.00999018
01324185,1523964250954,-10.6908,-0.296997,-0.266205,-1.0164,0.120835,0.114257,0.839014,0.359698,-0.325978
01324181,1523964250954,-10.1643,0.861705,3.21286,-0.545835,0.0421523,0.361198,0.866269,0.361109,-0.113886
01324180,1523964250954,-10.1137,-2.76749,0.326834,-0.75137,0.129713,-0.0914697,0.694371,0.45697,-0.410162
01324189,1523964250970,-9.78392,-2.42441,0.363826,-0.191523,0.0908156,-0.0720896,0.800467,-0.134673,-0.427708
01324188,1523964250970,-9.61158,-1.58554,-2.85292,-0.00326063,-0.532377,0.0775439,0.855784,-0.293777,0.00219573
01324185,1523964250970,-10.8413,-0.575422,-0.341822,-1.11413,0.0849126,0.129942,0.839577,0.364113,-0.316097
01324181,1523964250970,-10.1144,0.682803,3.16589,-0.490579,-0.017498,0.336379,0.868448,0.356854,-0.110899
01324180,1523964250970,-10.2371,-2.95741,0.343922,-0.771033,0.148671,-0.0791724,0.695323,0.464158,-0.403145
01324189,1523964250987,-9.62667,-2.38118,0.536805,-0.145404,0.145579,-0.061404,0.799777,-0.134077,-0.427026
01324188,1523964250987,-9.58792,-1.7171,-2.66901,0.0904116,-0.579793,0.123691,0.855936,-0.295636,-0.00478507
01324185,1523964250987,-10.9001,-0.849602,-0.41898,-1.18418,0.063126,0.175252,0.841622,0.366767,-0.30986
01324181,1523964250987,-9.849,0.550138,3.09527,-0.44775,-0.0222722,0.317187,0.869431,0.352998,-0.110032
01324180,1523964250987,-10.2249,-3.15068,0.371981,-0.759132,0.14802,-0.0457447,0.695876,0.470475,-0.394654
01324189,1523964251004,-9.49879,-2.21667,0.742159,-0.0858527,0.178671,-0.0248634,0.803288,-0.132723,-0.425184
01324188,1523964251004,-9.50456,-1.37851,-2.5139,0.168216,-0.623822,0.1379,0.855689,-0.298605,-0.0127722
01324185,1523964251004,-10.843,-1.11242,-0.442985,-1.21672,0.0173416,0.234255,0.843264,0.368602,-0.302308
01324181,1523964251004,-9.60735,0.455944,3.10586,-0.413704,-0.00440082,0.27926,0.871041,0.351181,-0.107089
01324180,1523964251004,-10.0295,-3.29832,0.397246,-0.696572,0.140136,0.00726403,0.697948,0.474614,-0.390011
01324189,1523964251020,-9.56287,-2.13709,1.0354,-0.0326231,0.199774,-0.00960527,0.804915,-0.134483,-0.423612
01324188,1523964251020,-9.59742,-0.953624,-2.19214,0.130057,-0.654411,0.156742,0.854631,-0.301788,-0.0221082
01324185,1523964251020,-10.5399,-1.40082,-0.443288,-1.19308,-0.0201719,0.290538,0.845717,0.373539,-0.294528
01324181,1523964251020,-9.33663,0.427505,3.22889,-0.329811,-0.0123605,0.227146,0.872417,0.347343,-0.105164
01324180,1523964251020,-9.71913,-3.37241,0.443373,-0.606209,0.139138,0.0710388,0.698918,0.480354,-0.383293
01324189,1523964251037,-9.57581,-2.16058,1.13534,-0.0272173,0.18421,-0.000669439,0.805427,-0.132473,-0.421462
01324188,1523964251037,-9.5369,-0.912192,-1.9403,0.0986647,-0.653741,0.142378,0.853299,-0.304481,-0.0324866
01324185,1523964251037,-10.0871,-1.62993,-0.411792,-1.0989,-0.0855995,0.35199,0.848441,0.372232,-0.289169
01324181,1523964251037,-9.07715,0.437851,3.23035,-0.281638,-0.00745106,0.204558,0.875396,0.345592,-0.104893
01324180,1523964251037,-9.23992,-3.39595,0.462424,-0.47551,0.131232,0.136753,0.701298,0.481743,-0.380194
01324189,1523964251054,-9.44371,-2.24926,1.18668,0.0648782,0.153869,-0.0101007,0.808393,-0.132251,-0.41882
01324188,1523964251054,-9.46489,-1.0372,-1.68463,0.0900575,-0.65763,0.149367,0.852781,-0.307275,-0.0409977
01324185,1523964251054,-9.55669,-1.75838,-0.355532,-0.94965,-0.120108,0.385949,0.850893,0.37206,-0.283429
01324181,1523964251054,-8.98127,0.472934,3.24961,-0.213824,0.000796639,0.168185,0.876763,0.343443,-0.104198
01324180,1523964251054,-8.82366,-3.41042,0.466408,-0.336501,0.151343,0.206249,0.706073,0.483361,-0.374155
01324189,1523964251070,-9.46353,-2.40983,1.42027,0.186313,0.152612,-0.0336703,0.810294,-0.134019,-0.417385
01324188,1523964251070,-9.46058,-1.16219,-1.39474,0.107593,-0.636426,0.160341,0.853055,-0.306756,-0.0490424
01324185,1523964251070,-9.2021,-1.74614,-0.353854,-0.737496,-0.151795,0.411353,0.854157,0.369747,-0.279108
01324181,1523964251070,-8.86124,0.488906,3.25491,-0.160422,-0.0560131,0.153699,0.876922,0.340468,-0.10281
01324180,1523964251070,-8.55717,-3.42622,0.430254,-0.180818,0.115693,0.263186,0.708101,0.483053,-0.377162
01324189,1523964251087,-9.35542,-2.42797,1.51839,0.325243,0.0570378,-0.0596991,0.810679,-0.134592,-0.41472
01324188,1523964251087,-9.43196,-1.25085,-1.14147,0.170478,-0.627109,0.167957,0.851864,-0.31053,-0.0581446
01324185,1523964251087,-8.94638,-1.69481,-0.404151,-0.517298,-0.166998,0.419654,0.855517,0.365679,-0.278159
01324181,1523964251087,-8.76059,0.52405,3.26937,-0.146033,-0.121261,0.115996,0.878547,0.339867,-0.10308
01324180,1523964251087,-8.38977,-3.45047,0.397919,-0.0325086,0.0982184,0.330773,0.711346,0.480384,-0.376723
01324189,1523964251104,-9.35692,-2.34127,1.4529,0.436404,-0.0244213,-0.0760569,0.810963,-0.136038,-0.415002
01324188,1523964251104,-9.45552,-1.08169,-1.18373,0.245383,-0.581749,0.168959,0.849719,-0.313613,-0.0661151
01324185,1523964251104,-8.86145,-1.44503,-0.504983,-0.349429,-0.169663,0.399052,0.856603,0.363851,-0.278015
01324181,1523964251104,-8.76471,0.523941,3.34179,-0.0962704,-0.180493,0.11274,0.879099,0.33955,-0.104141
01324180,1523964251104,-8.37802,-3.38892,0.296864,0.0593474,0.0508237,0.396091,0.714864,0.477128,-0.37576
01324189,1523964251120,-9.42532,-2.03907,1.71265,0.52137,-0.0960655,-0.100502,0.810439,-0.139475,-0.415023
01324188,1523964251120,-9.5412,-0.687362,-0.979673,0.255886,-0.544232,0.18446,0.847572,-0.316518,-0.0716524
01324185,1523964251120,-8.91403,-1.21125,-0.602191,-0.182056,-0.1749,0.387002,0.860262,0.357904,-0.279537
01324181,1523964251120,-8.74108,0.55576,3.34133,-0.0711965,-0.227125,0.0760454,0.879181,0.336585,-0.108861
01324180,1523964251120,-8.48611,-3.41833,0.218308,0.105509,0.0236171,0.451595,0.718964,0.468329,-0.370865
01324189,1523964251137,-9.5279,-1.91707,1.87514,0.57884,-0.212293,-0.111622,0.808848,-0.142894,-0.417172
01324188,1523964251137,-9.6861,-0.621355,-0.68554,0.156495,-0.509955,0.190323,0.845972,-0.320084,-0.0788525
01324185,1523964251137,-9.05824,-0.962454,-0.705335,-0.0700219,-0.14457,0.356096,0.8627,0.35393,-0.281074
01324181,1523964251137,-8.95189,0.545938,3.40296,-0.040929,-0.248462,0.0654756,0.87814,0.335686,-0.111355
01324180,1523964251137,-8.64732,-3.44318,0.105422,0.119043,-0.0258767,0.476859,0.723314,0.46421,-0.373577
01324189,1523964251154,-9.63682,-1.90291,1.88655,0.54749,-0.319,-0.13283,0.809561,-0.143789,-0.419995
01324188,1523964251154,-9.70168,-0.909279,-0.533599,0.12329,-0.442441,0.194382,0.847209,-0.322049,-0.0839696
01324185,1523964251154,-9.2653,-0.855197,-0.673311,0.0442572,-0.116158,0.315009,0.864327,0.349548,-0.281821
01324181,1523964251154,-9.40071,0.535733,3.45824,-0.0248365,-0.289489,0.0410492,0.880053,0.335592,-0.114427
01324180,1523964251154,-8.9374,-3.42631,0.0132594,0.079671,-0.056514,0.514268,0.727642,0.459477,-0.370494
01324189,1523964251170,-9.63121,-1.79681,1.81857,0.501801,-0.432542,-0.182528,0.808253,-0.145358,-0.424405
01324188,1523964251170,-9.72095,-0.900975,-0.677918,0.161519,-0.398631,0.189813,0.845733,-0.323969,-0.08905
01324185,1523964251170,-9.61714,-0.754284,-0.664139,0.102636,-0.0660013,0.282382,0.865952,0.345285,-0.283745
01324181,1523964251170,-9.45625,0.481783,3.35991,0.00910203,-0.359008,0.00932813,0.880397,0.334306,-0.120646
01324180,1523964251170,-9.3481,-3.44992,-0.0368002,0.0222563,-0.110008,0.55142,0.732004,0.453314,-0.370682
01324189,1523964251187,-9.55441,-1.59751,1.85683,0.44433,-0.514846,-0.200353,0.806399,-0.146911,-0.428675
01324188,1523964251187,-9.81607,-0.470382,-0.83029,0.130186,-0.384833,0.224241,0.844539,-0.327629,-0.0943772
01324185,1523964251187,-9.88222,-0.769352,-0.516761,0.190917,-0.00734488,0.248799,0.867844,0.34157,-0.286458
01324181,1523964251187,-9.29715,0.452118,3.36874,-0.00690001,-0.424697,-0.00156955,0.878285,0.334797,-0.125681
01324180,1523964251187,-9.58846,-3.55377,-0.0711364,-0.0404383,-0.129379,0.545641,0.734773,0.446756,-0.373015
01324189,1523964251204,-9.49559,-1.2934,1.7207,0.355365,-0.577787,-0.213755,0.800671,-0.147118,-0.43563
01324188,1523964251204,-9.84917,-0.269406,-0.935338,-0.0163445,-0.365167,0.24026,0.841192,-0.334075,-0.0985061
01324185,1523964251204,-10.0551,-0.700582,-0.214052,0.288206,0.0199696,0.261309,0.867712,0.335207,-0.287702
01324181,1523964251204,-9.24504,0.503484,3.60959,-0.0112919,-0.449833,-0.0224754,0.876076,0.334373,-0.133351
01324180,1523964251204,-9.52031,-3.57689,-0.0923497,-0.0696663,-0.13926,0.508442,0.738621,0.441658,-0.380195
01324189,1523964251220,-9.32992,-0.973886,1.59239,0.251014,-0.575029,-0.209706,0.798572,-0.146816,-0.443895
01324188,1523964251220,-9.75279,-0.385791,-1.24067,-0.0879151,-0.392897,0.234179,0.83999,-0.336334,-0.105764
01324185,1523964251220,-10.1459,-0.637099,0.131298,0.419986,0.0163754,0.298624,0.870285,0.330951,-0.289237
01324181,1523964251220,-9.21669,0.491536,3.79595,0.0128737,-0.461008,-0.0554054,0.876922,0.336216,-0.140039
01324180,1523964251220,-9.55781,-3.50547,-0.0391527,-0.112866,-0.111367,0.420476,0.739993,0.438733,-0.379734
01324189,1523964251237,-9.21693,-0.659131,1.50381,0.103604,-0.537235,-0.172982,0.79483,-0.147038,-0.450809
01324188,1523964251237,-9.72117,-0.334935,-1.28951,-0.15248,-0.423534,0.218359,0.837983,-0.339931,-0.112154
01324185,1523964251237,-10.1497,-0.468268,0.423313,0.517515,0.0124744,0.358069,0.874346,0.325824,-0.292075
01324181,1523964251237,-9.1202,0.427213,3.74709,0.04856,-0.470148,-0.072854,0.874945,0.337816,-0.146559
01324180,1523964251237,-9.50252,-3.49067,-0.00711259,-0.184164,-0.0495166,0.294732,0.744373,0.43362,-0.386112
01324189,1523964251254,-9.23393,-0.555779,1.71364,-0.0488975,-0.501041,-0.136241,0.793507,-0.143868,-0.456653
01324188,1523964251254,-9.81041,-0.276773,-1.28453,-0.18471,-0.446162,0.217875,0.837054,-0.342396,-0.118217
01324185,1523964251254,-10.1967,-0.154804,0.611356,0.567208,0.00633835,0.410785,0.878414,0.317342,-0.293574
01324181,1523964251254,-8.94405,0.368648,3.74209,0.0896305,-0.475913,-0.0989297,0.873405,0.337668,-0.154242
01324180,1523964251254,-9.53126,-3.54756,0.0913853,-0.254062,0.0602458,0.139443,0.747706,0.43354,-0.382516
01324189,1523964251270,-9.2692,-0.760679,1.8646,-0.229019,-0.431744,-0.0854322,0.790435,-0.141092,-0.46422
01324188,1523964251270,-9.75744,-0.315103,-1.00062,-0.204765,-0.460595,0.193689,0.836396,-0.344386,-0.128291
01324185,1523964251270,-10.1472,0.239814,0.682821,0.552136,-0.00122538,0.431242,0.878955,0.307688,-0.297532
01324181,1523964251270,-8.78615,0.183764,3.67178,0.121796,-0.444358,-0.114292,0.87103,0.340094,-0.162502
01324180,1523964251270,-9.47261,-3.62262,0.178552,-0.380601,0.123339,-0.0596334,0.74714,0.434542,-0.378842
01324189,1523964251287,-9.35338,-1.27945,2.18106,-0.345347,-0.392489,-0.0840913,0.786807,-0.136575,-0.471766
01324188,1523964251287,-9.79167,-0.412166,-0.893579,-0.183767,-0.489801,0.188198,0.831804,-0.346727,-0.135646
01324185,1523964251287,-10.0878,0.742665,0.699372,0.433769,-0.0358476,0.463888,0.88139,0.298873,-0.301765
01324181,1523964251287,-8.73325,0.27163,3.79118,0.152191,-0.407631,-0.139088,0.869176,0.343661,-0.170525
01324180,1523964251287,-9.38054,-3.66596,0.271053,-0.561228,0.209977,-0.30636,0.747153,0.440717,-0.369266
01324189,1523964251304,-9.25431,-1.83924,2.42164,-0.384894,-0.36269,-0.0629653,0.784551,-0.133964,-0.479209
01324188,1523964251304,-9.73357,-0.368479,-0.617673,-0.171547,-0.499181,0.168711,0.830873,-0.348631,-0.144365
01324185,1523964251304,-10.0195,1.07204,0.639679,0.195408,-0.0843858,0.486553,0.882744,0.290216,-0.305082
01324181,1523964251304,-8.93314,0.358971,3.86551,0.135362,-0.395498,-0.153541,0.867328,0.344994,-0.176111
01324180,1523964251304,-9.2893,-3.95391,0.207525,-0.790773,0.316569,-0.593758,0.744293,0.45231,-0.360485
01324189,1523964251320,-9.20359,-2.32138,2.70207,-0.351699,-0.354375,-0.0628692,0.783351,-0.132511,-0.482661
01324188,1523964251320,-9.8592,-0.333005,-0.450961,-0.155823,-0.495481,0.166182,0.82927,-0.351641,-0.150992
01324185,1523964251320,-9.96658,1.09808,0.515829,-0.0453715,-0.164989,0.472015,0.886132,0.284129,-0.306602
01324181,1523964251320,-9.10274,0.228433,3.80414,0.209141,-0.373899,-0.139741,0.86818,0.345574,-0.18171
01324180,1523964251320,-9.44293,-4.36992,0.111899,-1.04984,0.416351,-0.895432,0.74202,0.468056,-0.345012
01324189,1523964251337,-9.18924,-2.32628,2.68724,-0.242049,-0.326152,-0.0483421,0.781751,-0.128471,-0.488495
01324188,1523964251337,-9.87385,-0.385034,-0.589956,-0.0869497,-0.509003,0.162081,0.828199,-0.353024,-0.158332
01324185,1523964251337,-10.0296,1.02857,0.431895,-0.239874,-0.240864,0.448919,0.88857,0.278872,-0.30891
01324181,1523964251337,-8.93854,0.242425,3.90152,0.189492,-0.429598,-0.136755,0.865286,0.347131,-0.190743
01324180,1523964251337,-9.5745,-4.95112,-0.0907592,-1.30759,0.542416,-1.1952,0.735813,0.487784,-0.329401
01324189,1523964251354,-9.16282,-2.11367,2.59729,-0.118576,-0.287727,-0.0329053,0.779327,-0.126699,-0.492198
01324188,1523964251354,-9.77191,-0.265321,-0.522047,-0.086045,-0.529601,0.156561,0.825363,-0.354032,-0.166837
01324185,1523964251354,-10.1144,0.865417,0.476025,-0.420341,-0.286968,0.423922,0.889924,0.275182,-0.310316
01324181,1523964251354,-8.76192,0.394873,3.97218,0.166281,-0.393067,-0.119188,0.863981,0.348445,-0.196865
01324180,1523964251354,-9.50681,-5.5876,-0.323195,-1.49363,0.668651,-1.49106,0.729253,0.512708,-0.309091
01324189,1523964251370,-9.11386,-1.9916,2.6869,-0.0625798,-0.249421,7.388e-05,0.776096,-0.126058,-0.496168
01324188,1523964251370,-9.8202,-0.24175,-0.418401,-0.153162,-0.543488,0.153285,0.823884,-0.354998,-0.176702
01324185,1523964251370,-10.1128,0.605371,0.468923,-0.521394,-0.322999,0.424269,0.889785,0.271749,-0.313025
01324181,1523964251370,-8.62475,0.60268,4.01254,0.164534,-0.327603,-0.116949,0.861593,0.350345,-0.202989
01324180,1523964251370,-9.48424,-6.4535,-0.598418,-1.57095,0.792083,-1.80212,0.715375,0.54472,-0.288935
01324189,1523964251387,-8.96524,-1.96618,2.75774,-0.07764,-0.21211,0.0461253,0.774083,-0.125589,-0.499351
01324188,1523964251387,-9.6951,-0.400023,-0.261514,-0.176717,-0.521674,0.149845,0.821734,-0.357247,-0.183813
01324185,1523964251387,-10.1471,0.422599,0.467418,-0.554259,-0.354692,0.395604,0.890461,0.268193,-0.314822
01324181,1523964251387,-8.60246,0.714574,3.97673,0.144913,-0.272479,-0.0991898,0.858949,0.350415,-0.208009
01324180,1523964251387,-9.62038,-7.354,-0.974471,-1.49054,0.894939,-2.10526,0.701486,0.576425,-0.26595
01324189,1523964251404,-8.79291,-1.90447,2.80883,-0.129827,-0.175346,0.0494025,0.773858,-0.125894,-0.504032
01324188,1523964251404,-9.63281,-0.548323,-0.118666,-0.13836,-0.530191,0.13144,0.818767,-0.358959,-0.192764
01324185,1523964251404,-10.1182,0.376695,0.490918,-0.555025,-0.354864,0.377741,0.890727,0.266169,-0.317546
01324181,1523964251404,-8.58329,0.6833,3.92915,0.116396,-0.196048,-0.0760279,0.858305,0.351608,-0.212675
01324180,1523964251404,-9.62479,-8.32007,-1.39552,-1.34689,0.990393,-2.42129,0.683783,0.60461,-0.249057
01324189,1523964251420,-8.68714,-1.7367,2.82711,-0.17129,-0.126563,0.0775808,0.773065,-0.125885,-0.50643
01324188,1523964251420,-9.79197,-0.419154,0.114841,-0.0666874,-0.554856,0.142248,0.817436,-0.362081,-0.200209
01324185,1523964251420,-10.046,0.344916,0.459038,-0.548201,-0.401167,0.332941,0.891264,0.263013,-0.320521
01324181,1523964251420,-8.66244,0.558547,4.03488,0.106515,-0.130143,-0.0512551,0.858048,0.352694,-0.215484
01324180,1523964251420,-9.55073,-8.99526,-1.8432,-1.12115,1.1128,-2.75414,0.659665,0.638648,-0.222364
01324189,1523964251437,-8.66522,-1.60391,3.06076,-0.206255,-0.010508,0.0807985,0.773613,-0.126187,-0.506573
01324188,1523964251437,-9.7718,-0.174424,0.278517,-0.0474821,-0.568145,0.131606,0.815549,-0.363135,-0.208055
01324185,1523964251437,-9.98126,0.277011,0.364763,-0.592425,-0.38221,0.246109,0.891523,0.262213,-0.325477
01324181,1523964251437,-8.64948,0.607296,3.94468,0.0851436,-0.103457,-0.0406228,0.858321,0.352681,-0.215885
01324180,1523964251437,-9.38631,-9.56847,-2.24595,-0.93237,1.24816,-3.0845,0.631549,0.672784,-0.200202
01324189,1523964251454,-8.81015,-1.72808,3.36934,-0.234116,0.0312846,0.0771071,0.771444,-0.122981,-0.509465
01324188,1523964251454,-9.63593,-0.0308875,0.370011,-0.114715,-0.541699,0.120831,0.812313,-0.364994,-0.216878
01324185,1523964251454,-9.88758,0.112743,0.406116,-0.635233,-0.391556,0.150948,0.889484,0.263862,-0.327707
01324181,1523964251454,-8.60249,0.641873,3.87669,0.056691,-0.0281237,-0.0286907,0.85793,0.353629,-0.218557
01324180,1523964251454,-9.0324,-10.0286,-2.62688,-0.770512,1.41632,-3.39546,0.595572,0.712835,-0.174295
01324189,1523964251470,-8.94356,-1.8974,3.43145,-0.238948,0.0356478,0.0894278,0.772346,-0.123257,-0.508726
01324188,1523964251470,-9.67465,-0.0270756,0.536332,-0.173139,-0.53293,0.116979,0.809074,-0.366512,-0.226755
01324185,1523964251470,-9.70263,-0.129212,0.366718,-0.696499,-0.385933,0.035282,0.889071,0.265228,-0.329939
01324181,1523964251470,-8.57767,0.583935,3.88279,0.0175309,0.0171342,-0.0169675,0.857797,0.353351,-0.218284
01324180,1523964251470,-8.69391,-10.4562,-2.91111,-0.678564,1.59336,-3.72614,0.555908,0.748912,-0.151655
01324189,1523964251487,-9.01671,-1.95147,3.37401,-0.256776,0.0281147,0.117826,0.773304,-0.121852,-0.510197
01324188,1523964251487,-9.70366,-0.0136703,0.704897,-0.220227,-0.534287,0.107784,0.807712,-0.364892,-0.232827
01324185,1523964251487,-9.47491,-0.552078,0.254559,-0.718415,-0.364693,-0.0669258,0.88649,0.269711,-0.331279
01324181,1523964251487,-8.58345,0.603339,3.8051,-0.0314048,0.0739073,-0.00339222,0.858602,0.353482,-0.218295
01324180,1523964251487,-8.2558,-10.9761,-3.0257,-0.698477,1.75217,-4.04539,0.510503,0.781001,-0.123879
01324189,1523964251504,-9.02091,-1.98032,3.40565,-0.275644,0.029203,0.134643,0.773832,-0.120998,-0.509126
01324188,1523964251504,-9.53494,-0.149849,0.781827,-0.213444,-0.494327,0.0746668,0.806104,-0.366722,-0.242879
01324185,1523964251504,-9.33669,-0.986533,0.0250328,-0.669173,-0.313527,-0.191495,0.885395,0.275015,-0.333808
01324181,1523964251504,-8.70859,0.601874,3.78743,-0.0456241,0.11821,0.00137818,0.859522,0.354076,-0.216724
01324180,1523964251504,-7.70267,-11.8095,-3.04421,-0.66696,1.87003,-4.37173,0.456905,0.816154,-0.0992971
01324189,1523964251520,-9.04254,-2.10055,3.53226,-0.280465,0.0215392,0.15686,0.774676,-0.122611,-0.511021
01324188,1523964251520,-9.64637,-0.198839,0.951601,-0.211754,-0.469298,0.0625449,0.80381,-0.367845,-0.24911
01324185,1523964251520,-9.39187,-1.65322,-0.0870661,-0.581616,-0.236868,-0.36725,0.881593,0.282884,-0.334916
01324181,1523964251520,-8.69501,0.662694,3.7791,-0.0670783,0.123839,0.0204468,0.860174,0.353697,-0.214067
01324180,1523964251520,-6.88539,-12.4252,-3.2668,-0.511221,1.94155,-4.63432,0.395588,0.849157,-0.0801816
01324189,1523964251537,-9.0566,-2.15384,3.54208,-0.294526,0.01822,0.144384,0.774157,-0.124902,-0.512103
01324188,1523964251537,-9.77215,-0.204357,1.11869,-0.164709,-0.425515,0.059786,0.801234,-0.367083,-0.25818
01324185,1523964251537,-9.47274,-2.13421,-0.0422617,-0.393446,-0.195849,-0.573503,0.877518,0.29386,-0.335531
01324181,1523964251537,-8.61021,0.734125,3.69134,-0.113422,0.188831,0.0487086,0.860806,0.354198,-0.210365
01324180,1523964251537,-6.10432,-12.9318,-3.81058,-0.307622,2.05542,-4.85232,0.327085,0.881321,-0.0690797
01324189,1523964251554,-9.12499,-2.10581,3.52376,-0.304141,0.0235098,0.142578,0.773184,-0.12157,-0.512065
01324188,1523964251554,-9.68982,-0.175202,1.04317,-0.124587,-0.407042,0.0735512,0.799213,-0.36833,-0.264961
01324185,1523964251554,-9.50005,-2.53114,0.140113,-0.245045,-0.189925,-0.803315,0.874251,0.303248,-0.338222
01324181,1523964251554,-8.79154,0.642199,3.71126,-0.166798,0.265963,0.0616713,0.862414,0.352525,-0.207425
01324180,1523964251554,-5.3443,-13.3579,-4.22361,-0.13219,2.2174,-5.11586,0.25439,0.904267,-0.0551303
01324189,1523964251570,-9.18922,-2.01682,3.47626,-0.313377,0.0356505,0.108774,0.774949,-0.119034,-0.513269
01324188,1523964251570,-9.67271,-0.113271,1.14356,-0.139506,-0.363208,0.0659641,0.798806,-0.367793,-0.270036
01324185,1523964251570,-9.67259,-3.01397,0.184008,-0.165675,-0.165352,-1.08416,0.869499,0.317914,-0.337434
01324181,1523964251570,-8.95709,0.623253,3.71781,-0.197002,0.304835,0.0604248,0.863152,0.35406,-0.202153
01324180,1523964251570,-4.45294,-14.0046,-4.16529,0.125358,2.37268,-5.34559,0.178151,0.92222,-0.0441997
01324189,1523964251587,-9.20068,-1.98137,3.36942,-0.339576,0.0203613,0.09983,0.774113,-0.117569,-0.512178
01324188,1523964251587,-9.68964,-0.120176,1.10525,-0.1422,-0.360725,0.0518107,0.795283,-0.3674,-0.277099
01324185,1523964251587,-9.79706,-3.42745,0.0383023,-0.030271,-0.119316,-1.37032,0.85973,0.334808,-0.338086
01324181,1523964251587,-8.83606,0.697521,3.65196,-0.220185,0.3316,0.0762053,0.865523,0.353587,-0.196192
01324180,1523964251587,-3.49305,-14.7383,-4.02944,0.497295,2.48626,-5.57494,0.0952156,0.933256,-0.0443824
01324189,1523964251603,-9.19656,-1.96716,3.32557,-0.329343,0.0228199,0.0874198,0.77576,-0.117333,-0.513799
01324188,1523964251603,-9.68446,-0.0125702,1.23178,-0.173661,-0.335895,0.0412432,0.793654,-0.366729,-0.281477
01324185,1523964251603,-10.0054,-3.91711,0.273057,0.0229949,-0.0957428,-1.68514,0.849679,0.357014,-0.340878
01324181,1523964251603,-8.77825,0.790493,3.53462,-0.261157,0.386745,0.097473,0.866548,0.352718,-0.189544
01324180,1523964251603,-2.75236,-14.9771,-3.45073,0.824734,2.56794,-5.8433,0.00811533,0.93893,-0.0564946
01324189,1523964251620,-9.23602,-1.98717,3.26771,-0.331262,0.0150544,0.0741081,0.775497,-0.116758,-0.515129
01324188,1523964251620,-9.61209,-0.056286,1.23883,-0.20687,-0.290997,0.0450612,0.791357,-0.367467,-0.286608
01324185,1523964251620,-10.2261,-4.22405,0.130372,-0.117008,-0.0609023,-2.03384,0.836102,0.384146,-0.343967
01324181,1523964251620,-8.91796,0.71111,3.65117,-0.298499,0.462888,0.10347,0.869027,0.352721,-0.181336
01324180,1523964251620,-1.63867,-14.4612,-3.05757,1.09836,2.61988,-6.03298,-0.0865836,0.934366,-0.0789632
01324189,1523964251637,-9.29906,-2.06527,3.22953,-0.333028,-0.0177277,0.0661799,0.776033,-0.114474,-0.515652
01324188,1523964251637,-9.63645,-0.104741,1.28518,-0.206962,-0.267651,0.0311535,0.791215,-0.365956,-0.290818
01324185,1523964251637,-10.4613,-4.85798,0.384746,-0.235164,0.00646665,-2.4491,0.820904,0.41586,-0.343177
01324181,1523964251637,-8.77908,0.72249,3.61079,-0.357079,0.510303,0.0911027,0.871497,0.35205,-0.171255
01324180,1523964251637,-0.627648,-14.1693,-2.82617,1.32288,2.71329,-6.11194,-0.177937,0.920195,-0.104644
01324189,1523964251653,-9.24275,-2.05631,3.107,-0.341882,-0.042716,0.0528574,0.774385,-0.109836,-0.516933
01324188,1523964251653,-9.69455,-0.124004,1.31228,-0.194844,-0.24349,0.0191026,0.790822,-0.366865,-0.302307
01324185,1523964251653,-10.7677,-5.20232,0.884246,-0.513803,-0.0167259,-2.91122,0.8007,0.452571,-0.339022
01324181,1523964251653,-8.7571,0.713234,3.38168,-0.367766,0.593798,0.113401,0.873437,0.35123,-0.161829
01324180,1523964251653,0.238434,-13.9036,-2.5649,1.57608,2.81539,-6.18184,-0.261414,0.897188,-0.130213
01324189,1523964251670,-9.14531,-2.02045,2.99364,-0.320742,-0.0299935,0.0768719,0.774404,-0.109846,-0.518806
01324188,1523964251670,-9.68971,-0.114911,1.38917,-0.189559,-0.231097,0.0316646,0.788911,-0.364252,-0.307637
01324185,1523964251670,-11.099,-5.39786,0.699055,-0.956913,-0.00415907,-3.31215,0.77467,0.496654,-0.332436
01324181,1523964251670,-8.90972,0.563495,3.31113,-0.385269,0.676288,0.0797509,0.876859,0.349968,-0.152011
01324180,1523964251670,1.08782,-13.551,-2.09063,1.89214,2.85241,-6.14452,-0.342116,0.861473,-0.171876
01324189,1523964251687,-9.11844,-2.09072,2.97847,-0.320777,0.00280055,0.078583,0.774382,-0.107971,-0.517721
01324188,1523964251687,-9.57868,-0.168195,1.36473,-0.205401,-0.198958,0.014227,0.788912,-0.364132,-0.310186
01324185,1523964251687,-11.506,-6.02132,0.703479,-1.31361,0.0454118,-3.71168,0.742013,0.545773,-0.320522
01324181,1523964251687,-9.00612,0.465441,3.153,-0.362803,0.757268,0.0580053,0.879417,0.349679,-0.137557
01324180,1523964251687,1.80022,-13.389,-1.77585,2.22756,2.83041,-6.04333,-0.415564,0.815815,-0.220326
01324189,1523964251703,-9.19442,-2.24095,3.0182,-0.324275,-0.000598863,0.0732639,0.774393,-0.10554,-0.520376
01324188,1523964251703,-9.59816,-0.204561,1.40371,-0.209756,-0.183601,0.0196737,0.784986,-0.365202,-0.310742
01324185,1523964251703,-11.8061,-6.6138,1.07666,-1.62492,0.0304611,-3.99777,0.69716,0.605635,-0.306842
01324181,1523964251703,-9.12755,0.393835,2.92659,-0.352872,0.836747,0.0518034,0.881294,0.349697,-0.12257
01324180,1523964251703,2.45198,-13.0893,-1.30864,2.59118,2.78176,-5.921,-0.486794,0.756698,-0.278801
01324189,1523964251720,-9.1541,-2.25098,2.95428,-0.308831,-0.0232431,0.0564689,0.773594,-0.104524,-0.522765
01324188,1523964251720,-9.66588,-0.211549,1.4043,-0.196746,-0.174208,0.00746535,0.784574,-0.364066,-0.313088
01324185,1523964251720,-11.8463,-7.14091,0.991608,-1.83949,0.0287047,-4.20246,0.652057,0.65899,-0.28722
01324181,1523964251720,-9.18544,0.305925,2.78783,-0.361561,0.869858,0.0262839,0.882913,0.349001,-0.107698
01324180,1523964251720,3.31753,-12.2224,-0.594539,3.01553,2.68342,-5.67283,-0.542966,0.693843,-0.338382
01324189,1523964251737,-9.14882,-2.21821,2.84997,-0.290119,0.00076009,0.0450559,0.773495,-0.103111,-0.522705
01324188,1523964251737,-9.70456,-0.211409,1.4046,-0.195016,-0.150235,0.0148148,0.785111,-0.362433,-0.320125
01324185,1523964251737,-11.7037,-7.87375,0.973629,-1.93623,0.0746456,-4.36936,0.605876,0.704723,-0.268436
01324181,1523964251737,-9.34076,0.299371,2.62275,-0.389928,0.908618,0.0198527,0.885201,0.349689,-0.0944565
01324180,1523964251737,4.33359,-11.263,-0.248241,3.39376,2.49744,-5.34118,-0.585367,0.63188,-0.394231
01324189,1523964251753,-9.23739,-2.13668,2.79065,-0.267763,0.0246937,0.03444,0.775117,-0.101714,-0.522445
01324188,1523964251753,-9.74346,-0.273946,1.40307,-0.184516,-0.147193,0.0237665,0.784437,-0.362485,-0.324964
01324185,1523964251753,-11.5075,-8.54898,1.13232,-2.02509,0.132624,-4.55676,0.549824,0.754126,-0.242078
01324181,1523964251753,-9.56275,0.258048,2.47722,-0.371938,0.920502,-0.00934827,0.88666,0.35044,-0.0789495
01324180,1523964251753,5.32535,-10.9841,0.507364,3.67585,2.38686,-5.03614,-0.617137,0.555979,-0.453082
01324189,1523964251770,-9.26308,-2.05979,2.72307,-0.227701,0.0294657,0.0434528,0.775505,-0.0979869,-0.522687
01324188,1523964251770,-9.73843,-0.220715,1.37367,-0.153181,-0.131205,0.0188456,0.78253,-0.361059,-0.326735
01324185,1523964251770,-11.1716,-9.22994,1.2414,-2.08092,0.144823,-4.71247,0.487685,0.797924,-0.214339
01324181,1523964251770,-9.6621,0.322586,2.22419,-0.304241,0.920391,-0.0198946,0.885855,0.34978,-0.0639207
01324180,1523964251770,6.24201,-10.3536,0.807382,3.92768,2.2376,-4.72267,-0.640033,0.476866,-0.510236
01324189,1523964251787,-9.25372,-2.07452,2.69368,-0.227735,0.0208234,0.039913,0.774684,-0.0976763,-0.522408
01324188,1523964251787,-9.70917,-0.148582,1.38722,-0.13578,-0.123848,0.011967,0.783749,-0.360776,-0.327001
01324185,1523964251787,-10.8314,-9.94005,1.08856,-2.03741,0.179594,-4.8089,0.415801,0.843334,-0.183449
01324181,1523964251787,-9.77686,0.304421,2.01128,-0.216853,0.914587,-0.0529486,0.889063,0.349535,-0.0470831
01324180,1523964251787,7.26265,-9.67225,0.970934,4.20542,2.14113,-4.36823,-0.650411,0.381588,-0.567358
01324189,1523964251803,-9.29776,-2.02632,2.68473,-0.199926,0.0274515,0.0417785,0.773606,-0.0985133,-0.522937
01324188,1523964251803,-9.70905,-0.119263,1.33161,-0.144519,-0.115366,0.0155403,0.780763,-0.360183,-0.329214
01324185,1523964251803,-10.4092,-10.7998,1.15697,-1.85899,0.207221,-4.95903,0.341621,0.876875,-0.154525
01324181,1523964251803,-9.87814,0.0558533,1.89948,-0.166988,0.861363,-0.0655825,0.887027,0.3513,-0.0331544
01324180,1523964251803,8.05047,-8.93536,1.10352,4.37239,2.0965,-4.03868,-0.652364,0.295532,-0.616181
01324189,1523964251820,-9.28398,-2.04127,2.62606,-0.177458,0.024605,0.0329713,0.773592,-0.0966421,-0.522655
01324188,1523964251820,-9.77191,-0.12138,1.32249,-0.129727,-0.0945522,0.0176308,0.780084,-0.360071,-0.328257
01324185,1523964251820,-10.0537,-11.197,0.992977,-1.631,0.203622,-5.01716,0.271772,0.901306,-0.130492
01324181,1523964251820,-9.90144,-0.181984,1.66239,-0.0441761,0.831314,-0.0722374,0.88781,0.353594,-0.019399
01324180,1523964251820,8.41539,-8.61939,1.307,4.45587,2.03906,-3.74141,-0.647484,0.217865,-0.65805
01324189,1523964251837,-9.26047,-2.01238,2.58927,-0.126691,0.0344638,0.0606596,0.775506,-0.0949768,-0.524669
01324188,1523964251837,-9.75738,-0.109843,1.38966,-0.149799,-0.0908418,0.0122249,0.780629,-0.360276,-0.330295
01324185,1523964251837,-9.9235,-11.1137,0.843392,-1.25266,0.189502,-5.01242,0.192169,0.919492,-0.109108
01324181,1523964251837,-9.95334,-0.29416,1.61591,0.0271308,0.797273,-0.101178,0.888897,0.354693,-0.00774671
01324180,1523964251837,8.54069,-8.20268,1.76488,4.71322,1.93092,-3.42222,-0.636065,0.128742,-0.694032
01324189,1523964251853,-9.29465,-2.01268,2.57031,-0.105933,0.048921,0.0562662,0.773326,-0.0952041,-0.524111
01324188,1523964251853,-9.70197,-0.163176,1.40174,-0.123739,-0.0809966,-0.00871979,0.779945,-0.358951,-0.333433
01324185,1523964251853,-9.62032,-11.0654,0.393173,-0.767802,0.194822,-4.90504,0.11377,0.933016,-0.0957801
01324181,1523964251853,-9.91354,-0.492529,1.49439,0.0735495,0.764958,-0.129175,0.887059,0.354644,0.00183529
01324180,1523964251853,8.62712,-7.35502,2.0604,5.06589,1.74014,-3.06948,-0.618531,0.0393026,-0.719578
01324189,1523964251870,-9.28899,-2.09244,2.59194,-0.0868553,0.0625315,0.0536397,0.775224,-0.0966846,-0.52254
01324188,1523964251870,-9.70457,-0.211576,1.42867,-0.0800061,-0.0839473,0.0163286,0.779795,-0.356133,-0.337561
01324185,1523964251870,-9.18172,-11.1597,0.336545,-0.261648,0.171745,-4.79414,0.0304857,0.938235,-0.0895394
01324181,1523964251870,-9.98539,-0.439877,1.33836,0.157281,0.752331,-0.148504,0.886919,0.357187,0.0133375
01324180,1523964251870,8.57877,-6.11048,2.11026,5.32115,1.52247,-2.74203,-0.593917,-0.0638017,-0.734969
01324189,1523964251887,-9.28947,-2.13404,2.54074,-0.0676262,0.0761492,0.0634515,0.775497,-0.0972657,-0.52228
01324188,1523964251887,-9.67087,-0.255035,1.41918,-0.0207188,-0.076788,0.0150492,0.778454,-0.358371,-0.33903
01324185,1523964251887,-8.83899,-11.0222,0.257373,0.267894,0.084763,-4.7092,-0.0479408,0.937076,-0.0926574
01324181,1523964251887,-9.95404,-0.483137,1.29109,0.196748,0.751348,-0.203805,0.885206,0.359379,0.0208794
01324180,1523964251887,8.30651,-4.63843,2.31387,5.39789,1.29689,-2.40335,-0.572168,-0.154877,-0.741705
01324189,1523964251903,-9.22173,-2.09489,2.55198,-0.0381972,0.0930842,0.0581746,0.775353,-0.0982614,-0.520815
01324188,1523964251903,-9.72401,-0.240308,1.40983,0.0298231,-0.0710729,0.00836898,0.778449,-0.357689,-0.338045
01324185,1523964251903,-8.07679,-10.6326,-0.31306,0.801608,-0.0156405,-4.56644,-0.117033,0.930297,-0.102153
01324181,1523964251903,-9.91864,-0.419445,1.05343,0.182784,0.739919,-0.245251,0.882228,0.36296,0.0322568
01324180,1523964251903,7.98617,-3.23094,2.63508,5.42453,1.04732,-1.92802,-0.552891,-0.234235,-0.737366
01324189,1523964251920,-9.18096,-2.04388,2.54661,0.0417789,0.125053,0.065482,0.776974,-0.0984415,-0.519498
01324188,1523964251920,-9.69475,-0.170653,1.43304,0.0559304,-0.0702749,-0.00560242,0.777918,-0.359517,-0.339229
01324185,1523964251920,-7.30368,-9.94917,-0.654054,1.30754,-0.0540356,-4.41386,-0.188042,0.917968,-0.122037
01324181,1523964251920,-9.79667,-0.359787,1.06755,0.227462,0.748164,-0.279836,0.880997,0.368605,0.0410496
01324180,1523964251920,7.94479,-2.05662,2.94324,5.38092,0.798829,-1.4339,-0.536338,-0.31404,-0.723004
01324189,1523964251937,-9.24658,-2.00539,2.5477,0.120031,0.141526,0.0710564,0.778886,-0.100216,-0.519132
01324188,1523964251937,-9.68025,-0.168494,1.46178,0.073458,-0.0694367,0.012229,0.776294,-0.359913,-0.339503
01324185,1523964251937,-6.62713,-9.48154,-0.724221,1.67361,-0.0917707,-4.32403,-0.257431,0.897935,-0.146945
01324181,1523964251937,-9.85627,-0.32903,1.16077,0.225601,0.663245,-0.282278,0.878696,0.373697,0.0499979
01324180,1523964251937,7.75529,-0.909716,2.93802,5.20767,0.584179,-0.984291,-0.520566,-0.388379,-0.699204
01324189,1523964251953,-9.38854,-1.94602,2.47209,0.131999,0.125869,0.056936,0.778749,-0.104226,-0.516622
01324188,1523964251953,-9.6826,-0.144773,1.51934,0.0873898,-0.061302,0.00710144,0.777661,-0.361451,-0.341366
01324185,1523964251953,-5.97779,-8.54164,-0.584562,1.95277,-0.235661,-4.18581,-0.327374,0.870572,-0.179487
01324181,1523964251953,-9.94572,-0.254706,0.951084,0.24787,0.643747,-0.285955,0.877784,0.376446,0.057387
01324180,1523964251953,7.60628,-0.314404,3.09209,4.97751,0.421505,-0.519002,-0.509442,-0.459659,-0.664336
01324189,1523964251970,-9.36426,-1.91184,2.49128,0.171875,0.125442,0.049958,0.780498,-0.105122,-0.513974
01324188,1523964251970,-9.66077,-0.125661,1.53344,0.111755,-0.0461101,0.000357025,0.776297,-0.360235,-0.341945
01324185,1523964251970,-5.28582,-7.95343,-0.338778,1.96554,-0.43339,-4.0478,-0.388226,0.839214,-0.207189
01324181,1523964251970,-9.92176,-0.259472,1.19041,0.339426,0.631538,-0.284632,0.87497,0.381904,0.0631458
01324180,1523964251970,7.32957,0.151708,2.99286,4.6911,0.281822,-0.0697349,-0.504668,-0.514144,-0.631875
01324189,1523964251987,-9.32676,-1.85402,2.43,0.168197,0.123718,0.0375018,0.781973,-0.104147,-0.512378
01324188,1523964251987,-9.65103,-0.104162,1.55723,0.11876,-0.053141,0.00209825,0.777113,-0.360242,-0.345185
01324185,1523964251987,-4.24722,-7.32924,-0.501272,1.82341,-0.62446,-3.93184,-0.444995,0.80943,-0.226169
01324181,1523964251987,-9.7995,-0.39856,0.971681,0.296743,0.6351,-0.277586,0.870949,0.385841,0.0705426
01324180,1523964251987,7.10312,0.664446,2.87746,4.40593,0.157359,0.407779,-0.503661,-0.554775,-0.602321
01324189,1523964252003,-9.37925,-1.80983,2.48653,0.211639,0.111122,0.0233442,0.780704,-0.107385,-0.510702
01324188,1523964252003,-9.65592,-0.116317,1.57423,0.125743,-0.0412395,0.00758626,0.77617,-0.361098,-0.345227
01324185,1523964252003,-3.31889,-6.65835,-0.382921,1.5384,-0.812332,-3.80468,-0.502026,0.773331,-0.243912
01324181,1523964252003,-9.7864,-0.454029,0.757895,0.278982,0.725551,-0.26123,0.868639,0.390676,0.0808244
01324180,1523964252003,7.0063,0.770106,2.5919,4.03606,0.123313,0.820206,-0.508262,-0.589711,-0.563523
01324189,1523964252020,-9.48572,-1.76647,2.51258,0.23605,0.109179,0.0287806,0.782353,-0.11145,-0.509951
01324188,1523964252020,-9.74296,-0.125164,1.5052,0.170973,-0.0313986,-0.0114789,0.775907,-0.362571,-0.344778
01324185,1523964252020,-2.14013,-6.2537,-0.0881505,1.1862,-0.978522,-3.68783,-0.554972,0.736261,-0.253431
01324181,1523964252020,-9.87408,-0.472138,0.866355,0.296529,0.62876,-0.237966,0.867843,0.394299,0.0889909
01324180,1523964252020,6.6317,0.905688,2.13462,3.70452,0.166654,1.14381,-0.516686,-0.61643,-0.530042
01324189,1523964252037,-9.44933,-1.62659,2.41013,0.25491,0.0925359,0.0119841,0.781252,-0.111414,-0.5086
01324188,1523964252037,-9.78143,-0.0671026,1.49775,0.177975,-0.0300035,-0.00434296,0.774831,-0.364497,-0.340579
01324185,1523964252037,-0.923438,-6.14053,0.300195,0.781611,-1.0653,-3.60546,-0.606139,0.692802,-0.258193
01324181,1523964252037,-9.95434,-0.407363,0.598952,0.308052,0.55984,-0.235144,0.864763,0.40128,0.0923303
01324180,1523964252037,6.37193,1.23323,1.91637,3.45311,0.221927,1.49529,-0.52975,-0.637729,-0.492332
01324189,1523964252053,-9.39994,-1.5737,2.33162,0.242883,0.100425,0.0252446,0.783972,-0.113493,-0.507311
01324188,1523964252053,-9.68208,-2.918e-05,1.5084,0.149991,-0.0190138,-0.0167915,0.776187,-0.364538,-0.340194
01324185,1523964252053,0.218207,-6.57639,0.100518,0.411296,-1.10112,-3.50811,-0.651182,0.652119,-0.250333
01324181,1523964252053,-9.93181,-0.416868,0.681388,0.333783,0.534326,-0.23028,0.863581,0.404731,0.0989107
01324180,1523964252053,6.06064,1.21082,2.32407,3.27723,0.272054,1.84361,-0.54746,-0.649939,-0.458288
01324189,1523964252070,-9.41183,-1.60767,2.33172,0.238454,0.107372,0.0198888,0.783808,-0.115911,-0.502916
01324188,1523964252070,-9.59269,-0.0196101,1.50307,0.127327,-0.0175434,-0.0133761,0.777004,-0.364521,-0.343971
01324185,1523964252070,1.31622,-7.04093,-0.167361,0.216694,-1.03378,-3.49666,-0.693249,0.61666,-0.24175
01324181,1523964252070,-9.89838,-0.384949,0.70031,0.297946,0.459706,-0.198071,0.85976,0.405739,0.103312
01324180,1523964252070,5.4441,0.839007,2.78971,3.1807,0.209901,2.12218,-0.565347,-0.655876,-0.430463
01324189,1523964252087,-9.39069,-1.62739,2.27781,0.197509,0.0905089,0.0108939,0.78545,-0.117392,-0.502946
01324188,1523964252087,-9.6896,-0.0771473,1.50675,0.0897699,-0.0152498,-0.025126,0.776191,-0.364911,-0.341563
01324185,1523964252087,2.11545,-7.30631,-0.579783,0.162485,-0.888198,-3.45177,-0.7349,0.575452,-0.231807
01324181,1523964252087,-9.79917,-0.269725,0.669757,0.290786,0.429673,-0.1949,0.85793,0.408449,0.108321
01324180,1523964252087,4.87516,0.605258,3.03423,3.20802,0.0445152,2.32962,-0.589365,-0.655944,-0.396353
01324189,1523964252103,-9.37379,-1.62492,2.27512,0.176806,0.0769217,0.0197311,0.784637,-0.119809,-0.501886
01324188,1523964252103,-9.76956,-0.125267,1.53428,0.0644855,-0.0178388,-0.0262233,0.77456,-0.364265,-0.34231
01324185,1523964252103,2.81352,-7.59504,-0.87845,0.289095,-0.747189,-3.33475,-0.771005,0.531636,-0.225515
01324181,1523964252103,-9.79508,-0.184793,0.706796,0.280124,0.421608,-0.200118,0.855982,0.411676,0.110797
01324180,1523964252103,4.95632,0.80276,2.70741,3.27089,-0.0596254,2.55702,-0.615688,-0.653651,-0.362432
01324189,1523964252120,-9.41751,-1.67623,2.24402,0.162868,0.0822491,0.0179061,0.785733,-0.122852,-0.50072
01324188,1523964252120,-9.69236,-0.171195,1.51003,0.0819643,-0.014046,-0.0154283,0.775384,-0.366072,-0.341357
01324185,1523964252120,3.51377,-7.3682,-0.808853,0.539727,-0.50655,-3.17429,-0.800747,0.483261,-0.221812
01324181,1523964252120,-9.85072,-0.19996,0.648771,0.307909,0.459134,-0.229172,0.852398,0.4147,0.115951
01324180,1523964252120,4.68275,0.913896,1.93196,3.13173,-0.154801,2.74633,-0.646947,-0.642879,-0.326108
01324189,1523964252137,-9.47132,-1.68161,2.20587,0.153919,0.0805984,0.000120067,0.787089,-0.123746,-0.499806
01324188,1523964252137,-9.719,-0.187711,1.47189,0.0836949,-0.0122976,-0.0154002,0.775521,-0.366244,-0.340831
01324185,1523964252137,3.78306,-6.99404,-0.547626,0.772352,-0.314826,-2.98194,-0.829424,0.43886,-0.223899
01324181,1523964252137,-9.70368,-0.203106,0.688412,0.268043,0.451442,-0.258452,0.850407,0.419276,0.121188
01324180,1523964252137,4.34107,1.02836,1.22353,2.831,-0.229374,2.79588,-0.678362,-0.62875,-0.293226
01324189,1523964252153,-9.48663,-1.65779,2.16235,0.131399,0.0618457,0.00363539,0.787086,-0.124748,-0.498878
01324188,1523964252153,-9.76228,-0.120104,1.48124,0.0662582,-0.024295,-0.0192001,0.776595,-0.364482,-0.341542
01324185,1523964252153,3.94114,-6.57122,-0.495656,0.932488,-0.136363,-2.7775,-0.852145,0.401231,-0.225287
01324181,1523964252153,-9.75745,-0.184277,0.620087,0.239563,0.416014,-0.25952,0.848962,0.424382,0.124815
01324180,1523964252153,4.61264,0.733128,0.905538,2.48188,-0.288746,2.85467,-0.707765,-0.613183,-0.264396
01324189,1523964252170,-9.52798,-1.62402,2.16549,0.113801,0.0525214,-0.0123907,0.787776,-0.126777,-0.498635
01324188,1523964252170,-9.70409,-0.0767611,1.45873,0.0522638,-0.0154681,-0.0227313,0.77647,-0.366222,-0.341649
01324185,1523964252170,3.89819,-6.66691,-0.114322,1.16008,-0.0360524,-2.56237,-0.870278,0.361207,-0.233981
01324181,1523964252170,-9.80446,-0.179869,0.484463,0.186259,0.437969,-0.26346,0.846177,0.427689,0.130353
01324180,1523964252170,4.77613,0.180187,0.64066,2.20478,-0.31947,2.85165,-0.736322,-0.588186,-0.239574
01324189,1523964252187,-9.41022,-1.53164,2.14202,0.127727,0.048033,-0.00969443,0.787898,-0.126486,-0.497297
01324188,1523964252187,-9.68476,-0.0769146,1.47061,0.0487682,-0.0221529,-0.0281361,0.774975,-0.36556,-0.3428
01324185,1523964252187,4.46233,-6.76671,-0.0986252,1.16761,0.020825,-2.51183,-0.88461,0.319692,-0.23954
01324181,1523964252187,-9.89163,-0.321612,0.481792,0.16324,0.462459,-0.276926,0.842858,0.431552,0.134823
01324180,1523964252187,4.87501,0.0419154,0.585278,2.1794,-0.359259,2.82038,-0.763263,-0.563796,-0.214924
01324189,1523964252203,-9.31922,-1.46861,2.09699,0.0947088,0.0604378,-0.00540487,0.787616,-0.127048,-0.495961
01324188,1523964252203,-9.68481,-0.091499,1.48759,0.0243889,-0.0294373,-0.0230724,0.774837,-0.365305,-0.341975
01324185,1523964252203,5.60502,-5.31952,-0.0314042,0.990775,0.0753343,-2.36089,-0.895694,0.273751,-0.248202
01324181,1523964252203,-9.77756,-0.295916,0.378185,0.167696,0.37999,-0.288031,0.840348,0.435951,0.13821
01324180,1523964252203,5.43072,0.237572,1.19599,2.29503,-0.42596,2.83376,-0.791942,-0.52836,-0.190432
01324189,1523964252220,-9.39672,-1.4738,2.09571,0.0878646,0.0795314,0.00521289,0.787889,-0.128059,-0.495437
01324188,1523964252220,-9.68013,-0.130314,1.51919,0.0348049,-0.0219054,-0.0335374,0.775515,-0.365159,-0.342243
01324185,1523964252220,6.64956,-4.24521,-0.281278,1.23847,0.118283,-2.07764,-0.90543,0.236982,-0.255911
01324181,1523964252220,-9.88186,-0.182957,0.17491,0.120526,0.365905,-0.281098,0.838111,0.440061,0.1416
01324180,1523964252220,5.46197,0.626483,1.6673,2.32202,-0.522243,2.82543,-0.819222,-0.499051,-0.163248
01324189,1523964252237,-9.51277,-1.49849,2.09984,0.072145,0.0486349,-0.00542091,0.788433,-0.129936,-0.494255
01324188,1523964252237,-9.72117,-0.115597,1.50494,0.0698075,-0.0402207,-0.0140347,0.776332,-0.366258,-0.337747
01324185,1523964252237,7.49466,-3.54794,-0.839014,1.4401,0.318742,-1.76637,-0.915852,0.208526,-0.263568
01324181,1523964252237,-9.91443,-0.0448814,-0.0356317,0.10985,0.319855,-0.283198,0.834204,0.446544,0.147747
01324180,1523964252237,4.72506,1.78511,1.77281,1.70272,-0.799252,2.67584,-0.841777,-0.472284,-0.137129
01324189,1523964252253,-9.54937,-1.49393,2.08336,0.0599485,0.036679,-0.00898655,0.790042,-0.129107,-0.492395
01324188,1523964252253,-9.78147,-0.0812535,1.45215,0.0697341,-0.0327358,-0.0236978,0.774846,-0.367287,-0.336985
01324185,1523964252253,7.21267,-2.9799,-0.318397,1.29551,0.540844,-1.53116,-0.9187,0.179552,-0.276079
01324181,1523964252253,-9.89047,-0.0445921,-0.0427288,0.0475984,0.320621,-0.284723,0.831448,0.45034,0.149556
01324180,1523964252253,4.7428,2.10002,1.22851,0.663705,-1.06212,2.44772,-0.864373,-0.439832,-0.116432
01324189,1523964252270,-9.55232,-1.49909,2.04445,0.0649865,0.033152,-0.0214013,0.790037,-0.128244,-0.492388
01324188,1523964252270,-9.78385,-0.069255,1.46169,0.0558246,-0.0494136,-0.0213218,0.775374,-0.364986,-0.336579
01324185,1523964252270,6.93083,-2.27473,0.0794848,0.948195,0.629345,-1.46496,-0.9206,0.151714,-0.288081
01324181,1523964252270,-9.89674,-0.340617,-0.082981,0.0956355,0.280827,-0.28777,0.828689,0.453034,0.153247
01324180,1523964252270,5.17638,1.29823,0.824722,-0.0750017,-1.19466,2.28006,-0.882397,-0.407148,-0.0994435
01324189,1523964252287,-9.46579,-1.47964,2.00668,0.0579446,0.0219682,-0.028529,0.789228,-0.129947,-0.492125
01324188,1523964252287,-9.69446,-0.086458,1.46115,0.0348479,-0.049799,-0.0320759,0.774694,-0.363958,-0.342696
01324185,1523964252287,7.26568,-2.10755,0.873832,0.576701,0.652975,-1.39165,-0.920876,0.124149,-0.300483
01324181,1523964252287,-9.69849,-0.782283,-0.0394392,0.184449,0.217559,-0.270498,0.825666,0.45544,0.156682
01324180,1523964252287,6.08435,0.159997,0.808,-0.348868,-1.22829,2.0631,-0.897513,-0.371035,-0.082834
01324189,1523964252303,-9.36433,-1.47936,1.98811,0.0354422,0.0230481,-0.0215186,0.789771,-0.130534,-0.491601
01324188,1523964252303,-9.65113,-0.135175,1.50939,0.0174691,-0.0555323,-0.0234,0.773344,-0.364939,-0.34301
01324185,1523964252303,7.23653,-2.21691,2.18643,-0.0990972,0.590494,-1.40071,-0.921153,0.101687,-0.311236
01324181,1523964252303,-9.71921,-1.15845,-0.189337,0.258266,0.185007,-0.265797,0.823585,0.461444,0.15525
01324180,1523964252303,6.96599,-0.427789,1.21699,-0.439092,-1.22951,1.83184,-0.909995,-0.342215,-0.0664092
01324189,1523964252320,-9.34451,-1.52279,1.99988,-0.00800817,0.0148623,-0.023429,0.790731,-0.131996,-0.49149
01324188,1523964252320,-9.65628,-0.222047,1.52225,0.0104407,-0.0497757,-0.0340035,0.77471,-0.366856,-0.339917
01324185,1523964252320,7.01334,-2.50351,3.19374,-0.697965,0.428714,-1.40066,-0.921693,0.0832563,-0.317456
01324181,1523964252320,-9.53973,-1.23381,-0.372697,0.221565,0.168934,-0.221038,0.821468,0.46753,0.157536
01324180,1523964252320,7.76477,-0.417566,1.59704,-0.46771,-1.19549,1.60666,-0.921049,-0.320517,-0.0508233
01324189,1523964252337,-9.43351,-1.56173,2.02547,-0.0322887,0.00823678,-0.0217031,0.789913,-0.130827,-0.492006
01324188,1523964252337,-9.6853,-0.22447,1.53934,0.0227061,-0.0639214,-0.0287692,0.774433,-0.365759,-0.34146
01324185,1523964252337,7.18509,-3.34704,3.4474,-0.887304,0.28184,-1.29068,-0.922497,0.0684239,-0.319661
01324181,1523964252337,-9.78603,-1.06193,-0.517636,0.182273,0.177417,-0.191494,0.819146,0.470002,0.157907
01324180,1523964252337,8.24001,0.0816134,1.48842,-0.530801,-1.14372,1.46246,-0.931324,-0.296657,-0.0353405
01324189,1523964252353,-9.48157,-1.61035,2.03095,-0.0549536,-0.00102003,-0.0288595,0.790858,-0.128842,-0.492536
01324188,1523964252353,-9.73343,-0.163779,1.50547,0.0244873,-0.0653287,-0.0181607,0.77388,-0.363919,-0.343222
01324185,1523964252353,7.77388,-4.82678,3.26757,-0.65665,0.25791,-1.17522,-0.923171,0.0551106,-0.323449
01324181,1523964252353,-9.80586,-0.984558,-0.478191,0.173216,0.164596,-0.167447,0.818729,0.471148,0.157754
01324180,1523964252353,8.67397,0.0491825,1.38372,-0.640945,-1.06637,1.34351,-0.938336,-0.275447,-0.0229294
01324189,1523964252370,-9.45432,-1.66826,2.04744,-0.0540019,0.0153758,-0.0217836,0.791402,-0.129142,-0.492277
01324188,1523964252370,-9.75258,-0.110627,1.50033,0.00181381,-0.0730958,-0.0201756,0.774964,-0.363546,-0.345365
01324185,1523964252370,7.64335,-5.19879,3.67006,-0.230157,0.194787,-1.0783,-0.923164,0.0401271,-0.326177
01324181,1523964252370,-9.88991,-0.874078,-0.323872,0.18033,0.169849,-0.172585,0.815963,0.47608,0.159141
01324180,1523964252370,9.1192,-0.413732,1.13659,-0.755375,-0.992437,1.13298,-0.941844,-0.256331,-0.00980158
01324189,1523964252387,-9.45878,-1.71183,2.0547,-0.032301,0.0220554,-0.0234987,0.791143,-0.129716,-0.493348
01324188,1523964252387,-9.73806,-0.105958,1.51461,-0.0286977,-0.0749974,-0.0186332,0.775911,-0.362918,-0.346683
01324185,1523964252387,7.54981,-4.18695,3.70005,-0.0162936,0.104035,-0.96569,-0.923696,0.0251637,-0.32786
01324181,1523964252387,-9.87285,-0.781807,-0.175803,0.192705,0.14875,-0.16765,0.813765,0.47899,0.160033
01324180,1523964252387,9.45028,-1.01783,0.873063,-0.773186,-0.872323,0.910183,-0.945975,-0.240384,0.00165152
01324189,1523964252403,-9.39062,-1.71136,2.07802,-0.0476812,0.030861,-0.00403357,0.789494,-0.127944,-0.492647
01324188,1523964252403,-9.73824,-0.15425,1.52468,-0.0661587,-0.087432,-0.0154844,0.774826,-0.36307,-0.346141
01324185,1523964252403,7.70129,-3.34301,3.46409,0.034146,0.00789683,-0.850367,-0.921921,0.0095228,-0.328107
01324181,1523964252403,-9.84427,-0.757211,-0.171261,0.200632,0.140136,-0.155693,0.811975,0.48244,0.159714
01324180,1523964252403,9.25414,-1.51905,0.798307,-0.63012,-0.788081,0.756869,-0.951964,-0.226291,0.0137699
01324189,1523964252420,-9.30557,-1.76919,2.07173,-0.063236,0.031009,0.00122902,0.791115,-0.126977,-0.492123
01324188,1523964252420,-9.68535,-0.232104,1.59717,-0.0590999,-0.113596,-0.0139439,0.77198,-0.363256,-0.347328
01324185,1523964252420,7.9278,-3.19065,3.12284,-0.0150885,-0.0347627,-0.767597,-0.922858,-0.00245531,-0.32838
01324181,1523964252420,-9.75482,-0.843443,-0.231826,0.176669,0.116909,-0.165312,0.810323,0.484771,0.160612
01324180,1523964252420,9.33145,-1.85312,0.744056,-0.403677,-0.713941,0.596958,-0.95361,-0.215886,0.0237251
01324189,1523964252437,-9.29258,-1.8416,2.10057,-0.064881,0.0344874,0.00654653,0.790708,-0.127397,-0.491988
01324188,1523964252437,-9.6083,-0.314818,1.6623,-0.0277701,-0.0819018,-0.0204488,0.77388,-0.363212,-0.348964
01324185,1523964252437,7.96138,-3.16449,2.99011,-0.0803552,-0.0580097,-0.690843,-0.924881,-0.0116138,-0.328546
01324181,1523964252437,-9.74753,-0.882139,-0.274507,0.183713,0.115399,-0.151555,0.81001,0.487929,0.160948
01324180,1523964252437,9.44941,-1.78335,0.668251,-0.255706,-0.644917,0.417265,-0.955332,-0.209965,0.0325112
01324189,1523964252453,-9.35482,-1.91196,2.12081,-0.0316898,0.0393547,0.0173232,0.791655,-0.12527,-0.492784
01324188,1523964252453,-9.61807,-0.339213,1.70832,0.00719052,-0.0927159,-0.0114794,0.771864,-0.365767,-0.352731
01324185,1523964252453,7.96565,-3.36435,2.99683,-0.138732,-0.0954995,-0.619097,-0.926358,-0.0214466,-0.32714
01324181,1523964252453,-9.7219,-1.00315,-0.267194,0.174778,0.106664,-0.144698,0.80863,0.491636,0.159557
01324180,1523964252453,9.38787,-1.65718,0.537834,-0.22728,-0.570057,0.276472,-0.95566,-0.207828,0.0395807
01324189,1523964252470,-9.42236,-1.9437,2.12662,-0.0159968,0.0443928,0.0209336,0.792473,-0.125865,-0.492531
01324188,1523964252470,-9.68086,-0.31745,1.73268,0.0333773,-0.0928225,-0.00777187,0.773222,-0.365884,-0.353832
01324185,1523964252470,7.99817,-3.69215,2.8314,-0.0767242,-0.135719,-0.530461,-0.924717,-0.0295507,-0.323671
01324181,1523964252470,-9.71641,-1.01768,-0.213751,0.172913,0.103368,-0.131791,0.80821,0.492792,0.159803
01324180,1523964252470,9.47575,-1.64932,0.347804,-0.221574,-0.505973,0.144189,-0.955211,-0.203825,0.0474864
01324189,1523964252487,-9.42734,-1.90003,2.13654,0.0170744,0.0216101,0.0210875,0.792208,-0.127725,-0.492141
01324188,1523964252487,-9.68065,-0.257302,1.75138,0.0526668,-0.0956356,0.0135678,0.770355,-0.362024,-0.360552
01324185,1523964252487,8.18893,-3.60908,2.81995,0.0711462,-0.13363,-0.446486,-0.92565,-0.0375253,-0.320848
01324181,1523964252487,-9.71613,-1.0177,-0.184769,0.146119,0.0859353,-0.116342,0.805106,0.493133,0.160359
01324180,1523964252487,9.66202,-1.78089,0.211139,-0.172218,-0.418579,-0.00793186,-0.956475,-0.202256,0.0555034
01324189,1523964252503,-9.41272,-1.84644,2.16565,0.0153209,0.0250811,0.0210721,0.791652,-0.127418,-0.491063
01324188,1523964252503,-9.63704,-0.228724,1.77966,0.0457126,-0.0958498,0.0170633,0.770365,-0.363608,-0.360921
01324185,1523964252503,8.17756,-3.43556,2.92056,0.138639,-0.187049,-0.349268,-0.925504,-0.0442505,-0.318955
01324181,1523964252503,-9.77421,-1.04501,-0.261897,0.143472,0.0841323,-0.118056,0.804555,0.494559,0.159804
01324180,1523964252503,9.58723,-1.98478,0.233457,-0.0687897,-0.344072,-0.121078,-0.956213,-0.204032,0.0608654
01324189,1523964252520,-9.46797,-1.81724,2.21037,0.0288547,0.0223328,-0.00552,0.792484,-0.128307,-0.492149
01324188,1523964252520,-9.63699,-0.21449,1.81322,0.0387065,-0.100516,0.00634281,0.770907,-0.363434,-0.361724
01324185,1523964252520,8.32675,-3.37895,2.65639,0.183831,-0.193785,-0.280421,-0.928605,-0.04982,-0.315626
01324181,1523964252520,-9.76555,-0.998783,-0.301367,0.146019,0.0880845,-0.0956284,0.803308,0.497852,0.159217
01324180,1523964252520,9.29393,-2.15828,0.335982,0.0660236,-0.299456,-0.180551,-0.95418,-0.207864,0.065485
01324189,1523964252537,-9.46502,-1.75616,2.27376,0.0237637,0.00082232,-0.000166679,0.791704,-0.131745,-0.493772
01324188,1523964252537,-9.64664,-0.20511,1.85653,0.0352212,-0.0800381,0.0136216,0.769817,-0.362974,-0.358721
01324185,1523964252537,8.42191,-3.64947,2.36879,0.229889,-0.206062,-0.234483,-0.929134,-0.0562457,-0.312819
01324181,1523964252537,-9.62463,-1.15962,-0.355343,0.160117,0.0690594,-0.0717215,0.802622,0.49928,0.158663
01324180,1523964252537,9.26737,-2.16347,0.340528,0.237403,-0.284741,-0.183755,-0.953232,-0.210515,0.0697391
01324189,1523964252553,-9.46493,-1.73666,2.2884,0.0357717,0.0144973,-0.00903648,0.790736,-0.131139,-0.492553
01324188,1523964252553,-9.64174,-0.185837,1.85632,0.0317799,-0.0891089,0.0205789,0.767108,-0.363497,-0.358989
01324185,1523964252553,8.59937,-3.77128,2.01791,0.207127,-0.188144,-0.232907,-0.9302,-0.0615069,-0.308063
01324181,1523964252553,-9.69373,-1.27924,-0.450092,0.176135,0.0868642,-0.0664164,0.802463,0.501143,0.158759
01324180,1523964252553,9.21074,-2.06691,0.277668,0.342824,-0.28613,-0.137346,-0.952146,-0.214341,0.0761281
01324189,1523964252570,-9.50886,-1.67138,2.29409,0.0272736,0.000803785,0.00340656,0.792346,-0.129593,-0.491222
01324188,1523964252570,-9.65115,-0.113464,1.85574,0.0351651,-0.0726141,0.00484884,0.768325,-0.363145,-0.357637
01324185,1523964252570,8.72516,-3.59396,1.94761,0.142064,-0.139904,-0.231474,-0.930739,-0.0621909,-0.30701
01324181,1523964252570,-9.83063,-1.25178,-0.403194,0.119114,0.0870747,-0.0524103,0.802597,0.500864,0.159162
01324180,1523964252570,9.42278,-1.94685,0.116051,0.352974,-0.275852,-0.121403,-0.952453,-0.213501,0.081956
01324189,1523964252587,-9.46816,-1.60825,2.28876,0.0185801,0.00520147,0.00513745,0.792743,-0.129885,-0.489891
01324188,1523964252587,-9.63165,-0.0655081,1.88403,0.010725,-0.0553856,0.00664187,0.767254,-0.365071,-0.359627
01324185,1523964252587,8.62657,-3.54271,2.02895,0.0630565,-0.114469,-0.228128,-0.93195,-0.0669538,-0.305654
01324181,1523964252587,-9.86807,-1.24262,-0.282861,0.0726002,0.0470048,-0.0172608,0.800171,0.500907,0.159585
01324180,1523964252587,9.37516,-1.95564,-0.0198056,0.236826,-0.232321,-0.12534,-0.952057,-0.215427,0.0878531
01324189,1523964252603,-9.45088,-1.62745,2.30306,0.00545552,-0.00848719,-0.00376838,0.791403,-0.13072,-0.491487
01324188,1523964252603,-9.60767,-0.116533,1.92762,-0.000631699,-0.0465434,0.00312571,0.765771,-0.366473,-0.360235
01324185,1523964252603,8.57597,-3.67942,2.25575,0.060558,-0.110745,-0.206024,-0.931396,-0.0712623,-0.30261
01324181,1523964252603,-9.8447,-1.19382,-0.288476,0.0653272,0.0279818,0.00671931,0.800701,0.501474,0.1597
01324180,1523964252603,9.40804,-2.21017,-0.112723,0.171269,-0.207998,-0.169612,-0.951373,-0.218363,0.0921054
01324189,1523964252620,-9.45602,-1.60818,2.29101,-0.0126092,-0.0160509,0.00862405,0.791697,-0.132602,-0.492575
01324188,1523964252620,-9.61749,-0.15759,1.94251,-0.0275991,-0.0524671,0.0152663,0.765769,-0.365703,-0.364224
01324185,1523964252620,8.67966,-3.6897,2.26112,0.115183,-0.102026,-0.163641,-0.931256,-0.0740666,-0.30193
01324181,1523964252620,-9.78784,-1.16399,-0.336984,0.0617041,0.0352942,0.0205665,0.799087,0.503023,0.15756
01324180,1523964252620,9.56471,-2.35831,-0.0830048,0.22945,-0.189907,-0.232487,-0.94786,-0.221626,0.094014
01324189,1523964252637,-9.41738,-1.62997,2.27334,-0.0398888,-0.034806,-0.0180933,0.791705,-0.133036,-0.493114
01324188,1523964252637,-9.60787,-0.172126,1.94738,0.000266568,-0.0442167,0.00846904,0.765494,-0.365118,-0.364183
01324185,1523964252637,8.71842,-3.66822,2.31505,0.190978,-0.114647,-0.119429,-0.932329,-0.0769636,-0.298764
01324181,1523964252637,-9.73552,-1.1294,-0.349386,0.0759448,0.0264109,0.0178408,0.802053,0.502552,0.157539
01324180,1523964252637,9.56226,-2.20471,-1.21046e-05,0.332529,-0.135953,-0.282409,-0.947563,-0.225859,0.0982459
01324189,1523964252653,-9.47047,-1.71032,2.25204,-0.0425609,-0.0330493,-0.0234253,0.79196,-0.128877,-0.493886
01324188,1523964252653,-9.61281,-0.20111,1.95731,-0.00495212,-0.0418074,0.012,0.766448,-0.366081,-0.362641
01324185,1523964252653,8.68566,-4.00771,2.08701,0.293921,-0.11456,-0.100818,-0.934087,-0.0792088,-0.298345
01324181,1523964252653,-9.70254,-1.14834,-0.445411,0.0243916,0.0360242,0.0163576,0.802065,0.501414,0.157828
01324180,1523964252653,9.76849,-1.64024,-0.190663,0.360257,-0.116456,-0.283763,-0.947149,-0.228206,0.101569
01324189,1523964252670,-9.48935,-1.74903,2.26927,-0.036482,-0.0469207,-0.0269285,0.791954,-0.129161,-0.493086
01324188,1523964252670,-9.63196,-0.152481,1.90888,0.00635773,-0.0348246,0.0121503,0.765362,-0.365747,-0.363145
01324185,1523964252670,8.8468,-3.32493,2.09007,0.252331,-0.0883695,-0.0814286,-0.931641,-0.0814181,-0.295981
01324181,1523964252670,-9.67408,-1.08011,-0.395822,0.0278699,0.0264936,0.0265922,0.799496,0.501617,0.158913
01324180,1523964252670,9.47889,-1.37208,-0.0735921,0.324462,-0.0587487,-0.282574,-0.945777,-0.23216,0.10444